[-0.4576204101267938, 0.0], 0, -1.0, [-0.45911202304103615, -0.0014916129142423784]
[-0.45911202304103615, -0.0014916129142423784], 0, -1.0, [-0.4620842753183912, -0.0029722522773550494]
[-0.4620842753183912, -0.0029722522773550494], 0, -1.0, [-0.4665152721077567, -0.0044309967893654545]
[-0.4665152721077567, -0.0044309967893654545], 0, -1.0, [-0.4723723056484616, -0.005857033540704959]
[-0.4723723056484616, -0.005857033540704959], 0, -1.0, [-0.4796120272060617, -0.007239721557600117]
[-0.4796120272060617, -0.007239721557600117], 0, -1.0, [-0.4881806927554893, -0.008568665549427566]
[-0.4881806927554893, -0.008568665549427566], 0, -1.0, [-0.49801449437215956, -0.009833801616670246]
[-0.49801449437215956, -0.009833801616670246], 0, -1.0, [-0.5090399897572908, -0.0110254953851313]
[-0.5090399897572908, -0.0110254953851313], 0, -1.0, [-0.5211746413236754, -0.012134651566384592]
[-0.5211746413236754, -0.012134651566384592], 0, -1.0, [-0.5343274737368611, -0.01315283241318565]
[-0.5343274737368611, -0.01315283241318565], 0, -1.0, [-0.54839985480621, -0.014072381069348952]
[-0.54839985480621, -0.014072381069348952], 0, -1.0, [-0.563286399352566, -0.01488654454635596]
[-0.563286399352566, -0.01488654454635596], 0, -1.0, [-0.5788759894855328, -0.01558959013296681]
[-0.5788759894855328, -0.01558959013296681], 0, -1.0, [-0.5950528980667612, -0.01617690858122843]
[-0.5950528980667612, -0.01617690858122843], 0, -1.0, [-0.6116979955655422, -0.016645097498780972]
[-0.6116979955655422, -0.016645097498780972], 0, -1.0, [-0.6286900146132086, -0.016992019047666396]
[-0.6286900146132086, -0.016992019047666396], 0, -1.0, [-0.6459068418888914, -0.017216827275682783]
[-0.6459068418888914, -0.017216827275682783], 2, -1.0, [-0.6612268039834603, -0.015319962094568996]
[-0.6612268039834603, -0.015319962094568996], 2, -1.0, [-0.6745436342753697, -0.013316830291909316]
[-0.6745436342753697, -0.013316830291909316], 2, -1.0, [-0.6857666741446966, -0.011223039869326948]
[-0.6857666741446966, -0.011223039869326948], 2, -1.0, [-0.6948208687296772, -0.009054194584980602]
[-0.6948208687296772, -0.009054194584980602], 2, -1.0, [-0.701646629104707, -0.006825760375029825]
[-0.701646629104707, -0.006825760375029825], 2, -1.0, [-0.7061996292684386, -0.004553000163731573]
[-0.7061996292684386, -0.004553000163731573], 2, -1.0, [-0.7084505979375336, -0.002250968669095031]
[-0.7084505979375336, -0.002250968669095031], 2, -1.0, [-0.708385153008194, 6.544492933961265e-05]
[-0.708385153008194, 6.544492933961265e-05], 2, -1.0, [-0.7060037117832804, 0.0023814412249136318]
[-0.7060037117832804, 0.0023814412249136318], 2, -1.0, [-0.7013214936566724, 0.004682218126607969]
[-0.7013214936566724, 0.004682218126607969], 2, -1.0, [-0.6943686147665966, 0.006952878890075736]
[-0.6943686147665966, 0.006952878890075736], 2, -1.0, [-0.6851902569718407, 0.009178357794755978]
[-0.6851902569718407, 0.009178357794755978], 2, -1.0, [-0.6738468771671973, 0.01134337980464342]
[-0.6738468771671973, 0.01134337980464342], 2, -1.0, [-0.6604144083110973, 0.013432468856099913]
[-0.6604144083110973, 0.013432468856099913], 2, -1.0, [-0.6449843915856113, 0.015430016725486072]
[-0.6449843915856113, 0.015430016725486072], 2, -1.0, [-0.6276639709617786, 0.017320420623832638]
[-0.6276639709617786, 0.017320420623832638], 2, -1.0, [-0.6085756782633941, 0.019088292698384506]
[-0.6085756782633941, 0.019088292698384506], 2, -1.0, [-0.5878569396732616, 0.02071873859013256]
[-0.5878569396732616, 0.02071873859013256], 2, -1.0, [-0.5656592442638867, 0.022197695409374836]
[-0.5656592442638867, 0.022197695409374836], 2, -1.0, [-0.5421469317685591, 0.02351231249532755]
[-0.5421469317685591, 0.02351231249532755], 2, -1.0, [-0.5174955798793208, 0.024651351889238286]
[-0.5174955798793208, 0.024651351889238286], 2, -1.0, [-0.49188999940046607, 0.025605580478854736]
[-0.49188999940046607, 0.025605580478854736], 2, -1.0, [-0.46552187623871544, 0.026368123161750644]
[-0.46552187623871544, 0.026368123161750644], 2, -1.0, [-0.43858712941228783, 0.026934746826427585]
[-0.43858712941228783, 0.026934746826427585], 2, -1.0, [-0.4112830806289618, 0.02730404878332602]
[-0.4112830806289618, 0.02730404878332602], 2, -1.0, [-0.38380555032705616, 0.02747753030190564]
[-0.38380555032705616, 0.02747753030190564], 2, -1.0, [-0.3563460049338717, 0.027459545393184473]
[-0.3563460049338717, 0.027459545393184473], 2, -1.0, [-0.329088879192293, 0.027257125741578674]
[-0.329088879192293, 0.027257125741578674], 2, -1.0, [-0.30220918587578166, 0.02687969331651135]
[-0.30220918587578166, 0.02687969331651135], 2, -1.0, [-0.2758705045846008, 0.026338681291180884]
[-0.2758705045846008, 0.026338681291180884], 2, -1.0, [-0.2502234142241419, 0.025647090360458882]
[-0.2502234142241419, 0.025647090360458882], 2, -1.0, [-0.22540440346662635, 0.024819010757515553]
[-0.22540440346662635, 0.024819010757515553], 2, -1.0, [-0.2015352633212151, 0.023869140145411256]
[-0.2015352633212151, 0.023869140145411256], 2, -1.0, [-0.17872293878939455, 0.022812324531820555]
[-0.17872293878939455, 0.022812324531820555], 0, -1.0, [-0.1590597945856698, 0.019663144203724742]
[-0.1590597945856698, 0.019663144203724742], 0, -1.0, [-0.14261738511816238, 0.016442409467507402]
[-0.14261738511816238, 0.016442409467507402], 0, -1.0, [-0.1294496232158327, 0.01316776190232968]
[-0.1294496232158327, 0.01316776190232968], 0, -1.0, [-0.11959570016211844, 0.00985392305371425]
[-0.11959570016211844, 0.00985392305371425], 0, -1.0, [-0.11308258562942607, 0.006513114532692373]
[-0.11308258562942607, 0.006513114532692373], 0, -1.0, [-0.10992698425206984, 0.0031556013773562206]
[-0.10992698425206984, 0.0031556013773562206], 0, -1.0, [-0.11013666612862287, -0.0002096818765530326]
[-0.11013666612862287, -0.0002096818765530326], 0, -1.0, [-0.11371112152242412, -0.0035744553938012414]
[-0.11371112152242412, -0.0035744553938012414], 0, -1.0, [-0.12064151716038557, -0.00693039563796145]
[-0.12064151716038557, -0.00693039563796145], 0, -1.0, [-0.1309099556007625, -0.010268438440376932]
[-0.1309099556007625, -0.010268438440376932], 0, -1.0, [-0.14448806341895043, -0.013578107818187933]
[-0.14448806341895043, -0.013578107818187933], 0, -1.0, [-0.1613349616839458, -0.01684689826499536]
[-0.1613349616839458, -0.01684689826499536], 0, -1.0, [-0.18139470605372388, -0.020059744369778098]
[-0.18139470605372388, -0.020059744369778098], 0, -1.0, [-0.204593325358565, -0.02319861930484112]
[-0.204593325358565, -0.02319861930484112], 0, -1.0, [-0.23083563651855651, -0.026242311159991514]
[-0.23083563651855651, -0.026242311159991514], 0, -1.0, [-0.26000206730864933, -0.02916643079009284]
[-0.26000206730864933, -0.02916643079009284], 0, -1.0, [-0.29194577103952146, -0.03194370373087216]
[-0.29194577103952146, -0.03194370373087216], 0, -1.0, [-0.32649035966863277, -0.0345445886291113]
[-0.32649035966863277, -0.0345445886291113], 0, -1.0, [-0.3634286026385564, -0.03693824296992366]
[-0.3634286026385564, -0.03693824296992366], 0, -1.0, [-0.40252242546597766, -0.03909382282742123]
[-0.40252242546597766, -0.03909382282742123], 0, -1.0, [-0.4435044844171349, -0.040982058951157245]
[-0.4435044844171349, -0.040982058951157245], 0, -1.0, [-0.4860814868251126, -0.04257700240797766]
[-0.4860814868251126, -0.04257700240797766], 0, -1.0, [-0.5299392751924268, -0.043857788367314236]
[-0.5299392751924268, -0.043857788367314236], 0, -1.0, [-0.5747495126803621, -0.044810237487935375]
[-0.5747495126803621, -0.044810237487935375], 0, -1.0, [-0.6201776234636839, -0.04542811078332174]
[-0.6201776234636839, -0.04542811078332174], 0, -1.0, [-0.6658914848477595, -0.04571386138407565]
[-0.6658914848477595, -0.04571386138407565], 0, -1.0, [-0.7115702684801871, -0.045678783632427576]
[-0.7115702684801871, -0.045678783632427576], 0, -1.0, [-0.7569128054081784, -0.045342536927991325]
[-0.7569128054081784, -0.045342536927991325], 0, -1.0, [-0.8016449088518943, -0.04473210344371588]
[-0.8016449088518943, -0.04473210344371588], 0, -1.0, [-0.8455252174211239, -0.04388030856922948]
[-0.8455252174211239, -0.04388030856922948], 0, -1.0, [-0.8883492949208438, -0.04282407749972]
[-0.8883492949208438, -0.04282407749972], 0, -1.0, [-0.9299519094739056, -0.04160261455306183]
[-0.9299519094739056, -0.04160261455306183], 0, -1.0, [-0.9702075847561815, -0.040255675282275964]
[-0.9702075847561815, -0.040255675282275964], 0, -1.0, [-1.0090296479838863, -0.038822063227704796]
[-1.0090296479838863, -0.038822063227704796], 0, -1.0, [-1.0463680821874692, -0.03733843420358287]
[-1.0463680821874692, -0.03733843420358287], 0, -1.0, [-1.08220652413126, -0.035838441943790794]
[-1.08220652413126, -0.035838441943790794], 0, -1.0, [-1.1165587417222893, -0.034352217591029424]
[-1.1165587417222893, -0.034352217591029424], 0, -1.0, [-1.1494648877709406, -0.03290614604865137]
[-1.1494648877709406, -0.03290614604865137], 0, -1.0, [-1.1809877731372045, -0.031522885366263895]
[-1.1809877731372045, -0.031522885366263895], 0, -1.0, [-1.2, 0.0]
[-1.2, 0.0], 2, -1.0, [-1.1967581039591646, 0.003241896040835368]
[-1.1967581039591646, 0.003241896040835368], 2, -1.0, [-1.1902636585360942, 0.006494445423070332]
[-1.1902636585360942, 0.006494445423070332], 2, -1.0, [-1.1804959639787937, 0.009767694557300442]
[-1.1804959639787937, 0.009767694557300442], 2, -1.0, [-1.1674255149588486, 0.013070449019945182]
[-1.1674255149588486, 0.013070449019945182], 2, -1.0, [-1.1510159267200155, 0.016409588238833067]
[-1.1510159267200155, 0.016409588238833067], 2, -1.0, [-1.1312266168239755, 0.019789309896040046]
[-1.1312266168239755, 0.019789309896040046], 2, -1.0, [-1.108016322100852, 0.02321029472312345]
[-1.108016322100852, 0.02321029472312345], 2, -1.0, [-1.081347524946184, 0.02666879715466819]
[-1.081347524946184, 0.02666879715466819], 2, -1.0, [-1.0511918363028878, 0.03015568864329602]
[-1.0511918363028878, 0.03015568864329602], 2, -1.0, [-1.0175363271434712, 0.0336555091594167]
[-1.0175363271434712, 0.0336555091594167], 0, -1.0, [-0.9823907090723114, 0.03514561807115984]
[-0.9823907090723114, 0.03514561807115984], 2, -1.0, [-0.9437921915325833, 0.03859851753972806]
[-0.9437921915325833, 0.03859851753972806], 2, -1.0, [-0.9018130049156271, 0.04197918661695621]
[-0.9018130049156271, 0.04197918661695621], 2, -1.0, [-0.8565678600898443, 0.045245144825782825]
[-0.8565678600898443, 0.045245144825782825], 2, -1.0, [-0.8082205150914117, 0.04834734499843265]
[-0.8082205150914117, 0.04834734499843265], 2, -1.0, [-0.7569886056784425, 0.05123190941296922]
[-0.7569886056784425, 0.05123190941296922], 2, -1.0, [-0.7031458279872981, 0.05384277769114443]
[-0.7031458279872981, 0.05384277769114443], 2, -1.0, [-0.6470206252310207, 0.05612520275627741]
[-0.6470206252310207, 0.05612520275627741], 2, -1.0, [-0.5889907649804644, 0.05802986025055624]
[-0.5889907649804644, 0.05802986025055624], 2, -1.0, [-0.5294736045260928, 0.059517160454371595]
[-0.5294736045260928, 0.059517160454371595], 2, -1.0, [-0.46891238513579514, 0.06056121939029766]
[-0.46891238513579514, 0.06056121939029766], 2, -1.0, [-0.4077594762650478, 0.06115290887074733]
[-0.4077594762650478, 0.06115290887074733], 2, -1.0, [-0.3464579802310329, 0.061301496034014906]
[-0.3464579802310329, 0.061301496034014906], 2, -1.0, [-0.2854233843824773, 0.06103459584855563]
[-0.2854233843824773, 0.06103459584855563], 2, -1.0, [-0.2250269374340152, 0.060396446948462065]
[-0.2250269374340152, 0.060396446948462065], 2, -1.0, [-0.1655821316085345, 0.05944480582548071]
[-0.1655821316085345, 0.05944480582548071], 2, -1.0, [-0.10733517022188985, 0.05824696138664464]
[-0.10733517022188985, 0.05824696138664464], 2, -1.0, [-0.05045971544266149, 0.056875454779228354]
[-0.05045971544266149, 0.056875454779228354], 2, -1.0, [0.00494432923505056, 0.05540404467771205]
[0.00494432923505056, 0.05540404467771205], 2, -1.0, [0.058848648929625505, 0.053904319694574945]
[0.058848648929625505, 0.053904319694574945], 2, -1.0, [0.11129182812327088, 0.05244317919364537]
[0.11129182812327088, 0.05244317919364537], 2, -1.0, [0.162373058770654, 0.05108123064738312]
[0.162373058770654, 0.05108123064738312], 2, -1.0, [0.2122450769539372, 0.049872018183283205]
[0.2122450769539372, 0.049872018183283205], 2, -1.0, [0.26110699217468314, 0.04886191522074595]
[0.26110699217468314, 0.04886191522074595], 2, -1.0, [0.30919747227648875, 0.04809048010180559]
[0.30919747227648875, 0.04809048010180559], 2, -1.0, [0.35678854684218664, 0.0475910745656979]
[0.35678854684218664, 0.0475910745656979], 0, -1.0, [0.4021801127656676, 0.04539156592348096]
[0.4021801127656676, 0.04539156592348096], 2, -1.0, [0.4476810431968407, 0.045500930431173106]
[0.4476810431968407, 0.045500930431173106], 2, -1.0, [0.49361750034409274, 0.04593645714725202]
[0.49361750034409274, 0.04593645714725202], 1, -1.0, [0.5393294009859173, 0.04571190064182455]
