[-0.5735425676728221, 0.0], 2, -1.0, [-0.5721693891727305, 0.0013731785000916058]
[-0.5721693891727305, 0.0013731785000916058], 2, -1.0, [-0.5694332187635329, 0.00273617040919756]
[-0.5694332187635329, 0.00273617040919756], 2, -1.0, [-0.5653543722562585, 0.004078846507274424]
[-0.5653543722562585, 0.004078846507274424], 2, -1.0, [-0.559963177155647, 0.005391195100611501]
[-0.559963177155647, 0.005391195100611501], 2, -1.0, [-0.5532997897023336, 0.00666338745331338]
[-0.5532997897023336, 0.00666338745331338], 2, -1.0, [-0.5454139392847652, 0.007885850417568403]
[-0.5454139392847652, 0.007885850417568403], 2, -1.0, [-0.5363645919105332, 0.009049347374231978]
[-0.5363645919105332, 0.009049347374231978], 2, -1.0, [-0.5262195243166854, 0.0101450675938478]
[-0.5262195243166854, 0.0101450675938478], 2, -1.0, [-0.5150548013099507, 0.011164723006734626]
[-0.5150548013099507, 0.011164723006734626], 2, -1.0, [-0.5029541510939187, 0.012100650216032023]
[-0.5029541510939187, 0.012100650216032023], 2, -1.0, [-0.49000823659471804, 0.0129459144992007]
[-0.49000823659471804, 0.0129459144992007], 2, -1.0, [-0.476313824967993, 0.013694411626724995]
[-0.476313824967993, 0.013694411626724995], 2, -1.0, [-0.46197286228515994, 0.014340962682833065]
[-0.46197286228515994, 0.014340962682833065], 2, -1.0, [-0.4470914654980969, 0.014881396787063024]
[-0.4470914654980969, 0.014881396787063024], 2, -1.0, [-0.43177884875378375, 0.01531261674431316]
[-0.43177884875378375, 0.01531261674431316], 2, -1.0, [-0.4161462055409934, 0.015632643212790343]
[-0.4161462055409934, 0.015632643212790343], 2, -1.0, [-0.400305571593798, 0.01584063394719544]
[-0.400305571593798, 0.01584063394719544], 2, -1.0, [-0.38436869561743464, 0.015936875976363327]
[-0.38436869561743464, 0.015936875976363327], 2, -1.0, [-0.36844594551825344, 0.015922750099181218]
[-0.36844594551825344, 0.015922750099181218], 2, -1.0, [-0.3526452768259805, 0.015800668692272937]
[-0.3526452768259805, 0.015800668692272937], 2, -1.0, [-0.33707128745543047, 0.015573989370550023]
[-0.33707128745543047, 0.015573989370550023], 2, -1.0, [-0.3218243790660851, 0.015246908389345417]
[-0.3218243790660851, 0.015246908389345417], 2, -1.0, [-0.3070000403534182, 0.014824338712666885]
[-0.3070000403534182, 0.014824338712666885], 2, -1.0, [-0.29268826203039366, 0.01431177832302453]
[-0.29268826203039366, 0.01431177832302453], 2, -1.0, [-0.2789730874443294, 0.013715174586064234]
[-0.2789730874443294, 0.013715174586064234], 2, -1.0, [-0.26593229712050737, 0.013040790323822073]
[-0.26593229712050737, 0.013040790323822073], 2, -1.0, [-0.2536372203733646, 0.012295076747142775]
[-0.2536372203733646, 0.012295076747142775], 2, -1.0, [-0.24215266274301334, 0.011484557630351291]
[-0.24215266274301334, 0.011484557630351291], 2, -1.0, [-0.23153693457037572, 0.01061572817263762]
[-0.23153693457037572, 0.01061572817263762], 2, -1.0, [-0.22184196359586886, 0.009694970974506863]
[-0.22184196359586886, 0.009694970974506863], 2, -1.0, [-0.21311347304789896, 0.0087284905479699]
[-0.21311347304789896, 0.0087284905479699], 2, -1.0, [-0.2053912062050833, 0.007722266842815666]
[-0.2053912062050833, 0.007722266842815666], 2, -1.0, [-0.19870917875049357, 0.006682027454589722]
[-0.19870917875049357, 0.006682027454589722], 1, -1.0, [-0.194095941242417, 0.004613237508076568]
[-0.194095941242417, 0.004613237508076568], 0, -1.0, [-0.19257072043375034, 0.0015252208086666444]
[-0.19257072043375034, 0.0015252208086666444], 1, -1.0, [-0.19313978525029354, -0.0005690648165431948]
[-0.19313978525029354, -0.0005690648165431948], 0, -1.0, [-0.19680080185643384, -0.003661016606140297]
[-0.19680080185643384, -0.003661016606140297], 1, -1.0, [-0.20253861028521122, -0.005737808428777375]
[-0.20253861028521122, -0.005737808428777375], 0, -1.0, [-0.21132894746380754, -0.008790337178596319]
[-0.21132894746380754, -0.008790337178596319], 0, -1.0, [-0.22313346530611444, -0.011804517842306902]
[-0.22313346530611444, -0.011804517842306902], 0, -1.0, [-0.23789846782514448, -0.014765002519030046]
[-0.23789846782514448, -0.014765002519030046], 0, -1.0, [-0.2555533401306707, -0.017654872305526245]
[-0.2555533401306707, -0.017654872305526245], 0, -1.0, [-0.27600879178239685, -0.02045545165172615]
[-0.27600879178239685, -0.02045545165172615], 0, -1.0, [-0.29915507054483853, -0.02314627876244167]
[-0.29915507054483853, -0.02314627876244167], 0, -1.0, [-0.3248603331500629, -0.025705262605224377]
[-0.3248603331500629, -0.025705262605224377], 0, -1.0, [-0.35296938278485146, -0.028109049634788566]
[-0.35296938278485146, -0.028109049634788566], 0, -1.0, [-0.38330299310223537, -0.0303336103173839]
[-0.38330299310223537, -0.0303336103173839], 0, -1.0, [-0.41565802971861576, -0.03235503661638037]
[-0.41565802971861576, -0.03235503661638037], 0, -1.0, [-0.44980854747824034, -0.03415051775962459]
[-0.44980854747824034, -0.03415051775962459], 0, -1.0, [-0.4855079829004417, -0.035699435422201414]
[-0.4855079829004417, -0.035699435422201414], 0, -1.0, [-0.5224924779283313, -0.036984495027889586]
[-0.5224924779283313, -0.036984495027889586], 0, -1.0, [-0.5604852701735132, -0.03799279224518194]
[-0.5604852701735132, -0.03799279224518194], 1, -1.0, [-0.5982019779817254, -0.03771670780821208]
[-0.5982019779817254, -0.03771670780821208], 0, -1.0, [-0.6363638212489473, -0.038161843267221995]
[-0.6363638212489473, -0.038161843267221995], 1, -1.0, [-0.6736959661644766, -0.03733214491552923]
[-0.6736959661644766, -0.03733214491552923], 0, -1.0, [-0.7109400409287321, -0.03724407476425551]
[-0.7109400409287321, -0.03724407476425551], 1, -1.0, [-0.7468518662418749, -0.03591182531314285]
[-0.7468518662418749, -0.03591182531314285], 2, -1.0, [-0.7802116983520953, -0.033359832110220276]
[-0.7802116983520953, -0.033359832110220276], 0, -1.0, [-0.8128314817633301, -0.03261978341123483]
[-0.8128314817633301, -0.03261978341123483], 1, -1.0, [-0.8435441586768768, -0.0307126769135467]
[-0.8435441586768768, -0.0307126769135467], 2, -1.0, [-0.8712090916263812, -0.027664932949504374]
[-0.8712090916263812, -0.027664932949504374], 0, -1.0, [-0.8977144399438106, -0.026505348317429404]
[-0.8977144399438106, -0.026505348317429404], 1, -1.0, [-0.9219669869965889, -0.024252547052778257]
[-0.9219669869965889, -0.024252547052778257], 0, -1.0, [-0.9448938989210193, -0.022926911924430367]
[-0.9448938989210193, -0.022926911924430367], 1, -1.0, [-0.9654376324354093, -0.020543733514389956]
[-0.9654376324354093, -0.020543733514389956], 0, -1.0, [-0.9845561923739133, -0.019118559938504122]
[-0.9845561923739133, -0.019118559938504122], 0, -1.0, [-1.0022187668736489, -0.017662574499735413]
[-1.0022187668736489, -0.017662574499735413], 0, -1.0, [-1.0184040666347063, -0.01618529976105737]
[-1.0184040666347063, -0.01618529976105737], 0, -1.0, [-1.0330986875761778, -0.014694620941471476]
[-1.0330986875761778, -0.014694620941471476], 0, -1.0, [-1.0462955444362791, -0.013196856860101263]
[-1.0462955444362791, -0.013196856860101263], 0, -1.0, [-1.057992410449557, -0.011696866013277879]
[-1.057992410449557, -0.011696866013277879], 0, -1.0, [-1.0681905872993618, -0.01019817684980481]
[-1.0681905872993618, -0.01019817684980481], 0, -1.0, [-1.0768937204707294, -0.0087031331713677]
[-1.0768937204707294, -0.0087031331713677], 2, -1.0, [-1.0821067680349283, -0.00521304756419899]
[-1.0821067680349283, -0.00521304756419899], 2, -1.0, [-1.083833512924018, -0.0017267448890896531]
[-1.083833512924018, -0.0017267448890896531], 2, -1.0, [-1.0820753422982379, 0.0017581706257801663]
[-1.0820753422982379, 0.0017581706257801663], 2, -1.0, [-1.0768308443699173, 0.0052444979283205176]
[-1.0768308443699173, 0.0052444979283205176], 2, -1.0, [-1.0680962189227432, 0.00873462544717401]
[-1.0680962189227432, 0.00873462544717401], 2, -1.0, [-1.0558665053523086, 0.012229713570434609]
[-1.0558665053523086, 0.012229713570434609], 2, -1.0, [-1.0401376371803424, 0.015728868171966247]
[-1.0401376371803424, 0.015728868171966247], 2, -1.0, [-1.020909329714257, 0.01922830746608534]
[-1.020909329714257, 0.01922830746608534], 2, -1.0, [-0.9981887927635609, 0.02272053695069618]
[-0.9981887927635609, 0.02272053695069618], 2, -1.0, [-0.9719952280796654, 0.026193564683895422]
[-0.9719952280796654, 0.026193564683895422], 2, -1.0, [-0.9423650171237934, 0.029630210955872073]
[-0.9423650171237934, 0.029630210955872073], 2, -1.0, [-0.9093574263928634, 0.03300759073093]
[-0.9093574263928634, 0.03300759073093], 2, -1.0, [-0.8730605559402161, 0.03629687045264729]
[-0.8730605559402161, 0.03629687045264729], 2, -1.0, [-0.8335971387684544, 0.039463417171761724]
[-0.8335971387684544, 0.039463417171761724], 2, -1.0, [-0.7911296790836512, 0.04246745968480322]
[-0.7911296790836512, 0.04246745968480322], 2, -1.0, [-0.7458643193074467, 0.04526535977620448]
[-0.7458643193074467, 0.04526535977620448], 2, -1.0, [-0.6980527796930893, 0.04781153961435738]
[-0.6980527796930893, 0.04781153961435738], 2, -1.0, [-0.6479917527213741, 0.05006102697171526]
[-0.6479917527213741, 0.05006102697171526], 2, -1.0, [-0.5960192822385371, 0.05197247048283701]
[-0.5960192822385371, 0.05197247048283701], 2, -1.0, [-0.5425079209246614, 0.053511361313875655]
[-0.5425079209246614, 0.053511361313875655], 2, -1.0, [-0.48785481707068473, 0.054653103853976655]
[-0.48785481707068473, 0.054653103853976655], 2, -1.0, [-0.4324692794407532, 0.05538553762993152]
[-0.4324692794407532, 0.05538553762993152], 2, -1.0, [-0.376758730875141, 0.05571054856561217]
[-0.376758730875141, 0.05571054856561217], 2, -1.0, [-0.3211142073087363, 0.05564452356640473]
[-0.3211142073087363, 0.05564452356640473], 2, -1.0, [-0.26589663009101255, 0.05521757721772373]
[-0.26589663009101255, 0.05521757721772373], 2, -1.0, [-0.21142495792361982, 0.054471672167392744]
[-0.21142495792361982, 0.054471672167392744], 2, -1.0, [-0.15796703978961052, 0.05345791813400928]
[-0.15796703978961052, 0.05345791813400928], 2, -1.0, [-0.10573360851799102, 0.05223343127161951]
[-0.10573360851799102, 0.05223343127161951], 2, -1.0, [-0.05487545780838173, 0.050858150709609286]
[-0.05487545780838173, 0.050858150709609286], 2, -1.0, [-0.0054835062375982666, 0.049391951570783466]
[-0.0054835062375982666, 0.049391951570783466], 2, -1.0, [0.04240878360001403, 0.0478922898376123]
[0.04240878360001403, 0.0478922898376123], 2, -1.0, [0.08882127934066394, 0.04641249574064991]
[0.08882127934066394, 0.04641249574064991], 2, -1.0, [0.13382200489565682, 0.04500072555499289]
[0.13382200489565682, 0.04500072555499289], 2, -1.0, [0.1775215076720831, 0.04369950277642628]
[0.1775215076720831, 0.04369950277642628], 2, -1.0, [0.22006724099150193, 0.04254573331941882]
[0.22006724099150193, 0.04254573331941882], 2, -1.0, [0.2616383029717461, 0.04157106198024417]
[0.2616383029717461, 0.04157106198024417], 2, -1.0, [0.3024407439241713, 0.04080244095242516]
[0.3024407439241713, 0.04080244095242516], 2, -1.0, [0.3427035407401493, 0.04026279681597797]
[0.3427035407401493, 0.04026279681597797], 2, -1.0, [0.3826752433391766, 0.03997170259902729]
[0.3826752433391766, 0.03997170259902729], 2, -1.0, [0.4226212242230219, 0.03994598088384533]
[0.4226212242230219, 0.03994598088384533], 2, -1.0, [0.4628214035985227, 0.04020017937550081]
[0.4628214035985227, 0.04020017937550081], 2, -1.0, [0.5035682741687407, 0.040746870570217995]
