[-0.4196231450251889, 0.0], 0, -1.0, [-0.42139037780681393, -0.0017672327816250564]
[-0.42139037780681393, -0.0017672327816250564], 0, -1.0, [-0.42491221799768725, -0.003521840190873306]
[-0.42491221799768725, -0.003521840190873306], 0, -1.0, [-0.43016344214832064, -0.005251224150633393]
[-0.43016344214832064, -0.005251224150633393], 0, -1.0, [-0.4371062905962578, -0.006942848447937158]
[-0.4371062905962578, -0.006942848447937158], 0, -1.0, [-0.4456905778806239, -0.008584287284366126]
[-0.4456905778806239, -0.008584287284366126], 0, -1.0, [-0.4558538712775413, -0.010163293396917392]
[-0.4558538712775413, -0.010163293396917392], 0, -1.0, [-0.46752176097434744, -0.011667889696806131]
[-0.46752176097434744, -0.011667889696806131], 0, -1.0, [-0.48060824724380335, -0.013086486269455914]
[-0.48060824724380335, -0.013086486269455914], 0, -1.0, [-0.49501626935622056, -0.014408022112417233]
[-0.49501626935622056, -0.014408022112417233], 0, -1.0, [-0.5106383976660218, -0.015622128309801296]
[-0.5106383976660218, -0.015622128309801296], 0, -1.0, [-0.5273577043212226, -0.01671930665520078]
[-0.5273577043212226, -0.01671930665520078], 0, -1.0, [-0.5450488196085072, -0.017691115287284523]
[-0.5450488196085072, -0.017691115287284523], 0, -1.0, [-0.5635791705718971, -0.018530350963389917]
[-0.5635791705718971, -0.018530350963389917], 0, -1.0, [-0.5828103869978787, -0.019231216425981558]
[-0.5828103869978787, -0.019231216425981558], 0, -1.0, [-0.6025998481203776, -0.019789461122498953]
[-0.6025998481203776, -0.019789461122498953], 0, -1.0, [-0.6228023325557864, -0.02020248443540885]
[-0.6228023325557864, -0.02020248443540885], 0, -1.0, [-0.6432717251112282, -0.020469392555441803]
[-0.6432717251112282, -0.020469392555441803], 0, -1.0, [-0.6638627281483538, -0.020591003037125556]
[-0.6638627281483538, -0.020591003037125556], 0, -1.0, [-0.6844325227814645, -0.02056979463311075]
[-0.6844325227814645, -0.02056979463311075], 0, -1.0, [-0.7048423266213493, -0.02040980383988481]
[-0.7048423266213493, -0.02040980383988481], 2, -1.0, [-0.72295879991137, -0.018116473290020765]
[-0.72295879991137, -0.018116473290020765], 2, -1.0, [-0.7386676310775967, -0.01570883116622672]
[-0.7386676310775967, -0.01570883116622672], 2, -1.0, [-0.7518730535116265, -0.013205422434029796]
[-0.7518730535116265, -0.013205422434029796], 2, -1.0, [-0.762497136444002, -0.010624082932375517]
[-0.762497136444002, -0.010624082932375517], 2, -1.0, [-0.7704789783274846, -0.007981841883482643]
[-0.7704789783274846, -0.007981841883482643], 2, -1.0, [-0.7757739181053571, -0.005294939777872592]
[-0.7757739181053571, -0.005294939777872592], 2, -1.0, [-0.7783528608922984, -0.002578942786941222]
[-0.7783528608922984, -0.002578942786941222], 2, -1.0, [-0.7782017921428437, 0.00015106874945466052]
[-0.7782017921428437, 0.00015106874945466052], 2, -1.0, [-0.7753215299507658, 0.0028802621920779705]
[-0.7753215299507658, 0.0028802621920779705], 2, -1.0, [-0.7697277397583072, 0.005593790192458589]
[-0.7697277397583072, 0.005593790192458589], 2, -1.0, [-0.7614512100516687, 0.0082765297066385]
[-0.7614512100516687, 0.0082765297066385], 2, -1.0, [-0.750538361934278, 0.010912848117390668]
[-0.750538361934278, 0.010912848117390668], 2, -1.0, [-0.7370519401722515, 0.013486421762026475]
[-0.7370519401722515, 0.013486421762026475], 2, -1.0, [-0.7210718090323351, 0.01598013113991641]
[-0.7210718090323351, 0.01598013113991641], 2, -1.0, [-0.7026957540877297, 0.018376054944605504]
[-0.7026957540877297, 0.018376054944605504], 2, -1.0, [-0.682040172843876, 0.020655581243853745]
[-0.682040172843876, 0.020655581243853745], 2, -1.0, [-0.6592405247887907, 0.022799648055085223]
[-0.6592405247887907, 0.022799648055085223], 2, -1.0, [-0.6344514079119423, 0.02478911687684842]
[-0.6344514079119423, 0.02478911687684842], 2, -1.0, [-0.6078461364238619, 0.026605271488080465]
[-0.6078461364238619, 0.026605271488080465], 2, -1.0, [-0.5796157152768278, 0.028230421147034106]
[-0.5796157152768278, 0.028230421147034106], 2, -1.0, [-0.5499671417652204, 0.029648573511607337]
[-0.5499671417652204, 0.029648573511607337], 2, -1.0, [-0.5191210116967455, 0.030846130068474937]
[-0.5191210116967455, 0.030846130068474937], 2, -1.0, [-0.4873084638475071, 0.03181254784923841]
[-0.4873084638475071, 0.03181254784923841], 2, -1.0, [-0.45476755597405055, 0.03254090787345656]
[-0.45476755597405055, 0.03254090787345656], 2, -1.0, [-0.42173922138911063, 0.03302833458493991]
[-0.42173922138911063, 0.03302833458493991], 2, -1.0, [-0.38846299950538493, 0.03327622188372572]
[-0.38846299950538493, 0.03327622188372572], 2, -1.0, [-0.35517276038183615, 0.03329023912354877]
[-0.35517276038183615, 0.03329023912354877], 2, -1.0, [-0.32209264815847355, 0.0330801122233626]
[-0.32209264815847355, 0.0330801122233626], 2, -1.0, [-0.2894334506320058, 0.03265919752646771]
[-0.2894334506320058, 0.03265919752646771], 2, -1.0, [-0.25738956486917497, 0.03204388576283086]
[-0.25738956486917497, 0.03204388576283086], 2, -1.0, [-0.22613667730085696, 0.03125288756831801]
[-0.22613667730085696, 0.03125288756831801], 2, -1.0, [-0.19583021847335552, 0.030306458827501447]
[-0.19583021847335552, 0.030306458827501447], 2, -1.0, [-0.16660459505339364, 0.029225623419961887]
[-0.16660459505339364, 0.029225623419961887], 2, -1.0, [-0.13857315119049232, 0.028031443862901333]
[-0.13857315119049232, 0.028031443862901333], 2, -1.0, [-0.11182877234570601, 0.026744378844786303]
[-0.11182877234570601, 0.026744378844786303], 2, -1.0, [-0.08644501928069928, 0.025383753065006735]
[-0.08644501928069928, 0.025383753065006735], 2, -1.0, [-0.062477667986130345, 0.023967351294568933]
[-0.062477667986130345, 0.023967351294568933], 2, -1.0, [-0.03996653118950984, 0.022511136796620507]
[-0.03996653118950984, 0.022511136796620507], 2, -1.0, [-0.018937446019701598, 0.02102908516980824]
[-0.018937446019701598, 0.02102908516980824], 2, -1.0, [0.0005956726172439697, 0.019533118636945568]
[0.0005956726172439697, 0.019533118636945568], 2, -1.0, [0.018628795245979476, 0.018033122628735507]
[0.018628795245979476, 0.018033122628735507], 0, -1.0, [0.03316582096882093, 0.014537025722841454]
[0.03316582096882093, 0.014537025722841454], 0, -1.0, [0.04421521116758732, 0.011049390198766393]
[0.04421521116758732, 0.011049390198766393], 0, -1.0, [0.05178656271753244, 0.007571351549945114]
[0.05178656271753244, 0.007571351549945114], 0, -1.0, [0.05588802442205143, 0.004101461704518989]
[0.05588802442205143, 0.004101461704518989], 0, -1.0, [0.05652454293863203, 0.0006365185165806016]
[0.05652454293863203, 0.0006365185165806016], 1, -1.0, [0.0546969194257127, -0.0018276235129193338]
[0.0546969194257127, -0.0018276235129193338], 0, -1.0, [0.04940287768116319, -0.005294041744549506]
[0.04940287768116319, -0.005294041744549506], 0, -1.0, [0.04063624296200158, -0.008766634719161613]
[0.04063624296200158, -0.008766634719161613], 0, -1.0, [0.028388162419534776, -0.012248080542466802]
[0.028388162419534776, -0.012248080542466802], 0, -1.0, [0.012649142635977828, -0.01573901978355695]
[0.012649142635977828, -0.01573901978355695], 0, -1.0, [-0.006588077354464903, -0.01923721999044273]
[-0.006588077354464903, -0.01923721999044273], 0, -1.0, [-0.02932480907971567, -0.022736731725250765]
[-0.02932480907971567, -0.022736731725250765], 0, -1.0, [-0.05555187266811541, -0.026227063588399744]
[-0.05555187266811541, -0.026227063588399744], 0, -1.0, [-0.08524429891759787, -0.029692426249482456]
[-0.08524429891759787, -0.029692426249482456], 0, -1.0, [-0.11835542058203044, -0.03311112166443258]
[-0.11835542058203044, -0.03311112166443258], 0, -1.0, [-0.15481060088350407, -0.03645518030147362]
[-0.15481060088350407, -0.03645518030147362], 0, -1.0, [-0.1945009717198674, -0.03969037083636335]
[-0.1945009717198674, -0.03969037083636335], 0, -1.0, [-0.2372776871577771, -0.042776715437909694]
[-0.2372776871577771, -0.042776715437909694], 0, -1.0, [-0.2829473169736768, -0.045669629815899726]
[-0.2829473169736768, -0.045669629815899726], 0, -1.0, [-0.3312690785963952, -0.04832176162271838]
[-0.3312690785963952, -0.04832176162271838], 0, -1.0, [-0.38195459757813244, -0.05068551898173721]
[-0.38195459757813244, -0.05068551898173721], 0, -1.0, [-0.43467076485167233, -0.052716167273539866]
[-0.43467076485167233, -0.052716167273539866], 0, -1.0, [-0.48904600864164655, -0.054375243789974194]
[-0.48904600864164655, -0.054375243789974194], 0, -1.0, [-0.5446799343443415, -0.05563392570269493]
[-0.5446799343443415, -0.05563392570269493], 0, -1.0, [-0.6011558567342355, -0.05647592238989408]
[-0.6011558567342355, -0.05647592238989408], 0, -1.0, [-0.6580553351066044, -0.05689947837236889]
[-0.6580553351066044, -0.05689947837236889], 0, -1.0, [-0.714973513966428, -0.05691817885982369]
[-0.714973513966428, -0.05691817885982369], 0, -1.0, [-0.7715339437505662, -0.05656042978413816]
[-0.7715339437505662, -0.05656042978413816], 0, -1.0, [-0.8274016403652803, -0.055867696614714184]
[-0.8274016403652803, -0.055867696614714184], 0, -1.0, [-0.8822934182926769, -0.054891777927396676]
[-0.8822934182926769, -0.054891777927396676], 0, -1.0, [-0.9359849329871833, -0.05369151469450644]
[-0.9359849329871833, -0.05369151469450644], 2, -1.0, [-0.986314304519817, -0.05032937153263376]
[-0.986314304519817, -0.05032937153263376], 0, -1.0, [-1.0351852614082646, -0.04887095688844745]
[-1.0351852614082646, -0.04887095688844745], 0, -1.0, [-1.0825578414409838, -0.04737258003271925]
[-1.0825578414409838, -0.04737258003271925], 0, -1.0, [-1.1284444747265892, -0.04588663328560538]
[-1.1284444747265892, -0.04588663328560538], 0, -1.0, [-1.1729050030377035, -0.04446052831111431]
[-1.1729050030377035, -0.04446052831111431], 0, -1.0, [-1.2, 0.0]
[-1.2, 0.0], 2, -1.0, [-1.1967581039591646, 0.003241896040835368]
[-1.1967581039591646, 0.003241896040835368], 2, -1.0, [-1.1902636585360942, 0.006494445423070332]
[-1.1902636585360942, 0.006494445423070332], 2, -1.0, [-1.1804959639787937, 0.009767694557300442]
[-1.1804959639787937, 0.009767694557300442], 1, -1.0, [-1.1684255149588485, 0.012070449019945181]
[-1.1684255149588485, 0.012070449019945181], 2, -1.0, [-1.1530185840986826, 0.015406930860165802]
[-1.1530185840986826, 0.015406930860165802], 2, -1.0, [-1.1342365772711027, 0.018782006827579977]
[-1.1342365772711027, 0.018782006827579977], 2, -1.0, [-1.1120393149531562, 0.02219726231794643]
[-1.1120393149531562, 0.02219726231794643], 2, -1.0, [-1.0863892037810268, 0.025650111172129342]
[-1.0863892037810268, 0.025650111172129342], 2, -1.0, [-1.0572563525502436, 0.02913285123078315]
[-1.0572563525502436, 0.02913285123078315], 2, -1.0, [-1.0246246395022887, 0.032631713047955084]
[-1.0246246395022887, 0.032631713047955084], 2, -1.0, [-0.9884986565479147, 0.03612598295437393]
[-0.9884986565479147, 0.03612598295437393], 2, -1.0, [-0.9489113360806136, 0.0395873204673011]
[-0.9489113360806136, 0.0395873204673011], 2, -1.0, [-0.9059319075378319, 0.04297942854278168]
[-0.9059319075378319, 0.04297942854278168], 2, -1.0, [-0.8596736436853317, 0.046258263852500224]
[-0.8596736436853317, 0.046258263852500224], 2, -1.0, [-0.8103006642147408, 0.04937297947059099]
[-0.8103006642147408, 0.04937297947059099], 2, -1.0, [-0.7580329059965908, 0.052267758218149975]
[-0.7580329059965908, 0.052267758218149975], 2, -1.0, [-0.7031482978336807, 0.054884608162910034]
[-0.7031482978336807, 0.054884608162910034], 2, -1.0, [-0.6459812487046811, 0.057167049128999586]
[-0.6459812487046811, 0.057167049128999586], 2, -1.0, [-0.586916813512364, 0.05906443519231706]
[-0.586916813512364, 0.05906443519231706], 2, -1.0, [-0.5263803437343515, 0.06053646977801254]
[-0.5263803437343515, 0.06053646977801254], 2, -1.0, [-0.4648230124374327, 0.061557331296918816]
[-0.4648230124374327, 0.061557331296918816], 2, -1.0, [-0.40270421864307704, 0.06211879379435567]
[-0.40270421864307704, 0.06211879379435567], 2, -1.0, [-0.3404723863505832, 0.06223183229249382]
[-0.3404723863505832, 0.06223183229249382], 2, -1.0, [-0.27854594869186744, 0.06192643765871573]
[-0.27854594869186744, 0.06192643765871573], 2, -1.0, [-0.21729627281587052, 0.06124967587599692]
[-0.21729627281587052, 0.06124967587599692], 2, -1.0, [-0.15703394516965735, 0.06026232764621316]
[-0.15703394516965735, 0.06026232764621316], 2, -1.0, [-0.09799928937570707, 0.059034655793950286]
[-0.09799928937570707, 0.059034655793950286], 2, -1.0, [-0.040357366135506244, 0.05764192324020082]
[-0.040357366135506244, 0.05764192324020082], 2, -1.0, [0.015802857799576596, 0.05616022393508284]
[0.015802857799576596, 0.05616022393508284], 2, -1.0, [0.07046589067453185, 0.05466303287495526]
[0.07046589067453185, 0.05466303287495526], 2, -1.0, [0.12368457704707779, 0.05321868637254594]
[0.12368457704707779, 0.05321868637254594], 2, -1.0, [0.17557339896304805, 0.05188882191597027]
[0.17557339896304805, 0.05188882191597027], 2, -1.0, [0.22630106968722632, 0.050727670724178275]
[0.22630106968722632, 0.050727670724178275], 2, -1.0, [0.27608308564787254, 0.049782015960646187]
[0.27608308564787254, 0.049782015960646187], 2, -1.0, [0.32517468497513285, 0.04909159932726034]
[0.32517468497513285, 0.04909159932726034], 2, -1.0, [0.3738644487642428, 0.04868976378910996]
[0.3738644487642428, 0.04868976378910996], 2, -1.0, [0.4224685932480125, 0.04860414448376969]
[0.4224685932480125, 0.04860414448376969], 1, -1.0, [0.47032584369390534, 0.047857250445892834]
[0.47032584369390534, 0.047857250445892834], 1, -1.0, [0.5177852458543386, 0.04745940216043332]
