[-0.4893669881773839, 0.0], 0, -1.0, [-0.4906232755459697, -0.001256287368585798]
[-0.4906232755459697, -0.001256287368585798], 0, -1.0, [-0.49312647597083714, -0.0025032004248674343]
[-0.49312647597083714, -0.0025032004248674343], 0, -1.0, [-0.49685790045275446, -0.0037314244819173486]
[-0.49685790045275446, -0.0037314244819173486], 0, -1.0, [-0.501789666448177, -0.00493176599542253]
[-0.501789666448177, -0.00493176599542253], 0, -1.0, [-0.5078848840884248, -0.006095217640247821]
[-0.5078848840884248, -0.006095217640247821], 0, -1.0, [-0.5150979122678844, -0.007213028179459566]
[-0.5150979122678844, -0.007213028179459566], 0, -1.0, [-0.5233746900115351, -0.00827677774365077]
[-0.5233746900115351, -0.00827677774365077], 0, -1.0, [-0.5326531483969601, -0.009278458385424909]
[-0.5326531483969601, -0.009278458385424909], 0, -1.0, [-0.5428637073368784, -0.010210558939918334]
[-0.5428637073368784, -0.010210558939918334], 1, -1.0, [-0.5529298597121544, -0.010066152375275998]
[-0.5529298597121544, -0.010066152375275998], 1, -1.0, [-0.5627763127280491, -0.009846453015894678]
[-0.5627763127280491, -0.009846453015894678], 1, -1.0, [-0.5723296102423199, -0.009553297514270758]
[-0.5723296102423199, -0.009553297514270758], 1, -1.0, [-0.5815187269656518, -0.009189116723331855]
[-0.5815187269656518, -0.009189116723331855], 1, -1.0, [-0.5902756266903761, -0.008756899724724387]
[-0.5902756266903761, -0.008756899724724387], 2, -1.0, [-0.5975357782277325, -0.007260151537356372]
[-0.5975357782277325, -0.007260151537356372], 2, -1.0, [-0.6032459382095275, -0.005710159981795024]
[-0.6032459382095275, -0.005710159981795024], 2, -1.0, [-0.6073644123903514, -0.004118474180823902]
[-0.6073644123903514, -0.004118474180823902], 2, -1.0, [-0.6098612357126459, -0.002496823322294474]
[-0.6098612357126459, -0.002496823322294474], 2, -1.0, [-0.6107182877857305, -0.0008570520730844539]
[-0.6107182877857305, -0.0008570520730844539], 2, -1.0, [-0.609929356882889, 0.0007889309028414676]
[-0.609929356882889, 0.0007889309028414676], 2, -1.0, [-0.6075001608481709, 0.0024291960347179982]
[-0.6075001608481709, 0.0024291960347179982], 2, -1.0, [-0.6034483278712504, 0.004051832976920552]
[-0.6034483278712504, 0.004051832976920552], 2, -1.0, [-0.5978033344056818, 0.005644993465568558]
[-0.5978033344056818, 0.005644993465568558], 2, -1.0, [-0.5906063920527771, 0.007196942352904733]
[-0.5906063920527771, 0.007196942352904733], 2, -1.0, [-0.5819102704819485, 0.008696121570828594]
[-0.5819102704819485, 0.008696121570828594], 2, -1.0, [-0.5717790398548273, 0.010131230627121263]
[-0.5717790398548273, 0.010131230627121263], 2, -1.0, [-0.5602877141621426, 0.011491325692684587]
[-0.5602877141621426, 0.011491325692684587], 2, -1.0, [-0.5475217766883177, 0.012765937473824884]
[-0.5475217766883177, 0.012765937473824884], 2, -1.0, [-0.5335765706945926, 0.013945205993725028]
[-0.5335765706945926, 0.013945205993725028], 2, -1.0, [-0.5185565424123695, 0.015020028282223142]
[-0.5185565424123695, 0.015020028282223142], 2, -1.0, [-0.5025743294368712, 0.01598221297549826]
[-0.5025743294368712, 0.01598221297549826], 2, -1.0, [-0.4857496952778538, 0.016824634159017415]
[-0.4857496952778538, 0.016824634159017415], 2, -1.0, [-0.4682083196302426, 0.017541375647611174]
[-0.4682083196302426, 0.017541375647611174], 2, -1.0, [-0.4500804631747371, 0.018127856455505534]
[-0.4500804631747371, 0.018127856455505534], 2, -1.0, [-0.43149953459752555, 0.01858092857721158]
[-0.43149953459752555, 0.01858092857721158], 2, -1.0, [-0.41260059519348524, 0.018898939404040332]
[-0.41260059519348524, 0.018898939404040332], 2, -1.0, [-0.39351884212459104, 0.0190817530688942]
[-0.39351884212459104, 0.0190817530688942], 2, -1.0, [-0.3743881145501265, 0.01913072757446453]
[-0.3743881145501265, 0.01913072757446453], 0, -1.0, [-0.3573394670822952, 0.017048647467831288]
[-0.3573394670822952, 0.017048647467831288], 0, -1.0, [-0.34248670138856374, 0.014852765693731444]
[-0.34248670138856374, 0.014852765693731444], 0, -1.0, [-0.329926422275319, 0.012560279113244751]
[-0.329926422275319, 0.012560279113244751], 0, -1.0, [-0.3197383291267767, 0.010188093148542292]
[-0.3197383291267767, 0.010188093148542292], 0, -1.0, [-0.31198564319076216, 0.007752685936014536]
[-0.31198564319076216, 0.007752685936014536], 0, -1.0, [-0.3067155777796374, 0.005270065411124715]
[-0.3067155777796374, 0.005270065411124715], 0, -1.0, [-0.3039597708906124, 0.0027558068890250345]
[-0.3039597708906124, 0.0027558068890250345], 0, -1.0, [-0.30373461635699106, 0.00022515453362134327]
[-0.30373461635699106, 0.00022515453362134327], 0, -1.0, [-0.30604144897746616, -0.002306832620475093]
[-0.30604144897746616, -0.002306832620475093], 0, -1.0, [-0.31086656000476076, -0.004825111027294585]
[-0.31086656000476076, -0.004825111027294585], 0, -1.0, [-0.3181810410548426, -0.007314481050081834]
[-0.3181810410548426, -0.007314481050081834], 0, -1.0, [-0.3279404762359347, -0.009759435181092124]
[-0.3279404762359347, -0.009759435181092124], 0, -1.0, [-0.34008452341906104, -0.012144047183126332]
[-0.34008452341906104, -0.012144047183126332], 0, -1.0, [-0.35453644526513245, -0.014451921846071412]
[-0.35453644526513245, -0.014451921846071412], 0, -1.0, [-0.3712026678124258, -0.01666622254729331]
[-0.3712026678124258, -0.01666622254729331], 0, -1.0, [-0.38997245772368666, -0.01876978991126088]
[-0.38997245772368666, -0.01876978991126088], 0, -1.0, [-0.4107178170391437, -0.020745359315457026]
[-0.4107178170391437, -0.020745359315457026], 0, -1.0, [-0.43329369472995277, -0.022575877690809106]
[-0.43329369472995277, -0.022575877690809106], 0, -1.0, [-0.4575386059433499, -0.024244911213397127]
[-0.4575386059433499, -0.024244911213397127], 0, -1.0, [-0.4832757316081837, -0.025737125664833833]
[-0.4832757316081837, -0.025737125664833833], 0, -1.0, [-0.5103145430567922, -0.02703881144860857]
[-0.5103145430567922, -0.02703881144860857], 0, -1.0, [-0.5384529598784109, -0.028138416821618648]
[-0.5384529598784109, -0.028138416821618648], 0, -1.0, [-0.5674800071864589, -0.0290270473080479]
[-0.5674800071864589, -0.0290270473080479], 0, -1.0, [-0.5971788950148548, -0.02969888782839587]
[-0.5971788950148548, -0.02969888782839587], 0, -1.0, [-0.6273304026509177, -0.030151507636062946]
[-0.6273304026509177, -0.030151507636062946], 0, -1.0, [-0.6577164194273831, -0.030386016776465484]
[-0.6577164194273831, -0.030386016776465484], 0, -1.0, [-0.6881234750644533, -0.03040705563707012]
[-0.6881234750644533, -0.03040705563707012], 0, -1.0, [-0.7183460896515547, -0.0302226145871014]
[-0.7183460896515547, -0.0302226145871014], 0, -1.0, [-0.74818978618429, -0.02984369653273538]
[-0.74818978618429, -0.02984369653273538], 0, -1.0, [-0.777473635357134, -0.029283849172843955]
[-0.777473635357134, -0.029283849172843955], 0, -1.0, [-0.8060322393073929, -0.02855860395025888]
[-0.8060322393073929, -0.02855860395025888], 0, -1.0, [-0.8337171033243371, -0.02768486401694422]
[-0.8337171033243371, -0.02768486401694422], 2, -1.0, [-0.8583973870628337, -0.024680283738496598]
[-0.8583973870628337, -0.024680283738496598], 2, -1.0, [-0.8799680759848113, -0.021570688921977603]
[-0.8799680759848113, -0.021570688921977603], 2, -1.0, [-0.8983468353142695, -0.018378759329458233]
[-0.8983468353142695, -0.018378759329458233], 2, -1.0, [-0.9134707410332008, -0.015123905718931263]
[-0.9134707410332008, -0.015123905718931263], 2, -1.0, [-0.9252931450743461, -0.0118224040411453]
[-0.9252931450743461, -0.0118224040411453], 2, -1.0, [-0.9337808767634709, -0.008487731689124792]
[-0.9337808767634709, -0.008487731689124792], 2, -1.0, [-0.9389119303112967, -0.005131053547825886]
[-0.9389119303112967, -0.005131053547825886], 2, -1.0, [-0.9406737428048267, -0.0017618124935300404]
[-0.9406737428048267, -0.0017618124935300404], 2, -1.0, [-0.9390621299328298, 0.0016116128719970116]
[-0.9390621299328298, 0.0016116128719970116], 2, -1.0, [-0.9340809166994393, 0.004981213233390538]
[-0.9340809166994393, 0.004981213233390538], 2, -1.0, [-0.9257422753033206, 0.008338641396118673]
[-0.9257422753033206, 0.008338641396118673], 2, -1.0, [-0.9140677590555235, 0.011674516247797109]
[-0.9140677590555235, 0.011674516247797109], 2, -1.0, [-0.8990899962819884, 0.01497776277353517]
[-0.8990899962819884, 0.01497776277353517], 2, -1.0, [-0.8808549784519001, 0.018235017830088254]
[-0.8808549784519001, 0.018235017830088254], 2, -1.0, [-0.8594248399125046, 0.021430138539395484]
[-0.8594248399125046, 0.021430138539395484], 2, -1.0, [-0.8348809816151036, 0.024543858297400998]
[-0.8348809816151036, 0.024543858297400998], 2, -1.0, [-0.8073273392086162, 0.027553642406487368]
[-0.8073273392086162, 0.027553642406487368], 2, -1.0, [-0.7768935407700711, 0.030433798438545094]
[-0.7768935407700711, 0.030433798438545094], 2, -1.0, [-0.7437376483972207, 0.03315589237285049]
[-0.7437376483972207, 0.03315589237285049], 2, -1.0, [-0.7080481412142421, 0.035689507182978586]
[-0.7080481412142421, 0.035689507182978586], 2, -1.0, [-0.6700447874595924, 0.03800335375464968]
[-0.6700447874595924, 0.03800335375464968], 2, -1.0, [-0.6299780825589912, 0.04006670490060116]
[-0.6299780825589912, 0.04006670490060116], 2, -1.0, [-0.5881270073389008, 0.04185107522009043]
[-0.5881270073389008, 0.04185107522009043], 2, -1.0, [-0.5447949874690454, 0.04333201986985537]
[-0.5447949874690454, 0.04333201986985537], 2, -1.0, [-0.5003041031224913, 0.04449088434655413]
[-0.5003041031224913, 0.04449088434655413], 2, -1.0, [-0.45498778664677736, 0.04531631647571395]
[-0.45498778664677736, 0.04531631647571395], 2, -1.0, [-0.4091824267074091, 0.04580535993936822]
[-0.4091824267074091, 0.04580535993936822], 2, -1.0, [-0.36321843771920803, 0.0459639889882011]
[-0.36321843771920803, 0.0459639889882011], 2, -1.0, [-0.31741142610107453, 0.0458070116181335]
[-0.31741142610107453, 0.0458070116181335], 2, -1.0, [-0.27205407508914564, 0.04535735101192888]
[-0.27205407508914564, 0.04535735101192888], 2, -1.0, [-0.22740927945057765, 0.044644795638568]
[-0.22740927945057765, 0.044644795638568], 2, -1.0, [-0.18370490866462735, 0.0437043707859503]
[-0.18370490866462735, 0.0437043707859503], 2, -1.0, [-0.14113039122732707, 0.0425745174373003]
[-0.14113039122732707, 0.0425745174373003], 2, -1.0, [-0.0998351260554328, 0.04129526517189428]
[-0.0998351260554328, 0.04129526517189428], 2, -1.0, [-0.059928567241049176, 0.03990655881438362]
[-0.059928567241049176, 0.03990655881438362], 2, -1.0, [-0.021481713516480615, 0.03844685372456856]
[-0.021481713516480615, 0.03844685372456856], 2, -1.0, [0.015470329881754709, 0.036952043398235324]
[0.015470329881754709, 0.036952043398235324], 2, -1.0, [0.05092506527167979, 0.03545473538992508]
[0.05092506527167979, 0.03545473538992508], 2, -1.0, [0.08490891928466478, 0.03398385401298499]
[0.08490891928466478, 0.03398385401298499], 2, -1.0, [0.11747344283854724, 0.032564523553882466]
[0.11747344283854724, 0.032564523553882466], 2, -1.0, [0.14869161630018063, 0.031218173461633386]
[0.14869161630018063, 0.031218173461633386], 2, -1.0, [0.17865442109453206, 0.02996280479435144]
[0.17865442109453206, 0.02996280479435144], 2, -1.0, [0.20746778309116948, 0.028813361996637418]
[0.20746778309116948, 0.028813361996637418], 2, -1.0, [0.23524994589515605, 0.02778216280398657]
[0.23524994589515605, 0.02778216280398657], 2, -1.0, [0.2621292951553671, 0.026879349260211023]
[0.2621292951553671, 0.026879349260211023], 2, -1.0, [0.2882426279260995, 0.02611333277073239]
[0.2882426279260995, 0.02611333277073239], 2, -1.0, [0.3137338427017406, 0.025491214775641105]
[0.3137338427017406, 0.025491214775641105], 2, -1.0, [0.3387530142379297, 0.025019171536189096]
[0.3387530142379297, 0.025019171536189096], 2, -1.0, [0.36345581082076056, 0.02470279658283089]
[0.36345581082076056, 0.02470279658283089], 2, -1.0, [0.38800320850320885, 0.024547397682448294]
[0.38800320850320885, 0.024547397682448294], 2, -1.0, [0.4125614554556116, 0.02455824695240277]
[0.4125614554556116, 0.02455824695240277], 2, -1.0, [0.43730223865572426, 0.024740783200112637]
[0.43730223865572426, 0.024740783200112637], 2, -1.0, [0.46240300354418884, 0.025100764888464595]
[0.46240300354418884, 0.025100764888464595], 2, -1.0, [0.48804737400193743, 0.0256443704577486]
[0.48804737400193743, 0.0256443704577486], 2, -1.0, [0.5144256141620814, 0.026378240160144038]
