[-0.427718640702457, 0.0], 2, -1.0, [-0.42742786661095655, 0.0002907740915004662]
[-0.42742786661095655, 0.0002907740915004662], 0, -1.0, [-0.42884840936718105, -0.001420542756224514]
[-0.42884840936718105, -0.001420542756224514], 2, -1.0, [-0.42997004882503764, -0.0011216394578566153]
[-0.42997004882503764, -0.0011216394578566153], 0, -1.0, [-0.432784706303782, -0.002814657478744381]
[-0.432784706303782, -0.002814657478744381], 0, -1.0, [-0.43727207470199336, -0.0044873683982113236]
[-0.43727207470199336, -0.0044873683982113236], 0, -1.0, [-0.44339968009974595, -0.006127605397752584]
[-0.44339968009974595, -0.006127605397752584], 0, -1.0, [-0.45112299237511705, -0.0077233122753710744]
[-0.45112299237511705, -0.0077233122753710744], 0, -1.0, [-0.4603856003024271, -0.00926260792731006]
[-0.4603856003024271, -0.00926260792731006], 0, -1.0, [-0.47111947046875924, -0.010733870166332166]
[-0.47111947046875924, -0.010733870166332166], 0, -1.0, [-0.48324531145170796, -0.012125840982948746]
[-0.48324531145170796, -0.012125840982948746], 0, -1.0, [-0.4966730647010545, -0.013427753249346511]
[-0.4966730647010545, -0.013427753249346511], 0, -1.0, [-0.5113025412427827, -0.014629476541728248]
[-0.5113025412427827, -0.014629476541728248], 0, -1.0, [-0.5270242186280683, -0.015721677385285526]
[-0.5270242186280683, -0.015721677385285526], 0, -1.0, [-0.5437202056427992, -0.016695987014730934]
[-0.5437202056427992, -0.016695987014730934], 0, -1.0, [-0.5612653735647788, -0.01754516792197962]
[-0.5612653735647788, -0.01754516792197962], 0, -1.0, [-0.579528642822083, -0.018263269257304253]
[-0.579528642822083, -0.018263269257304253], 0, -1.0, [-0.5983744035728399, -0.018845760750756883]
[-0.5983744035728399, -0.018845760750756883], 0, -1.0, [-0.6176640389184629, -0.01928963534562296]
[-0.6176640389184629, -0.01928963534562296], 0, -1.0, [-0.6372575111227657, -0.01959347220430288]
[-0.6372575111227657, -0.01959347220430288], 0, -1.0, [-0.6570149651860858, -0.019757454063320128]
[-0.6570149651860858, -0.019757454063320128], 0, -1.0, [-0.6767983010562355, -0.01978333587014971]
[-0.6767983010562355, -0.01978333587014971], 0, -1.0, [-0.696472665989977, -0.019674364933741553]
[-0.696472665989977, -0.019674364933741553], 0, -1.0, [-0.7159078221085978, -0.019435156118620817]
[-0.7159078221085978, -0.019435156118620817], 0, -1.0, [-0.7349793506760237, -0.01907152856742592]
[-0.7349793506760237, -0.01907152856742592], 0, -1.0, [-0.753569663435349, -0.018590312759325267]
[-0.753569663435349, -0.018590312759325267], 0, -1.0, [-0.7715688016399858, -0.01799913820463672]
[-0.7715688016399858, -0.01799913820463672], 2, -1.0, [-0.7868750142957771, -0.015306212655791344]
[-0.7868750142957771, -0.015306212655791344], 0, -1.0, [-0.8014056451900136, -0.014530630894236405]
[-0.8014056451900136, -0.014530630894236405], 0, -1.0, [-0.8150856872456183, -0.013680042055604706]
[-0.8150856872456183, -0.013680042055604706], 1, -1.0, [-0.8268477349926194, -0.011762047747001143]
[-0.8268477349926194, -0.011762047747001143], 0, -1.0, [-0.8376364118347198, -0.010788676842100421]
[-0.8376364118347198, -0.010788676842100421], 0, -1.0, [-0.8474030825140482, -0.009766670679328297]
[-0.8474030825140482, -0.009766670679328297], 1, -1.0, [-0.8551055441605501, -0.007702461646501875]
[-0.8551055441605501, -0.007702461646501875], 0, -1.0, [-0.8617117616202074, -0.0066062174596573184]
[-0.8617117616202074, -0.0066062174596573184], 2, -1.0, [-0.865195150111634, -0.003483388491426652]
[-0.865195150111634, -0.003483388491426652], 2, -1.0, [-0.8655420268412227, -0.000346876729588727]
[-0.8655420268412227, -0.000346876729588727], 2, -1.0, [-0.8627510420222364, 0.002790984818986313]
[-0.8627510420222364, 0.002790984818986313], 2, -1.0, [-0.8568331215956115, 0.005917920426624812]
[-0.8568331215956115, 0.005917920426624812], 2, -1.0, [-0.8478119249228633, 0.009021196672748264]
[-0.8478119249228633, 0.009021196672748264], 2, -1.0, [-0.8357247909577401, 0.01208713396512322]
[-0.8357247909577401, 0.01208713396512322], 2, -1.0, [-0.820624115435028, 0.01510067552271209]
[-0.820624115435028, 0.01510067552271209], 2, -1.0, [-0.8025790685194086, 0.018045046915619326]
[-0.8025790685194086, 0.018045046915619326], 2, -1.0, [-0.7816775271308269, 0.020901541388581694]
[-0.7816775271308269, 0.020901541388581694], 2, -1.0, [-0.7580280601533831, 0.023649466977443828]
[-0.7580280601533831, 0.023649466977443828], 2, -1.0, [-0.7317617709511686, 0.02626628920221457]
[-0.7317617709511686, 0.02626628920221457], 2, -1.0, [-0.7030337747911947, 0.028727996159973866]
[-0.7030337747911947, 0.028727996159973866], 2, -1.0, [-0.6720240750424886, 0.031009699748705998]
[-0.6720240750424886, 0.031009699748705998], 2, -1.0, [-0.6389376080620524, 0.03308646698043622]
[-0.6389376080620524, 0.03308646698043622], 2, -1.0, [-0.6040032583238614, 0.03493434973819097]
[-0.6040032583238614, 0.03493434973819097], 2, -1.0, [-0.5674717057870978, 0.03653155253676358]
[-0.5674717057870978, 0.03653155253676358], 2, -1.0, [-0.5296120554925687, 0.03785965029452911]
[-0.5296120554925687, 0.03785965029452911], 2, -1.0, [-0.4907073080449636, 0.03890474744760513]
[-0.4907073080449636, 0.03890474744760513], 2, -1.0, [-0.4510488464834692, 0.03965846156149439]
[-0.4510488464834692, 0.03965846156149439], 2, -1.0, [-0.4109302235618775, 0.04011862292159175]
[-0.4109302235618775, 0.04011862292159175], 2, -1.0, [-0.3706406162732175, 0.04028960728865998]
[-0.3706406162732175, 0.04028960728865998], 2, -1.0, [-0.3304583572324587, 0.04018225904075876]
[-0.3304583572324587, 0.04018225904075876], 2, -1.0, [-0.2906449475580625, 0.03981340967439619]
[-0.2906449475580625, 0.03981340967439619], 2, -1.0, [-0.251439904095984, 0.039205043462078516]
[-0.251439904095984, 0.039205043462078516], 2, -1.0, [-0.2130567045541263, 0.03838319954185768]
[-0.2130567045541263, 0.03838319954185768], 2, -1.0, [-0.17567998272716584, 0.03737672182696048]
[-0.17567998272716584, 0.03737672182696048], 2, -1.0, [-0.13946401013345708, 0.03621597259370876]
[-0.13946401013345708, 0.03621597259370876], 2, -1.0, [-0.10453239610478957, 0.034931614028667506]
[-0.10453239610478957, 0.034931614028667506], 2, -1.0, [-0.0709788572196496, 0.03355353888513997]
[-0.0709788572196496, 0.03355353888513997], 2, -1.0, [-0.038868854687437664, 0.03211000253221193]
[-0.038868854687437664, 0.03211000253221193], 2, -1.0, [-0.008241875041445974, 0.03062697964599169]
[-0.008241875041445974, 0.03062697964599169], 2, -1.0, [0.020885868761285745, 0.02912774380273172]
[0.020885868761285745, 0.02912774380273172], 2, -1.0, [0.048518518428208604, 0.027632649666922863]
[0.048518518428208604, 0.027632649666922863], 2, -1.0, [0.07467760439602589, 0.026159085967817276]
[0.07467760439602589, 0.026159085967817276], 2, -1.0, [0.09939916677226639, 0.024721562376240496]
[0.09939916677226639, 0.024721562376240496], 2, -1.0, [0.12273106011858212, 0.02333189334631574]
[0.12273106011858212, 0.02333189334631574], 2, -1.0, [0.14473050547169672, 0.021999445353114603]
[0.14473050547169672, 0.021999445353114603], 2, -1.0, [0.16546192470164034, 0.020731419229943614]
[0.16546192470164034, 0.020731419229943614], 2, -1.0, [0.1849950699852015, 0.019533145283561152]
[0.1849950699852015, 0.019533145283561152], 2, -1.0, [0.20340344468453345, 0.018408374699331955]
[0.20340344468453345, 0.018408374699331955], 2, -1.0, [0.22076300061841408, 0.01735955593388064]
[0.22076300061841408, 0.01735955593388064], 2, -1.0, [0.2371510897084988, 0.016388089090084716]
[0.2371510897084988, 0.016388089090084716], 2, -1.0, [0.2526456443345762, 0.015494554626077399]
[0.2526456443345762, 0.015494554626077399], 2, -1.0, [0.2673245595649294, 0.014678915230353206]
[0.2673245595649294, 0.014678915230353206], 2, -1.0, [0.2812652509881443, 0.013940691423214894]
[0.2812652509881443, 0.013940691423214894], 2, -1.0, [0.29454436355388774, 0.013279112565743423]
[0.29454436355388774, 0.013279112565743423], 2, -1.0, [0.3072376091667562, 0.012693245612868456]
[0.3072376091667562, 0.012693245612868456], 2, -1.0, [0.3194197134288621, 0.012182104262105932]
[0.3194197134288621, 0.012182104262105932], 2, -1.0, [0.33116445465622185, 0.011744741227359723]
[0.33116445465622185, 0.011744741227359723], 2, -1.0, [0.34254478094482876, 0.011380326288606931]
[0.34254478094482876, 0.011380326288606931], 2, -1.0, [0.35363299353836897, 0.01108821259354018]
[0.35363299353836897, 0.01108821259354018], 2, -1.0, [0.3645009869975263, 0.010867993459157359]
[0.3645009869975263, 0.010867993459157359], 1, -1.0, [0.3742205386661441, 0.009719551668617763]
[0.3742205386661441, 0.009719551668617763], 1, -1.0, [0.38285687737441576, 0.0086363387082717]
[0.38285687737441576, 0.0086363387082717], 0, -1.0, [0.38946873683617145, 0.006611859461755666]
[0.38946873683617145, 0.006611859461755666], 1, -1.0, [0.3951015496209541, 0.0056328127847826755]
[0.3951015496209541, 0.0056328127847826755], 0, -1.0, [0.3987943254615599, 0.0036927758406058043]
[0.3987943254615599, 0.0036927758406058043], 0, -1.0, [0.4005727848417284, 0.0017784593801685217]
[0.4005727848417284, 0.0017784593801685217], 1, -1.0, [0.40144935510512336, 0.0008765702633949566]
[0.40144935510512336, 0.0008765702633949566], 0, -1.0, [0.40043017093071637, -0.0010191841744070116]
[0.40043017093071637, -0.0010191841744070116], 1, -1.0, [0.39850810014453975, -0.0019220707861766074]
[0.39850810014453975, -0.0019220707861766074], 0, -1.0, [0.39466971526302896, -0.003838384881510797]
[0.39466971526302896, -0.003838384881510797], 2, -1.0, [0.390888293149893, -0.003781422113135983]
[0.390888293149893, -0.003781422113135983], 1, -1.0, [0.3861376295054574, -0.00475066364443563]
[0.3861376295054574, -0.00475066364443563], 0, -1.0, [0.37938498062455944, -0.006752648880897964]
[0.37938498062455944, -0.006752648880897964], 1, -1.0, [0.37158415605909306, -0.0078008245654664025]
[0.37158415605909306, -0.0078008245654664025], 2, -1.0, [0.36368233216431994, -0.00790182389477312]
[0.36368233216431994, -0.00790182389477312], 0, -1.0, [0.353626616223831, -0.010055715940488917]
[0.353626616223831, -0.010055715940488917], 1, -1.0, [0.34235063940353916, -0.011275976820291881]
[0.34235063940353916, -0.011275976820291881], 2, -1.0, [0.3307813026041087, -0.011569336799430459]
[0.3307813026041087, -0.011569336799430459], 1, -1.0, [0.31784514383635487, -0.012936158767753817]
[0.31784514383635487, -0.012936158767753817], 0, -1.0, [0.30246197585524054, -0.015383167981114308]
[0.30246197585524054, -0.015383167981114308], 0, -1.0, [0.28453928919881405, -0.017922686656426504]
[0.28453928919881405, -0.017922686656426504], 2, -1.0, [0.26597345054354504, -0.018565838655269014]
[0.26597345054354504, -0.018565838655269014], 1, -1.0, [0.24566211926304948, -0.020311331280495545]
[0.24566211926304948, -0.020311331280495545], 2, -1.0, [0.2244995448206321, -0.02116257444241738]
[0.2244995448206321, -0.02116257444241738], 1, -1.0, [0.20138285970276182, -0.02311668511787028]
[0.20138285970276182, -0.02311668511787028], 0, -1.0, [0.1752087094464792, -0.02617415025628262]
[0.1752087094464792, -0.02617415025628262], 1, -1.0, [0.14687203431930218, -0.02833667512717702]
[0.14687203431930218, -0.02833667512717702], 0, -1.0, [0.1152741365197298, -0.03159789779957238]
[0.1152741365197298, -0.03159789779957238], 0, -1.0, [0.08032424622464263, -0.034949890295087174]
[0.08032424622464263, -0.034949890295087174], 1, -1.0, [0.04294659019755309, -0.037377656027089534]
[0.04294659019755309, -0.037377656027089534], 0, -1.0, [0.002089655091366445, -0.04085693510618665]
[0.002089655091366445, -0.04085693510618665], 0, -1.0, [-0.04226723089007407, -0.04435688598144052]
[-0.04226723089007407, -0.04435688598144052], 0, -1.0, [-0.09010404545004787, -0.047836814559973795]
[-0.09010404545004787, -0.047836814559973795], 0, -1.0, [-0.14135007899212282, -0.051246033542074944]
[-0.14135007899212282, -0.051246033542074944], 2, -1.0, [-0.19387468735676378, -0.05252460836464097]
[-0.19387468735676378, -0.05252460836464097], 1, -1.0, [-0.2484882245271541, -0.05461353717039034]
[-0.2484882245271541, -0.05461353717039034], 0, -1.0, [-0.3059386936661513, -0.057450469138997165]
[-0.3059386936661513, -0.057450469138997165], 2, -1.0, [-0.363908053405219, -0.05796935973906771]
[-0.363908053405219, -0.05796935973906771], 0, -1.0, [-0.4240298031276845, -0.060121749722465555]
[-0.4240298031276845, -0.060121749722465555], 0, -1.0, [-0.485887264427554, -0.061857461299869486]
[-0.485887264427554, -0.061857461299869486], 0, -1.0, [-0.5490269590902536, -0.06313969466269957]
[-0.5490269590902536, -0.06313969466269957], 0, -1.0, [-0.612976127291774, -0.06394916820152037]
[-0.612976127291774, -0.06394916820152037], 2, -1.0, [-0.6752629687396836, -0.062286841447909636]
[-0.6752629687396836, -0.062286841447909636], 1, -1.0, [-0.7364511710671441, -0.06118820232746047]
[-0.7364511710671441, -0.06118820232746047], 0, -1.0, [-0.7971492795308368, -0.06069810846369272]
[-0.7971492795308368, -0.06069810846369272], 0, -1.0, [-0.8570184126203128, -0.05986913308947591]
[-0.8570184126203128, -0.05986913308947591], 1, -1.0, [-0.9147835185926678, -0.05776510597235503]
[-0.9147835185926678, -0.05776510597235503], 1, -1.0, [-0.9702432958961833, -0.05545977730351552]
[-0.9702432958961833, -0.05545977730351552], 2, -1.0, [-1.0222693998461623, -0.0520261039499789]
[-1.0222693998461623, -0.0520261039499789], 1, -1.0, [-1.0718024914317856, -0.049533091585623405]
[-1.0718024914317856, -0.049533091585623405], 1, -1.0, [-1.1188423907102127, -0.0470398992784272]
[-1.1188423907102127, -0.0470398992784272], 1, -1.0, [-1.163439814082607, -0.04459742337239417]
[-1.163439814082607, -0.04459742337239417], 1, -1.0, [-1.2, 0.0]
[-1.2, 0.0], 2, -1.0, [-1.1967581039591646, 0.003241896040835368]
[-1.1967581039591646, 0.003241896040835368], 2, -1.0, [-1.1902636585360942, 0.006494445423070332]
[-1.1902636585360942, 0.006494445423070332], 2, -1.0, [-1.1804959639787937, 0.009767694557300442]
[-1.1804959639787937, 0.009767694557300442], 0, -1.0, [-1.1694255149588486, 0.01107044901994518]
[-1.1694255149588486, 0.01107044901994518], 2, -1.0, [-1.1550212625056708, 0.014404252453177746]
[-1.1550212625056708, 0.014404252453177746], 2, -1.0, [-1.1372466655548432, 0.01777459695082768]
[-1.1372466655548432, 0.01777459695082768], 0, -1.0, [-1.11806273964183, 0.019183925913013426]
[-1.11806273964183, 0.019183925913013426], 1, -1.0, [-1.0964350973549006, 0.021627642286929216]
[-1.0964350973549006, 0.021627642286929216], 2, -1.0, [-1.0713346792928782, 0.02510041806202251]
[-1.0713346792928782, 0.02510041806202251], 2, -1.0, [-1.0427408126281856, 0.02859386666469263]
[-1.0427408126281856, 0.02859386666469263], 2, -1.0, [-1.0106471694134993, 0.032093643214686364]
[-1.0106471694134993, 0.032093643214686364], 2, -1.0, [-0.9750685403634511, 0.03557862905004812]
[-0.9750685403634511, 0.03557862905004812], 2, -1.0, [-0.9360482124766463, 0.039020327886804825]
[-0.9360482124766463, 0.039020327886804825], 1, -1.0, [-0.8946655860486213, 0.041382626428024975]
[-0.8946655860486213, 0.041382626428024975], 2, -1.0, [-0.8500401666088474, 0.044625419439773925]
[-0.8500401666088474, 0.044625419439773925], 0, -1.0, [-0.8043394453440735, 0.04570072126477391]
[-0.8043394453440735, 0.04570072126477391], 2, -1.0, [-0.7557734131066915, 0.048566032237381936]
[-0.7557734131066915, 0.048566032237381936], 2, -1.0, [-0.7046034930139399, 0.05116992009275163]
[-0.7046034930139399, 0.05116992009275163], 2, -1.0, [-0.6511417756291946, 0.05346171738474529]
[-0.6511417756291946, 0.05346171738474529], 1, -1.0, [-0.5967466566340002, 0.05439511899519444]
[-0.5967466566340002, 0.05439511899519444], 2, -1.0, [-0.5408073210336518, 0.05593933560034832]
[-0.5408073210336518, 0.05593933560034832], 0, -1.0, [-0.48573897866530413, 0.0550683423683477]
[-0.48573897866530413, 0.0550683423683477], 2, -1.0, [-0.429953974665233, 0.055785004000071144]
[-0.429953974665233, 0.055785004000071144], 2, -1.0, [-0.3738621045168642, 0.05609187014836879]
[-0.3738621045168642, 0.05609187014836879], 2, -1.0, [-0.3178558695114297, 0.056006235005434495]
[-0.3178558695114297, 0.056006235005434495], 2, -1.0, [-0.26229657812035767, 0.05555929139107203]
[-0.26229657812035767, 0.05555929139107203], 2, -1.0, [-0.20750241496692282, 0.05479416315343486]
[-0.20750241496692282, 0.05479416315343486], 2, -1.0, [-0.15373929957002308, 0.05376311539689975]
[-0.15373929957002308, 0.05376311539689975], 2, -1.0, [-0.1012149620463366, 0.05252433752368647]
[-0.1012149620463366, 0.05252433752368647], 2, -1.0, [-0.05007625704289216, 0.051138705003444446]
[-0.05007625704289216, 0.051138705003444446], 2, -1.0, [-0.0004093942017772967, 0.049666862841114864]
[-0.0004093942017772967, 0.049666862841114864], 2, -1.0, [0.04775747052487797, 0.04816686472665527]
[0.04775747052487797, 0.04816686472665527], 2, -1.0, [0.09444995012009083, 0.04669247959521285]
[0.09444995012009083, 0.04669247959521285], 2, -1.0, [0.1397421189709594, 0.04529216885086855]
[0.1397421189709594, 0.04529216885086855], 1, -1.0, [0.18275077750161817, 0.043008658530658765]
[0.18275077750161817, 0.043008658530658765], 2, -1.0, [0.22462584427446602, 0.04187506677284786]
[0.22462584427446602, 0.04187506677284786], 2, -1.0, [0.26554739133258154, 0.04092154705811554]
[0.26554739133258154, 0.04092154705811554], 2, -1.0, [0.30572115955550505, 0.04017376822292352]
[0.30572115955550505, 0.04017376822292352], 2, -1.0, [0.3453747416348861, 0.039653582079381]
[0.3453747416348861, 0.039653582079381], 2, -1.0, [0.38475442638534707, 0.039379684750461025]
[0.38475442638534707, 0.039379684750461025], 2, -1.0, [0.4241226302034205, 0.03936820381807341]
[0.4241226302034205, 0.03936820381807341], 2, -1.0, [0.46375578784628935, 0.039633157642868844]
[0.46375578784628935, 0.039633157642868844], 2, -1.0, [0.5039425301715277, 0.04018674232523838]
