[-0.47305086371449656, 0.0], 0, -1.0, [-0.47442852173482825, -0.0013776580203316905]
[-0.47442852173482825, -0.0013776580203316905], 0, -1.0, [-0.4771736207178795, -0.002745098983051258]
[-0.4771736207178795, -0.002745098983051258], 0, -1.0, [-0.48126578377987644, -0.004092163061996954]
[-0.48126578377987644, -0.004092163061996954], 0, -1.0, [-0.4866745914962582, -0.005408807716381742]
[-0.4866745914962582, -0.005408807716381742], 0, -1.0, [-0.4933597645903314, -0.006685173094073177]
[-0.4933597645903314, -0.006685173094073177], 0, -1.0, [-0.5012714193269838, -0.007911654736652476]
[-0.5012714193269838, -0.007911654736652476], 0, -1.0, [-0.510350404046431, -0.0090789847194471]
[-0.510350404046431, -0.0090789847194471], 0, -1.0, [-0.5205287253944458, -0.010178321348014852]
[-0.5205287253944458, -0.010178321348014852], 0, -1.0, [-0.5317300717934625, -0.011201346399016678]
[-0.5317300717934625, -0.011201346399016678], 1, -1.0, [-0.5428704395191153, -0.011140367725652689]
[-0.5428704395191153, -0.011140367725652689], 0, -1.0, [-0.5548663502730915, -0.011995910753976161]
[-0.5548663502730915, -0.011995910753976161], 0, -1.0, [-0.5676280979680626, -0.012761747694971085]
[-0.5676280979680626, -0.012761747694971085], 0, -1.0, [-0.581060585145135, -0.013432487177072464]
[-0.581060585145135, -0.013432487177072464], 1, -1.0, [-0.5940642400531535, -0.013003654908018521]
[-0.5940642400531535, -0.013003654908018521], 1, -1.0, [-0.6065433314310659, -0.012479091377912345]
[-0.6065433314310659, -0.012479091377912345], 1, -1.0, [-0.6184067385160125, -0.011863407084946561]
[-0.6184067385160125, -0.011863407084946561], 2, -1.0, [-0.6285686342689691, -0.010161895752956717]
[-0.6285686342689691, -0.010161895752956717], 2, -1.0, [-0.636956203784024, -0.008387569515054802]
[-0.636956203784024, -0.008387569515054802], 2, -1.0, [-0.6435098852043962, -0.006553681420372219]
[-0.6435098852043962, -0.006553681420372219], 2, -1.0, [-0.6481835050146675, -0.004673619810271242]
[-0.6481835050146675, -0.004673619810271242], 2, -1.0, [-0.6509443423053882, -0.002760837290720743]
[-0.6509443423053882, -0.002760837290720743], 2, -1.0, [-0.6517731518206962, -0.0008288095153079545]
[-0.6517731518206962, -0.0008288095153079545], 2, -1.0, [-0.6506641685098588, 0.0011089833108374673]
[-0.6506641685098588, 0.0011089833108374673], 2, -1.0, [-0.6476251075673407, 0.003039060942518087]
[-0.6476251075673407, 0.003039060942518087], 2, -1.0, [-0.6426771642402899, 0.0049479433270508775]
[-0.6426771642402899, 0.0049479433270508775], 2, -1.0, [-0.6358550076864926, 0.006822156553797198]
[-0.6358550076864926, 0.006822156553797198], 2, -1.0, [-0.6272067535583256, 0.008648254128167051]
[-0.6272067535583256, 0.008648254128167051], 2, -1.0, [-0.6167938914484062, 0.010412862109919324]
[-0.6167938914484062, 0.010412862109919324], 2, -1.0, [-0.6046911365364221, 0.012102754911984146]
[-0.6046911365364221, 0.012102754911984146], 2, -1.0, [-0.5909861703760915, 0.013704966160330642]
[-0.5909861703760915, 0.013704966160330642], 2, -1.0, [-0.575779234342384, 0.015206936033707494]
[-0.575779234342384, 0.015206936033707494], 2, -1.0, [-0.5591825412767074, 0.01659669306567655]
[-0.5591825412767074, 0.01659669306567655], 2, -1.0, [-0.5413194765633025, 0.017863064713404986]
[-0.5413194765633025, 0.017863064713404986], 2, -1.0, [-0.5223235691868239, 0.018995907376478605]
[-0.5223235691868239, 0.018995907376478605], 2, -1.0, [-0.5023372258351024, 0.01998634335172141]
[-0.5023372258351024, 0.01998634335172141], 2, -1.0, [-0.4815102360008217, 0.020826989834280715]
[-0.4815102360008217, 0.020826989834280715], 2, -1.0, [-0.45999807210957105, 0.021512163891250654]
[-0.45999807210957105, 0.021512163891250654], 2, -1.0, [-0.43796002449335225, 0.022038047616218817]
[-0.43796002449335225, 0.022038047616218817], 2, -1.0, [-0.4155572249580628, 0.022402799535289435]
[-0.4155572249580628, 0.022402799535289435], 2, -1.0, [-0.39295062327124103, 0.022606601686821756]
[-0.39295062327124103, 0.022606601686821756], 2, -1.0, [-0.3702989869372664, 0.022651636333974677]
[-0.3702989869372664, 0.022651636333974677], 2, -1.0, [-0.3477569954316805, 0.022541991505585893]
[-0.3477569954316805, 0.022541991505585893], 2, -1.0, [-0.32547349553045263, 0.022283499901227844]
[-0.32547349553045263, 0.022283499901227844], 2, -1.0, [-0.3035899750001088, 0.02188352053034382]
[-0.3035899750001088, 0.02188352053034382], 2, -1.0, [-0.2822392987421959, 0.021350676257912943]
[-0.2822392987421959, 0.021350676257912943], 2, -1.0, [-0.2615447359017251, 0.020694562840470783]
[-0.2615447359017251, 0.020694562840470783], 0, -1.0, [-0.2436192899938563, 0.017925445907868834]
[-0.2436192899938563, 0.017925445907868834], 0, -1.0, [-0.22855534918791598, 0.01506394080594032]
[-0.22855534918791598, 0.01506394080594032], 0, -1.0, [-0.21642640209455438, 0.01212894709336159]
[-0.21642640209455438, 0.01212894709336159], 0, -1.0, [-0.2072887545168669, 0.009137647577687476]
[-0.2072887545168669, 0.009137647577687476], 0, -1.0, [-0.2011830886271942, 0.006105665889672701]
[-0.2011830886271942, 0.006105665889672701], 0, -1.0, [-0.19813573862342476, 0.003047350003769423]
[-0.19813573862342476, 0.003047350003769423], 0, -1.0, [-0.19815959015468426, -2.3851531259506085e-05]
[-0.19815959015468426, -2.3851531259506085e-05], 0, -1.0, [-0.20125454303606521, -0.003094952881380953]
[-0.20125454303606521, -0.003094952881380953], 0, -1.0, [-0.20740750759165882, -0.0061529645555936105]
[-0.20740750759165882, -0.0061529645555936105], 0, -1.0, [-0.21659193485657516, -0.009184427264916323]
[-0.21659193485657516, -0.009184427264916323], 0, -1.0, [-0.2287669107679103, -0.01217497591133516]
[-0.2287669107679103, -0.01217497591133516], 0, -1.0, [-0.2438758753141924, -0.015108964546282067]
[-0.2438758753141924, -0.015108964546282067], 0, -1.0, [-0.2618450598641261, -0.01796918454993371]
[-0.2618450598641261, -0.01796918454993371], 0, -1.0, [-0.282581769137732, -0.020736709273605887]
[-0.282581769137732, -0.020736709273605887], 0, -1.0, [-0.3059726668444695, -0.023390897706737523]
[-0.3059726668444695, -0.023390897706737523], 0, -1.0, [-0.3318822527626192, -0.025909585918149666]
[-0.3318822527626192, -0.025909585918149666], 0, -1.0, [-0.36015173943411877, -0.0282694866714996]
[-0.36015173943411877, -0.0282694866714996], 0, -1.0, [-0.3905985431856604, -0.030446803751541605]
[-0.3905985431856604, -0.030446803751541605], 0, -1.0, [-0.4230165912602739, -0.03241804807461349]
[-0.4230165912602739, -0.03241804807461349], 0, -1.0, [-0.4571776100871455, -0.03416101882687164]
[-0.4571776100871455, -0.03416101882687164], 0, -1.0, [-0.49283349755038086, -0.03565588746323531]
[-0.49283349755038086, -0.03565588746323531], 0, -1.0, [-0.5297197971451438, -0.03688629959476302]
[-0.5297197971451438, -0.03688629959476302], 0, -1.0, [-0.567560191658289, -0.037840394513145165]
[-0.567560191658289, -0.037840394513145165], 0, -1.0, [-0.6060718305212296, -0.03851163886294066]
[-0.6060718305212296, -0.03851163886294066], 0, -1.0, [-0.6449712130472354, -0.03889938252600574]
[-0.6449712130472354, -0.03889938252600574], 0, -1.0, [-0.6839802840331982, -0.03900907098596282]
[-0.6839802840331982, -0.03900907098596282], 0, -1.0, [-0.7228323698666534, -0.03885208583345519]
[-0.7228323698666534, -0.03885208583345519], 0, -1.0, [-0.7612775973081903, -0.03844522744153686]
[-0.7612775973081903, -0.03844522744153686], 0, -1.0, [-0.7990874909950161, -0.037809893686825795]
[-0.7990874909950161, -0.037809893686825795], 0, -1.0, [-0.8360585300415571, -0.03697103904654098]
[-0.8360585300415571, -0.03697103904654098], 0, -1.0, [-0.8720145449635694, -0.03595601492201243]
[-0.8720145449635694, -0.03595601492201243], 0, -1.0, [-0.9068079382958035, -0.03479339333223407]
[-0.9068079382958035, -0.03479339333223407], 0, -1.0, [-0.9403198023517917, -0.03351186405598819]
[-0.9403198023517917, -0.03351186405598819], 0, -1.0, [-0.972459076333807, -0.03213927398201532]
[-0.972459076333807, -0.03213927398201532], 0, -1.0, [-1.0031609281888336, -0.030701851855026642]
[-1.0031609281888336, -0.030701851855026642], 0, -1.0, [-1.0323845646041994, -0.029223636415365833]
[-1.0323845646041994, -0.029223636415365833], 0, -1.0, [-1.060110669139783, -0.027726104535583655]
[-1.060110669139783, -0.027726104535583655], 0, -1.0, [-1.0863386493626919, -0.02622798022290877]
[-1.0863386493626919, -0.02622798022290877], 0, -1.0, [-1.111083845078638, -0.024745195715946047]
[-1.111083845078638, -0.024745195715946047], 0, -1.0, [-1.1343748168207748, -0.0232909717421368]
[-1.1343748168207748, -0.0232909717421368], 0, -1.0, [-1.156250800939577, -0.021875984118802216]
[-1.156250800939577, -0.021875984118802216], 0, -1.0, [-1.1767593878336757, -0.020508586894098662]
[-1.1767593878336757, -0.020508586894098662], 0, -1.0, [-1.1959544546914014, -0.019195066857725714]
[-1.1959544546914014, -0.019195066857725714], 0, -1.0, [-1.2, 0.0]
[-1.2, 0.0], 2, -1.0, [-1.1967581039591646, 0.003241896040835368]
[-1.1967581039591646, 0.003241896040835368], 2, -1.0, [-1.1902636585360942, 0.006494445423070332]
[-1.1902636585360942, 0.006494445423070332], 2, -1.0, [-1.1804959639787937, 0.009767694557300442]
[-1.1804959639787937, 0.009767694557300442], 2, -1.0, [-1.1674255149588486, 0.013070449019945182]
[-1.1674255149588486, 0.013070449019945182], 2, -1.0, [-1.1510159267200155, 0.016409588238833067]
[-1.1510159267200155, 0.016409588238833067], 2, -1.0, [-1.1312266168239755, 0.019789309896040046]
[-1.1312266168239755, 0.019789309896040046], 2, -1.0, [-1.108016322100852, 0.02321029472312345]
[-1.108016322100852, 0.02321029472312345], 2, -1.0, [-1.081347524946184, 0.02666879715466819]
[-1.081347524946184, 0.02666879715466819], 2, -1.0, [-1.0511918363028878, 0.03015568864329602]
[-1.0511918363028878, 0.03015568864329602], 2, -1.0, [-1.0175363271434712, 0.0336555091594167]
[-1.0175363271434712, 0.0336555091594167], 2, -1.0, [-0.9803907090723114, 0.03714561807115983]
[-0.9803907090723114, 0.03714561807115983], 2, -1.0, [-0.9397951336374217, 0.04059557543488971]
[-0.9397951336374217, 0.04059557543488971], 2, -1.0, [-0.8958282112564235, 0.043966922380998245]
[-0.8958282112564235, 0.043966922380998245], 2, -1.0, [-0.8486146572192776, 0.04721355403714586]
[-0.8486146572192776, 0.04721355403714586], 2, -1.0, [-0.7983317816221248, 0.05028287559715283]
[-0.7983317816221248, 0.05028287559715283], 2, -1.0, [-0.7452138959379592, 0.0531178856841656]
[-0.7452138959379592, 0.0531178856841656], 2, -1.0, [-0.6895536666604415, 0.0556602292775177]
[-0.6895536666604415, 0.0556602292775177], 2, -1.0, [-0.6316995610792892, 0.057854105581152386]
[-0.6316995610792892, 0.057854105581152386], 2, -1.0, [-0.5720488365336812, 0.05965072454560789]
[-0.5720488365336812, 0.05965072454560789], 2, -1.0, [-0.5110360146660762, 0.061012821867605024]
[-0.5110360146660762, 0.061012821867605024], 2, -1.0, [-0.44911739120176025, 0.061918623464315904]
[-0.44911739120176025, 0.061918623464315904], 2, -1.0, [-0.38675274139346727, 0.06236464980829299]
[-0.38675274139346727, 0.06236464980829299], 2, -1.0, [-0.3243858485235833, 0.06236689286988392]
[-0.3243858485235833, 0.06236689286988392], 2, -1.0, [-0.2624256859117381, 0.061960162611845254]
[-0.2624256859117381, 0.061960162611845254], 2, -1.0, [-0.20122996568717166, 0.061195720224566416]
[-0.20122996568717166, 0.061195720224566416], 2, -1.0, [-0.14109236178367496, 0.06013760390349669]
[-0.14109236178367496, 0.06013760390349669], 2, -1.0, [-0.08223412731502394, 0.05885823446865101]
[-0.08223412731502394, 0.05885823446865101], 2, -1.0, [-0.024800200336085113, 0.05743392697893883]
[-0.024800200336085113, 0.05743392697893883], 2, -1.0, [0.03114064276343887, 0.05594084309952398]
[0.03114064276343887, 0.05594084309952398], 2, -1.0, [0.08559238750154527, 0.0544517447381064]
[0.08559238750154527, 0.0544517447381064], 2, -1.0, [0.13862609852276647, 0.05303371102122119]
[0.13862609852276647, 0.05303371102122119], 2, -1.0, [0.19037290492486428, 0.0517468064020978]
[0.19037290492486428, 0.0517468064020978], 2, -1.0, [0.24101646944167865, 0.050643564516814364]
[0.24101646944167865, 0.050643564516814364], 2, -1.0, [0.29078555519931315, 0.04976908575763451]
[0.29078555519931315, 0.04976908575763451], 2, -1.0, [0.33994708223056147, 0.04916152703124832]
[0.33994708223056147, 0.04916152703124832], 2, -1.0, [0.388799856212751, 0.04885277398218953]
[0.388799856212751, 0.04885277398218953], 1, -1.0, [0.4366689695757199, 0.047869113362968896]
[0.4366689695757199, 0.047869113362968896], 1, -1.0, [0.48389347454514303, 0.047224504969423146]
[0.48389347454514303, 0.047224504969423146], 1, -1.0, [0.5308208934604665, 0.04692741891532341]
