[-0.5073501881384472, 0.0], 0, -1.0, [-0.5084720042887915, -0.001121816150344207]
[-0.5084720042887915, -0.001121816150344207], 0, -1.0, [-0.5107072322883879, -0.0022352279995963937]
[-0.5107072322883879, -0.0022352279995963937], 2, -1.0, [-0.5120391227618244, -0.0013318904734364678]
[-0.5120391227618244, -0.0013318904734364678], 0, -1.0, [-0.5144576932550954, -0.002418570493270958]
[-0.5144576932550954, -0.002418570493270958], 0, -1.0, [-0.5179448132732521, -0.0034871200181567337]
[-0.5179448132732521, -0.0034871200181567337], 0, -1.0, [-0.5224743359755302, -0.004529522702277987]
[-0.5224743359755302, -0.004529522702277987], 0, -1.0, [-0.5280122919589848, -0.00553795598345462]
[-0.5280122919589848, -0.00553795598345462], 0, -1.0, [-0.5345171475369046, -0.006504855577919745]
[-0.5345171475369046, -0.006504855577919745], 0, -1.0, [-0.5419401299673683, -0.007422982430463684]
[-0.5419401299673683, -0.007422982430463684], 0, -1.0, [-0.5502256216435017, -0.008285491676133478]
[-0.5502256216435017, -0.008285491676133478], 0, -1.0, [-0.5593116242856129, -0.00908600264211109]
[-0.5593116242856129, -0.00908600264211109], 0, -1.0, [-0.5691302926884737, -0.009818668402860794]
[-0.5691302926884737, -0.009818668402860794], 0, -1.0, [-0.5796085356358089, -0.010478242947335266]
[-0.5796085356358089, -0.010478242947335266], 1, -1.0, [-0.5896686793074104, -0.010060143671601416]
[-0.5896686793074104, -0.010060143671601416], 1, -1.0, [-0.599236536951355, -0.009567857643944622]
[-0.599236536951355, -0.009567857643944622], 2, -1.0, [-0.6072419670686442, -0.008005430117289127]
[-0.6072419670686442, -0.008005430117289127], 2, -1.0, [-0.6136266358648668, -0.006384668796222548]
[-0.6136266358648668, -0.006384668796222548], 2, -1.0, [-0.618344274689841, -0.004717638824974231]
[-0.618344274689841, -0.004717638824974231], 2, -1.0, [-0.6213608518519883, -0.0030165771621472656]
[-0.6213608518519883, -0.0030165771621472656], 2, -1.0, [-0.6226546798041847, -0.0012938279521963873]
[-0.6226546798041847, -0.0012938279521963873], 2, -1.0, [-0.622216474662666, 0.0004382051415186281]
[-0.622216474662666, 0.0004382051415186281], 2, -1.0, [-0.6200493795475224, 0.0021670951151437244]
[-0.6200493795475224, 0.0021670951151437244], 2, -1.0, [-0.6161689568255034, 0.0038804227220189023]
[-0.6161689568255034, 0.0038804227220189023], 2, -1.0, [-0.6106031475240676, 0.005565809301435784]
[-0.6106031475240676, 0.005565809301435784], 2, -1.0, [-0.603392189510821, 0.007210958013246684]
[-0.603392189510821, 0.007210958013246684], 2, -1.0, [-0.594588480032376, 0.00880370947844498]
[-0.594588480032376, 0.00880370947844498], 2, -1.0, [-0.5842563634006159, 0.010332116631760006]
[-0.5842563634006159, 0.010332116631760006], 2, -1.0, [-0.5724718214822833, 0.011784541918332666]
[-0.5724718214822833, 0.011784541918332666], 2, -1.0, [-0.5593220435992546, 0.013149777883028665]
[-0.5593220435992546, 0.013149777883028665], 2, -1.0, [-0.5449048537803245, 0.014417189818930101]
[-0.5449048537803245, 0.014417189818930101], 2, -1.0, [-0.5293279771613665, 0.01557687661895806]
[-0.5293279771613665, 0.01557687661895806], 2, -1.0, [-0.5127081336462603, 0.016619843515106134]
[-0.5127081336462603, 0.016619843515106134], 2, -1.0, [-0.4951699554149859, 0.01753817823127448]
[-0.4951699554149859, 0.01753817823127448], 2, -1.0, [-0.47684473494783464, 0.018325220467151262]
[-0.47684473494783464, 0.018325220467151262], 2, -1.0, [-0.45786902114867495, 0.018975713799159678]
[-0.45786902114867495, 0.018975713799159678], 2, -1.0, [-0.4383830919510255, 0.01948592919764946]
[-0.4383830919510255, 0.01948592919764946], 2, -1.0, [-0.4185293414614588, 0.01985375048956667]
[-0.4185293414614588, 0.01985375048956667], 2, -1.0, [-0.39845062726609803, 0.020078714195360767]
[-0.39845062726609803, 0.020078714195360767], 2, -1.0, [-0.3782886282016226, 0.02016199906447542]
[-0.3782886282016226, 0.02016199906447542], 2, -1.0, [-0.35818226415959936, 0.02010636404202324]
[-0.35818226415959936, 0.02010636404202324], 2, -1.0, [-0.33826622719568333, 0.019916036963916008]
[-0.33826622719568333, 0.019916036963916008], 2, -1.0, [-0.31866966757409676, 0.019596559621586546]
[-0.31866966757409676, 0.019596559621586546], 0, -1.0, [-0.3015150699554807, 0.017154597618616055]
[-0.3015150699554807, 0.017154597618616055], 0, -1.0, [-0.28690558027297247, 0.014609489682508262]
[-0.28690558027297247, 0.014609489682508262], 0, -1.0, [-0.2749258259002822, 0.011979754372690297]
[-0.2749258259002822, 0.011979754372690297], 0, -1.0, [-0.26564287253280205, 0.009282953367480142]
[-0.26564287253280205, 0.009282953367480142], 0, -1.0, [-0.2591071859018368, 0.006535686630965256]
[-0.2591071859018368, 0.006535686630965256], 0, -1.0, [-0.255353485968464, 0.0037536999333727494]
[-0.255353485968464, 0.0037536999333727494], 0, -1.0, [-0.25440140489913265, 0.0009520810693313454]
[-0.25440140489913265, 0.0009520810693313454], 0, -1.0, [-0.25625588593319865, -0.0018544810340659734]
[-0.25625588593319865, -0.0018544810340659734], 0, -1.0, [-0.2609072869699944, -0.004651401036795708]
[-0.2609072869699944, -0.004651401036795708], 0, -1.0, [-0.2683311797023065, -0.007423892732312167]
[-0.2683311797023065, -0.007423892732312167], 0, -1.0, [-0.2784878621651614, -0.010156682462854895]
[-0.2784878621651614, -0.010156682462854895], 0, -1.0, [-0.29132162951676116, -0.01283376735159977]
[-0.29132162951676116, -0.01283376735159977], 0, -1.0, [-0.30675987438758323, -0.015438244870822083]
[-0.30675987438758323, -0.015438244870822083], 0, -1.0, [-0.32471211341920736, -0.017952239031624104]
[-0.32471211341920736, -0.017952239031624104], 0, -1.0, [-0.34506905919325664, -0.020356945774049288]
[-0.34506905919325664, -0.020356945774049288], 0, -1.0, [-0.3677018744110685, -0.02263281521781183]
[-0.3677018744110685, -0.02263281521781183], 0, -1.0, [-0.39246175508925485, -0.02475988067818635]
[-0.39246175508925485, -0.02475988067818635], 0, -1.0, [-0.41917998856470745, -0.02671823347545262]
[-0.41917998856470745, -0.02671823347545262], 0, -1.0, [-0.447668617429041, -0.028488628864333544]
[-0.447668617429041, -0.028488628864333544], 0, -1.0, [-0.4777218103635539, -0.030053192934512883]
[-0.4777218103635539, -0.030053192934512883], 0, -1.0, [-0.5091179952987289, -0.031396184935174994]
[-0.5091179952987289, -0.031396184935174994], 0, -1.0, [-0.5416227519285439, -0.03250475662981495]
[-0.5416227519285439, -0.03250475662981495], 0, -1.0, [-0.5749923945987835, -0.03336964267023952]
[-0.5749923945987835, -0.03336964267023952], 0, -1.0, [-0.6089781104568741, -0.03398571585809057]
[-0.6089781104568741, -0.03398571585809057], 0, -1.0, [-0.6433304601891667, -0.03435234973229257]
[-0.6433304601891667, -0.03435234973229257], 0, -1.0, [-0.6778040079899268, -0.03447354780076009]
[-0.6778040079899268, -0.03447354780076009], 0, -1.0, [-0.7121618298217818, -0.03435782183185497]
[-0.7121618298217818, -0.03435782183185497], 0, -1.0, [-0.7461796572842522, -0.034017827462470396]
[-0.7461796572842522, -0.034017827462470396], 0, -1.0, [-0.779649447140061, -0.0334697898558088]
[-0.779649447140061, -0.0334697898558088], 0, -1.0, [-0.812382218590128, -0.032732771450067005]
[-0.812382218590128, -0.032732771450067005], 0, -1.0, [-0.84421006392264, -0.03182784533251187]
[-0.84421006392264, -0.03182784533251187], 0, -1.0, [-0.8749873043840765, -0.030777240461436497]
[-0.8749873043840765, -0.030777240461436497], 0, -1.0, [-0.9045908239230926, -0.02960351953901623]
[-0.9045908239230926, -0.02960351953901623], 0, -1.0, [-0.9329196627321449, -0.02832883880905224]
[-0.9329196627321449, -0.02832883880905224], 0, -1.0, [-0.9598939868137873, -0.026974324081642492]
[-0.9598939868137873, -0.026974324081642492], 0, -1.0, [-0.985453568364526, -0.025559581550738637]
[-0.985453568364526, -0.025559581550738637], 0, -1.0, [-1.0095559160200953, -0.024102347655569283]
[-1.0095559160200953, -0.024102347655569283], 0, -1.0, [-1.0321741867867265, -0.022618270766631164]
[-1.0321741867867265, -0.022618270766631164], 0, -1.0, [-1.0532949962652003, -0.02112080947847391]
[-1.0532949962652003, -0.02112080947847391], 2, -1.0, [-1.0709162239939205, -0.017621227728720275]
[-1.0709162239939205, -0.017621227728720275], 2, -1.0, [-1.0850437780263893, -0.014127554032468806]
[-1.0850437780263893, -0.014127554032468806], 2, -1.0, [-1.095687428545972, -0.010643650519582637]
[-1.095687428545972, -0.010643650519582637], 2, -1.0, [-1.1028574842193561, -0.007170055673384346]
[-1.1028574842193561, -0.007170055673384346], 2, -1.0, [-1.1065623118033336, -0.003704827583977553]
[-1.1065623118033336, -0.003704827583977553], 2, -1.0, [-1.1068066816724311, -0.0002443698690975894]
[-1.1068066816724311, -0.0002443698690975894], 2, -1.0, [-1.103590919171642, 0.0032157625007892513]
[-1.103590919171642, 0.0032157625007892513], 2, -1.0, [-1.096910848801932, 0.006680070369710155]
[-1.096910848801932, 0.006680070369710155], 2, -1.0, [-1.0867585303197398, 0.010152318482192222]
[-1.0867585303197398, 0.010152318482192222], 2, -1.0, [-1.0731237982295643, 0.013634732090175544]
[-1.0731237982295643, 0.013634732090175544], 2, -1.0, [-1.0559966242436947, 0.017127173985869517]
[-1.0559966242436947, 0.017127173985869517], 2, -1.0, [-1.0353703212237213, 0.02062630301997333]
[-1.0353703212237213, 0.02062630301997333], 2, -1.0, [-1.0112455917265546, 0.024124729497166625]
[-1.0112455917265546, 0.024124729497166625], 2, -1.0, [-0.9836353892517227, 0.02761020247483197]
[-0.9836353892517227, 0.02761020247483197], 2, -1.0, [-0.95257050088994, 0.031064888361782683]
[-0.95257050088994, 0.031064888361782683], 2, -1.0, [-0.9181056734664469, 0.0344648274234931]
[-0.9181056734664469, 0.0344648274234931], 2, -1.0, [-0.8803259925458051, 0.03777968092064177]
[-0.8803259925458051, 0.03777968092064177], 2, -1.0, [-0.8393530923632323, 0.040972900182572804]
[-0.8393530923632323, 0.040972900182572804], 2, -1.0, [-0.795350641269601, 0.04400245109363135]
[-0.795350641269601, 0.04400245109363135], 2, -1.0, [-0.74852843797412, 0.046822203295480966]
[-0.74852843797412, 0.046822203295480966], 2, -1.0, [-0.6991444032696382, 0.04938403470448179]
[-0.6991444032696382, 0.04938403470448179], 2, -1.0, [-0.6475037966485776, 0.05164060662106062]
[-0.6475037966485776, 0.05164060662106062], 2, -1.0, [-0.5939551552784649, 0.05354864137011268]
[-0.5939551552784649, 0.05354864137011268], 2, -1.0, [-0.5388827503295028, 0.05507240494896203]
[-0.5388827503295028, 0.05507240494896203], 2, -1.0, [-0.4826957557321003, 0.05618699459740255]
[-0.4826957557321003, 0.05618699459740255], 2, -1.0, [-0.42581476449089706, 0.05688099124120321]
[-0.42581476449089706, 0.05688099124120321], 2, -1.0, [-0.368656679944681, 0.057158084546216084]
[-0.368656679944681, 0.057158084546216084], 2, -1.0, [-0.31161926421401476, 0.057037415730666216]
[-0.31161926421401476, 0.057037415730666216], 2, -1.0, [-0.2550666805840446, 0.05655258362997018]
[-0.2550666805840446, 0.05655258362997018], 2, -1.0, [-0.19931720647079754, 0.05574947411324706]
[-0.19931720647079754, 0.05574947411324706], 2, -1.0, [-0.14463395857076372, 0.0546832479000338]
[-0.14463395857076372, 0.0546832479000338], 2, -1.0, [-0.09121904131177086, 0.053414917258992854]
[-0.09121904131177086, 0.053414917258992854], 2, -1.0, [-0.03921109651183403, 0.05200794479993683]
[-0.03921109651183403, 0.05200794479993683], 2, -1.0, [0.011314125340088473, 0.0505252218519225]
[0.011314125340088473, 0.0505252218519225], 2, -1.0, [0.060340787159868285, 0.04902666181977981]
[0.060340787159868285, 0.04902666181977981], 2, -1.0, [0.107908298615367, 0.0475675114554987]
[0.107908298615367, 0.0475675114554987], 2, -1.0, [0.15410566730117667, 0.04619736868580968]
[0.15410566730117667, 0.04619736868580968], 2, -1.0, [0.19906548232546106, 0.04495981502428439]
[0.19906548232546106, 0.04495981502428439], 2, -1.0, [0.24295800891369546, 0.04389252658823439]
[0.24295800891369546, 0.04389252658823439], 2, -1.0, [0.28598572348395357, 0.04302771457025809]
[0.28598572348395357, 0.04302771457025809], 2, -1.0, [0.3283784774319428, 0.042392753947989276]
[0.3283784774319428, 0.042392753947989276], 2, -1.0, [0.3703893557363665, 0.04201087830442367]
[0.3703893557363665, 0.04201087830442367], 2, -1.0, [0.41229119659736063, 0.04190184086099414]
[0.41229119659736063, 0.04190184086099414], 2, -1.0, [0.4543736584557988, 0.04208246185843817]
[0.4543736584557988, 0.04208246185843817], 2, -1.0, [0.49694065591307046, 0.04256699745727167]
[0.49694065591307046, 0.04256699745727167], 2, -1.0, [0.5403079305328274, 0.043367274619757014]
