[-0.5402004968150704, 0.0], 1, -1.0, [-0.5400760353763997, 0.0001244614386707304]
[-0.5400760353763997, 0.0001244614386707304], 1, -1.0, [-0.5398280448109918, 0.00024799056540794373]
[-0.5398280448109918, 0.00024799056540794373], 1, -1.0, [-0.5394583828101955, 0.0003696620007962854]
[-0.5394583828101955, 0.0003696620007962854], 2, -1.0, [-0.5379698186278494, 0.0014885641823461561]
[-0.5379698186278494, 0.0014885641823461561], 2, -1.0, [-0.5353735050097533, 0.002596313618096046]
[-0.5353735050097533, 0.002596313618096046], 2, -1.0, [-0.5316888992855344, 0.0036846057242189475]
[-0.5316888992855344, 0.0036846057242189475], 2, -1.0, [-0.5269436235903542, 0.004745275695180242]
[-0.5269436235903542, 0.004745275695180242], 2, -1.0, [-0.521173261956231, 0.005770361634123179]
[-0.521173261956231, 0.005770361634123179], 2, -1.0, [-0.514421091513891, 0.006752170442340011]
[-0.514421091513891, 0.006752170442340011], 2, -1.0, [-0.5067377450058669, 0.007683346508024184]
[-0.5067377450058669, 0.007683346508024184], 2, -1.0, [-0.498180802307357, 0.008556942698509864]
[-0.498180802307357, 0.008556942698509864], 2, -1.0, [-0.48881430971613343, 0.009366492591223569]
[-0.48881430971613343, 0.009366492591223569], 2, -1.0, [-0.4787082273892409, 0.010106082326892515]
[-0.4787082273892409, 0.010106082326892515], 0, -1.0, [-0.46993780740230234, 0.008770419986938578]
[-0.46993780740230234, 0.008770419986938578], 0, -1.0, [-0.4625681086146774, 0.007369698787624942]
[-0.4625681086146774, 0.007369698787624942], 0, -1.0, [-0.4566535867230761, 0.005914521891601297]
[-0.4566535867230761, 0.005914521891601297], 0, -1.0, [-0.4522377852621511, 0.004415801460925018]
[-0.4522377852621511, 0.004415801460925018], 0, -1.0, [-0.449353112358832, 0.002884672903319072]
[-0.449353112358832, 0.002884672903319072], 1, -1.0, [-0.44702068901461356, 0.002332423344218474]
[-0.44702068901461356, 0.002332423344218474], 0, -1.0, [-0.44625756260324106, 0.0007631264113724945]
[-0.44625756260324106, 0.0007631264113724945], 0, -1.0, [-0.447069304703541, -0.0008117421002999412]
[-0.447069304703541, -0.0008117421002999412], 0, -1.0, [-0.44944998869258695, -0.0023806839890459525]
[-0.44944998869258695, -0.0023806839890459525], 0, -1.0, [-0.4533822135937993, -0.0039322249012123936]
[-0.4533822135937993, -0.0039322249012123936], 0, -1.0, [-0.4588371766670438, -0.005454963073244511]
[-0.4588371766670438, -0.005454963073244511], 0, -1.0, [-0.46577480183285386, -0.006937625165810024]
[-0.46577480183285386, -0.006937625165810024], 0, -1.0, [-0.4741439349867959, -0.008369133153942065]
[-0.4741439349867959, -0.008369133153942065], 0, -1.0, [-0.4838826201903085, -0.009738685203512546]
[-0.4838826201903085, -0.009738685203512546], 0, -1.0, [-0.4949184722785767, -0.011035852088268253]
[-0.4949184722785767, -0.011035852088268253], 0, -1.0, [-0.5071691613382386, -0.012250689059661962]
[-0.5071691613382386, -0.012250689059661962], 0, -1.0, [-0.520543022618485, -0.013373861280246271]
[-0.520543022618485, -0.013373861280246271], 0, -1.0, [-0.5349398017250795, -0.014396779106594582]
[-0.5349398017250795, -0.014396779106594582], 0, -1.0, [-0.550251539544811, -0.015311737819731533]
[-0.550251539544811, -0.015311737819731533], 0, -1.0, [-0.5663635945667072, -0.016112055021896134]
[-0.5663635945667072, -0.016112055021896134], 0, -1.0, [-0.5831557925802187, -0.01679219801351148]
[-0.5831557925802187, -0.01679219801351148], 0, -1.0, [-0.6005036857497974, -0.01734789316957876]
[-0.6005036857497974, -0.01734789316957876], 0, -1.0, [-0.6182798954836987, -0.017776209733901274]
[-0.6182798954836987, -0.017776209733901274], 0, -1.0, [-0.6363555070382753, -0.018075611554576602]
[-0.6363555070382753, -0.018075611554576602], 0, -1.0, [-0.6546014790637413, -0.01824597202546606]
[-0.6546014790637413, -0.01824597202546606], 0, -1.0, [-0.6728900287907665, -0.01828854972702524]
[-0.6728900287907665, -0.01828854972702524], 1, -1.0, [-0.6900959535545186, -0.017205924763752035]
[-0.6900959535545186, -0.017205924763752035], 2, -1.0, [-0.7051044301791745, -0.015008476624655931]
[-0.7051044301791745, -0.015008476624655931], 2, -1.0, [-0.7178178943724435, -0.012713464193269014]
[-0.7178178943724435, -0.012713464193269014], 2, -1.0, [-0.72815574661936, -0.010337852246916492]
[-0.72815574661936, -0.010337852246916492], 2, -1.0, [-0.7360539177410368, -0.007898171121676748]
[-0.7360539177410368, -0.007898171121676748], 2, -1.0, [-0.7414643883853079, -0.005410470644271163]
[-0.7414643883853079, -0.005410470644271163], 2, -1.0, [-0.7443547443556074, -0.0028903559702995064]
[-0.7443547443556074, -0.0028903559702995064], 2, -1.0, [-0.7447078330708504, -0.0003530887152430207]
[-0.7447078330708504, -0.0003530887152430207], 2, -1.0, [-0.7425215670514317, 0.002186266019418718]
[-0.7425215670514317, 0.002186266019418718], 2, -1.0, [-0.7378088992926254, 0.004712667758806353]
[-0.7378088992926254, 0.004712667758806353], 2, -1.0, [-0.7305979735776577, 0.007210925714967719]
[-0.7305979735776577, 0.007210925714967719], 2, -1.0, [-0.7209324308839496, 0.009665542693707972]
[-0.7209324308839496, 0.009665542693707972], 2, -1.0, [-0.7088718317104051, 0.012060599173544535]
[-0.7088718317104051, 0.012060599173544535], 2, -1.0, [-0.6944921341997207, 0.014379697510684476]
[-0.6944921341997207, 0.014379697510684476], 2, -1.0, [-0.6778861504083342, 0.016605983791386416]
[-0.6778861504083342, 0.016605983791386416], 2, -1.0, [-0.6591638893698183, 0.018722261038515913]
[-0.6591638893698183, 0.018722261038515913], 2, -1.0, [-0.6384526873671778, 0.02071120200264059]
[-0.6384526873671778, 0.02071120200264059], 2, -1.0, [-0.6158970248529456, 0.022555662514232102]
[-0.6158970248529456, 0.022555662514232102], 2, -1.0, [-0.591657937335163, 0.02423908751778255]
[-0.591657937335163, 0.02423908751778255], 2, -1.0, [-0.5659119453198895, 0.025745992015273497]
[-0.5659119453198895, 0.025745992015273497], 2, -1.0, [-0.5388494561192324, 0.02706248920065715]
[-0.5388494561192324, 0.02706248920065715], 2, -1.0, [-0.5106726267148375, 0.028176829404394886]
[-0.5106726267148375, 0.028176829404394886], 2, -1.0, [-0.48159271913148527, 0.02907990758335221]
[-0.48159271913148527, 0.02907990758335221], 2, -1.0, [-0.45182702378286166, 0.02976569534862361]
[-0.45182702378286166, 0.02976569534862361], 2, -1.0, [-0.4215954669712956, 0.030231556811566113]
[-0.4215954669712956, 0.030231556811566113], 2, -1.0, [-0.3911170510012979, 0.03047841596999765]
[-0.3911170510012979, 0.03047841596999765], 2, -1.0, [-0.36060629483932083, 0.03051075616197705]
[-0.36060629483932083, 0.03051075616197705], 2, -1.0, [-0.33026984719234526, 0.030336447646975562]
[-0.33026984719234526, 0.030336447646975562], 2, -1.0, [-0.3003034317530505, 0.02996641543929472]
[-0.3003034317530505, 0.02996641543929472], 2, -1.0, [-0.2708892579438866, 0.02941417380916395]
[-0.2708892579438866, 0.02941417380916395], 2, -1.0, [-0.24219399350294427, 0.0286952644409423]
[-0.24219399350294427, 0.0286952644409423], 2, -1.0, [-0.21436735260809764, 0.027826640894846617]
[-0.21436735260809764, 0.027826640894846617], 2, -1.0, [-0.18754131013044695, 0.02682604247765069]
[-0.18754131013044695, 0.02682604247765069], 2, -1.0, [-0.16182991365361135, 0.025711396476835603]
[-0.16182991365361135, 0.025711396476835603], 2, -1.0, [-0.1373296334810127, 0.02450028017259864]
[-0.1373296334810127, 0.02450028017259864], 0, -1.0, [-0.11612016884624403, 0.02120946463476868]
[-0.11612016884624403, 0.02120946463476868], 0, -1.0, [-0.09826053828352743, 0.0178596305627166]
[-0.09826053828352743, 0.0178596305627166], 0, -1.0, [-0.08379307175273629, 0.014467466530791147]
[-0.08379307175273629, 0.014467466530791147], 0, -1.0, [-0.07274703091433013, 0.011046040838406152]
[-0.07274703091433013, 0.011046040838406152], 0, -1.0, [-0.0651416895389418, 0.007605341375388337]
[-0.0651416895389418, 0.007605341375388337], 0, -1.0, [-0.0609887612056774, 0.004152928333264397]
[-0.0609887612056774, 0.004152928333264397], 0, -1.0, [-0.06029410365425943, 0.0006946575514179664]
[-0.06029410365425943, 0.0006946575514179664], 0, -1.0, [-0.06305865947810559, -0.002764555823846158]
[-0.06305865947810559, -0.002764555823846158], 0, -1.0, [-0.06927861411571651, -0.00621995463761092]
[-0.06927861411571651, -0.00621995463761092], 0, -1.0, [-0.07894476816362303, -0.009666154047906522]
[-0.07894476816362303, -0.009666154047906522], 0, -1.0, [-0.0920411362128852, -0.013096368049262182]
[-0.0920411362128852, -0.013096368049262182], 0, -1.0, [-0.10854280309265936, -0.016501666879774154]
[-0.10854280309265936, -0.016501666879774154], 0, -1.0, [-0.12841309467921266, -0.01987029158655331]
[-0.12841309467921266, -0.01987029158655331], 0, -1.0, [-0.15160015761785262, -0.023187062938639938]
[-0.15160015761785262, -0.023187062938639938], 0, -1.0, [-0.1780330922938902, -0.026432934676037564]
[-0.1780330922938902, -0.026432934676037564], 0, -1.0, [-0.20761784573456446, -0.02958475344067427]
[-0.20761784573456446, -0.02958475344067427], 0, -1.0, [-0.24023314202497353, -0.03261529629040909]
[-0.24023314202497353, -0.03261529629040909], 0, -1.0, [-0.2757267992015202, -0.03549365717654667]
[-0.2757267992015202, -0.03549365717654667], 0, -1.0, [-0.3139128407473004, -0.038186041545780175]
[-0.3139128407473004, -0.038186041545780175], 0, -1.0, [-0.35456984023486593, -0.04065699948756553]
[-0.35456984023486593, -0.04065699948756553], 0, -1.0, [-0.39744092148490534, -0.042871081250039425]
[-0.39744092148490534, -0.042871081250039425], 0, -1.0, [-0.44223575895785955, -0.04479483747295419]
[-0.44223575895785955, -0.04479483747295419], 0, -1.0, [-0.4886347776248088, -0.04639901866694925]
[-0.4886347776248088, -0.04639901866694925], 0, -1.0, [-0.5362955456841955, -0.04766076805938666]
[-0.5362955456841955, -0.04766076805938666], 0, -1.0, [-0.5848611109929985, -0.04856556530880311]
[-0.5848611109929985, -0.04856556530880311], 0, -1.0, [-0.6339697910445472, -0.0491086800515487]
[-0.6339697910445472, -0.0491086800515487], 0, -1.0, [-0.6832657315550452, -0.049295940510497974]
[-0.6832657315550452, -0.049295940510497974], 0, -1.0, [-0.732409440265359, -0.0491437087103138]
[-0.732409440265359, -0.0491437087103138], 0, -1.0, [-0.7810875040582634, -0.048678063792904416]
[-0.7810875040582634, -0.048678063792904416], 0, -1.0, [-0.8290208087995192, -0.047933304741255824]
[-0.8290208087995192, -0.047933304741255824], 0, -1.0, [-0.8759707785231942, -0.046949969723674885]
[-0.8759707785231942, -0.046949969723674885], 0, -1.0, [-0.9217433933627679, -0.0457726148395737]
[-0.9217433933627679, -0.0457726148395737], 0, -1.0, [-0.9661909888978787, -0.044447595535110816]
[-0.9661909888978787, -0.044447595535110816], 0, -1.0, [-1.009212045033332, -0.04302105613545322]
[-1.009212045033332, -0.04302105613545322], 0, -1.0, [-1.0507493162200114, -0.041537271186679575]
[-1.0507493162200114, -0.041537271186679575], 0, -1.0, [-1.0907867293244895, -0.040037413104478135]
[-1.0907867293244895, -0.040037413104478135], 0, -1.0, [-1.1293454871714832, -0.03855875784699368]
[-1.1293454871714832, -0.03855875784699368], 0, -1.0, [-1.166479779745513, -0.03713429257402993]
[-1.166479779745513, -0.03713429257402993], 0, -1.0, [-1.2, 0.0]
[-1.2, 0.0], 2, -1.0, [-1.1967581039591646, 0.003241896040835368]
[-1.1967581039591646, 0.003241896040835368], 2, -1.0, [-1.1902636585360942, 0.006494445423070332]
[-1.1902636585360942, 0.006494445423070332], 1, -1.0, [-1.1814959639787936, 0.008767694557300441]
[-1.1814959639787936, 0.008767694557300441], 2, -1.0, [-1.1694284452307182, 0.012067518748075495]
[-1.1694284452307182, 0.012067518748075495], 2, -1.0, [-1.1540271309287469, 0.015401314301971383]
[-1.1540271309287469, 0.015401314301971383], 2, -1.0, [-1.1352531127174994, 0.018774018211247544]
[-1.1352531127174994, 0.018774018211247544], 2, -1.0, [-1.1130658184592388, 0.022187294258260642]
[-1.1130658184592388, 0.022187294258260642], 2, -1.0, [-1.0874271751547155, 0.025638643304523236]
[-1.0874271751547155, 0.025638643304523236], 2, -1.0, [-1.0583067170153877, 0.029120458139327888]
[-1.0583067170153877, 0.029120458139327888], 2, -1.0, [-1.0256876471501621, 0.03261906986522554]
[-1.0256876471501621, 0.03261906986522554], 2, -1.0, [-0.9895737805836656, 0.036113866566496525]
[-0.9895737805836656, 0.036113866566496525], 2, -1.0, [-0.9499971766934068, 0.03957660389025881]
[-0.9499971766934068, 0.03957660389025881], 2, -1.0, [-0.9070261107966404, 0.04297106589676639]
[-0.9070261107966404, 0.04297106589676639], 1, -1.0, [-0.8617728471506039, 0.045253263646036546]
[-0.8617728471506039, 0.045253263646036546], 2, -1.0, [-0.8133965125901953, 0.048376334560408615]
[-0.8133965125901953, 0.048376334560408615], 2, -1.0, [-0.7621103342231171, 0.05128617836707816]
[-0.7621103342231171, 0.05128617836707816], 2, -1.0, [-0.7081841032232801, 0.053926230999837045]
[-0.7081841032232801, 0.053926230999837045], 2, -1.0, [-0.6519431582183663, 0.05624094500491375]
[-0.6519431582183663, 0.05624094500491375], 2, -1.0, [-0.5937632385686374, 0.05817991964972887]
[-0.5937632385686374, 0.05817991964972887], 2, -1.0, [-0.5340609628587548, 0.059702275709882645]
[-0.5340609628587548, 0.059702275709882645], 2, -1.0, [-0.47328023362687266, 0.06078072923188213]
[-0.47328023362687266, 0.06078072923188213], 2, -1.0, [-0.41187546179339085, 0.06140477183348178]
[-0.41187546179339085, 0.06140477183348178], 2, -1.0, [-0.35029301410878355, 0.06158244768460731]
[-0.35029301410878355, 0.06158244768460731], 2, -1.0, [-0.2889525873092247, 0.061340426799558874]
[-0.2889525873092247, 0.061340426799558874], 2, -1.0, [-0.22823022316810826, 0.060722364141116425]
[-0.22823022316810826, 0.060722364141116425], 2, -1.0, [-0.1684443958147288, 0.05978582735337945]
[-0.1684443958147288, 0.05978582735337945], 1, -1.0, [-0.1108461015295654, 0.05759829428516342]
[-0.1108461015295654, 0.05759829428516342], 1, -1.0, [-0.055610849186493456, 0.05523525234307194]
[-0.055610849186493456, 0.05523525234307194], 1, -1.0, [-0.0028408860909136593, 0.0527699630955798]
[-0.0028408860909136593, 0.0527699630955798], 1, -1.0, [0.047429167798746605, 0.050270053889660264]
[0.047429167798746605, 0.050270053889660264], 1, -1.0, [0.09522448618739231, 0.0477953183886457]
[0.09522448618739231, 0.0477953183886457], 1, -1.0, [0.14062112435815483, 0.04539663817076253]
[0.14062112435815483, 0.04539663817076253], 1, -1.0, [0.18373694366464657, 0.04311581930649175]
[0.18373694366464657, 0.04311581930649175], 2, -1.0, [0.22572303544271527, 0.0419860917780687]
[0.22572303544271527, 0.0419860917780687], 2, -1.0, [0.26676075310365865, 0.041037717660943364]
[0.26676075310365865, 0.041037717660943364], 2, -1.0, [0.3070572102617008, 0.04029645715804214]
[0.3070572102617008, 0.04029645715804214], 2, -1.0, [0.3468414484455036, 0.039784238183802806]
[0.3468414484455036, 0.039784238183802806], 2, -1.0, [0.3863612666542335, 0.03951981820872991]
[0.3863612666542335, 0.03951981820872991], 0, -1.0, [0.4238806365211536, 0.03751936986692009]
[0.4238806365211536, 0.03751936986692009], 2, -1.0, [0.46166322567548806, 0.03778258915433448]
[0.46166322567548806, 0.03778258915433448], 2, -1.0, [0.4999839664325838, 0.038320740757095746]
[0.4999839664325838, 0.038320740757095746], 2, -1.0, [0.5391277442351916, 0.03914377780260775]
