[-0.5376771937779184, 0.0], 2, -1.0, [-0.5365716370304189, 0.0011055567474995952]
[-0.5365716370304189, 0.0011055567474995952], 2, -1.0, [-0.5343688083820997, 0.002202828648319252]
[-0.5343688083820997, 0.002202828648319252], 2, -1.0, [-0.5310852185412864, 0.0032835898408132367]
[-0.5310852185412864, 0.0032835898408132367], 2, -1.0, [-0.5267454850986848, 0.004339733442601676]
[-0.5267454850986848, 0.004339733442601676], 2, -1.0, [-0.5213821516853565, 0.005363333413328324]
[-0.5213821516853565, 0.005363333413328324], 2, -1.0, [-0.5150354428288494, 0.006346708856507073]
[-0.5150354428288494, 0.006346708856507073], 2, -1.0, [-0.5077529519038535, 0.007282490924995861]
[-0.5077529519038535, 0.007282490924995861], 2, -1.0, [-0.4995892599009118, 0.008163692002941725]
[-0.4995892599009118, 0.008163692002941725], 2, -1.0, [-0.49060548360102774, 0.008983776299884061]
[-0.49060548360102774, 0.008983776299884061], 2, -1.0, [-0.4808687531442428, 0.009736730456784902]
[-0.4808687531442428, 0.009736730456784902], 0, -1.0, [-0.4724516208650437, 0.008417132279199083]
[-0.4724516208650437, 0.008417132279199083], 0, -1.0, [-0.4654165887385336, 0.007035032126510148]
[-0.4654165887385336, 0.007035032126510148], 0, -1.0, [-0.45981571062671994, 0.0056008781118136695]
[-0.45981571062671994, 0.0056008781118136695], 0, -1.0, [-0.4556902916094122, 0.004125419017307747]
[-0.4556902916094122, 0.004125419017307747], 0, -1.0, [-0.4530706704287186, 0.0026196211806935777]
[-0.4530706704287186, 0.0026196211806935777], 0, -1.0, [-0.451976072115828, 0.0010945983128906249]
[-0.451976072115828, 0.0010945983128906249], 0, -1.0, [-0.45241452023660256, -0.00043844812077452984]
[-0.45241452023660256, -0.00043844812077452984], 0, -1.0, [-0.45438280158736716, -0.0019682813507645963]
[-0.45438280158736716, -0.0019682813507645963], 0, -1.0, [-0.4578664802390652, -0.00348367865169802]
[-0.4578664802390652, -0.00348367865169802], 0, -1.0, [-0.46283996217978124, -0.004973481940716078]
[-0.46283996217978124, -0.004973481940716078], 0, -1.0, [-0.4692666160429906, -0.00642665386320936]
[-0.4692666160429906, -0.00642665386320936], 0, -1.0, [-0.47709895913727757, -0.00783234309428701]
[-0.47709895913727757, -0.00783234309428701], 0, -1.0, [-0.4862789208414541, -0.009179961704176518]
[-0.4862789208414541, -0.009179961704176518], 0, -1.0, [-0.49673819706982647, -0.010459276228372406]
[-0.49673819706982647, -0.010459276228372406], 0, -1.0, [-0.5083987096867949, -0.01166051261696843]
[-0.5083987096867949, -0.01166051261696843], 0, -1.0, [-0.5211731832938531, -0.012774473607058193]
[-0.5211731832938531, -0.012774473607058193], 0, -1.0, [-0.5349658486826466, -0.013792665388793576]
[-0.5349658486826466, -0.013792665388793576], 0, -1.0, [-0.5496732775457113, -0.014707428863064595]
[-0.5496732775457113, -0.014707428863064595], 0, -1.0, [-0.5651853470178001, -0.015512069472088873]
[-0.5651853470178001, -0.015512069472088873], 0, -1.0, [-0.5813863256927986, -0.01620097867499849]
[-0.5813863256927986, -0.01620097867499849], 0, -1.0, [-0.5981560654597714, -0.016769739766972776]
[-0.5981560654597714, -0.016769739766972776], 0, -1.0, [-0.6153712764466497, -0.017215210986878247]
[-0.6153712764466497, -0.017215210986878247], 0, -1.0, [-0.6329068561942439, -0.01753557974759421]
[-0.6329068561942439, -0.01753557974759421], 0, -1.0, [-0.6506372395005183, -0.0177303833062744]
[-0.6506372395005183, -0.0177303833062744], 0, -1.0, [-0.6684377326485422, -0.01780049314802393]
[-0.6684377326485422, -0.01780049314802393], 0, -1.0, [-0.6861857952537604, -0.017748062605218218]
[-0.6861857952537604, -0.017748062605218218], 2, -1.0, [-0.7017622348115048, -0.015576439557744345]
[-0.7017622348115048, -0.015576439557744345], 2, -1.0, [-0.7150651679664701, -0.01330293315496537]
[-0.7150651679664701, -0.01330293315496537], 2, -1.0, [-0.7260097749049205, -0.010944606938450337]
[-0.7260097749049205, -0.010944606938450337], 2, -1.0, [-0.7345278885878637, -0.008518113682943217]
[-0.7345278885878637, -0.008518113682943217], 2, -1.0, [-0.7405675154883566, -0.006039626900492967]
[-0.7405675154883566, -0.006039626900492967], 2, -1.0, [-0.7440923734290126, -0.003524857940655939]
[-0.7440923734290126, -0.003524857940655939], 2, -1.0, [-0.7450815163829297, -0.000989142953917221]
[-0.7450815163829297, -0.000989142953917221], 2, -1.0, [-0.7435290972475362, 0.0015524191353934553]
[-0.7435290972475362, 0.0015524191353934553], 2, -1.0, [-0.7394442988558629, 0.004084798391673325]
[-0.7394442988558629, 0.004084798391673325], 2, -1.0, [-0.7328514417778289, 0.006592857078033992]
[-0.7328514417778289, 0.006592857078033992], 2, -1.0, [-0.7237902555000019, 0.009061186277827083]
[-0.7237902555000019, 0.009061186277827083], 2, -1.0, [-0.7123162780077859, 0.01147397749221601]
[-0.7123162780077859, 0.01147397749221601], 2, -1.0, [-0.6985013283788858, 0.013814949628900099]
[-0.6985013283788858, 0.013814949628900099], 2, -1.0, [-0.6824339787174266, 0.01606734966145922]
[-0.6824339787174266, 0.01606734966145922], 2, -1.0, [-0.6642199369165791, 0.0182140418008475]
[-0.6642199369165791, 0.0182140418008475], 2, -1.0, [-0.6439822419390422, 0.020237694977536882]
[-0.6439822419390422, 0.020237694977536882], 2, -1.0, [-0.6218611703246916, 0.022121071614350608]
[-0.6218611703246916, 0.022121071614350608], 2, -1.0, [-0.5980137581580709, 0.023847412166620632]
[-0.5980137581580709, 0.023847412166620632], 2, -1.0, [-0.5726128579795922, 0.025400900178478725]
[-0.5726128579795922, 0.025400900178478725], 2, -1.0, [-0.5458456754446298, 0.026767182534962308]
[-0.5458456754446298, 0.026767182534962308], 2, -1.0, [-0.5179117650017762, 0.02793391044285361]
[-0.5179117650017762, 0.02793391044285361], 2, -1.0, [-0.48902050506921624, 0.028891259932559893]
[-0.48902050506921624, 0.028891259932559893], 2, -1.0, [-0.4593881172986941, 0.02963238777052214]
[-0.4593881172986941, 0.02963238777052214], 2, -1.0, [-0.42923433664904653, 0.030153780649647553]
[-0.42923433664904653, 0.030153780649647553], 2, -1.0, [-0.3987788739259828, 0.030455462723063726]
[-0.3987788739259828, 0.030455462723063726], 2, -1.0, [-0.3682378355205436, 0.030541038405439216]
[-0.3682378355205436, 0.030541038405439216], 2, -1.0, [-0.33782027308121665, 0.030417562439326955]
[-0.33782027308121665, 0.030417562439326955], 2, -1.0, [-0.30772502766730025, 0.030095245413916418]
[-0.30772502766730025, 0.030095245413916418], 2, -1.0, [-0.27813800976845315, 0.029587017898847077]
[-0.27813800976845315, 0.029587017898847077], 2, -1.0, [-0.24923002173320247, 0.02890798803525068]
[-0.24923002173320247, 0.02890798803525068], 2, -1.0, [-0.22115518733918987, 0.028074834394012586]
[-0.22115518733918987, 0.028074834394012586], 2, -1.0, [-0.1940500096885022, 0.027105177650687675]
[-0.1940500096885022, 0.027105177650687675], 2, -1.0, [-0.16803303816307563, 0.02601697152542656]
[-0.16803303816307563, 0.02601697152542656], 2, -1.0, [-0.143205091573491, 0.024827946589584617]
[-0.143205091573491, 0.024827946589584617], 0, -1.0, [-0.12164996014174964, 0.021555131431741363]
[-0.12164996014174964, 0.021555131431741363], 0, -1.0, [-0.10343018283535395, 0.018219777306395697]
[-0.10343018283535395, 0.018219777306395697], 0, -1.0, [-0.08859101776735481, 0.01483916506799913]
[-0.08859101776735481, 0.01483916506799913], 0, -1.0, [-0.07716407705611014, 0.011426940711244674]
[-0.07716407705611014, 0.011426940711244674], 0, -1.0, [-0.06917044913463505, 0.007993627921475096]
[-0.06917044913463505, 0.007993627921475096], 0, -1.0, [-0.06462318788765206, 0.004547261246982988]
[-0.06462318788765206, 0.004547261246982988], 0, -1.0, [-0.06352909184917238, 0.001094096038479681]
[-0.06352909184917238, 0.001094096038479681], 0, -1.0, [-0.065889728694617, -0.0023606368454446146]
[-0.065889728694617, -0.0023606368454446146], 0, -1.0, [-0.07170168298122018, -0.005811954286603187]
[-0.07170168298122018, -0.005811954286603187], 0, -1.0, [-0.08095602221005918, -0.009254339228838997]
[-0.08095602221005918, -0.009254339228838997], 0, -1.0, [-0.09363699202339741, -0.012680969813338232]
[-0.09363699202339741, -0.012680969813338232], 0, -1.0, [-0.10971997005219519, -0.016082978028797785]
[-0.10971997005219519, -0.016082978028797785], 0, -1.0, [-0.12916873366828854, -0.01944876361609336]
[-0.12916873366828854, -0.01944876361609336], 0, -1.0, [-0.15193213302524064, -0.022763399356952096]
[-0.15193213302524064, -0.022763399356952096], 0, -1.0, [-0.17794030927212612, -0.026008176246885464]
[-0.17794030927212612, -0.026008176246885464], 0, -1.0, [-0.2071006584453757, -0.029160349173249594]
[-0.2071006584453757, -0.029160349173249594], 0, -1.0, [-0.2392938108026479, -0.0321931523572722]
[-0.2392938108026479, -0.0321931523572722], 0, -1.0, [-0.2743699656397143, -0.03507615483706639]
[-0.2743699656397143, -0.03507615483706639], 0, -1.0, [-0.312145980786168, -0.03777601514645372]
[-0.312145980786168, -0.03777601514645372], 0, -1.0, [-0.35240364804703206, -0.04025766726086404]
[-0.35240364804703206, -0.04025766726086404], 0, -1.0, [-0.39488957337151964, -0.042485925324487604]
[-0.39488957337151964, -0.042485925324487604], 0, -1.0, [-0.4393170086006796, -0.04442743522915996]
[-0.4393170086006796, -0.04442743522915996], 0, -1.0, [-0.48536984333371985, -0.04605283473304025]
[-0.48536984333371985, -0.04605283473304025], 0, -1.0, [-0.5327087669376078, -0.04733892360388802]
[-0.5327087669376078, -0.04733892360388802], 0, -1.0, [-0.5809793741117619, -0.04827060717415414]
[-0.5809793741117619, -0.04827060717415414], 0, -1.0, [-0.6298217490847471, -0.04884237497298515]
[-0.6298217490847471, -0.04884237497298515], 0, -1.0, [-0.6788808671215454, -0.049059118036798244]
[-0.6788808671215454, -0.049059118036798244], 0, -1.0, [-0.7278170375102427, -0.048936170388697374]
[-0.7278170375102427, -0.048936170388697374], 0, -1.0, [-0.7763156043272922, -0.048498566817049435]
[-0.7763156043272922, -0.048498566817049435], 0, -1.0, [-0.8240952219609319, -0.04777961763363972]
[-0.8240952219609319, -0.04777961763363972], 0, -1.0, [-0.8709142100232022, -0.04681898806227036]
[-0.8709142100232022, -0.04681898806227036], 0, -1.0, [-0.916574728457145, -0.045660518433942865]
[-0.916574728457145, -0.045660518433942865], 0, -1.0, [-0.9609247542016092, -0.04435002574446416]
[-0.9609247542016092, -0.04435002574446416], 0, -1.0, [-1.0038580472657612, -0.04293329306415208]
[-1.0038580472657612, -0.04293329306415208], 0, -1.0, [-1.045312441595452, -0.041454394329690725]
[-1.045312441595452, -0.041454394329690725], 0, -1.0, [-1.085266875903466, -0.039954434308014014]
[-1.085266875903466, -0.039954434308014014], 0, -1.0, [-1.1237375968238033, -0.03847072092033712]
[-1.1237375968238033, -0.03847072092033712], 0, -1.0, [-1.1607739354316198, -0.03703633860781655]
[-1.1607739354316198, -0.03703633860781655], 0, -1.0, [-1.1964539959096354, -0.03568006047801564]
[-1.1964539959096354, -0.03568006047801564], 0, -1.0, [-1.2, 0.0]
[-1.2, 0.0], 2, -1.0, [-1.1967581039591646, 0.003241896040835368]
[-1.1967581039591646, 0.003241896040835368], 2, -1.0, [-1.1902636585360942, 0.006494445423070332]
[-1.1902636585360942, 0.006494445423070332], 2, -1.0, [-1.1804959639787937, 0.009767694557300442]
[-1.1804959639787937, 0.009767694557300442], 2, -1.0, [-1.1674255149588486, 0.013070449019945182]
[-1.1674255149588486, 0.013070449019945182], 2, -1.0, [-1.1510159267200155, 0.016409588238833067]
[-1.1510159267200155, 0.016409588238833067], 2, -1.0, [-1.1312266168239755, 0.019789309896040046]
[-1.1312266168239755, 0.019789309896040046], 2, -1.0, [-1.108016322100852, 0.02321029472312345]
[-1.108016322100852, 0.02321029472312345], 2, -1.0, [-1.081347524946184, 0.02666879715466819]
[-1.081347524946184, 0.02666879715466819], 2, -1.0, [-1.0511918363028878, 0.03015568864329602]
[-1.0511918363028878, 0.03015568864329602], 2, -1.0, [-1.0175363271434712, 0.0336555091594167]
[-1.0175363271434712, 0.0336555091594167], 2, -1.0, [-0.9803907090723114, 0.03714561807115983]
[-0.9803907090723114, 0.03714561807115983], 2, -1.0, [-0.9397951336374217, 0.04059557543488971]
[-0.9397951336374217, 0.04059557543488971], 1, -1.0, [-0.8968282112564235, 0.042966922380998245]
[-0.8968282112564235, 0.042966922380998245], 2, -1.0, [-0.850611377377237, 0.046216833879186466]
[-0.850611377377237, 0.046216833879186466], 1, -1.0, [-0.802316855987749, 0.04829452138948794]
[-0.802316855987749, 0.04829452138948794], 2, -1.0, [-0.7511671578016021, 0.05114969818614694]
[-0.7511671578016021, 0.05114969818614694], 2, -1.0, [-0.6974402241930502, 0.053726933608551956]
[-0.6974402241930502, 0.053726933608551956], 2, -1.0, [-0.6414677845431063, 0.05597243964994387]
[-0.6414677845431063, 0.05597243964994387], 2, -1.0, [-0.5836296351130804, 0.0578381494300259]
[-0.5836296351130804, 0.0578381494300259], 1, -1.0, [-0.5253436840443659, 0.05828595106871446]
[-0.5253436840443659, 0.05828595106871446], 2, -1.0, [-0.46604464622207414, 0.0592990378222918]
[-0.46604464622207414, 0.0592990378222918], 2, -1.0, [-0.40617512278863754, 0.05986952343343657]
[-0.40617512278863754, 0.05986952343343657], 2, -1.0, [-0.34616817484969387, 0.060006947938943685]
[-0.34616817484969387, 0.060006947938943685], 2, -1.0, [-0.28643000039833877, 0.05973817445135512]
[-0.28643000039833877, 0.05973817445135512], 2, -1.0, [-0.22732426437445005, 0.05910573602388871]
[-0.22732426437445005, 0.05910573602388871], 2, -1.0, [-0.16915935517026057, 0.058164909204189486]
[-0.16915935517026057, 0.058164909204189486], 2, -1.0, [-0.11217937817102955, 0.05697997699923101]
[-0.11217937817102955, 0.05697997699923101], 1, -1.0, [-0.05755915992543604, 0.05462021824559351]
[-0.05755915992543604, 0.05462021824559351], 1, -1.0, [-0.005401762310733672, 0.05215739761470237]
[-0.005401762310733672, 0.05215739761470237], 1, -1.0, [0.04425596356094063, 0.0496577258716743]
[0.04425596356094063, 0.0496577258716743], 1, -1.0, [0.09143569122573116, 0.047179727664790526]
[0.09143569122573116, 0.047179727664790526], 1, -1.0, [0.1362088860690693, 0.044773194843338145]
[0.1362088860690693, 0.044773194843338145], 1, -1.0, [0.17868791245086293, 0.04247902638179363]
[0.17868791245086293, 0.04247902638179363], 1, -1.0, [0.21901762431839006, 0.04032971186752713]
[0.21901762431839006, 0.04032971186752713], 2, -1.0, [0.2583678468574706, 0.03935022253908054]
[0.2583678468574706, 0.03935022253908054], 0, -1.0, [0.29493219794349224, 0.03656435108602163]
[0.29493219794349224, 0.03656435108602163], 2, -1.0, [0.3309129317608401, 0.035980733817347836]
[0.3309129317608401, 0.035980733817347836], 2, -1.0, [0.3665276703242431, 0.035614738563403046]
[0.3665276703242431, 0.035614738563403046], 2, -1.0, [0.40200748962347277, 0.03547981929922964]
[0.40200748962347277, 0.03547981929922964], 0, -1.0, [0.4355954638210391, 0.03358797419756631]
[0.4355954638210391, 0.03358797419756631], 2, -1.0, [0.4695310539287215, 0.03393559010768245]
[0.4695310539287215, 0.03393559010768245], 2, -1.0, [0.5040629119294013, 0.03453185800067986]
