[-0.5754154354982693, 0.0], 2, -1.0, [-0.5740283738263227, 0.0013870616719467304]
[-0.5740283738263227, 0.0013870616719467304], 2, -1.0, [-0.5712645313270707, 0.002763842499251978]
[-0.5712645313270707, 0.002763842499251978], 2, -1.0, [-0.5671444127645356, 0.004120118562535012]
[-0.5671444127645356, 0.004120118562535012], 2, -1.0, [-0.5616986300683623, 0.005445782696173356]
[-0.5616986300683623, 0.005445782696173356], 2, -1.0, [-0.5549677202465703, 0.006730909821792063]
[-0.5549677202465703, 0.006730909821792063], 2, -1.0, [-0.5470018904441702, 0.007965829802400006]
[-0.5470018904441702, 0.007965829802400006], 2, -1.0, [-0.5378606814476296, 0.009141208996540693]
[-0.5378606814476296, 0.009141208996540693], 2, -1.0, [-0.5276125407893522, 0.010248140658277378]
[-0.5276125407893522, 0.010248140658277378], 2, -1.0, [-0.5163342976195954, 0.011278243169756738]
[-0.5163342976195954, 0.011278243169756738], 2, -1.0, [-0.5041105337219174, 0.012223763897677981]
[-0.5041105337219174, 0.012223763897677981], 2, -1.0, [-0.4910328483860043, 0.013077685335913084]
[-0.4910328483860043, 0.013077685335913084], 1, -1.0, [-0.47819901914319324, 0.012833829242811073]
[-0.47819901914319324, 0.012833829242811073], 1, -1.0, [-0.4657046363292472, 0.012494382813946046]
[-0.4657046363292472, 0.012494382813946046], 0, -1.0, [-0.4546422798370229, 0.01106235649222433]
[-0.4546422798370229, 0.01106235649222433], 0, -1.0, [-0.4450934162077173, 0.009548863629305548]
[-0.4450934162077173, 0.009548863629305548], 0, -1.0, [-0.437127914698177, 0.007965501509540309]
[-0.437127914698177, 0.007965501509540309], 0, -1.0, [-0.4308036952720854, 0.00632421942609165]
[-0.4308036952720854, 0.00632421942609165], 0, -1.0, [-0.42616648438601434, 0.004637210886071035]
[-0.42616648438601434, 0.004637210886071035], 0, -1.0, [-0.42324965458488434, 0.0029168298011300136]
[-0.42324965458488434, 0.0029168298011300136], 0, -1.0, [-0.42207412635505387, 0.0011755282298304567]
[-0.42207412635505387, 0.0011755282298304567], 0, -1.0, [-0.42264831502349154, -0.0005741886684376446]
[-0.42264831502349154, -0.0005741886684376446], 0, -1.0, [-0.42496811126850725, -0.0023197962450157337]
[-0.42496811126850725, -0.0023197962450157337], 0, -1.0, [-0.4290168905013976, -0.004048779232890347]
[-0.4290168905013976, -0.004048779232890347], 0, -1.0, [-0.4347655534440639, -0.005748662942666372]
[-0.4347655534440639, -0.005748662942666372], 0, -1.0, [-0.44217260711159817, -0.007407053667534249]
[-0.44217260711159817, -0.007407053667534249], 0, -1.0, [-0.45118430156146866, -0.009011694449870511]
[-0.45118430156146866, -0.009011694449870511], 0, -1.0, [-0.46173484266139914, -0.010550541099930491]
[-0.46173484266139914, -0.010550541099930491], 0, -1.0, [-0.4737467042657966, -0.012011861604397467]
[-0.4737467042657966, -0.012011861604397467], 0, -1.0, [-0.4871310641577149, -0.013384359891918272]
[-0.4871310641577149, -0.013384359891918272], 0, -1.0, [-0.5017883866072274, -0.01465732244951242]
[-0.5017883866072274, -0.01465732244951242], 0, -1.0, [-0.5176091702798333, -0.015820783672605983]
[-0.5176091702798333, -0.015820783672605983], 0, -1.0, [-0.5344748735749745, -0.01686570329514117]
[-0.5344748735749745, -0.01686570329514117], 0, -1.0, [-0.5522590206079632, -0.017784147032988733]
[-0.5522590206079632, -0.017784147032988733], 0, -1.0, [-0.5708284805507693, -0.018569459942806146]
[-0.5708284805507693, -0.018569459942806146], 0, -1.0, [-0.5900449017352396, -0.019216421184470325]
[-0.5900449017352396, -0.019216421184470325], 0, -1.0, [-0.6097662707843285, -0.019721369049088895]
[-0.6097662707843285, -0.019721369049088895], 0, -1.0, [-0.6298485571303515, -0.0200822863460229]
[-0.6298485571303515, -0.0200822863460229], 0, -1.0, [-0.6501473956051054, -0.020298838474753934]
[-0.6501473956051054, -0.020298838474753934], 0, -1.0, [-0.6705197551576462, -0.020372359552540787]
[-0.6705197551576462, -0.020372359552540787], 0, -1.0, [-0.6908255406825058, -0.020305785524859572]
[-0.6908255406825058, -0.020305785524859572], 0, -1.0, [-0.7109290775600657, -0.020103536877559953]
[-0.7109290775600657, -0.020103536877559953], 2, -1.0, [-0.7287004345644739, -0.0177713570044081]
[-0.7287004345644739, -0.0177713570044081], 2, -1.0, [-0.7440287725876759, -0.015328338023201974]
[-0.7440287725876759, -0.015328338023201974], 1, -1.0, [-0.7578217720498837, -0.01379299946220783]
[-0.7578217720498837, -0.01379299946220783], 2, -1.0, [-0.7689991296472722, -0.011177357597388604]
[-0.7689991296472722, -0.011177357597388604], 2, -1.0, [-0.7774977931032028, -0.008498663455930519]
[-0.7774977931032028, -0.008498663455930519], 2, -1.0, [-0.7832710802160017, -0.005773287112798899]
[-0.7832710802160017, -0.005773287112798899], 2, -1.0, [-0.786287916853258, -0.0030168366372563663]
[-0.786287916853258, -0.0030168366372563663], 2, -1.0, [-0.7865322742105076, -0.00024435735724956604]
[-0.7865322742105076, -0.00024435735724956604], 2, -1.0, [-0.7840028603272526, 0.002529413883255056]
[-0.7840028603272526, 0.002529413883255056], 2, -1.0, [-0.778713094668631, 0.005289765658621603]
[-0.778713094668631, 0.005289765658621603], 2, -1.0, [-0.7706913681072296, 0.008021726561401456]
[-0.7706913681072296, 0.008021726561401456], 2, -1.0, [-0.7599815641472284, 0.010709803960001218]
[-0.7599815641472284, 0.010709803960001218], 2, -1.0, [-0.7466437909679959, 0.013337773179232503]
[-0.7466437909679959, 0.013337773179232503], 2, -1.0, [-0.7307552483256945, 0.01588854264230144]
[-0.7307552483256945, 0.01588854264230144], 2, -1.0, [-0.7124111295318262, 0.018344118793868342]
[-0.7124111295318262, 0.018344118793868342], 2, -1.0, [-0.691725438266077, 0.02068569126574914]
[-0.691725438266077, 0.02068569126574914], 2, -1.0, [-0.6688315851785929, 0.02289385308748419]
[-0.6688315851785929, 0.02289385308748419], 2, -1.0, [-0.6438826228845227, 0.024948962294070134]
[-0.6438826228845227, 0.024948962294070134], 2, -1.0, [-0.6170509829385066, 0.02683163994601607]
[-0.6170509829385066, 0.02683163994601607], 2, -1.0, [-0.588527597081201, 0.02852338585730566]
[-0.588527597081201, 0.02852338585730566], 2, -1.0, [-0.5585203186189167, 0.030007278462284216]
[-0.5585203186189167, 0.030007278462284216], 2, -1.0, [-0.5272516074284314, 0.03126871119048531]
[-0.5272516074284314, 0.03126871119048531], 2, -1.0, [-0.49495550054754617, 0.03229610688088517]
[-0.49495550054754617, 0.03229610688088517], 2, -1.0, [-0.4618739539520348, 0.033081546595511366]
[-0.4618739539520348, 0.033081546595511366], 2, -1.0, [-0.42825270240312463, 0.03362125154891014]
[-0.42825270240312463, 0.03362125154891014], 2, -1.0, [-0.39433683495198896, 0.03391586745113568]
[-0.39433683495198896, 0.03391586745113568], 2, -1.0, [-0.36036631642959116, 0.0339705185223978]
[-0.36036631642959116, 0.0339705185223978], 2, -1.0, [-0.3265716950393311, 0.033794621390260085]
[-0.3265716950393311, 0.033794621390260085], 2, -1.0, [-0.2931702215121079, 0.03340147352722316]
[-0.2931702215121079, 0.03340147352722316], 2, -1.0, [-0.2603625685293036, 0.032807652982804296]
[-0.2603625685293036, 0.032807652982804296], 2, -1.0, [-0.22833028593816657, 0.032032282591137044]
[-0.22833028593816657, 0.032032282591137044], 2, -1.0, [-0.19723406542471356, 0.031096220513453024]
[-0.19723406542471356, 0.031096220513453024], 2, -1.0, [-0.16721282601146994, 0.0300212394132436]
[-0.16721282601146994, 0.0300212394132436], 2, -1.0, [-0.13838357623833733, 0.02882924977313262]
[-0.13838357623833733, 0.02882924977313262], 2, -1.0, [-0.11084196530970325, 0.027541610928634074]
[-0.11084196530970325, 0.027541610928634074], 2, -1.0, [-0.084663406449789, 0.02617855885991426]
[-0.084663406449789, 0.02617855885991426], 2, -1.0, [-0.05990464137696441, 0.024758765072824578]
[-0.05990464137696441, 0.024758765072824578], 2, -1.0, [-0.03660561347556395, 0.02329902790140046]
[-0.03660561347556395, 0.02329902790140046], 2, -1.0, [-0.01479152604474096, 0.02181408743082299]
[-0.01479152604474096, 0.02181408743082299], 1, -1.0, [0.004525022361196847, 0.019316548405937807]
[0.004525022361196847, 0.019316548405937807], 1, -1.0, [0.02134180111665508, 0.01681677875545823]
[0.02134180111665508, 0.01681677875545823], 0, -1.0, [0.03466370218729209, 0.013321901070637007]
[0.03466370218729209, 0.013321901070637007], 0, -1.0, [0.044499108768265516, 0.009835406580973424]
[0.044499108768265516, 0.009835406580973424], 0, -1.0, [0.050856759204971354, 0.006357650436705838]
[0.050856759204971354, 0.006357650436705838], 0, -1.0, [0.05374345035467345, 0.002886691149702093]
[0.05374345035467345, 0.002886691149702093], 0, -1.0, [0.05316256520716125, -0.0005808851475121992]
[0.05316256520716125, -0.0005808851475121992], 0, -1.0, [0.04911340812656122, -0.004049157080600034]
[0.04911340812656122, -0.004049157080600034], 0, -1.0, [0.04159133841624428, -0.007522069710316935]
[0.04159133841624428, -0.007522069710316935], 0, -1.0, [0.0305887041647214, -0.01100263425152288]
[0.0305887041647214, -0.01100263425152288], 0, -1.0, [0.016096588802694586, -0.014492115362026815]
[0.016096588802694586, -0.014492115362026815], 0, -1.0, [-0.0018926122487973492, -0.017989201051491936]
[-0.0018926122487973492, -0.017989201051491936], 0, -1.0, [-0.023381773003109896, -0.021489160754312547]
[-0.023381773003109896, -0.021489160754312547], 0, -1.0, [-0.04836478582166015, -0.02498301281855025]
[-0.04836478582166015, -0.02498301281855025], 0, -1.0, [-0.07682152930903062, -0.028456743487370473]
[-0.07682152930903062, -0.028456743487370473], 0, -1.0, [-0.1087121737322138, -0.03189064442318318]
[-0.1087121737322138, -0.03189064442318318], 0, -1.0, [-0.14397103618854362, -0.03525886245632982]
[-0.14397103618854362, -0.03525886245632982], 0, -1.0, [-0.18250031506402037, -0.03852927887547673]
[-0.18250031506402037, -0.03852927887547673], 0, -1.0, [-0.224164164146019, -0.04166384908199864]
[-0.224164164146019, -0.04166384908199864], 0, -1.0, [-0.2687836918026541, -0.044619527656635107]
[-0.2687836918026541, -0.044619527656635107], 0, -1.0, [-0.31613356122468644, -0.04734986942203235]
[-0.31613356122468644, -0.04734986942203235], 0, -1.0, [-0.3659408887809384, -0.04980732755625196]
[-0.3659408887809384, -0.04980732755625196], 0, -1.0, [-0.4178870550883735, -0.051946166307435086]
[-0.4178870550883735, -0.051946166307435086], 0, -1.0, [-0.47161283606411564, -0.053725780975742154]
[-0.47161283606411564, -0.053725780975742154], 0, -1.0, [-0.5267269329502446, -0.055114096886129]
[-0.5267269329502446, -0.055114096886129], 0, -1.0, [-0.582817569000597, -0.056090636050352326]
[-0.582817569000597, -0.056090636050352326], 0, -1.0, [-0.6394663967301486, -0.056648827729551626]
[-0.6394663967301486, -0.056648827729551626], 0, -1.0, [-0.6962636119104335, -0.056797215180284966]
[-0.6962636119104335, -0.056797215180284966], 0, -1.0, [-0.7528229802502773, -0.056559368339843735]
[-0.7528229802502773, -0.056559368339843735], 0, -1.0, [-0.8087954974084768, -0.055972517158199474]
[-0.8087954974084768, -0.055972517158199474], 0, -1.0, [-0.8638806194112145, -0.05508512200273771]
[-0.8638806194112145, -0.05508512200273771], 0, -1.0, [-0.9178343658147862, -0.053953746403571666]
[-0.9178343658147862, -0.053953746403571666], 2, -1.0, [-0.9684740279679261, -0.050639662153139954]
[-0.9684740279679261, -0.050639662153139954], 0, -1.0, [-1.0176830873306444, -0.049209059362718174]
[-1.0176830873306444, -0.049209059362718174], 0, -1.0, [-1.0654019402077242, -0.04771885287707977]
[-1.0654019402077242, -0.04771885287707977], 0, -1.0, [-1.1116245204057575, -0.04622258019803336]
[-1.1116245204057575, -0.04622258019803336], 1, -1.0, [-1.155393652297982, -0.043769131892224394]
[-1.155393652297982, -0.043769131892224394], 1, -1.0, [-1.196793328929025, -0.041399676631043]
[-1.196793328929025, -0.041399676631043], 1, -1.0, [-1.2, 0.0]
[-1.2, 0.0], 0, -1.0, [-1.1987581039591646, 0.0012418960408353678]
[-1.1987581039591646, 0.0012418960408353678], 0, -1.0, [-1.196270205713714, 0.0024878982454506955]
[-1.196270205713714, 0.0024878982454506955], 1, -1.0, [-1.1915281732028722, 0.004742032510841902]
[-1.1915281732028722, 0.004742032510841902], 1, -1.0, [-1.1845168545376423, 0.007011318665229854]
[-1.1845168545376423, 0.007011318665229854], 2, -1.0, [-1.1742146893117464, 0.010302165225895827]
[-1.1742146893117464, 0.010302165225895827], 2, -1.0, [-1.160591838757752, 0.013622850553994368]
[-1.160591838757752, 0.013622850553994368], 2, -1.0, [-1.1436122540352032, 0.016979584722548978]
[-1.1436122540352032, 0.016979584722548978], 2, -1.0, [-1.1232365199361865, 0.020375734099016822]
[-1.1232365199361865, 0.020375734099016822], 2, -1.0, [-1.0994255509084747, 0.023810969027711664]
[-1.0994255509084747, 0.023810969027711664], 2, -1.0, [-1.0721452064957233, 0.02728034441275143]
[-1.0721452064957233, 0.02728034441275143], 2, -1.0, [-1.0413718606521312, 0.030773345843592197]
[-1.0413718606521312, 0.030773345843592197], 2, -1.0, [-1.0070988966088616, 0.03427296404326959]
[-1.0070988966088616, 0.03427296404326959], 2, -1.0, [-0.9693439996608503, 0.037754896948011346]
[-0.9693439996608503, 0.037754896948011346], 2, -1.0, [-0.9281569815245659, 0.041187018136284295]
[-0.9281569815245659, 0.041187018136284295], 1, -1.0, [-0.884627696155072, 0.04352928536949397]
[-0.884627696155072, 0.04352928536949397], 1, -1.0, [-0.8388898895825366, 0.04573780657253533]
[-0.8388898895825366, 0.04573780657253533], 2, -1.0, [-0.790124562563854, 0.04876532701868268]
[-0.790124562563854, 0.04876532701868268], 2, -1.0, [-0.738566581616819, 0.05155798094703499]
[-0.738566581616819, 0.05155798094703499], 2, -1.0, [-0.6845057975270319, 0.05406078408978713]
[-0.6845057975270319, 0.05406078408978713], 2, -1.0, [-0.6282845358508734, 0.056221261676158533]
[-0.6282845358508734, 0.056221261676158533], 2, -1.0, [-0.5702909741755936, 0.0579935616752798]
[-0.5702909741755936, 0.0579935616752798], 1, -1.0, [-0.5119483650989294, 0.058342609076664234]
[-0.5119483650989294, 0.058342609076664234], 2, -1.0, [-0.4526931163120864, 0.05925524878684296]
[-0.4526931163120864, 0.05925524878684296], 2, -1.0, [-0.3929656585639819, 0.059727457748104514]
[-0.3929656585639819, 0.059727457748104514], 2, -1.0, [-0.33319306195422405, 0.05977259660975786]
[-0.33319306195422405, 0.05977259660975786], 2, -1.0, [-0.2737721062467278, 0.05942095570749622]
[-0.2737721062467278, 0.05942095570749622], 2, -1.0, [-0.21505429602815038, 0.05871781021857745]
[-0.21505429602815038, 0.05871781021857745], 2, -1.0, [-0.15733399038027365, 0.057720305647876724]
[-0.15733399038027365, 0.057720305647876724], 2, -1.0, [-0.10084033432458453, 0.05649365605568913]
[-0.10084033432458453, 0.05649365605568913], 1, -1.0, [-0.04673314938588803, 0.0541071849386965]
[-0.04673314938588803, 0.0541071849386965], 1, -1.0, [0.004898565190557196, 0.05163171457644523]
[0.004898565190557196, 0.05163171457644523], 1, -1.0, [0.05403054971647952, 0.04913198452592232]
[0.05403054971647952, 0.04913198452592232], 1, -1.0, [0.1006953045267262, 0.046664754810246685]
[0.1006953045267262, 0.046664754810246685], 0, -1.0, [0.14397326438294886, 0.04327795985622265]
[0.14397326438294886, 0.04327795985622265], 2, -1.0, [0.18598081481564188, 0.04200755043269302]
[0.18598081481564188, 0.04200755043269302], 0, -1.0, [0.22486749959355462, 0.03888668477791275]
[0.22486749959355462, 0.03888668477791275], 2, -1.0, [0.2628017961542359, 0.03793429656068126]
[0.2628017961542359, 0.03793429656068126], 2, -1.0, [0.2999736498203368, 0.03717185366610092]
[0.2999736498203368, 0.03717185366610092], 0, -1.0, [0.33459132376458073, 0.034617673944243935]
[0.33459132376458073, 0.034617673944243935], 2, -1.0, [0.36886619076296184, 0.03427486699838111]
[0.36886619076296184, 0.03427486699838111], 2, -1.0, [0.4030217937791001, 0.034155603016138236]
[0.4030217937791001, 0.034155603016138236], 2, -1.0, [0.4372926625675262, 0.03427086878842609]
[0.4372926625675262, 0.03427086878842609], 2, -1.0, [0.4719234436173418, 0.03463078104981559]
[0.4719234436173418, 0.03463078104981559], 2, -1.0, [0.5071682102083317, 0.03524476659098987]
