[-0.5825795917736756, 0.0], 2, -1.0, [-0.5811395403023237, 0.0014400514713518227]
[-0.5811395403023237, 0.0014400514713518227], 2, -1.0, [-0.578270073187093, 0.0028694671152306936]
[-0.578270073187093, 0.0028694671152306936], 2, -1.0, [-0.5739924072293312, 0.0042776659577618325]
[-0.5739924072293312, 0.0042776659577618325], 2, -1.0, [-0.5683382271147646, 0.005654180114566626]
[-0.5683382271147646, 0.005654180114566626], 2, -1.0, [-0.5613495076590644, 0.006988719455700107]
[-0.5613495076590644, 0.006988719455700107], 2, -1.0, [-0.5530782625663242, 0.008271245092740244]
[-0.5530782625663242, 0.008271245092740244], 2, -1.0, [-0.5435862094207848, 0.0094920531455394]
[-0.5435862094207848, 0.0094920531455394], 2, -1.0, [-0.5329443403358922, 0.010641869084892664]
[-0.5329443403358922, 0.010641869084892664], 2, -1.0, [-0.5212323886977809, 0.011711951638111371]
[-0.5212323886977809, 0.011711951638111371], 2, -1.0, [-0.508538184812347, 0.012694203885433814]
[-0.508538184812347, 0.012694203885433814], 2, -1.0, [-0.4949568969310079, 0.013581287881339107]
[-0.4949568969310079, 0.013581287881339107], 2, -1.0, [-0.4805901589008065, 0.014366738030201418]
[-0.4805901589008065, 0.014366738030201418], 2, -1.0, [-0.4655450912489453, 0.015045067651861223]
[-0.4655450912489453, 0.015045067651861223], 2, -1.0, [-0.449933228454811, 0.015611862794134315]
[-0.449933228454811, 0.015611862794134315], 2, -1.0, [-0.4338693709965933, 0.0160638574582177]
[-0.4338693709965933, 0.0160638574582177], 2, -1.0, [-0.4174703859708218, 0.016398985025771497]
[-0.4174703859708218, 0.016398985025771497], 2, -1.0, [-0.4008539841856678, 0.016616401785154007]
[-0.4008539841856678, 0.016616401785154007], 2, -1.0, [-0.38413750422047405, 0.01671647996519376]
[-0.38413750422047405, 0.01671647996519376], 2, -1.0, [-0.3674367347545683, 0.016700769465905776]
[-0.3674367347545683, 0.016700769465905776], 2, -1.0, [-0.35086480539312065, 0.01657192936144761]
[-0.35086480539312065, 0.01657192936144761], 0, -1.0, [-0.3365311733291537, 0.014333632063966935]
[-0.3365311733291537, 0.014333632063966935], 0, -1.0, [-0.3245280535092995, 0.01200311981985422]
[-0.3245280535092995, 0.01200311981985422], 0, -1.0, [-0.3149307821487032, 0.009597271360596295]
[-0.3149307821487032, 0.009597271360596295], 0, -1.0, [-0.3077982887104997, 0.0071324934382035006]
[-0.3077982887104997, 0.0071324934382035006], 0, -1.0, [-0.303173584546714, 0.00462470416378568]
[-0.303173584546714, 0.00462470416378568], 0, -1.0, [-0.3010841904973933, 0.0020893940493206644]
[-0.3010841904973933, 0.0020893940493206644], 0, -1.0, [-0.30154244359286236, -0.0004582530954690216]
[-0.30154244359286236, -0.0004582530954690216], 0, -1.0, [-0.3045456432220414, -0.003003199629179027]
[-0.3045456432220414, -0.003003199629179027], 0, -1.0, [-0.31007601866913154, -0.005530375447090133]
[-0.31007601866913154, -0.005530375447090133], 2, -1.0, [-0.31610052199746963, -0.006024503328338086]
[-0.31610052199746963, -0.006024503328338086], 0, -1.0, [-0.3245826847817359, -0.008482162784266287]
[-0.3245826847817359, -0.008482162784266287], 0, -1.0, [-0.3354703571942088, -0.010887672412472927]
[-0.3354703571942088, -0.010887672412472927], 0, -1.0, [-0.34869527087776725, -0.013224913683558423]
[-0.34869527087776725, -0.013224913683558423], 0, -1.0, [-0.3641725907729487, -0.015477319895181486]
[-0.3641725907729487, -0.015477319895181486], 0, -1.0, [-0.3818005396147398, -0.017627948841791093]
[-0.3818005396147398, -0.017627948841791093], 0, -1.0, [-0.40146018931614774, -0.019659649701407923]
[-0.40146018931614774, -0.019659649701407923], 0, -1.0, [-0.4230155175932655, -0.021555328277117782]
[-0.4230155175932655, -0.021555328277117782], 0, -1.0, [-0.44631382431131916, -0.02329830671805365]
[-0.44631382431131916, -0.02329830671805365], 0, -1.0, [-0.47118658887736126, -0.024872764566042083]
[-0.47118658887736126, -0.024872764566042083], 0, -1.0, [-0.4974508270898008, -0.02626423821243957]
[-0.4974508270898008, -0.02626423821243957], 0, -1.0, [-0.5249109738532364, -0.027460146763435604]
[-0.5249109738532364, -0.027460146763435604], 0, -1.0, [-0.5533612791551785, -0.02845030530194211]
[-0.5533612791551785, -0.02845030530194211], 0, -1.0, [-0.5825886621552451, -0.029227383000066585]
[-0.5825886621552451, -0.029227383000066585], 0, -1.0, [-0.612375926718415, -0.02978726456316994]
[-0.612375926718415, -0.02978726456316994], 0, -1.0, [-0.6425052062534073, -0.03012927953499231]
[-0.6425052062534073, -0.03012927953499231], 0, -1.0, [-0.6727614809414402, -0.03025627468803284]
[-0.6727614809414402, -0.03025627468803284], 0, -1.0, [-0.7029359997654058, -0.030174518823965563]
[-0.7029359997654058, -0.030174518823965563], 0, -1.0, [-0.7328294446625823, -0.029893444897176467]
[-0.7328294446625823, -0.029893444897176467], 0, -1.0, [-0.7622546938877981, -0.029425249225215794]
[-0.7622546938877981, -0.029425249225215794], 0, -1.0, [-0.791039073476178, -0.028784379588379854]
[-0.791039073476178, -0.028784379588379854], 0, -1.0, [-0.819026025215611, -0.02798695173943304]
[-0.819026025215611, -0.02798695173943304], 0, -1.0, [-0.8460761617818575, -0.027050136566246507]
[-0.8460761617818575, -0.027050136566246507], 0, -1.0, [-0.8720677198586088, -0.025991558076751266]
[-0.8720677198586088, -0.025991558076751266], 2, -1.0, [-0.894896456294046, -0.022828736435437272]
[-0.894896456294046, -0.022828736435437272], 2, -1.0, [-0.9144816352799569, -0.01958517898591081]
[-0.9144816352799569, -0.01958517898591081], 2, -1.0, [-0.9307623624794028, -0.016280727199445955]
[-0.9307623624794028, -0.016280727199445955], 2, -1.0, [-0.94369406316342, -0.012931700684017177]
[-0.94369406316342, -0.012931700684017177], 2, -1.0, [-0.9532453195366025, -0.009551256373182602]
[-0.9532453195366025, -0.009551256373182602], 2, -1.0, [-0.9593952242249609, -0.006149904688358451]
[-0.9593952242249609, -0.006149904688358451], 2, -1.0, [-0.9621313576568057, -0.0027361334318447127]
[-0.9621313576568057, -0.0027361334318447127], 2, -1.0, [-0.9614484581247507, 0.0006828995320549854]
[-0.9614484581247507, 0.0006828995320549854], 2, -1.0, [-0.9573478236256326, 0.00410063449911801]
[-0.9573478236256326, 0.00410063449911801], 2, -1.0, [-0.9498374615125948, 0.007510362113037791]
[-0.9498374615125948, 0.007510362113037791], 2, -1.0, [-0.938932982037135, 0.010904479475459798]
[-0.938932982037135, 0.010904479475459798], 2, -1.0, [-0.9246592111185139, 0.014273770918621191]
[-0.9246592111185139, 0.014273770918621191], 2, -1.0, [-0.9070524723531952, 0.017606738765318763]
[-0.9070524723531952, 0.017606738765318763], 2, -1.0, [-0.8861634551339025, 0.020889017219292677]
[-0.8861634551339025, 0.020889017219292677], 2, -1.0, [-0.8620605427028746, 0.024102912431027905]
[-0.8620605427028746, 0.024102912431027905], 2, -1.0, [-0.8348334208184455, 0.02722712188442915]
[-0.8348334208184455, 0.02722712188442915], 2, -1.0, [-0.8045967269948535, 0.030236693823591898]
[-0.8045967269948535, 0.030236693823591898], 2, -1.0, [-0.7714934380057942, 0.033103288989059364]
[-0.7714934380057942, 0.033103288989059364], 2, -1.0, [-0.735697639420293, 0.035795798585501186]
[-0.735697639420293, 0.035795798585501186], 2, -1.0, [-0.6974162886734304, 0.03828135074686253]
[-0.6974162886734304, 0.03828135074686253], 2, -1.0, [-0.6568895875400096, 0.04052670113342077]
[-0.6568895875400096, 0.04052670113342077], 2, -1.0, [-0.6143896342947017, 0.042499953245307864]
[-0.6143896342947017, 0.042499953245307864], 2, -1.0, [-0.5702171377904017, 0.04417249650429994]
[-0.5702171377904017, 0.04417249650429994], 2, -1.0, [-0.5246961422421285, 0.04552099554827328]
[-0.5246961422421285, 0.04552099554827328], 2, -1.0, [-0.4781669164588929, 0.046529225783235546]
[-0.4781669164588929, 0.046529225783235546], 2, -1.0, [-0.4309773756433581, 0.04718954081553482]
[-0.4309773756433581, 0.04718954081553482], 2, -1.0, [-0.3834735908215034, 0.04750378482185469]
[-0.3834735908215034, 0.04750378482185469], 2, -1.0, [-0.3359900643466527, 0.04748352647485071]
[-0.3359900643466527, 0.04748352647485071], 2, -1.0, [-0.2888404841960584, 0.047149580150594304]
[-0.2888404841960584, 0.047149580150594304], 2, -1.0, [-0.24230960753304628, 0.04653087666301212]
[-0.24230960753304628, 0.04653087666301212], 2, -1.0, [-0.1966467782695072, 0.0456628292635391]
[-0.1966467782695072, 0.0456628292635391], 2, -1.0, [-0.15206138368848823, 0.044585394581018956]
[-0.15206138368848823, 0.044585394581018956], 2, -1.0, [-0.10872033912935963, 0.04334104455912859]
[-0.10872033912935963, 0.04334104455912859], 2, -1.0, [-0.0667474929820994, 0.04197284614726025]
[-0.0667474929820994, 0.04197284614726025], 2, -1.0, [-0.026224692774588408, 0.040522800207510985]
[-0.026224692774588408, 0.040522800207510985], 2, -1.0, [0.012805840456237706, 0.039030533230826114]
[0.012805840456237706, 0.039030533230826114], 2, -1.0, [0.050338218342604046, 0.03753237788636634]
[0.050338218342604046, 0.03753237788636634], 2, -1.0, [0.08639904887690175, 0.0360608305342977]
[0.08639904887690175, 0.0360608305342977], 2, -1.0, [0.12104338924958714, 0.03464434037268539]
[0.12104338924958714, 0.03464434037268539], 2, -1.0, [0.15435075571451398, 0.033307366464926845]
[0.15435075571451398, 0.033307366464926845], 2, -1.0, [0.18642138898581595, 0.032070633271301954]
[0.18642138898581595, 0.032070633271301954], 2, -1.0, [0.2173729078922152, 0.030951518906399255]
[0.2173729078922152, 0.030951518906399255], 2, -1.0, [0.24733742732377367, 0.029964519431558485]
[0.24733742732377367, 0.029964519431558485], 2, -1.0, [0.276459171237569, 0.029121743913795375]
[0.276459171237569, 0.029121743913795375], 2, -1.0, [0.3048925776977455, 0.028433406460176478]
[0.3048925776977455, 0.028433406460176478], 2, -1.0, [0.3328008692567817, 0.027908291559036163]
[0.3328008692567817, 0.027908291559036163], 2, -1.0, [0.36035504637788074, 0.02755417712109905]
[0.36035504637788074, 0.02755417712109905], 2, -1.0, [0.38773325177595225, 0.027378205398071526]
[0.38773325177595225, 0.027378205398071526], 2, -1.0, [0.41512044731283326, 0.02738719553688101]
[0.41512044731283326, 0.02738719553688101], 2, -1.0, [0.44270834042633767, 0.027587893113504396]
[0.44270834042633767, 0.027587893113504396], 2, -1.0, [0.4706954922505326, 0.0279871518241949]
[0.4706954922505326, 0.0279871518241949], 2, -1.0, [0.49928753306687956, 0.028592040816346993]
[0.49928753306687956, 0.028592040816346993], 2, -1.0, [0.5286974011706133, 0.029409868103733746]
