[-0.556665504303124, 0.0], 2, -1.0, [-0.5554179103864932, 0.0012475939166307572]
[-0.5554179103864932, 0.0012475939166307572], 2, -1.0, [-0.552932035218425, 0.0024858751680682063]
[-0.552932035218425, 0.0024858751680682063], 2, -1.0, [-0.5492264444378094, 0.003705590780615611]
[-0.5492264444378094, 0.003705590780615611], 2, -1.0, [-0.5443288354412733, 0.004897608996536152]
[-0.5443288354412733, 0.004897608996536152], 2, -1.0, [-0.5382758511964879, 0.006052984244785427]
[-0.5382758511964879, 0.006052984244785427], 2, -1.0, [-0.5311128244502241, 0.00716302674626383]
[-0.5311128244502241, 0.00716302674626383], 2, -1.0, [-0.5228934471102642, 0.008219377339959925]
[-0.5228934471102642, 0.008219377339959925], 2, -1.0, [-0.513679359730017, 0.009214087380247206]
[-0.513679359730017, 0.009214087380247206], 2, -1.0, [-0.5035396569890538, 0.010139702740963251]
[-0.5035396569890538, 0.010139702740963251], 2, -1.0, [-0.4925503068536366, 0.010989350135417162]
[-0.4925503068536366, 0.010989350135417162], 1, -1.0, [-0.4817934836566136, 0.010756823197023004]
[-0.4817934836566136, 0.010756823197023004], 0, -1.0, [-0.4723493788436291, 0.009444104812984517]
[-0.4723493788436291, 0.009444104812984517], 0, -1.0, [-0.46428813197114893, 0.008061246872480159]
[-0.46428813197114893, 0.008061246872480159], 0, -1.0, [-0.4576693714368465, 0.006618760534302434]
[-0.4576693714368465, 0.006618760534302434], 0, -1.0, [-0.4525418637715333, 0.005127507665313166]
[-0.4525418637715333, 0.005127507665313166], 0, -1.0, [-0.44894325591644657, 0.0035986078550867707]
[-0.44894325591644657, 0.0035986078550867707], 0, -1.0, [-0.44689989518890944, 0.0020433607275371288]
[-0.44689989518890944, 0.0020433607275371288], 0, -1.0, [-0.446426713508339, 0.0004731816805704282]
[-0.446426713508339, 0.0004731816805704282], 0, -1.0, [-0.4475271656291422, -0.0011004521208031783]
[-0.4475271656291422, -0.0011004521208031783], 0, -1.0, [-0.45019321525261274, -0.00266604962347058]
[-0.45019321525261274, -0.00266604962347058], 0, -1.0, [-0.4544053675671523, -0.004212152314539541]
[-0.4544053675671523, -0.004212152314539541], 0, -1.0, [-0.4601327515722253, -0.005727384005073012]
[-0.4601327515722253, -0.005727384005073012], 0, -1.0, [-0.4673332600484719, -0.00720050847624664]
[-0.4673332600484719, -0.00720050847624664], 0, -1.0, [-0.4759537588285935, -0.008620498780121548]
[-0.4759537588285935, -0.008620498780121548], 0, -1.0, [-0.48593037971668795, -0.00997662088809447]
[-0.48593037971668795, -0.00997662088809447], 0, -1.0, [-0.4971889126678181, -0.011258532951130185]
[-0.4971889126678181, -0.011258532951130185], 0, -1.0, [-0.509645312426753, -0.012456399758934871]
[-0.509645312426753, -0.012456399758934871], 0, -1.0, [-0.5232063325989711, -0.013561020172218106]
[-0.5232063325989711, -0.013561020172218106], 0, -1.0, [-0.5377702960930042, -0.014563963494033105]
[-0.5377702960930042, -0.014563963494033105], 0, -1.0, [-0.553228005198999, -0.015457709105994732]
[-0.553228005198999, -0.015457709105994732], 0, -1.0, [-0.5694637875938726, -0.01623578239487361]
[-0.5694637875938726, -0.01623578239487361], 2, -1.0, [-0.5843566667898575, -0.014892879195984973]
[-0.5843566667898575, -0.014892879195984973], 0, -1.0, [-0.5997963808654683, -0.01543971407561072]
[-0.5997963808654683, -0.01543971407561072], 0, -1.0, [-0.6156695770153167, -0.015873196149848404]
[-0.6156695770153167, -0.015873196149848404], 0, -1.0, [-0.6318609892014287, -0.016191412186112128]
[-0.6318609892014287, -0.016191412186112128], 1, -1.0, [-0.647254634916044, -0.01539364571461524]
[-0.647254634916044, -0.01539364571461524], 1, -1.0, [-0.6617419872258203, -0.014487352309776347]
[-0.6617419872258203, -0.014487352309776347], 2, -1.0, [-0.6742226697495862, -0.012480682523765895]
[-0.6742226697495862, -0.012480682523765895], 2, -1.0, [-0.6846117269676397, -0.010389057218053518]
[-0.6846117269676397, -0.010389057218053518], 2, -1.0, [-0.6928396029672469, -0.008227875999607207]
[-0.6928396029672469, -0.008227875999607207], 2, -1.0, [-0.6988520082387031, -0.006012405271456167]
[-0.6988520082387031, -0.006012405271456167], 2, -1.0, [-0.7026097378982219, -0.003757729659518849]
[-0.7026097378982219, -0.003757729659518849], 2, -1.0, [-0.7040884955238426, -0.001478757625620648]
[-0.7040884955238426, -0.001478757625620648], 2, -1.0, [-0.7032787642808851, 0.0008097312429574521]
[-0.7032787642808851, 0.0008097312429574521], 2, -1.0, [-0.7001857522244432, 0.003093012056441839]
[-0.7001857522244432, 0.003093012056441839], 2, -1.0, [-0.6948294225295794, 0.005356329694863882]
[-0.6948294225295794, 0.005356329694863882], 2, -1.0, [-0.6872446027507526, 0.00758481977882672]
[-0.6872446027507526, 0.00758481977882672], 0, -1.0, [-0.67948115084209, 0.007763451908662574]
[-0.67948115084209, 0.007763451908662574], 2, -1.0, [-0.6695907307193325, 0.009890420122757563]
[-0.6695907307193325, 0.009890420122757563], 2, -1.0, [-0.6576400424601381, 0.011950688259194434]
[-0.6576400424601381, 0.011950688259194434], 2, -1.0, [-0.6437109201697551, 0.013929122290383053]
[-0.6437109201697551, 0.013929122290383053], 2, -1.0, [-0.6279003251779288, 0.015810594991826205]
[-0.6279003251779288, 0.015810594991826205], 2, -1.0, [-0.6103201713356777, 0.017580153842251044]
[-0.6103201713356777, 0.017580153842251044], 2, -1.0, [-0.59109691945017, 0.019223251885507723]
[-0.59109691945017, 0.019223251885507723], 2, -1.0, [-0.5703708840167135, 0.0207260354334564]
[-0.5703708840167135, 0.0207260354334564], 2, -1.0, [-0.5482952077382939, 0.022075676278419658]
[-0.5482952077382939, 0.022075676278419658], 2, -1.0, [-0.5250344776276267, 0.02326073011066724]
[-0.5250344776276267, 0.02326073011066724], 2, -1.0, [-0.5007629797850319, 0.024271497842594802]
[-0.5007629797850319, 0.024271497842594802], 2, -1.0, [-0.4756626164745007, 0.025100363310531205]
[-0.4756626164745007, 0.025100363310531205], 2, -1.0, [-0.44992053643582375, 0.02574208003867698]
[-0.44992053643582375, 0.02574208003867698], 2, -1.0, [-0.4237265546077336, 0.026193981828090133]
[-0.4237265546077336, 0.026193981828090133], 2, -1.0, [-0.39727045770241, 0.02645609690532365]
[-0.39727045770241, 0.02645609690532365], 2, -1.0, [-0.37073930489928114, 0.026531152803128837]
[-0.37073930489928114, 0.026531152803128837], 2, -1.0, [-0.34431483669968654, 0.026424468199594618]
[-0.34431483669968654, 0.026424468199594618], 2, -1.0, [-0.318171099228372, 0.026143737471314526]
[-0.318171099228372, 0.026143737471314526], 2, -1.0, [-0.2924723767351133, 0.0256987224932587]
[-0.2924723767351133, 0.0256987224932587], 0, -1.0, [-0.2693715035790287, 0.02310087315608458]
[-0.2693715035790287, 0.02310087315608458], 0, -1.0, [-0.2489977875285091, 0.020373716050519627]
[-0.2489977875285091, 0.020373716050519627], 0, -1.0, [-0.23145840897599443, 0.017539378552514674]
[-0.23145840897599443, 0.017539378552514674], 0, -1.0, [-0.21684016454208677, 0.014618244433907674]
[-0.21684016454208677, 0.014618244433907674], 0, -1.0, [-0.20521134184583265, 0.011628822696254109]
[-0.20521134184583265, 0.011628822696254109], 0, -1.0, [-0.19662353784038206, 0.008587804005450578]
[-0.19662353784038206, 0.008587804005450578], 0, -1.0, [-0.19111326547927737, 0.0055102723611046844]
[-0.19111326547927737, 0.0055102723611046844], 0, -1.0, [-0.188703228173023, 0.002410037306254347]
[-0.188703228173023, 0.002410037306254347], 0, -1.0, [-0.18940317571149357, -0.0006999475384705635]
[-0.18940317571149357, -0.0006999475384705635], 0, -1.0, [-0.19321028780423127, -0.003807112092737697]
[-0.19321028780423127, -0.003807112092737697], 0, -1.0, [-0.20010906211848753, -0.00689877431425625]
[-0.20010906211848753, -0.00689877431425625], 0, -1.0, [-0.21007071350130252, -0.009961651382815002]
[-0.21007071350130252, -0.009961651382815002], 0, -1.0, [-0.22305212115578052, -0.012981407654477988]
[-0.22305212115578052, -0.012981407654477988], 0, -1.0, [-0.23899439199363814, -0.015942270837857635]
[-0.23899439199363814, -0.015942270837857635], 0, -1.0, [-0.2578211417126581, -0.01882674971901993]
[-0.2578211417126581, -0.01882674971901993], 0, -1.0, [-0.27943662982259965, -0.021615488109941565]
[-0.27943662982259965, -0.021615488109941565], 0, -1.0, [-0.3037239189353592, -0.024287289112759555]
[-0.3037239189353592, -0.024287289112759555], 0, -1.0, [-0.33054325860306727, -0.026819339667708043]
[-0.33054325860306727, -0.026819339667708043], 0, -1.0, [-0.35973091476468183, -0.029187656161614537]
[-0.35973091476468183, -0.029187656161614537], 0, -1.0, [-0.3910986713662841, -0.03136775660160229]
[-0.3910986713662841, -0.03136775660160229], 0, -1.0, [-0.42443421487690186, -0.03333554351061776]
[-0.42443421487690186, -0.03333554351061776], 0, -1.0, [-0.4595025706478009, -0.03506835577089908]
[-0.4595025706478009, -0.03506835577089908], 1, -1.0, [-0.49504869098843235, -0.03554612034063141]
[-0.49504869098843235, -0.03554612034063141], 0, -1.0, [-0.531808675256588, -0.036759984268155736]
[-0.531808675256588, -0.036759984268155736], 0, -1.0, [-0.5695070915025007, -0.03769841624591267]
[-0.5695070915025007, -0.03769841624591267], 0, -1.0, [-0.607862282842682, -0.03835519134018133]
[-0.607862282842682, -0.03835519134018133], 0, -1.0, [-0.6465922072737441, -0.038729924431062185]
[-0.6465922072737441, -0.038729924431062185], 0, -1.0, [-0.6854204703415693, -0.038828263067825206]
[-0.6854204703415693, -0.038828263067825206], 0, -1.0, [-0.7240821840159446, -0.038661713674375285]
[-0.7240821840159446, -0.038661713674375285], 0, -1.0, [-0.7623293006859158, -0.03824711666997118]
[-0.7623293006859158, -0.03824711666997118], 0, -1.0, [-0.7999351256022071, -0.03760582491629136]
[-0.7999351256022071, -0.03760582491629136], 0, -1.0, [-0.8366977949165603, -0.03676266931435311]
[-0.8366977949165603, -0.03676266931435311], 0, -1.0, [-0.8724426059456125, -0.03574481102905219]
[-0.8724426059456125, -0.03574481102905219], 0, -1.0, [-0.9070231865205856, -0.034580580574973034]
[-0.9070231865205856, -0.034580580574973034], 0, -1.0, [-0.9403215782997059, -0.03329839177912025]
[-0.9403215782997059, -0.03329839177912025], 0, -1.0, [-0.9722473758069776, -0.03192579750727177]
[-0.9722473758069776, -0.03192579750727177], 0, -1.0, [-1.0027361047023946, -0.030488728895417056]
[-1.0027361047023946, -0.030488728895417056], 0, -1.0, [-1.0317470398726674, -0.029010935170272846]
[-1.0317470398726674, -0.029010935170272846], 0, -1.0, [-1.0592606601430286, -0.027513620270361226]
[-1.0592606601430286, -0.027513620270361226], 2, -1.0, [-1.0832759173189492, -0.024015257175920728]
[-1.0832759173189492, -0.024015257175920728], 2, -1.0, [-1.1038058037505374, -0.020529886431588113]
[-1.1038058037505374, -0.020529886431588113], 2, -1.0, [-1.1208716541829098, -0.0170658504323725]
[-1.1208716541829098, -0.0170658504323725], 2, -1.0, [-1.1344983200120125, -0.013626665829102744]
[-1.1344983200120125, -0.013626665829102744], 2, -1.0, [-1.1447102378814464, -0.010211917869434024]
[-1.1447102378814464, -0.010211917869434024], 2, -1.0, [-1.1515283681859048, -0.00681813030445823]
[-1.1515283681859048, -0.00681813030445823], 2, -1.0, [-1.1549679574046658, -0.003439589218761196]
[-1.1549679574046658, -0.003439589218761196], 2, -1.0, [-1.1550370750795573, -6.911767489159318e-05]
[-1.1550370750795573, -6.911767489159318e-05], 2, -1.0, [-1.151735885955802, 0.003301189123755349]
[-1.151735885955802, 0.003301189123755349], 2, -1.0, [-1.1450566354286733, 0.006679250527128681]
[-1.1450566354286733, 0.006679250527128681], 2, -1.0, [-1.1349843478437063, 0.010072287584966953]
[-1.1349843478437063, 0.010072287584966953], 2, -1.0, [-1.1214982586774382, 0.013486089166268062]
[-1.1214982586774382, 0.013486089166268062], 2, -1.0, [-1.1045740194824751, 0.016924239194963154]
[-1.1045740194824751, 0.016924239194963154], 2, -1.0, [-1.0841867246000965, 0.020387294882378587]
[-1.0841867246000965, 0.020387294882378587], 2, -1.0, [-1.0603148061676435, 0.023871918432452902]
[-1.0603148061676435, 0.023871918432452902], 2, -1.0, [-1.0329448231871596, 0.02736998298048387]
[-1.0329448231871596, 0.02736998298048387], 2, -1.0, [-1.0020771251863922, 0.03086769800076747]
[-1.0020771251863922, 0.03086769800076747], 2, -1.0, [-0.9677322955805848, 0.03434482960580743]
[-0.9677322955805848, 0.03434482960580743], 2, -1.0, [-0.929958170836722, 0.03777412474386276]
[-0.929958170836722, 0.03777412474386276], 2, -1.0, [-0.8888370906433337, 0.04112108019338835]
[-0.8888370906433337, 0.04112108019338835], 2, -1.0, [-0.8444928717006543, 0.04434421894267938]
[-0.8444928717006543, 0.04434421894267938], 2, -1.0, [-0.7970968353442153, 0.04739603635643912]
[-0.7970968353442153, 0.04739603635643912], 2, -1.0, [-0.746872091787797, 0.05022474355641829]
[-0.746872091787797, 0.05022474355641829], 2, -1.0, [-0.6940952361094822, 0.05277685567831482]
[-0.6940952361094822, 0.05277685567831482], 2, -1.0, [-0.6390946890449067, 0.055000547064575446]
[-0.6390946890449067, 0.055000547064575446], 2, -1.0, [-0.5822451510344122, 0.05684953801049451]
[-0.5822451510344122, 0.05684953801049451], 2, -1.0, [-0.5239580309157207, 0.05828712011869156]
[-0.5239580309157207, 0.05828712011869156], 2, -1.0, [-0.4646682163826701, 0.05928981453305059]
[-0.4646682163826701, 0.05928981453305059], 2, -1.0, [-0.40481808227393135, 0.05985013410873871]
[-0.40481808227393135, 0.05985013410873871], 2, -1.0, [-0.3448400692861836, 0.05997801298774775]
[-0.3448400692861836, 0.05997801298774775], 2, -1.0, [-0.2851394023711511, 0.05970066691503249]
[-0.2851394023711511, 0.05970066691503249], 2, -1.0, [-0.2260784926697133, 0.059060909701437785]
[-0.2260784926697133, 0.059060909701437785], 2, -1.0, [-0.16796428553525805, 0.05811420713445524]
[-0.16796428553525805, 0.05811420713445524], 2, -1.0, [-0.11103935235617451, 0.05692493317908353]
[-0.11103935235617451, 0.05692493317908353], 1, -1.0, [-0.05647698758126574, 0.05456236477490877]
[-0.05647698758126574, 0.05456236477490877], 1, -1.0, [-0.004378825002347549, 0.052098162578918195]
[-0.004378825002347549, 0.052098162578918195], 1, -1.0, [0.04521955328218816, 0.049598378284535706]
[0.04521955328218816, 0.049598378284535706], 1, -1.0, [0.09234090039913731, 0.04712134711694915]
[0.09234090039913731, 0.04712134711694915], 0, -1.0, [0.13605756258885118, 0.04371666218971387]
[0.13605756258885118, 0.04371666218971387], 2, -1.0, [0.17847960559119566, 0.04242204300234448]
[0.17847960559119566, 0.04242204300234448], 2, -1.0, [0.21975153654440205, 0.04127193095320638]
[0.21975153654440205, 0.04127193095320638], 2, -1.0, [0.26004734493913917, 0.04029580839473711]
[0.26004734493913917, 0.04029580839473711], 2, -1.0, [0.29956611923218185, 0.039518774293042694]
[0.29956611923218185, 0.039518774293042694], 2, -1.0, [0.33852832089313095, 0.03896220166094911]
[0.33852832089313095, 0.03896220166094911], 0, -1.0, [0.37517271523686446, 0.03664439434373349]
[0.37517271523686446, 0.03664439434373349], 2, -1.0, [0.4117403371984584, 0.03656762196159388]
[0.4117403371984584, 0.03656762196159388], 2, -1.0, [0.4484846780374513, 0.0367443408389929]
[0.4484846780374513, 0.0367443408389929], 2, -1.0, [0.48567041884158163, 0.03718574080413036]
[0.48567041884158163, 0.03718574080413036], 2, -1.0, [0.5235723103978434, 0.03790189155626167]
