[-0.4748025996452871, 0.0], 0, -1.0, [-0.4761672652615237, -0.0013646656162365888]
[-0.4761672652615237, -0.0013646656162365888], 0, -1.0, [-0.4788864679443167, -0.0027192026827930083]
[-0.4788864679443167, -0.0027192026827930083], 0, -1.0, [-0.482940008219108, -0.004053540274791244]
[-0.482940008219108, -0.004053540274791244], 0, -1.0, [-0.4882977336490412, -0.005357725429933261]
[-0.4882977336490412, -0.005357725429933261], 0, -1.0, [-0.4949197222737329, -0.006621988624691665]
[-0.4949197222737329, -0.006621988624691665], 0, -1.0, [-0.5027565385295333, -0.007836816255800396]
[-0.5027565385295333, -0.007836816255800396], 0, -1.0, [-0.5117495697275163, -0.008993031197983014]
[-0.5117495697275163, -0.008993031197983014], 0, -1.0, [-0.5218314512544014, -0.010081881526885175]
[-0.5218314512544014, -0.010081881526885175], 0, -1.0, [-0.5329265876517646, -0.011095136397363106]
[-0.5329265876517646, -0.011095136397363106], 0, -1.0, [-0.5449517745888129, -0.012025186937048335]
[-0.5449517745888129, -0.012025186937048335], 0, -1.0, [-0.5578169235399714, -0.012865148951158456]
[-0.5578169235399714, -0.012865148951158456], 0, -1.0, [-0.5714258868799023, -0.01360896333993085]
[-0.5714258868799023, -0.01360896333993085], 1, -1.0, [-0.5846773763834987, -0.01325148950359647]
[-0.5846773763834987, -0.01325148950359647], 1, -1.0, [-0.5974733355012134, -0.012795959117714705]
[-0.5974733355012134, -0.012795959117714705], 1, -1.0, [-0.6097197599199088, -0.012246424418695431]
[-0.6097197599199088, -0.012246424418695431], 1, -1.0, [-0.6213274388829235, -0.011607678963014718]
[-0.6213274388829235, -0.011607678963014718], 2, -1.0, [-0.6312126085361317, -0.009885169653208167]
[-0.6312126085361317, -0.009885169653208167], 2, -1.0, [-0.6393046218433944, -0.008092013307262768]
[-0.6393046218433944, -0.008092013307262768], 2, -1.0, [-0.6455461634475307, -0.0062415416041362165]
[-0.6455461634475307, -0.0062415416041362165], 2, -1.0, [-0.6498933654197085, -0.004347201972177823]
[-0.6498933654197085, -0.004347201972177823], 2, -1.0, [-0.65231585830507, -0.002422492885361455]
[-0.65231585830507, -0.002422492885361455], 2, -1.0, [-0.6527967865339626, -0.00048092822889261215]
[-0.6527967865339626, -0.00048092822889261215], 2, -1.0, [-0.6513328097228004, 0.0014639768111621393]
[-0.6513328097228004, 0.0014639768111621393], 2, -1.0, [-0.6479341023067442, 0.0033987074160561482]
[-0.6479341023067442, 0.0033987074160561482], 2, -1.0, [-0.6426243540120546, 0.005309748294689533]
[-0.6426243540120546, 0.005309748294689533], 2, -1.0, [-0.6354407635728786, 0.007183590439176029]
[-0.6354407635728786, 0.007183590439176029], 2, -1.0, [-0.6264340085083825, 0.009006755064496143]
[-0.6264340085083825, 0.009006755064496143], 2, -1.0, [-0.6156681653860809, 0.010765843122301538]
[-0.6156681653860809, 0.010765843122301538], 2, -1.0, [-0.6032205484859627, 0.012447616900118166]
[-0.6032205484859627, 0.012447616900118166], 2, -1.0, [-0.5891814307994185, 0.014039117686544145]
[-0.5891814307994185, 0.014039117686544145], 2, -1.0, [-0.5736536104237361, 0.015527820375682436]
[-0.5736536104237361, 0.015527820375682436], 2, -1.0, [-0.5567517880787556, 0.016901822344980454]
[-0.5567517880787556, 0.016901822344980454], 2, -1.0, [-0.5386017278786093, 0.01815006020014629]
[-0.5386017278786093, 0.01815006020014629], 2, -1.0, [-0.519339183523686, 0.019262544354923264]
[-0.519339183523686, 0.019262544354923264], 2, -1.0, [-0.4991085852398556, 0.020230598283830475]
[-0.4991085852398556, 0.020230598283830475], 2, -1.0, [-0.478061498183049, 0.021047087056806607]
[-0.478061498183049, 0.021047087056806607], 2, -1.0, [-0.45635487938174435, 0.02170661880130467]
[-0.45635487938174435, 0.02170661880130467], 2, -1.0, [-0.4341491760860304, 0.02220570329571397]
[-0.4341491760860304, 0.02220570329571397], 2, -1.0, [-0.41160632202501807, 0.022542854061012328]
[-0.41160632202501807, 0.022542854061012328], 2, -1.0, [-0.38888769806960893, 0.022718623955409148]
[-0.38888769806960893, 0.022718623955409148], 2, -1.0, [-0.36615212902533045, 0.022735569044278463]
[-0.36615212902533045, 0.022735569044278463], 2, -1.0, [-0.3435539881302453, 0.022598140895085148]
[-0.3435539881302453, 0.022598140895085148], 2, -1.0, [-0.321241475312191, 0.022312512818054273]
[-0.321241475312191, 0.022312512818054273], 2, -1.0, [-0.29935512498678385, 0.021886350325407134]
[-0.29935512498678385, 0.021886350325407134], 2, -1.0, [-0.2780265852811429, 0.021328539705640963]
[-0.2780265852811429, 0.021328539705640963], 2, -1.0, [-0.25737769450588593, 0.02064889077525695]
[-0.25737769450588593, 0.02064889077525695], 0, -1.0, [-0.23951986403780656, 0.017857830468079386]
[-0.23951986403780656, 0.017857830468079386], 0, -1.0, [-0.22454392039917861, 0.014975943638627946]
[-0.22454392039917861, 0.014975943638627946], 0, -1.0, [-0.21252187983267606, 0.01202204056650254]
[-0.21252187983267606, 0.01202204056650254], 0, -1.0, [-0.20350870718814784, 0.009013172644528234]
[-0.20350870718814784, 0.009013172644528234], 0, -1.0, [-0.19754390080985504, 0.005964806378292795]
[-0.19754390080985504, 0.005964806378292795], 0, -1.0, [-0.1946527784981817, 0.002891122311673343]
[-0.1946527784981817, 0.002891122311673343], 0, -1.0, [-0.19484737328641755, -0.00019459478823587043]
[-0.19484737328641755, -0.00019459478823587043], 0, -1.0, [-0.1981268801736871, -0.003279506887269561]
[-0.1981268801736871, -0.003279506887269561], 0, -1.0, [-0.2044776258019219, -0.006350745628234792]
[-0.2044776258019219, -0.006350745628234792], 0, -1.0, [-0.21387256295095952, -0.009394937149037622]
[-0.21387256295095952, -0.009394937149037622], 0, -1.0, [-0.2262703216809679, -0.012397758730008358]
[-0.2262703216809679, -0.012397758730008358], 0, -1.0, [-0.24161387997545974, -0.015343558294491846]
[-0.24161387997545974, -0.015343558294491846], 0, -1.0, [-0.2598289493368462, -0.01821506936138646]
[-0.2598289493368462, -0.01821506936138646], 0, -1.0, [-0.28082220453230494, -0.020993255195458735]
[-0.28082220453230494, -0.020993255195458735], 0, -1.0, [-0.30447951985370725, -0.023657315321402278]
[-0.30447951985370725, -0.023657315321402278], 0, -1.0, [-0.33066440360220745, -0.026184883748500178]
[-0.33066440360220745, -0.026184883748500178], 0, -1.0, [-0.35921684334002796, -0.0285524397378205]
[-0.35921684334002796, -0.0285524397378205], 0, -1.0, [-0.38995278106482434, -0.03073593772479638]
[-0.38995278106482434, -0.03073593772479638], 0, -1.0, [-0.42266442406707483, -0.032711643002250476]
[-0.42266442406707483, -0.032711643002250476], 0, -1.0, [-0.4571215593256293, -0.03445713525855449]
[-0.4571215593256293, -0.03445713525855449], 0, -1.0, [-0.4930739752760331, -0.03595241595040378]
[-0.4930739752760331, -0.03595241595040378], 0, -1.0, [-0.5302550073916951, -0.037181032115661976]
[-0.5302550073916951, -0.037181032115661976], 0, -1.0, [-0.568386121086546, -0.038131113694850866]
[-0.568386121086546, -0.038131113694850866], 0, -1.0, [-0.6071823394695345, -0.03879621838298856]
[-0.6071823394695345, -0.03879621838298856], 0, -1.0, [-0.6463582297427609, -0.039175890273226426]
[-0.6463582297427609, -0.039175890273226426], 0, -1.0, [-0.6856340955983501, -0.03927586585558918]
[-0.6856340955983501, -0.03927586585558918], 0, -1.0, [-0.724741995230851, -0.03910789963250094]
[-0.724741995230851, -0.03910789963250094], 0, -1.0, [-0.7634312204466925, -0.03868922521584152]
[-0.7634312204466925, -0.03868922521584152], 0, -1.0, [-0.801472928957748, -0.0380417085110555]
[-0.801472928957748, -0.0380417085110555], 0, -1.0, [-0.8386637093822548, -0.03719078042450676]
[-0.8386637093822548, -0.03719078042450676], 0, -1.0, [-0.8748279622519776, -0.03616425286972283]
[-0.8748279622519776, -0.03616425286972283], 0, -1.0, [-0.9098190847545427, -0.03499112250256505]
[-0.9098190847545427, -0.03499112250256505], 0, -1.0, [-0.9435195384011816, -0.03370045364663903]
[-0.9435195384011816, -0.03370045364663903], 0, -1.0, [-0.975839948001652, -0.03232040960047039]
[-0.975839948001652, -0.03232040960047039], 0, -1.0, [-1.0067174231323108, -0.030877475130658822]
[-1.0067174231323108, -0.030877475130658822], 0, -1.0, [-1.0361133103268465, -0.029395887194535644]
[-1.0361133103268465, -0.029395887194535644], 0, -1.0, [-1.0640105795734767, -0.027897269246630163]
[-1.0640105795734767, -0.027897269246630163], 0, -1.0, [-1.0904110282725863, -0.02640044869910966]
[-1.0904110282725863, -0.02640044869910966], 0, -1.0, [-1.1153324558666862, -0.024921427594099935]
[-1.1153324558666862, -0.024921427594099935], 0, -1.0, [-1.1388059284814913, -0.023473472614805084]
[-1.1388059284814913, -0.023473472614805084], 0, -1.0, [-1.1608732194267406, -0.022067290945249354]
[-1.1608732194267406, -0.022067290945249354], 0, -1.0, [-1.1815844811829876, -0.02071126175624714]
[-1.1815844811829876, -0.02071126175624714], 0, -1.0, [-1.2, 0.0]
[-1.2, 0.0], 2, -1.0, [-1.1967581039591646, 0.003241896040835368]
[-1.1967581039591646, 0.003241896040835368], 2, -1.0, [-1.1902636585360942, 0.006494445423070332]
[-1.1902636585360942, 0.006494445423070332], 2, -1.0, [-1.1804959639787937, 0.009767694557300442]
[-1.1804959639787937, 0.009767694557300442], 2, -1.0, [-1.1674255149588486, 0.013070449019945182]
[-1.1674255149588486, 0.013070449019945182], 2, -1.0, [-1.1510159267200155, 0.016409588238833067]
[-1.1510159267200155, 0.016409588238833067], 2, -1.0, [-1.1312266168239755, 0.019789309896040046]
[-1.1312266168239755, 0.019789309896040046], 2, -1.0, [-1.108016322100852, 0.02321029472312345]
[-1.108016322100852, 0.02321029472312345], 2, -1.0, [-1.081347524946184, 0.02666879715466819]
[-1.081347524946184, 0.02666879715466819], 2, -1.0, [-1.0511918363028878, 0.03015568864329602]
[-1.0511918363028878, 0.03015568864329602], 2, -1.0, [-1.0175363271434712, 0.0336555091594167]
[-1.0175363271434712, 0.0336555091594167], 2, -1.0, [-0.9803907090723114, 0.03714561807115983]
[-0.9803907090723114, 0.03714561807115983], 2, -1.0, [-0.9397951336374217, 0.04059557543488971]
[-0.9397951336374217, 0.04059557543488971], 2, -1.0, [-0.8958282112564235, 0.043966922380998245]
[-0.8958282112564235, 0.043966922380998245], 2, -1.0, [-0.8486146572192776, 0.04721355403714586]
[-0.8486146572192776, 0.04721355403714586], 2, -1.0, [-0.7983317816221248, 0.05028287559715283]
[-0.7983317816221248, 0.05028287559715283], 2, -1.0, [-0.7452138959379592, 0.0531178856841656]
[-0.7452138959379592, 0.0531178856841656], 2, -1.0, [-0.6895536666604415, 0.0556602292775177]
[-0.6895536666604415, 0.0556602292775177], 2, -1.0, [-0.6316995610792892, 0.057854105581152386]
[-0.6316995610792892, 0.057854105581152386], 2, -1.0, [-0.5720488365336812, 0.05965072454560789]
[-0.5720488365336812, 0.05965072454560789], 2, -1.0, [-0.5110360146660762, 0.061012821867605024]
[-0.5110360146660762, 0.061012821867605024], 2, -1.0, [-0.44911739120176025, 0.061918623464315904]
[-0.44911739120176025, 0.061918623464315904], 2, -1.0, [-0.38675274139346727, 0.06236464980829299]
[-0.38675274139346727, 0.06236464980829299], 2, -1.0, [-0.3243858485235833, 0.06236689286988392]
[-0.3243858485235833, 0.06236689286988392], 2, -1.0, [-0.2624256859117381, 0.061960162611845254]
[-0.2624256859117381, 0.061960162611845254], 2, -1.0, [-0.20122996568717166, 0.061195720224566416]
[-0.20122996568717166, 0.061195720224566416], 2, -1.0, [-0.14109236178367496, 0.06013760390349669]
[-0.14109236178367496, 0.06013760390349669], 2, -1.0, [-0.08223412731502394, 0.05885823446865101]
[-0.08223412731502394, 0.05885823446865101], 2, -1.0, [-0.024800200336085113, 0.05743392697893883]
[-0.024800200336085113, 0.05743392697893883], 2, -1.0, [0.03114064276343887, 0.05594084309952398]
[0.03114064276343887, 0.05594084309952398], 2, -1.0, [0.08559238750154527, 0.0544517447381064]
[0.08559238750154527, 0.0544517447381064], 2, -1.0, [0.13862609852276647, 0.05303371102122119]
[0.13862609852276647, 0.05303371102122119], 2, -1.0, [0.19037290492486428, 0.0517468064020978]
[0.19037290492486428, 0.0517468064020978], 2, -1.0, [0.24101646944167865, 0.050643564516814364]
[0.24101646944167865, 0.050643564516814364], 2, -1.0, [0.29078555519931315, 0.04976908575763451]
[0.29078555519931315, 0.04976908575763451], 2, -1.0, [0.33994708223056147, 0.04916152703124832]
[0.33994708223056147, 0.04916152703124832], 2, -1.0, [0.388799856212751, 0.04885277398218953]
[0.388799856212751, 0.04885277398218953], 1, -1.0, [0.4366689695757199, 0.047869113362968896]
[0.4366689695757199, 0.047869113362968896], 1, -1.0, [0.48389347454514303, 0.047224504969423146]
[0.48389347454514303, 0.047224504969423146], 1, -1.0, [0.5308208934604665, 0.04692741891532341]
