[-0.513114950429687, 0.0], 0, -1.0, [-0.5141935661559044, -0.001078615726217351]
[-0.5141935661559044, -0.001078615726217351], 0, -1.0, [-0.5163427115936983, -0.0021491454377939225]
[-0.5163427115936983, -0.0021491454377939225], 0, -1.0, [-0.5195462732137331, -0.003203561620034899]
[-0.5195462732137331, -0.003203561620034899], 0, -1.0, [-0.5237802278529328, -0.0042339546391996314]
[-0.5237802278529328, -0.0042339546391996314], 0, -1.0, [-0.5290128216002898, -0.005232593747357088]
[-0.5290128216002898, -0.005232593747357088], 0, -1.0, [-0.5352048117879378, -0.006191990187647967]
[-0.5352048117879378, -0.006191990187647967], 0, -1.0, [-0.5423097742906045, -0.007104962502666658]
[-0.5423097742906045, -0.007104962502666658], 0, -1.0, [-0.5502744779873863, -0.007964703696781856]
[-0.5502744779873863, -0.007964703696781856], 0, -1.0, [-0.5590393273981421, -0.008764849410755884]
[-0.5590393273981421, -0.008764849410755884], 0, -1.0, [-0.5685388731754619, -0.009499545777319821]
[-0.5685388731754619, -0.009499545777319821], 0, -1.0, [-0.5787023883611232, -0.010163515185661233]
[-0.5787023883611232, -0.010163515185661233], 2, -1.0, [-0.587454506197675, -0.008752117836551804]
[-0.587454506197675, -0.008752117836551804], 2, -1.0, [-0.594730629905721, -0.007276123708045967]
[-0.594730629905721, -0.007276123708045967], 2, -1.0, [-0.6004773044707145, -0.005746674564993498]
[-0.6004773044707145, -0.005746674564993498], 2, -1.0, [-0.6046524882187685, -0.004175183748054067]
[-0.6046524882187685, -0.004175183748054067], 2, -1.0, [-0.6072257420495569, -0.0025732538307883988]
[-0.6072257420495569, -0.0025732538307883988], 2, -1.0, [-0.6081783524366464, -0.000952610387089459]
[-0.6081783524366464, -0.000952610387089459], 2, -1.0, [-0.6075034010133975, 0.0006749514232488973]
[-0.6075034010133975, 0.0006749514232488973], 2, -1.0, [-0.6052057891124829, 0.002297611900914609]
[-0.6052057891124829, 0.002297611900914609], 2, -1.0, [-0.6013022204474282, 0.003903568665054755]
[-0.6013022204474282, 0.003903568665054755], 2, -1.0, [-0.5958211396720453, 0.0054810807753828935]
[-0.5958211396720453, 0.0054810807753828935], 2, -1.0, [-0.5888026192945965, 0.007018520377448744]
[-0.5888026192945965, 0.007018520377448744], 2, -1.0, [-0.5802981828175399, 0.008504436477056702]
[-0.5802981828175399, 0.008504436477056702], 2, -1.0, [-0.5703705484554322, 0.009927634362107652]
[-0.5703705484554322, 0.009927634362107652], 2, -1.0, [-0.5590932757403364, 0.011277272715095835]
[-0.5590932757403364, 0.011277272715095835], 2, -1.0, [-0.5465502970674907, 0.012542978672845689]
[-0.5465502970674907, 0.012542978672845689], 2, -1.0, [-0.5328353179664371, 0.013714979101053557]
[-0.5328353179664371, 0.013714979101053557], 2, -1.0, [-0.5180510736623243, 0.014784244304112824]
[-0.5180510736623243, 0.014784244304112824], 2, -1.0, [-0.5023084352019148, 0.015742638460409464]
[-0.5023084352019148, 0.015742638460409464], 2, -1.0, [-0.4857253657489961, 0.016583069452918715]
[-0.4857253657489961, 0.016583069452918715], 2, -1.0, [-0.4684257361031586, 0.017299629645837533]
[-0.4684257361031586, 0.017299629645837533], 2, -1.0, [-0.45053801739941707, 0.0178877187037415]
[-0.45053801739941707, 0.0178877187037415], 2, -1.0, [-0.4321938775308558, 0.018344139868561263]
[-0.4321938775308558, 0.018344139868561263], 2, -1.0, [-0.41352671530032975, 0.018667162230526075]
[-0.41352671530032975, 0.018667162230526075], 2, -1.0, [-0.39467017191255577, 0.018856543387773997]
[-0.39467017191255577, 0.018856543387773997], 2, -1.0, [-0.3757566625845444, 0.018913509328011373]
[-0.3757566625845444, 0.018913509328011373], 2, -1.0, [-0.3569159714347236, 0.018840691149820767]
[-0.3569159714347236, 0.018840691149820767], 2, -1.0, [-0.3382739503449028, 0.01864202108982078]
[-0.3382739503449028, 0.01864202108982078], 0, -1.0, [-0.321951357398223, 0.01632259294667981]
[-0.321951357398223, 0.01632259294667981], 0, -1.0, [-0.30805055090053873, 0.013900806497684291]
[-0.30805055090053873, 0.013900806497684291], 0, -1.0, [-0.2966560241116035, 0.011394526788935194]
[-0.2966560241116035, 0.011394526788935194], 0, -1.0, [-0.287835089413517, 0.008820934698086513]
[-0.287835089413517, 0.008820934698086513], 0, -1.0, [-0.28163859727523616, 0.006196492138280843]
[-0.28163859727523616, 0.006196492138280843], 0, -1.0, [-0.2781015908004936, 0.003537006474742514]
[-0.2781015908004936, 0.003537006474742514], 0, -1.0, [-0.27724381655127106, 0.0008577742492225484]
[-0.27724381655127106, 0.0008577742492225484], 0, -1.0, [-0.279070034947253, -0.001826218395981986]
[-0.279070034947253, -0.001826218395981986], 0, -1.0, [-0.28357009759768387, -0.004500062650430863]
[-0.28357009759768387, -0.004500062650430863], 0, -1.0, [-0.2907187836240811, -0.007148686026397234]
[-0.2907187836240811, -0.007148686026397234], 0, -1.0, [-0.30047541187041527, -0.009756628246334146]
[-0.30047541187041527, -0.009756628246334146], 0, -1.0, [-0.3127832704359805, -0.012307858565565228]
[-0.3127832704359805, -0.012307858565565228], 0, -1.0, [-0.3275689286131441, -0.014785658177163598]
[-0.3275689286131441, -0.014785658177163598], 0, -1.0, [-0.3447415181163695, -0.017172589503225408]
[-0.3447415181163695, -0.017172589503225408], 0, -1.0, [-0.36419208900866096, -0.019450570892291436]
[-0.36419208900866096, -0.019450570892291436], 0, -1.0, [-0.38579315901826755, -0.021601070009606593]
[-0.38579315901826755, -0.021601070009606593], 0, -1.0, [-0.40939858067557355, -0.023605421657306024]
[-0.40939858067557355, -0.023605421657306024], 0, -1.0, [-0.43484384652064906, -0.02544526584507548]
[-0.43484384652064906, -0.02544526584507548], 0, -1.0, [-0.46194693660325314, -0.027103090082604107]
[-0.46194693660325314, -0.027103090082604107], 0, -1.0, [-0.4905097837093028, -0.028562847106049654]
[-0.4905097837093028, -0.028562847106049654], 0, -1.0, [-0.5203203908844176, -0.029810607175114832]
[-0.5203203908844176, -0.029810607175114832], 0, -1.0, [-0.5511555855484898, -0.030835194664072113]
[-0.5511555855484898, -0.030835194664072113], 0, -1.0, [-0.5827843394753279, -0.03162875392683822]
[-0.5827843394753279, -0.03162875392683822], 0, -1.0, [-0.6149715303823959, -0.032187190907067974]
[-0.6149715303823959, -0.032187190907067974], 0, -1.0, [-0.6474819757222066, -0.03251044533981062]
[-0.6474819757222066, -0.03251044533981062], 0, -1.0, [-0.680084538795035, -0.03260256307282851]
[-0.680084538795035, -0.03260256307282851], 0, -1.0, [-0.7125560959795725, -0.032471557184537404]
[-0.7125560959795725, -0.032471557184537404], 0, -1.0, [-0.7446851633790643, -0.032129067399491874]
[-0.7446851633790643, -0.032129067399491874], 0, -1.0, [-0.7762750100164775, -0.03158984663741316]
[-0.7762750100164775, -0.03158984663741316], 0, -1.0, [-0.8071461285524173, -0.030871118535939813]
[-0.8071461285524173, -0.030871118535939813], 0, -1.0, [-0.837137987092644, -0.029991858540226703]
[-0.837137987092644, -0.029991858540226703], 0, -1.0, [-0.8661100400834373, -0.028972052990793317]
[-0.8661100400834373, -0.028972052990793317], 0, -1.0, [-0.8939420262398529, -0.02783198615641556]
[-0.8939420262398529, -0.02783198615641556], 2, -1.0, [-0.9185336221418751, -0.02459159590202225]
[-0.9185336221418751, -0.02459159590202225], 2, -1.0, [-0.9398091542884367, -0.021275532146561638]
[-0.9398091542884367, -0.021275532146561638], 2, -1.0, [-0.9577133061925377, -0.017904151904101048]
[-0.9577133061925377, -0.017904151904101048], 2, -1.0, [-0.9722070019797215, -0.014493695787183849]
[-0.9722070019797215, -0.014493695787183849], 2, -1.0, [-0.9832636966862387, -0.01105669470651717]
[-0.9832636966862387, -0.01105669470651717], 2, -1.0, [-0.9908662353917752, -0.007602538705536492]
[-0.9908662353917752, -0.007602538705536492], 2, -1.0, [-0.9950043879111996, -0.004138152519424433]
[-0.9950043879111996, -0.004138152519424433], 2, -1.0, [-0.9956731242890358, -0.0006687363778361847]
[-0.9956731242890358, -0.0006687363778361847], 2, -1.0, [-0.9928716673724133, 0.002801456916622462]
[-0.9928716673724133, 0.002801456916622462], 2, -1.0, [-0.9866033391722726, 0.006268328200140646]
[-0.9866033391722726, 0.006268328200140646], 2, -1.0, [-0.9768762035092399, 0.009727135663032769]
[-0.9768762035092399, 0.009727135663032769], 2, -1.0, [-0.963704494106321, 0.013171709402918858]
[-0.963704494106321, 0.013171709402918858], 2, -1.0, [-0.9471108002993721, 0.016593693806948855]
[-0.9471108002993721, 0.016593693806948855], 2, -1.0, [-0.9271289576253131, 0.019981842674059048]
[-0.9271289576253131, 0.019981842674059048], 2, -1.0, [-0.9038075541697049, 0.023321403455608167]
[-0.9038075541697049, 0.023321403455608167], 2, -1.0, [-0.8772139135335372, 0.02659364063616777]
[-0.8772139135335372, 0.02659364063616777], 2, -1.0, [-0.8474383517229792, 0.029775561810557988]
[-0.8474383517229792, 0.029775561810557988], 2, -1.0, [-0.8145984316670909, 0.03283992005588837]
[-0.8145984316670909, 0.03283992005588837], 2, -1.0, [-0.7788428633328814, 0.035755568334209425]
[-0.7788428633328814, 0.035755568334209425], 2, -1.0, [-0.7403546323621721, 0.03848823097070933]
[-0.7403546323621721, 0.03848823097070933], 2, -1.0, [-0.6993529029103532, 0.04100172945181887]
[-0.6993529029103532, 0.04100172945181887], 2, -1.0, [-0.6560932499246307, 0.04325965298572251]
[-0.6560932499246307, 0.04325965298572251], 2, -1.0, [-0.6108658489621602, 0.04522740096247042]
[-0.6108658489621602, 0.04522740096247042], 2, -1.0, [-0.5639913959622881, 0.04687445299987209]
[-0.5639913959622881, 0.04687445299987209], 2, -1.0, [-0.5158147391758142, 0.04817665678647386]
[-0.5158147391758142, 0.04817665678647386], 2, -1.0, [-0.46669645735665544, 0.04911828181915878]
[-0.46669645735665544, 0.04911828181915878], 2, -1.0, [-0.417002873213845, 0.049693584142810415]
[-0.417002873213845, 0.049693584142810415], 2, -1.0, [-0.3670952016651349, 0.049907671548710134]
[-0.3670952016651349, 0.049907671548710134], 2, -1.0, [-0.31731865513207436, 0.04977654653306049]
[-0.31731865513207436, 0.04977654653306049], 2, -1.0, [-0.26799233601200595, 0.0493263191200684]
[-0.26799233601200595, 0.0493263191200684], 2, -1.0, [-0.21940063758237163, 0.04859169842963432]
[-0.21940063758237163, 0.04859169842963432], 2, -1.0, [-0.1717866726313142, 0.04761396495105742]
[-0.1717866726313142, 0.04761396495105742], 2, -1.0, [-0.12534799604161248, 0.04643867658970172]
[-0.12534799604161248, 0.04643867658970172], 2, -1.0, [-0.0802346312787249, 0.045113364762887576]
[-0.0802346312787249, 0.045113364762887576], 2, -1.0, [-0.03654919255788618, 0.04368543872083872]
[-0.03654919255788618, 0.04368543872083872], 2, -1.0, [0.005651259351565935, 0.04220045190945212]
[0.005651259351565935, 0.04220045190945212], 2, -1.0, [0.04635207054065017, 0.04070081118908424]
[0.04635207054065017, 0.04070081118908424], 2, -1.0, [0.08557701359385395, 0.039224943053203766]
[0.08557701359385395, 0.039224943053203766], 2, -1.0, [0.12338389364951993, 0.037806880055665994]
[0.12338389364951993, 0.037806880055665994], 2, -1.0, [0.15986009249341235, 0.036476198843892416]
[0.15986009249341235, 0.036476198843892416], 2, -1.0, [0.19511831967789697, 0.03525822718448463]
[0.19511831967789697, 0.03525822718448463], 2, -1.0, [0.229292756799357, 0.03417443712146004]
[0.229292756799357, 0.03417443712146004], 2, -1.0, [0.2625357068263332, 0.03324295002697622]
[0.2625357068263332, 0.03324295002697622], 2, -1.0, [0.2950147991313967, 0.032479092305063524]
[0.2950147991313967, 0.032479092305063524], 2, -1.0, [0.32691075358382143, 0.03189595445242471]
[0.32691075358382143, 0.03189595445242471], 2, -1.0, [0.35841567239411465, 0.0315049188102932]
[0.35841567239411465, 0.0315049188102932], 2, -1.0, [0.3897318038172843, 0.031316131423169635]
[0.3897318038172843, 0.031316131423169635], 2, -1.0, [0.4210707042821286, 0.031338900464844346]
[0.4210707042821286, 0.031338900464844346], 2, -1.0, [0.4526527119610664, 0.031582007678937735]
[0.4526527119610664, 0.031582007678937735], 2, -1.0, [0.4847066324025864, 0.03205392044152003]
[0.4847066324025864, 0.03205392044152003], 2, -1.0, [0.5174695231371594, 0.03276289073457302]
