[-0.553230439816897, 0.0], 2, -1.0, [-0.552008494918235, 0.0012219448986620402]
[-0.552008494918235, 0.0012219448986620402], 2, -1.0, [-0.5495737349915822, 0.0024347599266527123]
[-0.5495737349915822, 0.0024347599266527123], 2, -1.0, [-0.5459443599688768, 0.0036293750227054554]
[-0.5459443599688768, 0.0036293750227054554], 2, -1.0, [-0.5411475185594509, 0.0047968414094258964]
[-0.5411475185594509, 0.0047968414094258964], 2, -1.0, [-0.5352191223675689, 0.005928396191881964]
[-0.5352191223675689, 0.005928396191881964], 2, -1.0, [-0.5282035912264897, 0.007015531141079124]
[-0.5282035912264897, 0.007015531141079124], 2, -1.0, [-0.5201535250666613, 0.008050066159828355]
[-0.5201535250666613, 0.008050066159828355], 2, -1.0, [-0.5111292978257622, 0.009024227240899118]
[-0.5111292978257622, 0.009024227240899118], 2, -1.0, [-0.5011985698575914, 0.009930727968170855]
[-0.5011985698575914, 0.009930727968170855], 2, -1.0, [-0.4904357170140199, 0.010762852843571499]
[-0.4904357170140199, 0.010762852843571499], 2, -1.0, [-0.4789211769989232, 0.011514540015096638]
[-0.4789211769989232, 0.011514540015096638], 2, -1.0, [-0.4667407165945067, 0.012180460404416487]
[-0.4667407165945067, 0.012180460404416487], 2, -1.0, [-0.4539846267432499, 0.01275608985125681]
[-0.4539846267432499, 0.01275608985125681], 2, -1.0, [-0.4407468559854765, 0.013237770757773363]
[-0.4407468559854765, 0.013237770757773363], 2, -1.0, [-0.4271240961239983, 0.0136227598614782]
[-0.4271240961239983, 0.0136227598614782], 1, -1.0, [-0.41421483692764977, 0.01290925919634857]
[-0.41421483692764977, 0.01290925919634857], 2, -1.0, [-0.40111131277042267, 0.013103524157227106]
[-0.40111131277042267, 0.013103524157227106], 2, -1.0, [-0.3879059095771687, 0.013205403193253954]
[-0.3879059095771687, 0.013205403193253954], 2, -1.0, [-0.37469032726457824, 0.013215582312590473]
[-0.37469032726457824, 0.013215582312590473], 2, -1.0, [-0.3615547813360656, 0.013135545928512606]
[-0.3615547813360656, 0.013135545928512606], 2, -1.0, [-0.34858725915093514, 0.012967522185130498]
[-0.34858725915093514, 0.012967522185130498], 2, -1.0, [-0.3358728442176735, 0.012714414933261666]
[-0.3358728442176735, 0.012714414933261666], 2, -1.0, [-0.3234931190685649, 0.012379725149108562]
[-0.3234931190685649, 0.012379725149108562], 2, -1.0, [-0.3115256540477482, 0.011967465020816734]
[-0.3115256540477482, 0.011967465020816734], 2, -1.0, [-0.30004358589967717, 0.011482068148071019]
[-0.30004358589967717, 0.011482068148071019], 2, -1.0, [-0.28911528659393776, 0.010928299305739388]
[-0.28911528659393776, 0.010928299305739388], 2, -1.0, [-0.27880411956270773, 0.01031116703123004]
[-0.27880411956270773, 0.01031116703123004], 2, -1.0, [-0.2691682776240302, 0.009635841938677527]
[-0.2691682776240302, 0.009635841938677527], 0, -1.0, [-0.26226069444101835, 0.006907583183011882]
[-0.26226069444101835, 0.006907583183011882], 2, -1.0, [-0.256118430071, 0.006142264370018366]
[-0.256118430071, 0.006142264370018366], 0, -1.0, [-0.25277380229732066, 0.0033446277736793456]
[-0.25277380229732066, 0.0033446277736793456], 0, -1.0, [-0.25224415304317066, 0.0005296492541500214]
[-0.25224415304317066, 0.0005296492541500214], 1, -1.0, [-0.25353221182963076, -0.0012880587864601211]
[-0.25353221182963076, -0.0012880587864601211], 0, -1.0, [-0.2576313327330177, -0.004099120903386946]
[-0.2576313327330177, -0.004099120903386946], 0, -1.0, [-0.2645201862663206, -0.006888853533302936]
[-0.2645201862663206, -0.006888853533302936], 0, -1.0, [-0.27416231881182185, -0.009642132545501244]
[-0.27416231881182185, -0.009642132545501244], 0, -1.0, [-0.2865054532862825, -0.012343134474460643]
[-0.2865054532862825, -0.012343134474460643], 0, -1.0, [-0.30148059754806505, -0.014975144261782525]
[-0.30148059754806505, -0.014975144261782525], 0, -1.0, [-0.3190010529898048, -0.017520455441739732]
[-0.3190010529898048, -0.017520455441739732], 0, -1.0, [-0.33896143941628415, -0.019960386426479352]
[-0.33896143941628415, -0.019960386426479352], 0, -1.0, [-0.3612368716029934, -0.022275432186709222]
[-0.3612368716029934, -0.022275432186709222], 0, -1.0, [-0.3856824350927219, -0.024445563489728487]
[-0.3856824350927219, -0.024445563489728487], 0, -1.0, [-0.41213311064338076, -0.02645067555065889]
[-0.41213311064338076, -0.02645067555065889], 0, -1.0, [-0.44040428525871267, -0.028271174615331882]
[-0.44040428525871267, -0.028271174615331882], 0, -1.0, [-0.4702929607682956, -0.029888675509582928]
[-0.4702929607682956, -0.029888675509582928], 0, -1.0, [-0.5015797280404274, -0.03128676727213186]
[-0.5015797280404274, -0.03128676727213186], 0, -1.0, [-0.5340315180940326, -0.03245179005360525]
[-0.5340315180940326, -0.03245179005360525], 0, -1.0, [-0.5674050753529141, -0.03337355725888148]
[-0.5674050753529141, -0.03337355725888148], 0, -1.0, [-0.6014510302665603, -0.03404595491364627]
[-0.6014510302665603, -0.03404595491364627], 0, -1.0, [-0.6359183872407101, -0.034467356974149765]
[-0.6359183872407101, -0.034467356974149765], 0, -1.0, [-0.6705591980102551, -0.03464081076954497]
[-0.6705591980102551, -0.03464081076954497], 0, -1.0, [-0.7051331672108974, -0.034573969200642214]
[-0.7051331672108974, -0.034573969200642214], 0, -1.0, [-0.739411939627365, -0.03427877241646759]
[-0.739411939627365, -0.03427877241646759], 0, -1.0, [-0.7731828469307395, -0.03377090730337451]
[-0.7731828469307395, -0.03377090730337451], 0, -1.0, [-0.8062519411378992, -0.03306909420715975]
[-0.8062519411378992, -0.03306909420715975], 0, -1.0, [-0.838446204984562, -0.03219426384666274]
[-0.838446204984562, -0.03219426384666274], 0, -1.0, [-0.86961489696261, -0.031168691978047905]
[-0.86961489696261, -0.031168691978047905], 0, -1.0, [-0.8996300523710532, -0.030015155408443274]
[-0.8996300523710532, -0.030015155408443274], 0, -1.0, [-0.9283862146275004, -0.02875616225644715]
[-0.9283862146275004, -0.02875616225644715], 0, -1.0, [-0.9557995091915678, -0.027413294564067412]
[-0.9557995091915678, -0.027413294564067412], 0, -1.0, [-0.9818061944613815, -0.026006685269813763]
[-0.9818061944613815, -0.026006685269813763], 0, -1.0, [-1.0063608309863745, -0.024554636524993068]
[-1.0063608309863745, -0.024554636524993068], 0, -1.0, [-1.029434204982607, -0.023073373996232598]
[-1.029434204982607, -0.023073373996232598], 0, -1.0, [-1.0510111279241272, -0.021576922941520162]
[-1.0510111279241272, -0.021576922941520162], 0, -1.0, [-1.0710882144767466, -0.020077086552619448]
[-1.0710882144767466, -0.020077086552619448], 0, -1.0, [-1.0896717193738008, -0.018583504897054275]
[-1.0896717193738008, -0.018583504897054275], 0, -1.0, [-1.1067754924432311, -0.017103773069430377]
[-1.1067754924432311, -0.017103773069430377], 0, -1.0, [-1.1224190915449788, -0.01564359910174753]
[-1.1224190915449788, -0.01564359910174753], 0, -1.0, [-1.1366260766202194, -0.014206985075240755]
[-1.1366260766202194, -0.014206985075240755], 0, -1.0, [-1.1494224947692966, -0.012796418149077256]
[-1.1494224947692966, -0.012796418149077256], 0, -1.0, [-1.1608355562314465, -0.011413061462149975]
[-1.1608355562314465, -0.011413061462149975], 0, -1.0, [-1.1708924940447674, -0.010056937813320791]
[-1.1708924940447674, -0.010056937813320791], 0, -1.0, [-1.1796195955922526, -0.008727101547485294]
[-1.1796195955922526, -0.008727101547485294], 0, -1.0, [-1.1870413917183789, -0.0074217961261263555]
[-1.1870413917183789, -0.0074217961261263555], 0, -1.0, [-1.193179988176792, -0.006138596458413009]
[-1.193179988176792, -0.006138596458413009], 0, -1.0, [-1.198054524440739, -0.0048745362639471615]
[-1.198054524440739, -0.0048745362639471615], 1, -1.0, [-1.2, 0.0]
[-1.2, 0.0], 1, -1.0, [-1.1977581039591645, 0.002241896040835368]
[-1.1977581039591645, 0.002241896040835368], 1, -1.0, [-1.193266922003125, 0.004491181956039541]
[-1.193266922003125, 0.004491181956039541], 0, -1.0, [-1.1875119564322518, 0.0057549655708730735]
[-1.1875119564322518, 0.0057549655708730735], 1, -1.0, [-1.179475231041034, 0.00803672539121781]
[-1.179475231041034, 0.00803672539121781], 2, -1.0, [-1.1681327815361016, 0.01134244950493243]
[-1.1681327815361016, 0.01134244950493243], 1, -1.0, [-1.1544530701094675, 0.013679711426634043]
[-1.1544530701094675, 0.013679711426634043], 2, -1.0, [-1.137401663088973, 0.017051407020494534]
[-1.137401663088973, 0.017051407020494534], 2, -1.0, [-1.1169412376021888, 0.02046042548678418]
[-1.1169412376021888, 0.02046042548678418], 2, -1.0, [-1.0930353348181874, 0.02390590278400141]
[-1.0930353348181874, 0.02390590278400141], 2, -1.0, [-1.0656530322112876, 0.027382302606899736]
[-1.0656530322112876, 0.027382302606899736], 2, -1.0, [-1.034774560429409, 0.03087847178187854]
[-1.034774560429409, 0.03087847178187854], 2, -1.0, [-1.0003978246669463, 0.03437673576246279]
[-1.0003978246669463, 0.03437673576246279], 2, -1.0, [-0.9625456883680877, 0.03785213629885858]
[-0.9625456883680877, 0.03785213629885858], 2, -1.0, [-0.9212737365295076, 0.04127195183858017]
[-0.9212737365295076, 0.04127195183858017], 2, -1.0, [-0.8766780623263233, 0.044595674203184325]
[-0.8766780623263233, 0.044595674203184325], 2, -1.0, [-0.8289024315227749, 0.04777563080354845]
[-0.8289024315227749, 0.04777563080354845], 2, -1.0, [-0.7781440063254716, 0.05075842519730321]
[-0.7781440063254716, 0.05075842519730321], 2, -1.0, [-0.7246567007112772, 0.05348730561419444]
[-0.7246567007112772, 0.05348730561419444], 2, -1.0, [-0.6687512474594792, 0.05590545325179796]
[-0.6687512474594792, 0.05590545325179796], 2, -1.0, [-0.6107912312732909, 0.0579600161861883]
[-0.6107912312732909, 0.0579600161861883], 2, -1.0, [-0.5511847036292888, 0.05960652764400211]
[-0.5511847036292888, 0.05960652764400211], 2, -1.0, [-0.49037151760907716, 0.060813186020211706]
[-0.49037151760907716, 0.060813186020211706], 2, -1.0, [-0.42880712352728934, 0.06156439408178785]
[-0.42880712352728934, 0.06156439408178785], 2, -1.0, [-0.36694412336015025, 0.06186300016713909]
[-0.36694412336015025, 0.06186300016713909], 2, -1.0, [-0.3052132585680974, 0.06173086479205285]
[-0.3052132585680974, 0.06173086479205285], 2, -1.0, [-0.24400560224700013, 0.061207656321097245]
[-0.24400560224700013, 0.061207656321097245], 2, -1.0, [-0.18365751577735276, 0.06034808646964737]
[-0.18365751577735276, 0.06034808646964737], 2, -1.0, [-0.12443946875993098, 0.05921804701742178]
[-0.12443946875993098, 0.05921804701742178], 2, -1.0, [-0.06654922731146473, 0.057890241448466245]
[-0.06654922731146473, 0.057890241448466245], 2, -1.0, [-0.010109327142516618, 0.056439900168948114]
[-0.010109327142516618, 0.056439900168948114], 2, -1.0, [0.04483172267138029, 0.05494104981389691]
[0.04483172267138029, 0.05494104981389691], 2, -1.0, [0.09829534960920869, 0.0534636269378284]
[0.09829534960920869, 0.0534636269378284], 2, -1.0, [0.15036688838139772, 0.052071538772189035]
[0.15036688838139772, 0.052071538772189035], 2, -1.0, [0.20118850763954285, 0.050821619258145136]
[0.20118850763954285, 0.050821619258145136], 2, -1.0, [0.2509518340795017, 0.04976332643995887]
[0.2509518340795017, 0.04976332643995887], 2, -1.0, [0.2998908118508118, 0.04893897777131009]
[0.2998908118508118, 0.04893897777131009], 2, -1.0, [0.3482751233097129, 0.048384311458901104]
[0.3482751233097129, 0.048384311458901104], 2, -1.0, [0.3964043023673567, 0.04812917905764378]
[0.3964043023673567, 0.04812917905764378], 2, -1.0, [0.444602505250797, 0.04819820288344029]
[0.444602505250797, 0.04819820288344029], 2, -1.0, [0.4932137664567159, 0.048611261205918896]
[0.4932137664567159, 0.048611261205918896], 2, -1.0, [0.5425974555583606, 0.04938368910164475]
