[-0.5248266826470593, 0.0], 2, -1.0, [-0.5238174733650217, 0.001009209282037649]
[-0.5238174733650217, 0.001009209282037649], 2, -1.0, [-0.5218066238498513, 0.0020108495151703954]
[-0.5218066238498513, 0.0020108495151703954], 2, -1.0, [-0.5188092154080388, 0.0029974084418124755]
[-0.5188092154080388, 0.0029974084418124755], 2, -1.0, [-0.5148477274316065, 0.003961487976432413]
[-0.5148477274316065, 0.003961487976432413], 2, -1.0, [-0.5099518647773542, 0.004895862654252273]
[-0.5099518647773542, 0.004895862654252273], 2, -1.0, [-0.5041583253639278, 0.005793539413426365]
[-0.5041583253639278, 0.005793539413426365], 2, -1.0, [-0.4975105066858682, 0.006647818678059596]
[-0.4975105066858682, 0.006647818678059596], 2, -1.0, [-0.49005815033512046, 0.00745235635074777]
[-0.49005815033512046, 0.00745235635074777], 2, -1.0, [-0.48185692440013156, 0.008201225934988881]
[-0.48185692440013156, 0.008201225934988881], 2, -1.0, [-0.47296794477504833, 0.008888979625083249]
[-0.47296794477504833, 0.008888979625083249], 2, -1.0, [-0.46345723791388405, 0.009510706861164278]
[-0.46345723791388405, 0.009510706861164278], 0, -1.0, [-0.4553951493280908, 0.008062088585793274]
[-0.4553951493280908, 0.008062088585793274], 0, -1.0, [-0.44884102617011756, 0.0065541231579731895]
[-0.44884102617011756, 0.0065541231579731895], 0, -1.0, [-0.4438428976871088, 0.004998128483008804]
[-0.4438428976871088, 0.004998128483008804], 0, -1.0, [-0.4404372471730438, 0.0034056505140650185]
[-0.4404372471730438, 0.0034056505140650185], 0, -1.0, [-0.4386488579956944, 0.0017883891773493416]
[-0.4386488579956944, 0.0017883891773493416], 0, -1.0, [-0.4384907188610817, 0.00015813913461273097]
[-0.4384907188610817, 0.00015813913461273097], 0, -1.0, [-0.43996397743394516, -0.001473258572863477]
[-0.43996397743394516, -0.001473258572863477], 0, -1.0, [-0.44305793634934376, -0.003093958915398582]
[-0.44305793634934376, -0.003093958915398582], 0, -1.0, [-0.44775009107962843, -0.00469215473028469]
[-0.44775009107962843, -0.00469215473028469], 0, -1.0, [-0.45400621459571894, -0.006256123516090492]
[-0.45400621459571894, -0.006256123516090492], 0, -1.0, [-0.46178049881333966, -0.007774284217620745]
[-0.46178049881333966, -0.007774284217620745], 0, -1.0, [-0.4710157669902848, -0.00923526817694513]
[-0.4710157669902848, -0.00923526817694513], 0, -1.0, [-0.4816437741215971, -0.010628007131312296]
[-0.4816437741215971, -0.010628007131312296], 0, -1.0, [-0.493585613607942, -0.0119418394863449]
[-0.493585613607942, -0.0119418394863449], 0, -1.0, [-0.5067522477825087, -0.013166634174566743]
[-0.5067522477825087, -0.013166634174566743], 0, -1.0, [-0.5210451771347688, -0.014292929352260165]
[-0.5210451771347688, -0.014292929352260165], 0, -1.0, [-0.5363572582881747, -0.01531208115340589]
[-0.5363572582881747, -0.01531208115340589], 0, -1.0, [-0.5525736741838249, -0.016216415895650156]
[-0.5525736741838249, -0.016216415895650156], 0, -1.0, [-0.5695730519011073, -0.016999377717282473]
[-0.5695730519011073, -0.016999377717282473], 0, -1.0, [-0.5872287147007834, -0.017655662799676085]
[-0.5872287147007834, -0.017655662799676085], 0, -1.0, [-0.6054100459393127, -0.018181331238529247]
[-0.6054100459393127, -0.018181331238529247], 0, -1.0, [-0.6239839342822988, -0.018573888342986174]
[-0.6239839342822988, -0.018573888342986174], 0, -1.0, [-0.6428162629313542, -0.018832328649055374]
[-0.6428162629313542, -0.018832328649055374], 1, -1.0, [-0.6607734010522722, -0.01795713812091808]
[-0.6607734010522722, -0.01795713812091808], 2, -1.0, [-0.6767305230647869, -0.015957122012514594]
[-0.6767305230647869, -0.015957122012514594], 2, -1.0, [-0.6905791297491584, -0.013848606684371507]
[-0.6905791297491584, -0.013848606684371507], 2, -1.0, [-0.7022271084680521, -0.011647978718893816]
[-0.7022271084680521, -0.011647978718893816], 2, -1.0, [-0.7115985817464201, -0.009371473278367997]
[-0.7115985817464201, -0.009371473278367997], 2, -1.0, [-0.7186336288538951, -0.007035047107475099]
[-0.7186336288538951, -0.007035047107475099], 2, -1.0, [-0.7232879595812383, -0.004654330727343073]
[-0.7232879595812383, -0.004654330727343073], 2, -1.0, [-0.7255326086949463, -0.002244649113707984]
[-0.7255326086949463, -0.002244649113707984], 2, -1.0, [-0.7253537049877822, 0.00017890370716416816]
[-0.7253537049877822, 0.00017890370716416816], 2, -1.0, [-0.7227523516677641, 0.0026013533200181433]
[-0.7227523516677641, 0.0026013533200181433], 2, -1.0, [-0.717744636088188, 0.005007715579576183]
[-0.717744636088188, 0.005007715579576183], 2, -1.0, [-0.7103617673773523, 0.007382868710835587]
[-0.7103617673773523, 0.007382868710835587], 2, -1.0, [-0.7006503211375917, 0.009711446239760654]
[-0.7006503211375917, 0.009711446239760654], 2, -1.0, [-0.6886725518162401, 0.01197776932135163]
[-0.6886725518162401, 0.01197776932135163], 2, -1.0, [-0.6745067164900778, 0.014165835326162323]
[-0.6745067164900778, 0.014165835326162323], 2, -1.0, [-0.6582473397245043, 0.01625937676557344]
[-0.6582473397245043, 0.01625937676557344], 2, -1.0, [-0.6400053391466821, 0.018242000577822222]
[-0.6400053391466821, 0.018242000577822222], 2, -1.0, [-0.6199079268143047, 0.02009741233237734]
[-0.6199079268143047, 0.02009741233237734], 2, -1.0, [-0.5980982037322886, 0.021809723082016154]
[-0.5980982037322886, 0.021809723082016154], 2, -1.0, [-0.5747343750312789, 0.023363828701009698]
[-0.5747343750312789, 0.023363828701009698], 2, -1.0, [-0.5499885318243323, 0.024745843206946574]
[-0.5499885318243323, 0.024745843206946574], 2, -1.0, [-0.5240449721371604, 0.025943559687171883]
[-0.5240449721371604, 0.025943559687171883], 2, -1.0, [-0.49709806597694645, 0.026946906160213963]
[-0.49709806597694645, 0.026946906160213963], 2, -1.0, [-0.46934970582995095, 0.027748360146995478]
[-0.46934970582995095, 0.027748360146995478], 2, -1.0, [-0.4410064199879113, 0.028343285842039663]
[-0.4410064199879113, 0.028343285842039663], 2, -1.0, [-0.41227625795138106, 0.028730162036530206]
[-0.41227625795138106, 0.028730162036530206], 2, -1.0, [-0.38336558076778837, 0.02891067718359271]
[-0.38336558076778837, 0.02891067718359271], 2, -1.0, [-0.35447590142441254, 0.028889679343375826]
[-0.35447590142441254, 0.028889679343375826], 2, -1.0, [-0.3258009196790036, 0.02867498174540897]
[-0.3258009196790036, 0.02867498174540897], 2, -1.0, [-0.2975238821020696, 0.028277037576934033]
[-0.2975238821020696, 0.028277037576934033], 2, -1.0, [-0.2698153735096922, 0.027708508592377407]
[-0.2698153735096922, 0.027708508592377407], 2, -1.0, [-0.2428316136547277, 0.02698375985496451]
[-0.2428316136547277, 0.02698375985496451], 2, -1.0, [-0.21671329705657613, 0.026118316598151562]
[-0.21671329705657613, 0.026118316598151562], 2, -1.0, [-0.19158497828473864, 0.02512831877183748]
[-0.19158497828473864, 0.02512831877183748], 2, -1.0, [-0.16755497339333097, 0.024030004891407664]
[-0.16755497339333097, 0.024030004891407664], 0, -1.0, [-0.14671572304293357, 0.020839250350397402]
[-0.14671572304293357, 0.020839250350397402], 0, -1.0, [-0.1291381951132419, 0.017577527929691656]
[-0.1291381951132419, 0.017577527929691656], 0, -1.0, [-0.11487538946417372, 0.014262805649068174]
[-0.11487538946417372, 0.014262805649068174], 0, -1.0, [-0.10396558835373902, 0.010909801110434703]
[-0.10396558835373902, 0.010909801110434703], 0, -1.0, [-0.09643517032469504, 0.007530418029043993]
[-0.09643517032469504, 0.007530418029043993], 0, -1.0, [-0.09230085788337933, 0.004134312441315711]
[-0.09230085788337933, 0.004134312441315711], 0, -1.0, [-0.09157131248708, 0.0007295453962993218]
[-0.09157131248708, 0.0007295453962993218], 0, -1.0, [-0.09424802418491787, -0.0026767116978378665]
[-0.09424802418491787, -0.0026767116978378665], 0, -1.0, [-0.10032546958518593, -0.006077445400268051]
[-0.10032546958518593, -0.006077445400268051], 0, -1.0, [-0.10979053369859836, -0.009465064113412427]
[-0.10979053369859836, -0.009465064113412427], 0, -1.0, [-0.12262121227453553, -0.012830678575937173]
[-0.12262121227453553, -0.012830678575937173], 0, -1.0, [-0.13878463524876983, -0.016163422974234308]
[-0.13878463524876983, -0.016163422974234308], 0, -1.0, [-0.15823448222491918, -0.019449846976149345]
[-0.15823448222491918, -0.019449846976149345], 0, -1.0, [-0.18090789997045484, -0.02267341774553567]
[-0.18090789997045484, -0.02267341774553567], 0, -1.0, [-0.20672208058966232, -0.025814180619207483]
[-0.20672208058966232, -0.025814180619207483], 0, -1.0, [-0.23557071584162917, -0.02884863525196684]
[-0.23557071584162917, -0.02884863525196684], 0, -1.0, [-0.2673206033597819, -0.031749887518152775]
[-0.2673206033597819, -0.031749887518152775], 0, -1.0, [-0.30180873601076863, -0.03448813265098672]
[-0.30180873601076863, -0.03448813265098672], 0, -1.0, [-0.33884024451956385, -0.037031508508795205]
[-0.33884024451956385, -0.037031508508795205], 0, -1.0, [-0.37818757174928136, -0.039347327229717524]
[-0.37818757174928136, -0.039347327229717524], 0, -1.0, [-0.4195912209934693, -0.041403649244187934]
[-0.4195912209934693, -0.041403649244187934], 0, -1.0, [-0.4627623308920526, -0.043171109898583304]
[-0.4627623308920526, -0.043171109898583304], 0, -1.0, [-0.5073871852899562, -0.0446248543979036]
[-0.5073871852899562, -0.0446248543979036], 0, -1.0, [-0.553133578688418, -0.045746393398461795]
[-0.553133578688418, -0.045746393398461795], 0, -1.0, [-0.5996587507875777, -0.04652517209915972]
[-0.5996587507875777, -0.04652517209915972], 0, -1.0, [-0.6466184103827488, -0.046959659595171094]
[-0.6466184103827488, -0.046959659595171094], 0, -1.0, [-0.693676225321035, -0.047057814938286244]
[-0.693676225321035, -0.047057814938286244], 0, -1.0, [-0.740513090221411, -0.046836864900376016]
[-0.740513090221411, -0.046836864900376016], 0, -1.0, [-0.7868355109111915, -0.046322420689780486]
[-0.7868355109111915, -0.046322420689780486], 0, -1.0, [-0.8323825584199721, -0.04554704750878061]
[-0.8323825584199721, -0.04554704750878061], 0, -1.0, [-0.876931022623737, -0.04454846420376491]
[-0.876931022623737, -0.04454846420376491], 0, -1.0, [-0.9202986021046431, -0.04336757948090604]
[-0.9202986021046431, -0.04336757948090604], 0, -1.0, [-0.9623451667475471, -0.042046564642904065]
[-0.9623451667475471, -0.042046564642904065], 0, -1.0, [-1.0029722941233659, -0.040627127375818854]
[-1.0029722941233659, -0.040627127375818854], 0, -1.0, [-1.0421213928162985, -0.03914909869293266]
[-1.0421213928162985, -0.03914909869293266], 0, -1.0, [-1.079770781386698, -0.037649388570399456]
[-1.079770781386698, -0.037649388570399456], 0, -1.0, [-1.1159320968839814, -0.03616131549728349]
[-1.1159320968839814, -0.03616131549728349], 0, -1.0, [-1.1506463742452724, -0.034714277361291034]
[-1.1506463742452724, -0.034714277361291034], 0, -1.0, [-1.1839800820582558, -0.03333370781298329]
[-1.1839800820582558, -0.03333370781298329], 0, -1.0, [-1.2, 0.0]
[-1.2, 0.0], 2, -1.0, [-1.1967581039591646, 0.003241896040835368]
[-1.1967581039591646, 0.003241896040835368], 2, -1.0, [-1.1902636585360942, 0.006494445423070332]
[-1.1902636585360942, 0.006494445423070332], 2, -1.0, [-1.1804959639787937, 0.009767694557300442]
[-1.1804959639787937, 0.009767694557300442], 2, -1.0, [-1.1674255149588486, 0.013070449019945182]
[-1.1674255149588486, 0.013070449019945182], 2, -1.0, [-1.1510159267200155, 0.016409588238833067]
[-1.1510159267200155, 0.016409588238833067], 2, -1.0, [-1.1312266168239755, 0.019789309896040046]
[-1.1312266168239755, 0.019789309896040046], 2, -1.0, [-1.108016322100852, 0.02321029472312345]
[-1.108016322100852, 0.02321029472312345], 2, -1.0, [-1.081347524946184, 0.02666879715466819]
[-1.081347524946184, 0.02666879715466819], 2, -1.0, [-1.0511918363028878, 0.03015568864329602]
[-1.0511918363028878, 0.03015568864329602], 2, -1.0, [-1.0175363271434712, 0.0336555091594167]
[-1.0175363271434712, 0.0336555091594167], 2, -1.0, [-0.9803907090723114, 0.03714561807115983]
[-0.9803907090723114, 0.03714561807115983], 2, -1.0, [-0.9397951336374217, 0.04059557543488971]
[-0.9397951336374217, 0.04059557543488971], 2, -1.0, [-0.8958282112564235, 0.043966922380998245]
[-0.8958282112564235, 0.043966922380998245], 2, -1.0, [-0.8486146572192776, 0.04721355403714586]
[-0.8486146572192776, 0.04721355403714586], 2, -1.0, [-0.7983317816221248, 0.05028287559715283]
[-0.7983317816221248, 0.05028287559715283], 2, -1.0, [-0.7452138959379592, 0.0531178856841656]
[-0.7452138959379592, 0.0531178856841656], 2, -1.0, [-0.6895536666604415, 0.0556602292775177]
[-0.6895536666604415, 0.0556602292775177], 2, -1.0, [-0.6316995610792892, 0.057854105581152386]
[-0.6316995610792892, 0.057854105581152386], 2, -1.0, [-0.5720488365336812, 0.05965072454560789]
[-0.5720488365336812, 0.05965072454560789], 2, -1.0, [-0.5110360146660762, 0.061012821867605024]
[-0.5110360146660762, 0.061012821867605024], 2, -1.0, [-0.44911739120176025, 0.061918623464315904]
[-0.44911739120176025, 0.061918623464315904], 1, -1.0, [-0.38775274139346727, 0.061364649808292995]
[-0.38775274139346727, 0.061364649808292995], 2, -1.0, [-0.3263789672475157, 0.06137377414595155]
[-0.3263789672475157, 0.06137377414595155], 2, -1.0, [-0.26539954095165597, 0.06097942629585973]
[-0.26539954095165597, 0.06097942629585973], 2, -1.0, [-0.20516868618070963, 0.060230854770946335]
[-0.20516868618070963, 0.060230854770946335], 2, -1.0, [-0.14597903482861013, 0.059189651352099505]
[-0.14597903482861013, 0.059189651352099505], 2, -1.0, [-0.08805345449177748, 0.057925580336832656]
[-0.08805345449177748, 0.057925580336832656], 1, -1.0, [-0.032541154328077734, 0.05551230016369975]
[-0.032541154328077734, 0.05551230016369975], 2, -1.0, [0.021483049303096892, 0.054024203631174626]
[0.021483049303096892, 0.054024203631174626], 1, -1.0, [0.07301244325314868, 0.05152939395005178]
[0.07301244325314868, 0.05152939395005178], 1, -1.0, [0.12210156950254228, 0.04908912624939361]
[0.12210156950254228, 0.04908912624939361], 2, -1.0, [0.16985655262330374, 0.047754983120761464]
[0.16985655262330374, 0.047754983120761464], 2, -1.0, [0.2164291494689105, 0.04657259684560677]
[0.2164291494689105, 0.04657259684560677], 2, -1.0, [0.26201045925713606, 0.04558130978822557]
[0.26201045925713606, 0.04558130978822557], 2, -1.0, [0.3068251218221672, 0.044814662565031124]
[0.3068251218221672, 0.044814662565031124], 2, -1.0, [0.35112617967051546, 0.04430105784834824]
[0.35112617967051546, 0.04430105784834824], 2, -1.0, [0.3951906435426294, 0.04406446387211394]
[0.3951906435426294, 0.04406446387211394], 2, -1.0, [0.4393156896714777, 0.04412504612884831]
[0.4393156896714777, 0.04412504612884831], 2, -1.0, [0.4838153267190011, 0.04449963704752339]
[0.4838153267190011, 0.04449963704752339], 1, -1.0, [0.5280172957650149, 0.04420196904601379]
