[-0.5652660179210205, 0.0], 2, -1.0, [-0.5639543268038234, 0.0013116911171970659]
[-0.5639543268038234, 0.0013116911171970659], 2, -1.0, [-0.5613407078818542, 0.0026136189219691584]
[-0.5613407078818542, 0.0026136189219691584], 2, -1.0, [-0.5574446288984753, 0.0038960789833788474]
[-0.5574446288984753, 0.0038960789833788474], 2, -1.0, [-0.552295141973742, 0.005149486924733433]
[-0.552295141973742, 0.005149486924733433], 2, -1.0, [-0.5459306980506042, 0.006364443923137786]
[-0.5459306980506042, 0.006364443923137786], 2, -1.0, [-0.5383988899751262, 0.007531808075478046]
[-0.5383988899751262, 0.007531808075478046], 2, -1.0, [-0.5297561175092327, 0.008642772465893463]
[-0.5297561175092327, 0.008642772465893463], 2, -1.0, [-0.5200671676051899, 0.009688949904042841]
[-0.5200671676051899, 0.009688949904042841], 2, -1.0, [-0.509404704265568, 0.010662463339621793]
[-0.509404704265568, 0.010662463339621793], 2, -1.0, [-0.4978486642921982, 0.01155603997336987]
[-0.4978486642921982, 0.01155603997336987], 2, -1.0, [-0.4854855581275211, 0.012363106164677102]
[-0.4854855581275211, 0.012363106164677102], 2, -1.0, [-0.47240767865677835, 0.01307787947074271]
[-0.47240767865677835, 0.01307787947074271], 2, -1.0, [-0.4587122250298674, 0.013695453626910936]
[-0.4587122250298674, 0.013695453626910936], 0, -1.0, [-0.4465003529675686, 0.012211872062298814]
[-0.4465003529675686, 0.012211872062298814], 0, -1.0, [-0.4358615771321714, 0.010638775835397253]
[-0.4358615771321714, 0.010638775835397253], 0, -1.0, [-0.42687325848266416, 0.00898831864950724]
[-0.42687325848266416, 0.00898831864950724], 0, -1.0, [-0.4196002433328925, 0.007273015149771686]
[-0.4196002433328925, 0.007273015149771686], 0, -1.0, [-0.4140946244370445, 0.005505618895848006]
[-0.4140946244370445, 0.005505618895848006], 0, -1.0, [-0.41039559401219966, 0.0036990304248448245]
[-0.41039559401219966, 0.0036990304248448245], 0, -1.0, [-0.4085293609954259, 0.0018662330167737336]
[-0.4085293609954259, 0.0018662330167737336], 0, -1.0, [-0.4085091095862767, 2.0251409149253316e-05]
[-0.4085091095862767, 2.0251409149253316e-05], 0, -1.0, [-0.41033498270827073, -0.0018258731219940815]
[-0.41033498270827073, -0.0018258731219940815], 0, -1.0, [-0.4139940818456473, -0.003659099137376528]
[-0.4139940818456473, -0.003659099137376528], 0, -1.0, [-0.41946048316163465, -0.005466401315987355]
[-0.41946048316163465, -0.005466401315987355], 0, -1.0, [-0.42669527826123, -0.00723479509959532]
[-0.42669527826123, -0.00723479509959532], 0, -1.0, [-0.4356466558045546, -0.008951377543324606]
[-0.4356466558045546, -0.008951377543324606], 0, -1.0, [-0.4462500467931989, -0.010603390988644308]
[-0.4462500467931989, -0.010603390988644308], 0, -1.0, [-0.45842836115143937, -0.012178314358240454]
[-0.45842836115143937, -0.012178314358240454], 0, -1.0, [-0.472092345668945, -0.013663984517505619]
[-0.472092345668945, -0.013663984517505619], 0, -1.0, [-0.48714109302205016, -0.015048747353105182]
[-0.48714109302205016, -0.015048747353105182], 0, -1.0, [-0.5034627281658294, -0.01632163514377925]
[-0.5034627281658294, -0.01632163514377925], 0, -1.0, [-0.5209352918329471, -0.017472563667117677]
[-0.5209352918329471, -0.017472563667117677], 0, -1.0, [-0.5394278314157352, -0.018492539582788146]
[-0.5394278314157352, -0.018492539582788146], 0, -1.0, [-0.558801697693628, -0.01937386627789271]
[-0.558801697693628, -0.01937386627789271], 0, -1.0, [-0.5789120325642337, -0.02011033487060577]
[-0.5789120325642337, -0.02011033487060577], 0, -1.0, [-0.5996094192708742, -0.02069738670664042]
[-0.5996094192708742, -0.02069738670664042], 0, -1.0, [-0.6207416538759418, -0.021132234605067655]
[-0.6207416538759418, -0.021132234605067655], 0, -1.0, [-0.6421555861974987, -0.021413932321556865]
[-0.6421555861974987, -0.021413932321556865], 0, -1.0, [-0.6636989712313244, -0.02154338503382572]
[-0.6636989712313244, -0.02154338503382572], 0, -1.0, [-0.6852222690221313, -0.021523297790806965]
[-0.6852222690221313, -0.021523297790806965], 0, -1.0, [-0.7065803323812399, -0.021358063359108552]
[-0.7065803323812399, -0.021358063359108552], 2, -1.0, [-0.7256339276312799, -0.01905359525004001]
[-0.7256339276312799, -0.01905359525004001], 2, -1.0, [-0.7422633454600426, -0.01662941782876275]
[-0.7422633454600426, -0.01662941782876275], 2, -1.0, [-0.7563678957843862, -0.01410455032434366]
[-0.7563678957843862, -0.01410455032434366], 2, -1.0, [-0.7678651407013493, -0.011497244916963058]
[-0.7678651407013493, -0.011497244916963058], 2, -1.0, [-0.7766900035332728, -0.008824862831923476]
[-0.7766900035332728, -0.008824862831923476], 2, -1.0, [-0.7827938793569255, -0.006103875823652704]
[-0.7827938793569255, -0.006103875823652704], 2, -1.0, [-0.7861438533414474, -0.003349973984521993]
[-0.7861438533414474, -0.003349973984521993], 2, -1.0, [-0.7867221101815577, -0.000578256840110212]
[-0.7867221101815577, -0.000578256840110212], 2, -1.0, [-0.7845255927427444, 0.002196517438813331]
[-0.7845255927427444, 0.002196517438813331], 2, -1.0, [-0.779565941907116, 0.004959650835628335]
[-0.779565941907116, 0.004959650835628335], 2, -1.0, [-0.7718697231449001, 0.007696218762215899]
[-0.7718697231449001, 0.007696218762215899], 2, -1.0, [-0.7614789188290061, 0.010390804315893998]
[-0.7614789188290061, 0.010390804315893998], 2, -1.0, [-0.7484516389912842, 0.01302727983772188]
[-0.7484516389912842, 0.01302727983772188], 2, -1.0, [-0.7328629775431998, 0.015588661448084346]
[-0.7328629775431998, 0.015588661448084346], 2, -1.0, [-0.7148059168729806, 0.018057060670219238]
[-0.7148059168729806, 0.018057060670219238], 2, -1.0, [-0.6943921627433525, 0.020413754129628068]
[-0.6943921627433525, 0.020413754129628068], 2, -1.0, [-0.6717527757763772, 0.022639386966975285]
[-0.6717527757763772, 0.022639386966975285], 2, -1.0, [-0.6470384582744719, 0.02471431750190518]
[-0.6470384582744719, 0.02471431750190518], 2, -1.0, [-0.6204193585956749, 0.026619099678797057]
[-0.6204193585956749, 0.026619099678797057], 2, -1.0, [-0.5920842722600063, 0.02833508633566856]
[-0.5920842722600063, 0.02833508633566856], 2, -1.0, [-0.5622391507488038, 0.0298451215112024]
[-0.5622391507488038, 0.0298451215112024], 2, -1.0, [-0.5311048750355919, 0.031134275713211954]
[-0.5311048750355919, 0.031134275713211954], 2, -1.0, [-0.49891430833416217, 0.0321905667014297]
[-0.49891430833416217, 0.0321905667014297], 2, -1.0, [-0.4659087059744713, 0.033005602359690835]
[-0.4659087059744713, 0.033005602359690835], 2, -1.0, [-0.43233362235987266, 0.03357508361459864]
[-0.43233362235987266, 0.03357508361459864], 2, -1.0, [-0.39843450739607106, 0.03389911496380158]
[-0.39843450739607106, 0.03389911496380158], 2, -1.0, [-0.3644522200398552, 0.03398228735621581]
[-0.3644522200398552, 0.03398228735621581], 2, -1.0, [-0.33061869933816895, 0.03383352070168625]
[-0.33061869933816895, 0.03383352070168625], 2, -1.0, [-0.29715302156190326, 0.03346567777626572]
[-0.29715302156190326, 0.03346567777626572], 2, -1.0, [-0.2642580376832948, 0.03289498387860845]
[-0.2642580376832948, 0.03289498387860845], 2, -1.0, [-0.23211773382870168, 0.032140303854593134]
[-0.23211773382870168, 0.032140303854593134], 2, -1.0, [-0.20089539604489803, 0.031222337783803664]
[-0.20089539604489803, 0.031222337783803664], 2, -1.0, [-0.17073259801903068, 0.030162798025867354]
[-0.17073259801903068, 0.030162798025867354], 2, -1.0, [-0.14174897371228834, 0.028983624306742346]
[-0.14174897371228834, 0.028983624306742346], 2, -1.0, [-0.11404269164171062, 0.027706282070577723]
[-0.11404269164171062, 0.027706282070577723], 2, -1.0, [-0.0876915166856786, 0.026351174956032015]
[-0.0876915166856786, 0.026351174956032015], 2, -1.0, [-0.0627543292416072, 0.024937187444071387]
[-0.0627543292416072, 0.024937187444071387], 2, -1.0, [-0.039272968806821365, 0.023481360434785836]
[-0.039272968806821365, 0.023481360434785836], 2, -1.0, [-0.01727427681627343, 0.021998691990547936]
[-0.01727427681627343, 0.021998691990547936], 1, -1.0, [0.0022277714302365997, 0.01950204824651003]
[0.0022277714302365997, 0.01950204824651003], 1, -1.0, [0.01922987550990119, 0.01700210407966459]
[0.01922987550990119, 0.01700210407966459], 0, -1.0, [0.03273613855218403, 0.013506263042282845]
[0.03273613855218403, 0.013506263042282845], 0, -1.0, [0.042754448023718104, 0.010018309471534073]
[0.042754448023718104, 0.010018309471534073], 0, -1.0, [0.04929329367464716, 0.006538845650929055]
[0.04929329367464716, 0.006538845650929055], 0, -1.0, [0.05235942512031582, 0.0030661314456686614]
[0.05235942512031582, 0.0030661314456686614], 0, -1.0, [0.05195633518367041, -0.0004030899366454085]
[0.05195633518367041, -0.0004030899366454085], 0, -1.0, [0.04808355274560189, -0.0038727824380685215]
[0.04808355274560189, -0.0038727824380685215], 0, -1.0, [0.040736735551873196, -0.007346817193728694]
[0.040736735551873196, -0.007346817193728694], 0, -1.0, [0.02990856430211653, -0.010828171249756668]
[0.02990856430211653, -0.010828171249756668], 0, -1.0, [0.015590449677696426, -0.014318114624420102]
[0.015590449677696426, -0.014318114624420102], 0, -1.0, [-0.002224930996305066, -0.017815380674001492]
[-0.002224930996305066, -0.017815380674001492], 0, -1.0, [-0.023540255979436518, -0.02131532498313145]
[-0.023540255979436518, -0.02131532498313145], 0, -1.0, [-0.04834934943700392, -0.024809093457567405]
[-0.04834934943700392, -0.024809093457567405], 0, -1.0, [-0.0766321902998538, -0.02828284086284988]
[-0.0766321902998538, -0.02828284086284988], 0, -1.0, [-0.10834925608597262, -0.03171706578611882]
[-0.10834925608597262, -0.03171706578611882], 0, -1.0, [-0.14343541055336445, -0.035086154467391835]
[-0.14343541055336445, -0.035086154467391835], 0, -1.0, [-0.18179366014080275, -0.03835824958743831]
[-0.18179366014080275, -0.03835824958743831], 0, -1.0, [-0.2232892340321986, -0.041495573891395854]
[-0.2232892340321986, -0.041495573891395854], 0, -1.0, [-0.26774456745900754, -0.04445533342680892]
[-0.26774456745900754, -0.04445533342680892], 0, -1.0, [-0.3149358592723781, -0.04719129181337056]
[-0.3149358592723781, -0.04719129181337056], 0, -1.0, [-0.36459189815015497, -0.04965603887777687]
[-0.36459189815015497, -0.04965603887777687], 0, -1.0, [-0.4163957731428001, -0.05180387499264509]
[-0.4163957731428001, -0.05180387499264509], 0, -1.0, [-0.4699898818343102, -0.05359410869151009]
[-0.4699898818343102, -0.05359410869151009], 0, -1.0, [-0.5249843262118408, -0.054994444377530566]
[-0.5249843262118408, -0.054994444377530566], 0, -1.0, [-0.5809683789896938, -0.05598405277785298]
[-0.5809683789896938, -0.05598405277785298], 0, -1.0, [-0.6375242808112296, -0.05655590182153576]
[-0.6375242808112296, -0.05655590182153576], 0, -1.0, [-0.694242279174208, -0.05671799836297847]
[-0.694242279174208, -0.05671799836297847], 0, -1.0, [-0.7507356245902258, -0.05649334541601783]
[-0.7507356245902258, -0.05649334541601783], 0, -1.0, [-0.8066542470038311, -0.05591862241360533]
[-0.8066542470038311, -0.05591862241360533], 0, -1.0, [-0.861696044438394, -0.055041797434562834]
[-0.861696044438394, -0.055041797434562834], 0, -1.0, [-0.9156150751685043, -0.05391903073011027]
[-0.9156150751685043, -0.05391903073011027], 0, -1.0, [-0.9682263715819561, -0.052611296413451886]
[-0.9682263715819561, -0.052611296413451886], 1, -1.0, [-1.0184075004778743, -0.050181128895918144]
[-1.0184075004778743, -0.050181128895918144], 0, -1.0, [-1.0670979483324772, -0.048690447854602935]
[-1.0670979483324772, -0.048690447854602935], 1, -1.0, [-1.1132928501542492, -0.04619490182177205]
[-1.1132928501542492, -0.04619490182177205], 1, -1.0, [-1.157036737782009, -0.04374388762775975]
[-1.157036737782009, -0.04374388762775975], 1, -1.0, [-1.1984151289977065, -0.04137839121569744]
[-1.1984151289977065, -0.04137839121569744], 1, -1.0, [-1.2, 0.0]
[-1.2, 0.0], 2, -1.0, [-1.1967581039591646, 0.003241896040835368]
[-1.1967581039591646, 0.003241896040835368], 2, -1.0, [-1.1902636585360942, 0.006494445423070332]
[-1.1902636585360942, 0.006494445423070332], 2, -1.0, [-1.1804959639787937, 0.009767694557300442]
[-1.1804959639787937, 0.009767694557300442], 2, -1.0, [-1.1674255149588486, 0.013070449019945182]
[-1.1674255149588486, 0.013070449019945182], 2, -1.0, [-1.1510159267200155, 0.016409588238833067]
[-1.1510159267200155, 0.016409588238833067], 2, -1.0, [-1.1312266168239755, 0.019789309896040046]
[-1.1312266168239755, 0.019789309896040046], 2, -1.0, [-1.108016322100852, 0.02321029472312345]
[-1.108016322100852, 0.02321029472312345], 2, -1.0, [-1.081347524946184, 0.02666879715466819]
[-1.081347524946184, 0.02666879715466819], 2, -1.0, [-1.0511918363028878, 0.03015568864329602]
[-1.0511918363028878, 0.03015568864329602], 2, -1.0, [-1.0175363271434712, 0.0336555091594167]
[-1.0175363271434712, 0.0336555091594167], 2, -1.0, [-0.9803907090723114, 0.03714561807115983]
[-0.9803907090723114, 0.03714561807115983], 2, -1.0, [-0.9397951336374217, 0.04059557543488971]
[-0.9397951336374217, 0.04059557543488971], 2, -1.0, [-0.8958282112564235, 0.043966922380998245]
[-0.8958282112564235, 0.043966922380998245], 1, -1.0, [-0.8496146572192776, 0.04621355403714586]
[-0.8496146572192776, 0.04621355403714586], 2, -1.0, [-0.8003275824757488, 0.04928707474352887]
[-0.8003275824757488, 0.04928707474352887], 2, -1.0, [-0.7481953648095883, 0.05213221766616049]
[-0.7481953648095883, 0.05213221766616049], 2, -1.0, [-0.693503267087163, 0.05469209772242519]
[-0.693503267087163, 0.05469209772242519], 2, -1.0, [-0.6365913514565833, 0.056911915630579776]
[-0.6365913514565833, 0.056911915630579776], 2, -1.0, [-0.577848127911112, 0.05874322354547131]
[-0.577848127911112, 0.05874322354547131], 2, -1.0, [-0.5176998279696033, 0.06014829994150864]
[-0.5176998279696033, 0.06014829994150864], 2, -1.0, [-0.4565957678260685, 0.061104060143534866]
[-0.4565957678260685, 0.061104060143534866], 0, -1.0, [-0.39699085303133563, 0.05960491479473285]
[-0.39699085303133563, 0.05960491479473285], 2, -1.0, [-0.3373128302439778, 0.05967802278735783]
[-0.3373128302439778, 0.05967802278735783], 2, -1.0, [-0.27796035282517406, 0.05935247741880373]
[-0.27796035282517406, 0.05935247741880373], 2, -1.0, [-0.2192878922307913, 0.05867246059438278]
[-0.2192878922307913, 0.05867246059438278], 2, -1.0, [-0.1615936822454313, 0.05769420998535999]
[-0.1615936822454313, 0.05769420998535999], 2, -1.0, [-0.10511141477443053, 0.056482267471000776]
[-0.10511141477443053, 0.056482267471000776], 2, -1.0, [-0.05000587923194994, 0.05510553554248059]
[-0.05000587923194994, 0.05510553554248059], 1, -1.0, [0.002627735205435862, 0.0526336144373858]
[0.002627735205435862, 0.0526336144373858], 1, -1.0, [0.05276142732358286, 0.050133692118147]
[0.05276142732358286, 0.050133692118147], 1, -1.0, [0.1004263715034383, 0.047664944179855444]
[0.1004263715034383, 0.047664944179855444], 0, -1.0, [0.14470392142450592, 0.044277549921067604]
[0.14470392142450592, 0.044277549921067604], 2, -1.0, [0.18771336135487146, 0.043009439930365545]
[0.18771336135487146, 0.043009439930365545], 2, -1.0, [0.22960884386668554, 0.04189548251181408]
[0.22960884386668554, 0.04189548251181408], 2, -1.0, [0.2705743452782977, 0.040965501411612204]
[0.2705743452782977, 0.040965501411612204], 2, -1.0, [0.31081922309665055, 0.04024487781835284]
[0.31081922309665055, 0.04024487781835284], 2, -1.0, [0.3505744457598519, 0.03975522266320134]
[0.3505744457598519, 0.03975522266320134], 0, -1.0, [0.38808947980559316, 0.03751503404574125]
[0.38808947980559316, 0.03751503404574125], 2, -1.0, [0.42561595738915997, 0.037526477583566795]
[0.42561595738915997, 0.037526477583566795], 2, -1.0, [0.4634181010509733, 0.03780214366181333]
[0.4634181010509733, 0.03780214366181333], 2, -1.0, [0.5017713376786799, 0.03835323662770659]
