[-0.5359501153906006, 0.0], 2, -1.0, [-0.5348575015386955, 0.0010926138519051047]
[-0.5348575015386955, 0.0010926138519051047], 2, -1.0, [-0.5326804632966896, 0.0021770382420058347]
[-0.5326804632966896, 0.0021770382420058347], 2, -1.0, [-0.5294353208232299, 0.0032451424734597453]
[-0.5294353208232299, 0.0032451424734597453], 2, -1.0, [-0.5251464064973125, 0.004288914325917411]
[-0.5251464064973125, 0.004288914325917411], 2, -1.0, [-0.5198458849813542, 0.005300521515958267]
[-0.5198458849813542, 0.005300521515958267], 2, -1.0, [-0.513573509550392, 0.006272375430962105]
[-0.513573509550392, 0.006272375430962105], 2, -1.0, [-0.5063763122798134, 0.007197197270578681]
[-0.5063763122798134, 0.007197197270578681], 2, -1.0, [-0.4983082260221734, 0.008068086257640012]
[-0.4983082260221734, 0.008068086257640012], 2, -1.0, [-0.4894296369571914, 0.00887858906498199]
[-0.4894296369571914, 0.00887858906498199], 2, -1.0, [-0.47980686786592797, 0.009622769091263403]
[-0.47980686786592797, 0.009622769091263403], 2, -1.0, [-0.4695115941102002, 0.010295273755727745]
[-0.4695115941102002, 0.010295273755727745], 2, -1.0, [-0.458620196493687, 0.010891397616513171]
[-0.458620196493687, 0.010891397616513171], 2, -1.0, [-0.4472130576016835, 0.011407138892003505]
[-0.4472130576016835, 0.011407138892003505], 2, -1.0, [-0.43537381068922926, 0.011839246912454261]
[-0.43537381068922926, 0.011839246912454261], 2, -1.0, [-0.4231885525209081, 0.012185258168321165]
[-0.4231885525209081, 0.012185258168321165], 0, -1.0, [-0.4127450335670833, 0.010443518953824804]
[-0.4127450335670833, 0.010443518953824804], 0, -1.0, [-0.4041176770913603, 0.008627356475723016]
[-0.4041176770913603, 0.008627356475723016], 0, -1.0, [-0.39736736284625723, 0.0067503142451030675]
[-0.39736736284625723, 0.0067503142451030675], 0, -1.0, [-0.39254131744813253, 0.0048260453981247104]
[-0.39254131744813253, 0.0048260453981247104], 0, -1.0, [-0.38967307368744114, 0.0028682437606914147]
[-0.38967307368744114, 0.0028682437606914147], 0, -1.0, [-0.3887824663000192, 0.0008906073874219234]
[-0.3887824663000192, 0.0008906073874219234], 0, -1.0, [-0.3898756394347864, -0.0010931731347672072]
[-0.3898756394347864, -0.0010931731347672072], 0, -1.0, [-0.39294505050040845, -0.0030694110656220323]
[-0.39294505050040845, -0.0030694110656220323], 0, -1.0, [-0.39796946554506984, -0.00502441504466138]
[-0.39796946554506984, -0.00502441504466138], 0, -1.0, [-0.4049139521114735, -0.006944486566403653]
[-0.4049139521114735, -0.006944486566403653], 0, -1.0, [-0.41372988590871007, -0.008815933797236547]
[-0.41372988590871007, -0.008815933797236547], 0, -1.0, [-0.4243549969450023, -0.010625111036292234]
[-0.4243549969450023, -0.010625111036292234], 0, -1.0, [-0.4367134882575061, -0.012358491312503833]
[-0.4367134882575061, -0.012358491312503833], 0, -1.0, [-0.4507162653576098, -0.014002777100103685]
[-0.4507162653576098, -0.014002777100103685], 0, -1.0, [-0.46626131633915036, -0.015545050981540591]
[-0.46626131633915036, -0.015545050981540591], 0, -1.0, [-0.4832342807558042, -0.016972964416653854]
[-0.4832342807558042, -0.016972964416653854], 0, -1.0, [-0.5015092395634185, -0.01827495880761433]
[-0.5015092395634185, -0.01827495880761433], 0, -1.0, [-0.5209497486593856, -0.01944050909596706]
[-0.5209497486593856, -0.01944050909596706], 0, -1.0, [-0.5414101252482674, -0.020460376588881828]
[-0.5414101252482674, -0.020460376588881828], 0, -1.0, [-0.5627369802743531, -0.02132685502608581]
[-0.5627369802743531, -0.02132685502608581], 0, -1.0, [-0.5847709727590955, -0.022033992484742346]
[-0.5847709727590955, -0.022033992484742346], 0, -1.0, [-0.607348744654665, -0.022577771895569514]
[-0.607348744654665, -0.022577771895569514], 0, -1.0, [-0.6303049795095703, -0.02295623485490525]
[-0.6303049795095703, -0.02295623485490525], 0, -1.0, [-0.653474516492321, -0.02316953698275072]
[-0.653474516492321, -0.02316953698275072], 0, -1.0, [-0.6766944444660806, -0.023219927973759637]
[-0.6766944444660806, -0.023219927973759637], 0, -1.0, [-0.6998060996531822, -0.023111655187101572]
[-0.6998060996531822, -0.023111655187101572], 0, -1.0, [-0.7226568951167149, -0.02285079546353272]
[-0.7226568951167149, -0.02285079546353272], 2, -1.0, [-0.7431019202806043, -0.020445025163889345]
[-0.7431019202806043, -0.020445025163889345], 2, -1.0, [-0.761017098855047, -0.017915178574442733]
[-0.761017098855047, -0.017915178574442733], 2, -1.0, [-0.7762984219409218, -0.015281323085874826]
[-0.7762984219409218, -0.015281323085874826], 2, -1.0, [-0.7888608894178033, -0.012562467476881445]
[-0.7888608894178033, -0.012562467476881445], 2, -1.0, [-0.798637321776885, -0.00977643235908162]
[-0.798637321776885, -0.00977643235908162], 2, -1.0, [-0.8055771885242939, -0.006939866747408993]
[-0.8055771885242939, -0.006939866747408993], 2, -1.0, [-0.8096455764411941, -0.004068387916900139]
[-0.8096455764411941, -0.004068387916900139], 2, -1.0, [-0.8108223944026437, -0.0011768179614496193]
[-0.8108223944026437, -0.0011768179614496193], 2, -1.0, [-0.8091018832794474, 0.001720511123196294]
[-0.8091018832794474, 0.001720511123196294], 2, -1.0, [-0.8044924709012522, 0.004609412378195207]
[-0.8044924709012522, 0.004609412378195207], 2, -1.0, [-0.7970169836063677, 0.007475487294884454]
[-0.7970169836063677, 0.007475487294884454], 2, -1.0, [-0.786713197521651, 0.010303786084716667]
[-0.786713197521651, 0.010303786084716667], 2, -1.0, [-0.7736346842370547, 0.013078513284596258]
[-0.7736346842370547, 0.013078513284596258], 2, -1.0, [-0.7578518770076539, 0.015782807229400852]
[-0.7578518770076539, 0.015782807229400852], 2, -1.0, [-0.7394532556172956, 0.018398621390358347]
[-0.7394532556172956, 0.018398621390358347], 2, -1.0, [-0.7185465219636405, 0.02090673365365507]
[-0.7185465219636405, 0.02090673365365507], 2, -1.0, [-0.6952596166047713, 0.02328690535886921]
[-0.6952596166047713, 0.02328690535886921], 2, -1.0, [-0.6697414121487224, 0.025518204456048906]
[-0.6697414121487224, 0.025518204456048906], 2, -1.0, [-0.6421619162228076, 0.02757949592591479]
[-0.6421619162228076, 0.02757949592591479], 2, -1.0, [-0.612711828505447, 0.029450087717360584]
[-0.612711828505447, 0.029450087717360584], 2, -1.0, [-0.5816013256528567, 0.031110502852590278]
[-0.5816013256528567, 0.031110502852590278], 2, -1.0, [-0.5490579956532488, 0.032543329999607955]
[-0.5490579956532488, 0.032543329999607955], 2, -1.0, [-0.5153239070960323, 0.033734088557216484]
[-0.5153239070960323, 0.033734088557216484], 2, -1.0, [-0.4806518736784304, 0.034672033417601895]
[-0.4806518736784304, 0.034672033417601895], 2, -1.0, [-0.4453010516202611, 0.03535082205816926]
[-0.4453010516202611, 0.03535082205816926], 2, -1.0, [-0.4095320772929865, 0.035768974327274626]
[-0.4095320772929865, 0.035768974327274626], 2, -1.0, [-0.37360200404847704, 0.035930073244509496]
[-0.37360200404847704, 0.035930073244509496], 2, -1.0, [-0.33775932283633003, 0.03584268121214698]
[-0.33775932283633003, 0.03584268121214698], 2, -1.0, [-0.30223934657614976, 0.03551997626018027]
[-0.30223934657614976, 0.03551997626018027], 2, -1.0, [-0.2672602042143184, 0.03497914236183135]
[-0.2672602042143184, 0.03497914236183135], 2, -1.0, [-0.2330196325330241, 0.034240571681294296]
[-0.2330196325330241, 0.034240571681294296], 2, -1.0, [-0.199692681159997, 0.03332695137302709]
[-0.199692681159997, 0.03332695137302709], 2, -1.0, [-0.1674303693866613, 0.03226231177333569]
[-0.1674303693866613, 0.03226231177333569], 2, -1.0, [-0.13635926222281516, 0.031071107163846146]
[-0.13635926222281516, 0.031071107163846146], 2, -1.0, [-0.10658187514798301, 0.029777387074832157]
[-0.10658187514798301, 0.029777387074832157], 2, -1.0, [-0.07817777658590078, 0.028404098562082224]
[-0.07817777658590078, 0.028404098562082224], 2, -1.0, [-0.0512052352646274, 0.02697254132127338]
[-0.0512052352646274, 0.02697254132127338], 2, -1.0, [-0.02570325467219021, 0.025501980592437187]
[-0.02570325467219021, 0.025501980592437187], 2, -1.0, [-0.001693845367089171, 0.02400940930510104]
[-0.001693845367089171, 0.02400940930510104], 2, -1.0, [0.020815596215453848, 0.02250944158254302]
[0.020815596215453848, 0.02250944158254302], 2, -1.0, [0.0418299107159169, 0.021014314500463052]
[0.0418299107159169, 0.021014314500463052], 2, -1.0, [0.061363883988820755, 0.019533973272903855]
[0.061363883988820755, 0.019533973272903855], 2, -1.0, [0.07944009993029753, 0.018076215941476778]
[0.07944009993029753, 0.018076215941476778], 2, -1.0, [0.09608697618789197, 0.016646876257594437]
[0.09608697618789197, 0.016646876257594437], 2, -1.0, [0.11133700315156772, 0.015250026963675754]
[0.11133700315156772, 0.015250026963675754], 2, -1.0, [0.12522519262195517, 0.013888189470387457]
[0.12522519262195517, 0.013888189470387457], 1, -1.0, [0.13678773218240953, 0.011562539560454348]
[0.13678773218240953, 0.011562539560454348], 1, -1.0, [0.1460578317708672, 0.009270099588457665]
[0.1460578317708672, 0.009270099588457665], 1, -1.0, [0.15306411102423106, 0.0070062792533638505]
[0.15306411102423106, 0.0070062792533638505], 0, -1.0, [0.1568293633590177, 0.003765252334786641]
[0.1568293633590177, 0.003765252334786641], 0, -1.0, [0.15736624786204892, 0.0005368845030312235]
[0.15736624786204892, 0.0005368845030312235], 0, -1.0, [0.15467659278220333, -0.002689655079845598]
[0.15467659278220333, -0.002689655079845598], 0, -1.0, [0.1487512971664583, -0.005925295615745048]
[0.1487512971664583, -0.005925295615745048], 0, -1.0, [0.1395708260294666, -0.009180471136991698]
[0.1395708260294666, -0.009180471136991698], 0, -1.0, [0.12710632193281038, -0.012464504096656216]
[0.12710632193281038, -0.012464504096656216], 0, -1.0, [0.11132138134485411, -0.015784940587956264]
[0.11132138134485411, -0.015784940587956264], 0, -1.0, [0.09217456485589119, -0.01914681648896292]
[0.09217456485589119, -0.01914681648896292], 0, -1.0, [0.06962272255195089, -0.022551842303940306]
[0.06962272255195089, -0.022551842303940306], 0, -1.0, [0.04362521467330957, -0.025997507878641316]
[0.04362521467330957, -0.025997507878641316], 0, -1.0, [0.014149086794102504, -0.029476127879207066]
[0.014149086794102504, -0.029476127879207066], 0, -1.0, [-0.01882478921085584, -0.032973876004958345]
[-0.01882478921085584, -0.032973876004958345], 0, -1.0, [-0.055294679582533444, -0.0364698903716776]
[-0.055294679582533444, -0.0364698903716776], 0, -1.0, [-0.09523025186542416, -0.03993557228289072]
[-0.09523025186542416, -0.03993557228289072], 0, -1.0, [-0.13856449217991956, -0.04333424031449541]
[-0.13856449217991956, -0.04333424031449541], 0, -1.0, [-0.18518582373870274, -0.04662133155878316]
[-0.18518582373870274, -0.04662133155878316], 2, -1.0, [-0.2329311716787337, -0.047745347940030956]
[-0.2329311716787337, -0.047745347940030956], 0, -1.0, [-0.28359056679225125, -0.050659395113517545]
[-0.28359056679225125, -0.050659395113517545], 0, -1.0, [-0.3368984698709032, -0.05330790307865198]
[-0.3368984698709032, -0.05330790307865198], 0, -1.0, [-0.39253455219409084, -0.05563608232318763]
[-0.39253455219409084, -0.05563608232318763], 0, -1.0, [-0.4501284830224173, -0.05759393082832648]
[-0.4501284830224173, -0.05759393082832648], 0, -1.0, [-0.5092689902986817, -0.05914050727626439]
[-0.5092689902986817, -0.05914050727626439], 0, -1.0, [-0.5695169378644304, -0.060247947565748694]
[-0.5695169378644304, -0.060247947565748694], 1, -1.0, [-0.6294215873761543, -0.05990464951172394]
[-0.6294215873761543, -0.05990464951172394], 1, -1.0, [-0.6885458306270315, -0.059124243250877145]
[-0.6885458306270315, -0.059124243250877145], 1, -1.0, [-0.7464828441890956, -0.057937013562064175]
[-0.7464828441890956, -0.057937013562064175], 0, -1.0, [-0.803870035268625, -0.05738719107952939]
[-0.803870035268625, -0.05738719107952939], 0, -1.0, [-0.8603942612466935, -0.0565242259780685]
[-0.8603942612466935, -0.0565242259780685], 1, -1.0, [-0.9148008939181475, -0.054406632671453965]
[-0.9148008939181475, -0.054406632671453965], 2, -1.0, [-0.9659021475080836, -0.05110125358993614]
[-0.9659021475080836, -0.05110125358993614], 0, -1.0, [-1.0155773838987017, -0.049675236390618174]
[-1.0155773838987017, -0.049675236390618174], 0, -1.0, [-1.0637638600006583, -0.04818647610195665]
[-1.0637638600006583, -0.04818647610195665], 0, -1.0, [-1.1104534229462735, -0.04668956294561531]
[-1.1104534229462735, -0.04668956294561531], 0, -1.0, [-1.155687865650567, -0.0452344427042935]
[-1.155687865650567, -0.0452344427042935], 0, -1.0, [-1.1995535577424137, -0.04386569209184684]
[-1.1995535577424137, -0.04386569209184684], 0, -1.0, [-1.2, 0.0]
[-1.2, 0.0], 2, -1.0, [-1.1967581039591646, 0.003241896040835368]
[-1.1967581039591646, 0.003241896040835368], 2, -1.0, [-1.1902636585360942, 0.006494445423070332]
[-1.1902636585360942, 0.006494445423070332], 2, -1.0, [-1.1804959639787937, 0.009767694557300442]
[-1.1804959639787937, 0.009767694557300442], 1, -1.0, [-1.1684255149588485, 0.012070449019945181]
[-1.1684255149588485, 0.012070449019945181], 2, -1.0, [-1.1530185840986826, 0.015406930860165802]
[-1.1530185840986826, 0.015406930860165802], 2, -1.0, [-1.1342365772711027, 0.018782006827579977]
[-1.1342365772711027, 0.018782006827579977], 2, -1.0, [-1.1120393149531562, 0.02219726231794643]
[-1.1120393149531562, 0.02219726231794643], 2, -1.0, [-1.0863892037810268, 0.025650111172129342]
[-1.0863892037810268, 0.025650111172129342], 2, -1.0, [-1.0572563525502436, 0.02913285123078315]
[-1.0572563525502436, 0.02913285123078315], 2, -1.0, [-1.0246246395022887, 0.032631713047955084]
[-1.0246246395022887, 0.032631713047955084], 2, -1.0, [-0.9884986565479147, 0.03612598295437393]
[-0.9884986565479147, 0.03612598295437393], 2, -1.0, [-0.9489113360806136, 0.0395873204673011]
[-0.9489113360806136, 0.0395873204673011], 2, -1.0, [-0.9059319075378319, 0.04297942854278168]
[-0.9059319075378319, 0.04297942854278168], 2, -1.0, [-0.8596736436853317, 0.046258263852500224]
[-0.8596736436853317, 0.046258263852500224], 2, -1.0, [-0.8103006642147408, 0.04937297947059099]
[-0.8103006642147408, 0.04937297947059099], 2, -1.0, [-0.7580329059965908, 0.052267758218149975]
[-0.7580329059965908, 0.052267758218149975], 2, -1.0, [-0.7031482978336807, 0.054884608162910034]
[-0.7031482978336807, 0.054884608162910034], 2, -1.0, [-0.6459812487046811, 0.057167049128999586]
[-0.6459812487046811, 0.057167049128999586], 2, -1.0, [-0.586916813512364, 0.05906443519231706]
[-0.586916813512364, 0.05906443519231706], 2, -1.0, [-0.5263803437343515, 0.06053646977801254]
[-0.5263803437343515, 0.06053646977801254], 2, -1.0, [-0.4648230124374327, 0.061557331296918816]
[-0.4648230124374327, 0.061557331296918816], 2, -1.0, [-0.40270421864307704, 0.06211879379435567]
[-0.40270421864307704, 0.06211879379435567], 2, -1.0, [-0.3404723863505832, 0.06223183229249382]
[-0.3404723863505832, 0.06223183229249382], 2, -1.0, [-0.27854594869186744, 0.06192643765871573]
[-0.27854594869186744, 0.06192643765871573], 2, -1.0, [-0.21729627281587052, 0.06124967587599692]
[-0.21729627281587052, 0.06124967587599692], 2, -1.0, [-0.15703394516965735, 0.06026232764621316]
[-0.15703394516965735, 0.06026232764621316], 2, -1.0, [-0.09799928937570707, 0.059034655793950286]
[-0.09799928937570707, 0.059034655793950286], 0, -1.0, [-0.042357366135506246, 0.05564192324020082]
[-0.042357366135506246, 0.05564192324020082], 2, -1.0, [0.011804714107062853, 0.0541620802425691]
[0.011804714107062853, 0.0541620802425691], 2, -1.0, [0.0644683618876383, 0.05266364778057544]
[0.0644683618876383, 0.05266364778057544], 2, -1.0, [0.11567862101153219, 0.05121025912389389]
[0.11567862101153219, 0.05121025912389389], 2, -1.0, [0.16553791768364245, 0.049859296672110275]
[0.16553791768364245, 0.049859296672110275], 2, -1.0, [0.21419921190428803, 0.04866129422064559]
[0.21419921190428803, 0.04866129422064559], 2, -1.0, [0.2618591517317609, 0.04765993982747288]
[0.2618591517317609, 0.04765993982747288], 2, -1.0, [0.30875164158079377, 0.04689248984903288]
[0.30875164158079377, 0.04689248984903288], 2, -1.0, [0.35514205165534096, 0.04639041007454717]
[0.35514205165534096, 0.04639041007454717], 2, -1.0, [0.40132213329962574, 0.04618008164428477]
[0.40132213329962574, 0.04618008164428477], 2, -1.0, [0.4476055697587309, 0.046283436459105175]
[0.4476055697587309, 0.046283436459105175], 2, -1.0, [0.4943239815152094, 0.04671841175647849]
[0.4943239815152094, 0.04671841175647849], 2, -1.0, [0.5418231144573104, 0.047499132942101]
