[-0.5898576426144272, 0.0], 2, -1.0, [-0.5883639671894381, 0.0014936754249891013]
[-0.5883639671894381, 0.0014936754249891013], 2, -1.0, [-0.5853876032339046, 0.0029763639555334667]
[-0.5853876032339046, 0.0029763639555334667], 2, -1.0, [-0.5809504724021176, 0.004437130831787019]
[-0.5809504724021176, 0.004437130831787019], 2, -1.0, [-0.5750853229298719, 0.005865149472245699]
[-0.5750853229298719, 0.005865149472245699], 2, -1.0, [-0.5678355579655295, 0.007249764964342419]
[-0.5678355579655295, 0.007249764964342419], 2, -1.0, [-0.5592549901509636, 0.008580567814565933]
[-0.5592549901509636, 0.008580567814565933], 2, -1.0, [-0.5494075104215281, 0.00984747972943545]
[-0.5494075104215281, 0.00984747972943545], 2, -1.0, [-0.5383666585212646, 0.011040851900263467]
[-0.5383666585212646, 0.011040851900263467], 2, -1.0, [-0.5262150837287694, 0.012151574792495339]
[-0.5262150837287694, 0.012151574792495339], 2, -1.0, [-0.5130438868267689, 0.013171196902000401]
[-0.5130438868267689, 0.013171196902000401], 2, -1.0, [-0.49895183836262974, 0.01409204846413921]
[-0.49895183836262974, 0.01409204846413921], 2, -1.0, [-0.48404447353528335, 0.014907364827346399]
[-0.48404447353528335, 0.014907364827346399], 2, -1.0, [-0.4684330702639122, 0.01561140327137117]
[-0.4684330702639122, 0.01561140327137117], 2, -1.0, [-0.45223352368010394, 0.016199546583808257]
[-0.45223352368010394, 0.016199546583808257], 2, -1.0, [-0.4355651368860863, 0.01666838679401768]
[-0.4355651368860863, 0.01666838679401768], 2, -1.0, [-0.4185493537503557, 0.017015783135730617]
[-0.4185493537503557, 0.017015783135730617], 2, -1.0, [-0.401308464210035, 0.017240889540320666]
[-0.401308464210035, 0.017240889540320666], 2, -1.0, [-0.3839643155516761, 0.01734414865835891]
[-0.3839643155516761, 0.01734414865835891], 2, -1.0, [-0.36663706413484964, 0.017327251416826443]
[-0.36663706413484964, 0.017327251416826443], 2, -1.0, [-0.34944400088207184, 0.017193063252777793]
[-0.34944400088207184, 0.017193063252777793], 2, -1.0, [-0.3324984806660216, 0.01694552021605025]
[-0.3324984806660216, 0.01694552021605025], 0, -1.0, [-0.3179089807548389, 0.014589499911182701]
[-0.3179089807548389, 0.014589499911182701], 0, -1.0, [-0.30576609960376994, 0.012142881151068975]
[-0.30576609960376994, 0.012142881151068975], 0, -1.0, [-0.29614313700488715, 0.009622962598882798]
[-0.29614313700488715, 0.009622962598882798], 0, -1.0, [-0.2890967536812508, 0.00704638332363631]
[-0.2890967536812508, 0.00704638332363631], 0, -1.0, [-0.28466760863067375, 0.00442914505057704]
[-0.28466760863067375, 0.00442914505057704], 0, -1.0, [-0.28288089013493883, 0.001786718495734892]
[-0.28288089013493883, 0.001786718495734892], 0, -1.0, [-0.2837466773210596, -0.0008657871861207696]
[-0.2837466773210596, -0.0008657871861207696], 0, -1.0, [-0.2872600920746477, -0.003513414753588059]
[-0.2872600920746477, -0.003513414753588059], 0, -1.0, [-0.2934012249929071, -0.0061411329182593875]
[-0.2934012249929071, -0.0061411329182593875], 0, -1.0, [-0.30213484328806467, -0.008733618295157581]
[-0.30213484328806467, -0.008733618295157581], 0, -1.0, [-0.3134099126167851, -0.0112750693287204]
[-0.3134099126167851, -0.0112750693287204], 0, -1.0, [-0.32715898815252137, -0.013749075535736285]
[-0.32715898815252137, -0.013749075535736285], 0, -1.0, [-0.3432975519996646, -0.016138563847143267]
[-0.3432975519996646, -0.016138563847143267], 0, -1.0, [-0.3617233930165761, -0.018425841016911457]
[-0.3617233930165761, -0.018425841016911457], 0, -1.0, [-0.3823161395466026, -0.02059274653002649]
[-0.3823161395466026, -0.02059274653002649], 0, -1.0, [-0.40493706334673185, -0.022620923800129256]
[-0.40493706334673185, -0.022620923800129256], 0, -1.0, [-0.42942927191295654, -0.024492208566224718]
[-0.42942927191295654, -0.024492208566224718], 0, -1.0, [-0.45561839446599883, -0.026189122553042277]
[-0.45561839446599883, -0.026189122553042277], 0, -1.0, [-0.48331384292102303, -0.027695448455024203]
[-0.48331384292102303, -0.027695448455024203], 0, -1.0, [-0.5123106934118419, -0.028996850490818814]
[-0.5123106934118419, -0.028996850490818814], 0, -1.0, [-0.5423921883387017, -0.030081494926859905]
[-0.5423921883387017, -0.030081494926859905], 0, -1.0, [-0.5733328073321519, -0.030940618993450096]
[-0.5733328073321519, -0.030940618993450096], 0, -1.0, [-0.6049018034761029, -0.03156899614395104]
[-0.6049018034761029, -0.03156899614395104], 0, -1.0, [-0.6368670550151042, -0.0319652515390013]
[-0.6368670550151042, -0.0319652515390013], 0, -1.0, [-0.6689990488137528, -0.032131993798648596]
[-0.6689990488137528, -0.032131993798648596], 0, -1.0, [-0.7010747949008056, -0.03207574608705274]
[-0.7010747949008056, -0.03207574608705274], 0, -1.0, [-0.7328814740016077, -0.03180667910080212]
[-0.7328814740016077, -0.03180667910080212], 0, -1.0, [-0.7642196416100486, -0.03133816760844085]
[-0.7642196416100486, -0.03133816760844085], 0, -1.0, [-0.7949058496203797, -0.030686208010331083]
[-0.7949058496203797, -0.030686208010331083], 0, -1.0, [-0.8247745944416979, -0.029868744821318228]
[-0.8247745944416979, -0.029868744821318228], 0, -1.0, [-0.85367955242857, -0.028904957986872093]
[-0.85367955242857, -0.028904957986872093], 0, -1.0, [-0.8814941131196046, -0.027814560691034555]
[-0.8814941131196046, -0.027814560691034555], 0, -1.0, [-0.9081112630979158, -0.026617149978311248]
[-0.9081112630979158, -0.026617149978311248], 2, -1.0, [-0.9314429049880869, -0.02333164189017116]
[-0.9314429049880869, -0.02333164189017116], 2, -1.0, [-0.9514237784156622, -0.019980873427575242]
[-0.9514237784156622, -0.019980873427575242], 2, -1.0, [-0.9680071358139416, -0.016583357398279385]
[-0.9680071358139416, -0.016583357398279385], 2, -1.0, [-0.9811607121357979, -0.013153576321856356]
[-0.9811607121357979, -0.013153576321856356], 2, -1.0, [-0.9908631879316161, -0.00970247579581818]
[-0.9908631879316161, -0.00970247579581818], 2, -1.0, [-0.997101281385584, -0.006238093453967851]
[-0.997101281385584, -0.006238093453967851], 2, -1.0, [-0.9998675551456588, -0.0027662737600748738]
[-0.9998675551456588, -0.0027662737600748738], 2, -1.0, [-0.9991589880392393, 0.0007085671064195613]
[-0.9991589880392393, 0.0007085671064195613], 2, -1.0, [-0.9949763376949867, 0.00418265034425263]
[-0.9949763376949867, 0.00418265034425263], 2, -1.0, [-0.9873243040241164, 0.00765203367087034]
[-0.9873243040241164, 0.00765203367087034], 2, -1.0, [-0.9762124911053205, 0.011111812918795894]
[-0.9762124911053205, 0.011111812918795894], 2, -1.0, [-0.9616571516654652, 0.014555339439855333]
[-0.9616571516654652, 0.014555339439855333], 2, -1.0, [-0.9436836795148126, 0.017973472150652623]
[-0.9436836795148126, 0.017973472150652623], 2, -1.0, [-0.9223297868494986, 0.021353892665314]
[-0.9223297868494986, 0.021353892665314], 2, -1.0, [-0.8976492620553106, 0.024680524794188]
[-0.8976492620553106, 0.024680524794188], 2, -1.0, [-0.8697161479827383, 0.027933114072572273]
[-0.8697161479827383, 0.027933114072572273], 2, -1.0, [-0.8386291117476522, 0.031087036235086178]
[-0.8386291117476522, 0.031087036235086178], 2, -1.0, [-0.804515699917612, 0.034113411830040255]
[-0.804515699917612, 0.034113411830040255], 2, -1.0, [-0.7675360972398616, 0.0369796026777504]
[-0.7675360972398616, 0.0369796026777504], 2, -1.0, [-0.7278859476385958, 0.03965014960126577]
[-0.7278859476385958, 0.03965014960126577], 2, -1.0, [-0.6857977716685307, 0.04208817597006514]
[-0.6857977716685307, 0.04208817597006514], 2, -1.0, [-0.6415405442489405, 0.04425722741959031]
[-0.6415405442489405, 0.04425722741959031], 2, -1.0, [-0.595417095134554, 0.04612344911438651]
[-0.595417095134554, 0.04612344911438651], 2, -1.0, [-0.5477591662951014, 0.04765792883945263]
[-0.5477591662951014, 0.04765792883945263], 2, -1.0, [-0.498920193142631, 0.04883897315247036]
[-0.498920193142631, 0.04883897315247036], 2, -1.0, [-0.44926614031677087, 0.04965405282586011]
[-0.44926614031677087, 0.04965405282586011], 2, -1.0, [-0.39916497320766964, 0.05010116710910121]
[-0.39916497320766964, 0.05010116710910121], 2, -1.0, [-0.3489755347182813, 0.05018943848938832]
[-0.3489755347182813, 0.05018943848938832], 2, -1.0, [-0.29903668280055623, 0.04993885191772508]
[-0.29903668280055623, 0.04993885191772508], 2, -1.0, [-0.2496575087483024, 0.04937917405225384]
[-0.2496575087483024, 0.04937917405225384], 2, -1.0, [-0.201109306817209, 0.048548201931093375]
[-0.201109306817209, 0.048548201931093375], 2, -1.0, [-0.15361973479318775, 0.04748957202402125]
[-0.15361973479318775, 0.04748957202402125], 2, -1.0, [-0.10736933958083471, 0.04625039521235304]
[-0.10736933958083471, 0.04625039521235304], 2, -1.0, [-0.06249036986170583, 0.04487896971912888]
[-0.06249036986170583, 0.04487896971912888], 2, -1.0, [-0.0190675968874765, 0.04342277297422933]
[-0.0190675968874765, 0.04342277297422933], 2, -1.0, [0.0228592651706337, 0.0419268620581102]
[0.0228592651706337, 0.0419268620581102], 2, -1.0, [0.06329200356775574, 0.040432738397122046]
[0.06329200356775574, 0.040432738397122046], 2, -1.0, [0.1022696728547517, 0.03897766928699596]
[0.1022696728547517, 0.03897766928699596], 2, -1.0, [0.13986408675129586, 0.037594413896544145]
[0.13986408675129586, 0.037594413896544145], 2, -1.0, [0.17617536283646495, 0.03631127608516911]
[0.17617536283646495, 0.03631127608516911], 2, -1.0, [0.21132776081048885, 0.03515239797402389]
[0.21132776081048885, 0.03515239797402389], 2, -1.0, [0.24546597284885646, 0.034138212038367616]
[0.24546597284885646, 0.034138212038367616], 2, -1.0, [0.2787519533805946, 0.03328598053173817]
[0.2787519533805946, 0.03328598053173817], 2, -1.0, [0.31136231844014095, 0.03261036505954636]
[0.31136231844014095, 0.03261036505954636], 2, -1.0, [0.343486301465535, 0.03212398302539403]
[0.343486301465535, 0.03212398302539403], 2, -1.0, [0.37532422105967966, 0.03183791959414469]
[0.37532422105967966, 0.03183791959414469], 2, -1.0, [0.4070863938775537, 0.03176217281787402]
[0.4070863938775537, 0.03176217281787402], 2, -1.0, [0.4389924092515875, 0.03190601537403381]
[0.4389924092515875, 0.03190601537403381], 2, -1.0, [0.47127066832936193, 0.032278259077774415]
[0.47127066832936193, 0.032278259077774415], 2, -1.0, [0.504158076589906, 0.03288740826054402]
