[-0.5159368602993887, 0.0], 1, -1.0, [-0.5159943196041006, -5.745930471185225e-05]
[-0.5159943196041006, -5.745930471185225e-05], 1, -1.0, [-0.516108807381726, -0.00011448777762546644]
[-0.516108807381726, -0.00011448777762546644], 0, -1.0, [-0.5172794651940207, -0.001170657812294597]
[-0.5172794651940207, -0.001170657812294597], 1, -1.0, [-0.5184975149954233, -0.001218049801402572]
[-0.5184975149954233, -0.001218049801402572], 0, -1.0, [-0.5207538227579342, -0.0022563077625109987]
[-0.5207538227579342, -0.0022563077625109987], 0, -1.0, [-0.5240314674077025, -0.003277644649768172]
[-0.5240314674077025, -0.003277644649768172], 1, -1.0, [-0.5273058668698115, -0.003274399462109002]
[-0.5273058668698115, -0.003274399462109002], 0, -1.0, [-0.5315524637205096, -0.00424659685069808]
[-0.5315524637205096, -0.00424659685069808], 0, -1.0, [-0.5367394135706742, -0.00518694985016468]
[-0.5367394135706742, -0.00518694985016468], 1, -1.0, [-0.5418278341611857, -0.005088420590511552]
[-0.5418278341611857, -0.005088420590511552], 0, -1.0, [-0.5477796049490509, -0.005951770787865137]
[-0.5477796049490509, -0.005951770787865137], 0, -1.0, [-0.5545501785368137, -0.006770573587762775]
[-0.5545501785368137, -0.006770573587762775], 0, -1.0, [-0.5620889500337991, -0.007538771496985501]
[-0.5620889500337991, -0.007538771496985501], 1, -1.0, [-0.5693396863031022, -0.007250736269303043]
[-0.5693396863031022, -0.007250736269303043], 0, -1.0, [-0.5772484413600785, -0.00790875505697631]
[-0.5772484413600785, -0.00790875505697631], 0, -1.0, [-0.5857565588901925, -0.008508117530114049]
[-0.5857565588901925, -0.008508117530114049], 0, -1.0, [-0.5948011900644192, -0.009044631174226754]
[-0.5948011900644192, -0.009044631174226754], 2, -1.0, [-0.6023158549099074, -0.007514664845488075]
[-0.6023158549099074, -0.007514664845488075], 0, -1.0, [-0.6102456136894756, -0.007929758779568212]
[-0.6102456136894756, -0.007929758779568212], 1, -1.0, [-0.6175328148064753, -0.0072872011169996115]
[-0.6175328148064753, -0.0072872011169996115], 0, -1.0, [-0.6251247980889245, -0.007591983282449221]
[-0.6251247980889245, -0.007591983282449221], 0, -1.0, [-0.6329670546477865, -0.00784225655886195]
[-0.6329670546477865, -0.00784225655886195], 1, -1.0, [-0.6400036873485496, -0.007036632700763106]
[-0.6400036873485496, -0.007036632700763106], 2, -1.0, [-0.645184919935485, -0.0051812325869353875]
[-0.645184919935485, -0.0051812325869353875], 0, -1.0, [-0.6504743434459191, -0.005289423510434209]
[-0.6504743434459191, -0.005289423510434209], 0, -1.0, [-0.6558350109714752, -0.0053606675255560435]
[-0.6558350109714752, -0.0053606675255560435], 1, -1.0, [-0.6602297166066287, -0.00439470563515347]
[-0.6602297166066287, -0.00439470563515347], 2, -1.0, [-0.6626281446631328, -0.002398428056504198]
[-0.6626281446631328, -0.002398428056504198], 1, -1.0, [-0.6640138229421938, -0.001385678279061018]
[-0.6640138229421938, -0.001385678279061018], 2, -1.0, [-0.6633772585660235, 0.0006365643761702987]
[-0.6633772585660235, 0.0006365643761702987], 2, -1.0, [-0.6607228102678326, 0.0026544482981908056]
[-0.6607228102678326, 0.0026544482981908056], 2, -1.0, [-0.6560686936258363, 0.004654116641996286]
[-0.6560686936258363, 0.004654116641996286], 2, -1.0, [-0.649446998823537, 0.006621694802299305]
[-0.649446998823537, 0.006621694802299305], 2, -1.0, [-0.6409037060832639, 0.00854329274027305]
[-0.6409037060832639, 0.00854329274027305], 2, -1.0, [-0.6304986736415027, 0.010405032441761195]
[-0.6304986736415027, 0.010405032441761195], 2, -1.0, [-0.6183055645547162, 0.012193109086786466]
[-0.6183055645547162, 0.012193109086786466], 2, -1.0, [-0.6044116724868128, 0.013893892067903372]
[-0.6044116724868128, 0.013893892067903372], 2, -1.0, [-0.5889176036436646, 0.015494068843148162]
[-0.5889176036436646, 0.015494068843148162], 2, -1.0, [-0.5719367727937235, 0.01698083084994121]
[-0.5719367727937235, 0.01698083084994121], 2, -1.0, [-0.5535946762576481, 0.018342096536075294]
[-0.5535946762576481, 0.018342096536075294], 2, -1.0, [-0.5340279139692162, 0.019566762288431898]
[-0.5340279139692162, 0.019566762288431898], 2, -1.0, [-0.5133829459037629, 0.020644968065453368]
[-0.5133829459037629, 0.020644968065453368], 2, -1.0, [-0.4918145845673219, 0.021568361336440973]
[-0.4918145845673219, 0.021568361336440973], 2, -1.0, [-0.4694842435959674, 0.022330340971354508]
[-0.4694842435959674, 0.022330340971354508], 2, -1.0, [-0.44655798119684487, 0.02292626239912252]
[-0.44655798119684487, 0.02292626239912252], 2, -1.0, [-0.4232043943140161, 0.023353586882828778]
[-0.4232043943140161, 0.023353586882828778], 2, -1.0, [-0.3995924331813204, 0.02361196113269569]
[-0.3995924331813204, 0.02361196113269569], 2, -1.0, [-0.3758892147684908, 0.023703218412829578]
[-0.3758892147684908, 0.023703218412829578], 2, -1.0, [-0.3522579164967826, 0.023631298271708193]
[-0.3522579164967826, 0.023631298271708193], 2, -1.0, [-0.3288558281501751, 0.02340208834660753]
[-0.3288558281501751, 0.02340208834660753], 2, -1.0, [-0.30583263054042814, 0.02302319760974695]
[-0.30583263054042814, 0.02302319760974695], 2, -1.0, [-0.2833289552798421, 0.022503675260586053]
[-0.2833289552798421, 0.022503675260586053], 2, -1.0, [-0.2614752625524197, 0.021853692727422408]
[-0.2614752625524197, 0.021853692727422408], 2, -1.0, [-0.2403910548756675, 0.021084207676752193]
[-0.2403910548756675, 0.021084207676752193], 2, -1.0, [-0.22018442631187735, 0.02020662856379016]
[-0.22018442631187735, 0.02020662856379016], 2, -1.0, [-0.20095192996298755, 0.019232496348889808]
[-0.20095192996298755, 0.019232496348889808], 2, -1.0, [-0.18277873299237338, 0.018173196970614182]
[-0.18277873299237338, 0.018173196970614182], 2, -1.0, [-0.16573901849478687, 0.017039714497586504]
[-0.16573901849478687, 0.017039714497586504], 2, -1.0, [-0.14989658743845452, 0.01584243105633233]
[-0.14989658743845452, 0.01584243105633233], 2, -1.0, [-0.13530561138641684, 0.01459097605203769]
[-0.13530561138641684, 0.01459097605203769], 2, -1.0, [-0.12201148723704347, 0.013294124149373362]
[-0.12201148723704347, 0.013294124149373362], 2, -1.0, [-0.11005174811528148, 0.011959739121761983]
[-0.11005174811528148, 0.011959739121761983], 2, -1.0, [-0.09945698905922057, 0.010594759056060912]
[-0.09945698905922057, 0.010594759056060912], 2, -1.0, [-0.09025177158670505, 0.009205217472515514]
[-0.09025177158670505, 0.009205217472515514], 2, -1.0, [-0.08245547700238481, 0.007796294584320246]
[-0.08245547700238481, 0.007796294584320246], 0, -1.0, [-0.07808308395886267, 0.004372393043522151]
[-0.07808308395886267, 0.004372393043522151], 2, -1.0, [-0.07514241309955316, 0.0029406708593095084]
[-0.07514241309955316, 0.0029406708593095084], 0, -1.0, [-0.07563848898599343, -0.0004960758864402683]
[-0.07563848898599343, -0.0004960758864402683], 0, -1.0, [-0.07957047728793266, -0.003931988301939238]
[-0.07957047728793266, -0.003931988301939238], 0, -1.0, [-0.08693157425084462, -0.007361096962911961]
[-0.08693157425084462, -0.007361096962911961], 2, -1.0, [-0.09570813462679124, -0.008776560375946627]
[-0.09570813462679124, -0.008776560375946627], 0, -1.0, [-0.10788235049175379, -0.012174215864962552]
[-0.10788235049175379, -0.012174215864962552], 0, -1.0, [-0.12342677102499369, -0.015544420533239895]
[-0.12342677102499369, -0.015544420533239895], 2, -1.0, [-0.14030175641684522, -0.016874985391851546]
[-0.14030175641684522, -0.016874985391851546], 0, -1.0, [-0.16045854039174465, -0.020156783974899423]
[-0.16045854039174465, -0.020156783974899423], 0, -1.0, [-0.1838312214929502, -0.023372681101205547]
[-0.1838312214929502, -0.023372681101205547], 1, -1.0, [-0.20933325972414865, -0.02550203823119846]
[-0.20933325972414865, -0.02550203823119846], 0, -1.0, [-0.2378583087321728, -0.028525049008024158]
[-0.2378583087321728, -0.028525049008024158], 0, -1.0, [-0.26927342468361215, -0.031415115951439324]
[-0.26927342468361215, -0.031415115951439324], 1, -1.0, [-0.3024162294882429, -0.033142804804630784]
[-0.3024162294882429, -0.033142804804630784], 0, -1.0, [-0.338098823279263, -0.03568259379102009]
[-0.338098823279263, -0.03568259379102009], 1, -1.0, [-0.3751019606605719, -0.03700313738130887]
[-0.3751019606605719, -0.03700313738130887], 0, -1.0, [-0.41418234931496073, -0.03908038865438886]
[-0.41418234931496073, -0.03908038865438886], 0, -1.0, [-0.4550687036601035, -0.04088635434514276]
[-0.4550687036601035, -0.04088635434514276], 1, -1.0, [-0.4964654204594736, -0.04139671679937013]
[-0.4964654204594736, -0.04139671679937013], 0, -1.0, [-0.5390654127658078, -0.042599992306334156]
[-0.5390654127658078, -0.042599992306334156], 0, -1.0, [-0.5825494469125603, -0.04348403414675255]
[-0.5825494469125603, -0.04348403414675255], 0, -1.0, [-0.6265936521462143, -0.04404420523365401]
[-0.6265936521462143, -0.04404420523365401], 0, -1.0, [-0.6708776286096702, -0.04428397646345583]
[-0.6708776286096702, -0.04428397646345583], 0, -1.0, [-0.7150926041340341, -0.044214975524363945]
[-0.7150926041340341, -0.044214975524363945], 0, -1.0, [-0.7589490806976253, -0.04385647656359126]
[-0.7589490806976253, -0.04385647656359126], 0, -1.0, [-0.802183472609298, -0.04323439191167262]
[-0.802183472609298, -0.04323439191167262], 0, -1.0, [-0.8445633584460175, -0.042379885836719526]
[-0.8445633584460175, -0.042379885836719526], 0, -1.0, [-0.8858911248858717, -0.04132776643985428]
[-0.8858911248858717, -0.04132776643985428], 0, -1.0, [-0.9260059456417886, -0.04011482075591691]
[-0.9260059456417886, -0.04011482075591691], 0, -1.0, [-0.9647841875714376, -0.038778241929649]
[-0.9647841875714376, -0.038778241929649], 0, -1.0, [-1.0021384506432363, -0.037354263071798705]
[-1.0021384506432363, -0.037354263071798705], 0, -1.0, [-1.0380155200836745, -0.035877069440438274]
[-1.0380155200836745, -0.035877069440438274], 0, -1.0, [-1.0723935379482123, -0.03437801786453777]
[-1.0723935379482123, -0.03437801786453777], 0, -1.0, [-1.1052786943375945, -0.03288515638938216]
[-1.1052786943375945, -0.03288515638938216], 0, -1.0, [-1.1367017057715811, -0.031423011433986556]
[-1.1367017057715811, -0.031423011433986556], 0, -1.0, [-1.166714300699046, -0.030012594927464862]
[-1.166714300699046, -0.030012594927464862], 0, -1.0, [-1.1953858792513348, -0.028671578552288877]
[-1.1953858792513348, -0.028671578552288877], 0, -1.0, [-1.2, 0.0]
[-1.2, 0.0], 2, -1.0, [-1.1967581039591646, 0.003241896040835368]
[-1.1967581039591646, 0.003241896040835368], 2, -1.0, [-1.1902636585360942, 0.006494445423070332]
[-1.1902636585360942, 0.006494445423070332], 2, -1.0, [-1.1804959639787937, 0.009767694557300442]
[-1.1804959639787937, 0.009767694557300442], 1, -1.0, [-1.1684255149588485, 0.012070449019945181]
[-1.1684255149588485, 0.012070449019945181], 2, -1.0, [-1.1530185840986826, 0.015406930860165802]
[-1.1530185840986826, 0.015406930860165802], 1, -1.0, [-1.1352365772711026, 0.01778200682757998]
[-1.1352365772711026, 0.01778200682757998], 2, -1.0, [-1.1140412620183269, 0.02119531525277567]
[-1.1140412620183269, 0.02119531525277567], 2, -1.0, [-1.0893960444658624, 0.024645217552464578]
[-1.0893960444658624, 0.024645217552464578], 2, -1.0, [-1.0612708331922802, 0.028125211273582227]
[-1.0612708331922802, 0.028125211273582227], 2, -1.0, [-1.0296478497319865, 0.03162298346029372]
[-1.0296478497319865, 0.03162298346029372], 2, -1.0, [-0.994528330381635, 0.035119519350351465]
[-0.994528330381635, 0.035119519350351465], 2, -1.0, [-0.9559399541826382, 0.0385883761989968]
[-0.9559399541826382, 0.0385883761989968], 2, -1.0, [-0.9139446836895115, 0.04199527049312671]
[-0.9139446836895115, 0.04199527049312671], 0, -1.0, [-0.8706465257669558, 0.04329815792255572]
[-0.8706465257669558, 0.04329815792255572], 2, -1.0, [-0.82419091184417, 0.046455613922785764]
[-0.82419091184417, 0.046455613922785764], 2, -1.0, [-0.7747742231551795, 0.04941668868899053]
[-0.7747742231551795, 0.04941668868899053], 2, -1.0, [-0.7226469977105899, 0.05212722544458963]
[-0.7226469977105899, 0.05212722544458963], 2, -1.0, [-0.6681140633502782, 0.05453293436031165]
[-0.6681140633502782, 0.05453293436031165], 1, -1.0, [-0.612530900881862, 0.055583162468416256]
[-0.612530900881862, 0.055583162468416256], 2, -1.0, [-0.5552886321297125, 0.05724226875214953]
[-0.5552886321297125, 0.05724226875214953], 2, -1.0, [-0.49680904731680686, 0.058479584812905605]
[-0.49680904731680686, 0.058479584812905605], 2, -1.0, [-0.43753016923539534, 0.059278878081411496]
[-0.43753016923539534, 0.059278878081411496], 2, -1.0, [-0.37788965680545583, 0.059640512429939514]
[-0.37788965680545583, 0.059640512429939514], 1, -1.0, [-0.31930749108077594, 0.0585821657246799]
[-0.31930749108077594, 0.0585821657246799], 2, -1.0, [-0.26116337695500014, 0.058144114125775796]
[-0.26116337695500014, 0.058144114125775796], 2, -1.0, [-0.20379039951914543, 0.057372977435854705]
[-0.20379039951914543, 0.057372977435854705], 2, -1.0, [-0.14746457641457, 0.056325823104575436]
[-0.14746457641457, 0.056325823104575436], 2, -1.0, [-0.09239807703088226, 0.05506649938368773]
[-0.09239807703088226, 0.05506649938368773], 2, -1.0, [-0.0387361452584566, 0.05366193177242566]
[-0.0387361452584566, 0.05366193177242566], 2, -1.0, [0.013442648026446471, 0.052178793284903074]
[0.013442648026446471, 0.052178793284903074], 2, -1.0, [0.0641234739646866, 0.050680825938240116]
[0.0641234739646866, 0.050680825938240116], 2, -1.0, [0.1133504153994605, 0.0492269414347739]
[0.1133504153994605, 0.0492269414347739], 2, -1.0, [0.16122051289837253, 0.047870097498912016]
[0.16122051289837253, 0.047870097498912016], 2, -1.0, [0.20787736500145124, 0.04665685210307872]
[0.20787736500145124, 0.04665685210307872], 2, -1.0, [0.25350481030949046, 0.045627445308039215]
[0.25350481030949046, 0.045627445308039215], 2, -1.0, [0.29832105183665997, 0.04481624152716951]
[0.29832105183665997, 0.04481624152716951], 2, -1.0, [0.34257342445789896, 0.04425237262123896]
[0.34257342445789896, 0.04425237262123896], 2, -1.0, [0.3865338672971036, 0.04396044283920466]
[0.3865338672971036, 0.04396044283920466], 2, -1.0, [0.4304950482604848, 0.04396118096338118]
[0.4304950482604848, 0.04396118096338118], 2, -1.0, [0.4747669952469079, 0.044271946986423144]
[0.4747669952469079, 0.044271946986423144], 2, -1.0, [0.5196740124422867, 0.04490701719537877]
