[-0.46771575733920734, 0.0], 0, -1.0, [-0.4691329194088863, -0.0014171620696789736]
[-0.4691329194088863, -0.0014171620696789736], 0, -1.0, [-0.47195676011108295, -0.0028238407021966305]
[-0.47195676011108295, -0.0028238407021966305], 0, -1.0, [-0.47616636839308063, -0.004209608281997667]
[-0.47616636839308063, -0.004209608281997667], 0, -1.0, [-0.48173052040016323, -0.005564152007082627]
[-0.48173052040016323, -0.005564152007082627], 0, -1.0, [-0.4886078593011491, -0.00687733890098584]
[-0.4886078593011491, -0.00687733890098584], 0, -1.0, [-0.4967471483715479, -0.008139289070398814]
[-0.4967471483715479, -0.008139289070398814], 0, -1.0, [-0.5060876069135563, -0.009340458542008434]
[-0.5060876069135563, -0.009340458542008434], 0, -1.0, [-0.5165593388205542, -0.010471731906997862]
[-0.5165593388205542, -0.010471731906997862], 0, -1.0, [-0.528083862579136, -0.011524523758581765]
[-0.528083862579136, -0.011524523758581765], 0, -1.0, [-0.5405747492003502, -0.012490886621214172]
[-0.5405747492003502, -0.012490886621214172], 0, -1.0, [-0.5539383710496456, -0.013363621849295425]
[-0.5539383710496456, -0.013363621849295425], 0, -1.0, [-0.5680747599853597, -0.014136388935714107]
[-0.5680747599853597, -0.014136388935714107], 0, -1.0, [-0.5828785679159861, -0.014803807930626413]
[-0.5828785679159861, -0.014803807930626413], 0, -1.0, [-0.5982401172420088, -0.015361549326022626]
[-0.5982401172420088, -0.015361549326022626], 0, -1.0, [-0.6140465231204563, -0.015806405878447526]
[-0.6140465231204563, -0.015806405878447526], 1, -1.0, [-0.6291828645645037, -0.015136341444047408]
[-0.6291828645645037, -0.015136341444047408], 2, -1.0, [-0.6425405008991488, -0.013357636334645151]
[-0.6425405008991488, -0.013357636334645151], 2, -1.0, [-0.6540248843460337, -0.011484383446884882]
[-0.6540248843460337, -0.011484383446884882], 2, -1.0, [-0.663555841693697, -0.00953095734766333]
[-0.663555841693697, -0.00953095734766333], 2, -1.0, [-0.6710676919357174, -0.007511850242020387]
[-0.6710676919357174, -0.007511850242020387], 2, -1.0, [-0.6765092528289337, -0.005441560893216302]
[-0.6765092528289337, -0.005441560893216302], 2, -1.0, [-0.6798437861065137, -0.003334533277580063]
[-0.6798437861065137, -0.003334533277580063], 2, -1.0, [-0.6810489240901944, -0.0012051379836806107]
[-0.6810489240901944, -0.0012051379836806107], 2, -1.0, [-0.6801166105361426, 0.0009323135540517543]
[-0.6801166105361426, 0.0009323135540517543], 2, -1.0, [-0.677053076583841, 0.0030635339523016726]
[-0.677053076583841, 0.0030635339523016726], 2, -1.0, [-0.6718788594869759, 0.005174217096865084]
[-0.6718788594869759, 0.005174217096865084], 2, -1.0, [-0.6646288581794634, 0.007250001307512487]
[-0.6646288581794634, 0.007250001307512487], 2, -1.0, [-0.6553524064403844, 0.00927645173907896]
[-0.6553524064403844, 0.00927645173907896], 2, -1.0, [-0.6441133322547681, 0.011239074185616331]
[-0.6441133322547681, 0.011239074185616331], 2, -1.0, [-0.6309899617471456, 0.013123370507622458]
[-0.6309899617471456, 0.013123370507622458], 2, -1.0, [-0.6160750186530474, 0.01491494309409825]
[-0.6160750186530474, 0.01491494309409825], 2, -1.0, [-0.5994753665491642, 0.016599652103883186]
[-0.5994753665491642, 0.016599652103883186], 2, -1.0, [-0.5813115417583106, 0.018163824790853662]
[-0.5813115417583106, 0.018163824790853662], 2, -1.0, [-0.5617170305423697, 0.01959451121594096]
[-0.5617170305423697, 0.01959451121594096], 2, -1.0, [-0.5408372550981746, 0.020879775444195087]
[-0.5408372550981746, 0.020879775444195087], 2, -1.0, [-0.518828248680127, 0.022009006418047625]
[-0.518828248680127, 0.022009006418047625], 2, -1.0, [-0.495855019992596, 0.022973228687530996]
[-0.495855019992596, 0.022973228687530996], 2, -1.0, [-0.4720896293136732, 0.023765390678922794]
[-0.4720896293136732, 0.023765390678922794], 2, -1.0, [-0.44770902160027426, 0.02438060771339896]
[-0.44770902160027426, 0.02438060771339896], 2, -1.0, [-0.4228926827496066, 0.024816338850667655]
[-0.4228926827496066, 0.024816338850667655], 2, -1.0, [-0.39782020192624507, 0.025072480823361568]
[-0.39782020192624507, 0.025072480823361568], 2, -1.0, [-0.3726688334383876, 0.025151368487857477]
[-0.3726688334383876, 0.025151368487857477], 2, -1.0, [-0.3476111547738461, 0.02505767866454153]
[-0.3476111547738461, 0.02505767866454153], 2, -1.0, [-0.32281291270129325, 0.024798242072552802]
[-0.32281291270129325, 0.024798242072552802], 2, -1.0, [-0.29843113738949156, 0.02438177531180171]
[-0.29843113738949156, 0.02438177531180171], 2, -1.0, [-0.2746125867442657, 0.023818550645225874]
[-0.2746125867442657, 0.023818550645225874], 2, -1.0, [-0.2514925616684831, 0.023120025075782574]
[-0.2514925616684831, 0.023120025075782574], 2, -1.0, [-0.22919411004363227, 0.022298451624850835]
[-0.22919411004363227, 0.022298451624850835], 0, -1.0, [-0.20982761515940476, 0.01936649488422751]
[-0.20982761515940476, 0.01936649488422751], 0, -1.0, [-0.19348195047298009, 0.01634566468642467]
[-0.19348195047298009, 0.01634566468642467], 0, -1.0, [-0.18022683136039533, 0.013255119112584745]
[-0.18022683136039533, 0.013255119112584745], 0, -1.0, [-0.17011510878856326, 0.010111722571832073]
[-0.17011510878856326, 0.010111722571832073], 0, -1.0, [-0.16318482590457395, 0.006930282883989317]
[-0.16318482590457395, 0.006930282883989317], 0, -1.0, [-0.15946089913397887, 0.0037239267705950815]
[-0.15946089913397887, 0.0037239267705950815], 0, -1.0, [-0.15895632386106456, 0.000504575272914305]
[-0.15895632386106456, 0.000504575272914305], 0, -1.0, [-0.1616728396291139, -0.002716515768049349]
[-0.1616728396291139, -0.002716515768049349], 0, -1.0, [-0.16760102118540512, -0.005928181556291207]
[-0.16760102118540512, -0.005928181556291207], 0, -1.0, [-0.17671979088105044, -0.009118769695645318]
[-0.17671979088105044, -0.009118769695645318], 0, -1.0, [-0.18899537680512782, -0.012275585924077365]
[-0.18899537680512782, -0.012275585924077365], 0, -1.0, [-0.20437977155334452, -0.015384394748216696]
[-0.20437977155334452, -0.015384394748216696], 0, -1.0, [-0.22280878022818595, -0.018429008674841423]
[-0.22280878022818595, -0.018429008674841423], 0, -1.0, [-0.24419978369135628, -0.02139100346317033]
[-0.24419978369135628, -0.02139100346317033], 0, -1.0, [-0.26844938330093643, -0.02424959960958014]
[-0.26844938330093643, -0.02424959960958014], 0, -1.0, [-0.2954311335002745, -0.02698175019933808]
[-0.2954311335002745, -0.02698175019933808], 0, -1.0, [-0.3249936036746761, -0.02956247017440163]
[-0.3249936036746761, -0.02956247017440163], 0, -1.0, [-0.35695903368957194, -0.0319654300148958]
[-0.35695903368957194, -0.0319654300148958], 0, -1.0, [-0.391122850331833, -0.03416381664226112]
[-0.391122850331833, -0.03416381664226112], 0, -1.0, [-0.4272542866772975, -0.036131436345464465]
[-0.4272542866772975, -0.036131436345464465], 0, -1.0, [-0.4650982878155816, -0.03784400113828413]
[-0.4650982878155816, -0.03784400113828413], 0, -1.0, [-0.5043787937537383, -0.03928050593815668]
[-0.5043787937537383, -0.03928050593815668], 0, -1.0, [-0.5448033696939011, -0.04042457594016281]
[-0.5448033696939011, -0.04042457594016281], 0, -1.0, [-0.5860690184177874, -0.04126564872388623]
[-0.5860690184177874, -0.04126564872388623], 0, -1.0, [-0.6278688781688925, -0.04179985975110511]
[-0.6278688781688925, -0.04179985975110511], 0, -1.0, [-0.6698994034733815, -0.042030525304489]
[-0.6698994034733815, -0.042030525304489], 0, -1.0, [-0.7118675645632764, -0.041968161089894894]
[-0.7118675645632764, -0.041968161089894894], 0, -1.0, [-0.7534975949890172, -0.041630030425740844]
[-0.7534975949890172, -0.041630030425740844], 0, -1.0, [-0.7945368677960682, -0.041039272807051004]
[-0.7945368677960682, -0.041039272807051004], 0, -1.0, [-0.8347605787459216, -0.04022371094985335]
[-0.8347605787459216, -0.04022371094985335], 0, -1.0, [-0.8739750427862604, -0.039214464040338744]
[-0.8739750427862604, -0.039214464040338744], 0, -1.0, [-0.9120195459970504, -0.038044503210789955]
[-0.9120195459970504, -0.038044503210789955], 0, -1.0, [-0.94876681957294, -0.03674727357588959]
[-0.94876681957294, -0.03674727357588959], 0, -1.0, [-0.9841223002768686, -0.035355480703928646]
[-0.9841223002768686, -0.035355480703928646], 0, -1.0, [-1.0180224055701836, -0.03390010529331495]
[-1.0180224055701836, -0.03390010529331495], 0, -1.0, [-1.0504320806295233, -0.03240967505933975]
[-1.0504320806295233, -0.03240967505933975], 0, -1.0, [-1.0813418733874718, -0.030909792757948546]
[-1.0813418733874718, -0.030909792757948546], 0, -1.0, [-1.1107647703222294, -0.029422896934757577]
[-1.1107647703222294, -0.029422896934757577], 0, -1.0, [-1.138732988559088, -0.027968218236858505]
[-1.138732988559088, -0.027968218236858505], 0, -1.0, [-1.165294876726474, -0.02656188816738596]
[-1.165294876726474, -0.02656188816738596], 0, -1.0, [-1.1905120340041229, -0.025217157277648842]
[-1.1905120340041229, -0.025217157277648842], 0, -1.0, [-1.2, 0.0]
[-1.2, 0.0], 2, -1.0, [-1.1967581039591646, 0.003241896040835368]
[-1.1967581039591646, 0.003241896040835368], 2, -1.0, [-1.1902636585360942, 0.006494445423070332]
[-1.1902636585360942, 0.006494445423070332], 2, -1.0, [-1.1804959639787937, 0.009767694557300442]
[-1.1804959639787937, 0.009767694557300442], 2, -1.0, [-1.1674255149588486, 0.013070449019945182]
[-1.1674255149588486, 0.013070449019945182], 2, -1.0, [-1.1510159267200155, 0.016409588238833067]
[-1.1510159267200155, 0.016409588238833067], 2, -1.0, [-1.1312266168239755, 0.019789309896040046]
[-1.1312266168239755, 0.019789309896040046], 2, -1.0, [-1.108016322100852, 0.02321029472312345]
[-1.108016322100852, 0.02321029472312345], 2, -1.0, [-1.081347524946184, 0.02666879715466819]
[-1.081347524946184, 0.02666879715466819], 2, -1.0, [-1.0511918363028878, 0.03015568864329602]
[-1.0511918363028878, 0.03015568864329602], 2, -1.0, [-1.0175363271434712, 0.0336555091594167]
[-1.0175363271434712, 0.0336555091594167], 2, -1.0, [-0.9803907090723114, 0.03714561807115983]
[-0.9803907090723114, 0.03714561807115983], 2, -1.0, [-0.9397951336374217, 0.04059557543488971]
[-0.9397951336374217, 0.04059557543488971], 2, -1.0, [-0.8958282112564235, 0.043966922380998245]
[-0.8958282112564235, 0.043966922380998245], 1, -1.0, [-0.8496146572192776, 0.04621355403714586]
[-0.8496146572192776, 0.04621355403714586], 2, -1.0, [-0.8003275824757488, 0.04928707474352887]
[-0.8003275824757488, 0.04928707474352887], 2, -1.0, [-0.7481953648095883, 0.05213221766616049]
[-0.7481953648095883, 0.05213221766616049], 2, -1.0, [-0.693503267087163, 0.05469209772242519]
[-0.693503267087163, 0.05469209772242519], 2, -1.0, [-0.6365913514565833, 0.056911915630579776]
[-0.6365913514565833, 0.056911915630579776], 2, -1.0, [-0.577848127911112, 0.05874322354547131]
[-0.577848127911112, 0.05874322354547131], 2, -1.0, [-0.5176998279696033, 0.06014829994150864]
[-0.5176998279696033, 0.06014829994150864], 2, -1.0, [-0.4565957678260685, 0.061104060143534866]
[-0.4565957678260685, 0.061104060143534866], 2, -1.0, [-0.39499085303133563, 0.06160491479473285]
[-0.39499085303133563, 0.06160491479473285], 2, -1.0, [-0.333326744426226, 0.06166410860510963]
[-0.333326744426226, 0.06166410860510963], 2, -1.0, [-0.272013433168329, 0.061313311257897025]
[-0.272013433168329, 0.061313311257897025], 2, -1.0, [-0.21141289933513704, 0.06060053383319194]
[-0.21141289933513704, 0.06060053383319194], 2, -1.0, [-0.15182617312782676, 0.059586726207310294]
[-0.15182617312782676, 0.059586726207310294], 2, -1.0, [-0.09348457350578862, 0.058341599622038144]
[-0.09348457350578862, 0.058341599622038144], 2, -1.0, [-0.03654529876166219, 0.05693927474412643]
[-0.03654529876166219, 0.05693927474412643], 2, -1.0, [0.018908985975569635, 0.055454284737231824]
[0.018908985975569635, 0.055454284737231824], 2, -1.0, [0.0728672920689463, 0.05395830609337665]
[0.0728672920689463, 0.05395830609337665], 1, -1.0, [0.12438509414371815, 0.05151780207477185]
[0.12438509414371815, 0.05151780207477185], 2, -1.0, [0.17457494194936957, 0.05018984780565142]
[0.17457494194936957, 0.05018984780565142], 2, -1.0, [0.22359988382557172, 0.049024941876202155]
[0.22359988382557172, 0.049024941876202155], 2, -1.0, [0.2716665135943544, 0.04806662976878267]
[0.2716665135943544, 0.04806662976878267], 2, -1.0, [0.3190184715440356, 0.04735195794968121]
[0.3190184715440356, 0.04735195794968121], 2, -1.0, [0.3659306053044228, 0.04691213376038715]
[0.3659306053044228, 0.04691213376038715], 2, -1.0, [0.412703831655179, 0.046773226350756196]
[0.412703831655179, 0.046773226350756196], 0, -1.0, [0.4576606034508435, 0.0449567717956645]
[0.4576606034508435, 0.0449567717956645], 2, -1.0, [0.5031260578998752, 0.04546545444903174]
