[-0.4698778868533907, 0.0], 0, -1.0, [-0.4712790516396443, -0.00140116478625359]
[-0.4712790516396443, -0.00140116478625359], 0, -1.0, [-0.4740710051413338, -0.0027919535016895456]
[-0.4740710051413338, -0.0027919535016895456], 0, -1.0, [-0.4782330516486174, -0.004162046507283603]
[-0.4782330516486174, -0.004162046507283603], 0, -1.0, [-0.4837342917029661, -0.005501240054348704]
[-0.4837342917029661, -0.005501240054348704], 0, -1.0, [-0.4905338031891396, -0.006799511486173446]
[-0.4905338031891396, -0.006799511486173446], 0, -1.0, [-0.4985808954844815, -0.00804709229534191]
[-0.4985808954844815, -0.00804709229534191], 0, -1.0, [-0.5078154457716074, -0.009234550287125947]
[-0.5078154457716074, -0.009234550287125947], 0, -1.0, [-0.5181683268041858, -0.010352881032578368]
[-0.5181683268041858, -0.010352881032578368], 0, -1.0, [-0.5295619344011384, -0.011393607596952657]
[-0.5295619344011384, -0.011393607596952657], 0, -1.0, [-0.5419108206925438, -0.01234888629140542]
[-0.5419108206925438, -0.01234888629140542], 0, -1.0, [-0.5551224357170274, -0.013211615024483482]
[-0.5551224357170274, -0.013211615024483482], 0, -1.0, [-0.5690979755545863, -0.01397553983755892]
[-0.5690979755545863, -0.01397553983755892], 0, -1.0, [-0.5837333300590792, -0.014635354504492926]
[-0.5837333300590792, -0.014635354504492926], 0, -1.0, [-0.5989201178123176, -0.015186787753238286]
[-0.5989201178123176, -0.015186787753238286], 0, -1.0, [-0.6145467906010452, -0.015626672788727595]
[-0.6145467906010452, -0.015626672788727595], 0, -1.0, [-0.6304997849846218, -0.01595299438357654]
[-0.6304997849846218, -0.01595299438357654], 1, -1.0, [-0.6456646948130671, -0.015164909828445261]
[-0.6456646948130671, -0.015164909828445261], 1, -1.0, [-0.6599344349114094, -0.01426974009834231]
[-0.6599344349114094, -0.01426974009834231], 2, -1.0, [-0.672209928983772, -0.012275494072362652]
[-0.672209928983772, -0.012275494072362652], 2, -1.0, [-0.6824073980043093, -0.010197469020537281]
[-0.6824073980043093, -0.010197469020537281], 2, -1.0, [-0.6904583520368927, -0.008050954032583334]
[-0.6904583520368927, -0.008050954032583334], 2, -1.0, [-0.6963094727168635, -0.005851120679970805]
[-0.6963094727168635, -0.005851120679970805], 2, -1.0, [-0.6999224477343061, -0.003612975017442643]
[-0.6999224477343061, -0.003612975017442643], 2, -1.0, [-0.7012738096032194, -0.0013513618689132431]
[-0.7012738096032194, -0.0013513618689132431], 2, -1.0, [-0.7003548187133726, 0.0009189908898468643]
[-0.7003548187133726, 0.0009189908898468643], 2, -1.0, [-0.6971714161562139, 0.003183402557158621]
[-0.6971714161562139, 0.003183402557158621], 2, -1.0, [-0.691744256009207, 0.005427160147006945]
[-0.691744256009207, 0.005427160147006945], 2, -1.0, [-0.6841088104840154, 0.007635445525191584]
[-0.6841088104840154, 0.007635445525191584], 2, -1.0, [-0.6743155253850467, 0.00979328509896868]
[-0.6743155253850467, 0.00979328509896868], 2, -1.0, [-0.6624299885038828, 0.011885536881163852]
[-0.6624299885038828, 0.011885536881163852], 2, -1.0, [-0.6485330607894827, 0.013896927714400051]
[-0.6485330607894827, 0.013896927714400051], 2, -1.0, [-0.6327209103811375, 0.01581215040834517]
[-0.6327209103811375, 0.01581215040834517], 2, -1.0, [-0.615104883936491, 0.017616026444646507]
[-0.615104883936491, 0.017616026444646507], 2, -1.0, [-0.5958111491685193, 0.019293734767971735]
[-0.5958111491685193, 0.019293734767971735], 2, -1.0, [-0.5749800479756173, 0.02083110119290199]
[-0.5749800479756173, 0.02083110119290199], 2, -1.0, [-0.5527651114720545, 0.022214936503562793]
[-0.5527651114720545, 0.022214936503562793], 2, -1.0, [-0.5293317064672254, 0.023433405004829138]
[-0.5293317064672254, 0.023433405004829138], 2, -1.0, [-0.5048553066005882, 0.024476399866637234]
[-0.5048553066005882, 0.024476399866637234], 2, -1.0, [-0.4795194086828945, 0.02533589791769368]
[-0.4795194086828945, 0.02533589791769368], 2, -1.0, [-0.4535131433439671, 0.026006265338927442]
[-0.4535131433439671, 0.026006265338927442], 2, -1.0, [-0.42702865586989136, 0.026484487474075735]
[-0.42702865586989136, 0.026484487474075735], 2, -1.0, [-0.40025835506225893, 0.026770300807632402]
[-0.40025835506225893, 0.026770300807632402], 2, -1.0, [-0.37339214239128127, 0.026866212670977684]
[-0.37339214239128127, 0.026866212670977684], 2, -1.0, [-0.34661473881360283, 0.026777403577678428]
[-0.34661473881360283, 0.026777403577678428], 2, -1.0, [-0.32010322173464845, 0.026511517078954404]
[-0.32010322173464845, 0.026511517078954404], 2, -1.0, [-0.2940248703643298, 0.026078351370318657]
[-0.2940248703643298, 0.026078351370318657], 2, -1.0, [-0.26853539597092435, 0.02548947439340543]
[-0.26853539597092435, 0.02548947439340543], 0, -1.0, [-0.24577760694971648, 0.022757789021207862]
[-0.24577760694971648, 0.022757789021207862], 0, -1.0, [-0.2258704788699664, 0.019907128079750095]
[-0.2258704788699664, 0.019907128079750095], 0, -1.0, [-0.20891103181822482, 0.01695944705174158]
[-0.20891103181822482, 0.01695944705174158], 0, -1.0, [-0.19497645444817427, 0.013934577370050555]
[-0.19497645444817427, 0.013934577370050555], 0, -1.0, [-0.18412625480143524, 0.010850199646739028]
[-0.18412625480143524, 0.010850199646739028], 0, -1.0, [-0.17640425205830845, 0.007722002743126789]
[-0.17640425205830845, 0.007722002743126789], 0, -1.0, [-0.17184026126796, 0.0045639907903484555]
[-0.17184026126796, 0.0045639907903484555], 0, -1.0, [-0.17045136072790876, 0.0013889005400512483]
[-0.17045136072790876, 0.0013889005400512483], 0, -1.0, [-0.17224266687693257, -0.0017913061490238006]
[-0.17224266687693257, -0.0017913061490238006], 0, -1.0, [-0.17720757383308414, -0.004964906956151566]
[-0.17720757383308414, -0.004964906956151566], 0, -1.0, [-0.18532744477691337, -0.00811987094382924]
[-0.18532744477691337, -0.00811987094382924], 0, -1.0, [-0.1965707717102181, -0.01124332693330473]
[-0.1965707717102181, -0.01124332693330473], 0, -1.0, [-0.2108918503969247, -0.014321078686706587]
[-0.2108918503969247, -0.014321078686706587], 0, -1.0, [-0.22822904991131493, -0.017337199514390236]
[-0.22822904991131493, -0.017337199514390236], 0, -1.0, [-0.24850279177848128, -0.02027374186716635]
[-0.24850279177848128, -0.02027374186716635], 0, -1.0, [-0.2716133915037965, -0.023110599725315234]
[-0.2716133915037965, -0.023110599725315234], 0, -1.0, [-0.2974389529636008, -0.025825561459804327]
[-0.2974389529636008, -0.025825561459804327], 0, -1.0, [-0.32583353935667536, -0.02839458639307455]
[-0.32583353935667536, -0.02839458639307455], 0, -1.0, [-0.3566258670869794, -0.03079232773030406]
[-0.3566258670869794, -0.03079232773030406], 0, -1.0, [-0.389618773801452, -0.032992906714472595]
[-0.389618773801452, -0.032992906714472595], 0, -1.0, [-0.42458969169509936, -0.03497091789364736]
[-0.42458969169509936, -0.03497091789364736], 0, -1.0, [-0.46129230691409684, -0.03670261521899746]
[-0.46129230691409684, -0.03670261521899746], 0, -1.0, [-0.49945950425138924, -0.038167197337292395]
[-0.49945950425138924, -0.038167197337292395], 0, -1.0, [-0.5388075879220958, -0.03934808367070654]
[-0.5388075879220958, -0.03934808367070654], 0, -1.0, [-0.5790416450728494, -0.040234057150753615]
[-0.5790416450728494, -0.040234057150753615], 0, -1.0, [-0.6198617953501732, -0.040820150277323726]
[-0.6198617953501732, -0.040820150277323726], 0, -1.0, [-0.6609699665295479, -0.04110817117937474]
[-0.6609699665295479, -0.04110817117937474], 0, -1.0, [-0.702076770614349, -0.041106804084801135]
[-0.702076770614349, -0.041106804084801135], 0, -1.0, [-0.7429080388613327, -0.0408312682469837]
[-0.7429080388613327, -0.0408312682469837], 0, -1.0, [-0.7832106108413213, -0.04030257197998856]
[-0.7832106108413213, -0.04030257197998856], 0, -1.0, [-0.8227570551017961, -0.03954644426047486]
[-0.8227570551017961, -0.03954644426047486], 0, -1.0, [-0.8613491124914588, -0.03859205738966273]
[-0.8613491124914588, -0.03859205738966273], 0, -1.0, [-0.89881977875275, -0.037470666261291155]
[-0.89881977875275, -0.037470666261291155], 0, -1.0, [-0.9350340618393435, -0.03621428308659346]
[-0.9350340618393435, -0.03621428308659346], 0, -1.0, [-0.9698885468237815, -0.03485448498443805]
[-0.9698885468237815, -0.03485448498443805], 0, -1.0, [-1.0033099686287124, -0.033421421804931004]
[-1.0033099686287124, -0.033421421804931004], 0, -1.0, [-1.0352530279980408, -0.03194305936932838]
[-1.0352530279980408, -0.03194305936932838], 0, -1.0, [-1.065697692251517, -0.030444664253476233]
[-1.065697692251517, -0.030444664253476233], 0, -1.0, [-1.0946462058879518, -0.02894851363643481]
[-1.0946462058879518, -0.02894851363643481], 0, -1.0, [-1.1221200047530615, -0.02747379886510963]
[-1.1221200047530615, -0.02747379886510963], 0, -1.0, [-1.1481566886581591, -0.0260366839050977]
[-1.1481566886581591, -0.0260366839050977], 0, -1.0, [-1.172807167058397, -0.024650478400237822]
[-1.172807167058397, -0.024650478400237822], 0, -1.0, [-1.1961330549348124, -0.02332588787641532]
[-1.1961330549348124, -0.02332588787641532], 0, -1.0, [-1.2, 0.0]
[-1.2, 0.0], 0, -1.0, [-1.1987581039591646, 0.0012418960408353678]
[-1.1987581039591646, 0.0012418960408353678], 0, -1.0, [-1.196270205713714, 0.0024878982454506955]
[-1.196270205713714, 0.0024878982454506955], 0, -1.0, [-1.192528173202872, 0.003742032510841902]
[-1.192528173202872, 0.003742032510841902], 2, -1.0, [-1.1855200116579745, 0.007008161544897544]
[-1.1855200116579745, 0.007008161544897544], 2, -1.0, [-1.175224026434314, 0.010295985223660698]
[-1.175224026434314, 0.010295985223660698], 2, -1.0, [-1.1616101817856583, 0.01361384464865556]
[-1.1616101817856583, 0.01361384464865556], 2, -1.0, [-1.1446421623109624, 0.016968019474696002]
[-1.1446421623109624, 0.016968019474696002], 2, -1.0, [-1.124280208082238, 0.020361954228724416]
[-1.124280208082238, 0.020361954228724416], 2, -1.0, [-1.1004848010344874, 0.02379540704775071]
[-1.1004848010344874, 0.02379540704775071], 2, -1.0, [-1.0732212707373352, 0.02726353029715213]
[-1.0732212707373352, 0.02726353029715213], 2, -1.0, [-1.0424653554534056, 0.030755915283929673]
[-1.0424653554534056, 0.030755915283929673], 2, -1.0, [-1.008209692094106, 0.034255663359299644]
[-1.008209692094106, 0.034255663359299644], 2, -1.0, [-0.9704711098463515, 0.03773858224775443]
[-0.9704711098463515, 0.03773858224775443], 2, -1.0, [-0.9292984638548535, 0.041172645991498044]
[-0.9292984638548535, 0.041172645991498044], 2, -1.0, [-0.8847805715828364, 0.04451789227201707]
[-0.8847805715828364, 0.04451789227201707], 1, -1.0, [-0.8380536210550978, 0.04672695052773857]
[-0.8380536210550978, 0.04672695052773857], 2, -1.0, [-0.7883028258045959, 0.04975079525050198]
[-0.7883028258045959, 0.04975079525050198], 2, -1.0, [-0.7357689266134447, 0.052533899191151104]
[-0.7357689266134447, 0.052533899191151104], 2, -1.0, [-0.6807490452717151, 0.05501988134172963]
[-0.6807490452717151, 0.05501988134172963], 2, -1.0, [-0.6235937156709557, 0.057155329600759475]
[-0.6235937156709557, 0.057155329600759475], 2, -1.0, [-0.5646996218081272, 0.05889409386282853]
[-0.5646996218081272, 0.05889409386282853], 2, -1.0, [-0.5044980521018869, 0.0602015697062403]
[-0.5044980521018869, 0.0602015697062403], 0, -1.0, [-0.44543965943728275, 0.05905839266460418]
[-0.44543965943728275, 0.05905839266460418], 2, -1.0, [-0.3859621034417725, 0.059477555995510245]
[-0.3859621034417725, 0.059477555995510245], 2, -1.0, [-0.3264877386291797, 0.059474364812592814]
[-0.3264877386291797, 0.059474364812592814], 2, -1.0, [-0.26740704447731006, 0.05908069415186962]
[-0.26740704447731006, 0.05908069415186962], 2, -1.0, [-0.2090641294466497, 0.05834291503066037]
[-0.2090641294466497, 0.05834291503066037], 2, -1.0, [-0.1517454104437907, 0.05731871900285901]
[-0.1517454104437907, 0.05731871900285901], 2, -1.0, [-0.09567208441180222, 0.05607332603198848]
[-0.09567208441180222, 0.05607332603198848], 2, -1.0, [-0.04099649042425385, 0.05467559398754837]
[-0.04099649042425385, 0.05467559398754837], 1, -1.0, [0.011197987753667822, 0.05219447817792167]
[0.011197987753667822, 0.05219447817792167], 1, -1.0, [0.06089387649188365, 0.04969588873821583]
[0.06089387649188365, 0.04969588873821583], 1, -1.0, [0.10813136506783119, 0.04723748857594755]
[0.10813136506783119, 0.04723748857594755], 0, -1.0, [0.15199924358583664, 0.04386787851800545]
[0.15199924358583664, 0.04386787851800545], 1, -1.0, [0.193622566813618, 0.04162332322778135]
[0.193622566813618, 0.04162332322778135], 2, -1.0, [0.2341559230052112, 0.04053335619159319]
[0.2341559230052112, 0.04053335619159319], 2, -1.0, [0.27378115399792613, 0.039625230992714915]
[0.27378115399792613, 0.039625230992714915], 0, -1.0, [0.31070328917743634, 0.03692213517951022]
[0.31070328917743634, 0.03692213517951022], 2, -1.0, [0.34713507100440943, 0.0364317818269731]
[0.34713507100440943, 0.0364317818269731], 2, -1.0, [0.3833043330909034, 0.03616926208649393]
[0.3833043330909034, 0.03616926208649393], 2, -1.0, [0.4194521780512354, 0.036147844960332035]
[0.4194521780512354, 0.036147844960332035], 2, -1.0, [0.45583156995499163, 0.03637939190375625]
[0.45583156995499163, 0.03637939190375625], 2, -1.0, [0.4927062017424771, 0.03687463178748545]
[0.4927062017424771, 0.03687463178748545], 1, -1.0, [0.5293494707602093, 0.03664326901773222]
