[-0.5824165159387613, 0.0], 0, -1.0, [-0.582977668492383, -0.0005611525536216352]
[-0.582977668492383, -0.0005611525536216352], 0, -1.0, [-0.5840958309290839, -0.0011181624367008957]
[-0.5840958309290839, -0.0011181624367008957], 0, -1.0, [-0.5857627522455455, -0.0016669213164616078]
[-0.5857627522455455, -0.0016669213164616078], 0, -1.0, [-0.587966141561287, -0.00220338931574151]
[-0.587966141561287, -0.00220338931574151], 0, -1.0, [-0.590689770240377, -0.0027236286790900564]
[-0.590689770240377, -0.0027236286790900564], 0, -1.0, [-0.5939136069732478, -0.003223836732870762]
[-0.5939136069732478, -0.003223836732870762], 0, -1.0, [-0.5976139848281653, -0.003700377854917466]
[-0.5976139848281653, -0.003700377854917466], 0, -1.0, [-0.6017637989632522, -0.0041498141350868375]
[-0.6017637989632522, -0.0041498141350868375], 0, -1.0, [-0.6063327333376465, -0.004568934374394294]
[-0.6063327333376465, -0.004568934374394294], 0, -1.0, [-0.6112875143798958, -0.0049547810422493595]
[-0.6112875143798958, -0.0049547810422493595], 0, -1.0, [-0.6165921891733914, -0.0053046747934956074]
[-0.6165921891733914, -0.0053046747934956074], 1, -1.0, [-0.6212084253172748, -0.004616236143883392]
[-0.6212084253172748, -0.004616236143883392], 1, -1.0, [-0.6251030067100021, -0.0038945813927272893]
[-0.6251030067100021, -0.0038945813927272893], 2, -1.0, [-0.6272480172937408, -0.002145010583738766]
[-0.6272480172937408, -0.002145010583738766], 2, -1.0, [-0.6276281252531699, -0.0003801079594291177]
[-0.6276281252531699, -0.0003801079594291177], 2, -1.0, [-0.6262406169898408, 0.0013875082633291555]
[-0.6262406169898408, 0.0013875082633291555], 2, -1.0, [-0.6230954027552867, 0.0031452142345540285]
[-0.6230954027552867, 0.0031452142345540285], 2, -1.0, [-0.6182149955234444, 0.004880407231842354]
[-0.6182149955234444, 0.004880407231842354], 2, -1.0, [-0.6116344573712825, 0.006580538152161832]
[-0.6116344573712825, 0.006580538152161832], 2, -1.0, [-0.603401300769174, 0.008233156602108601]
[-0.603401300769174, 0.008233156602108601], 2, -1.0, [-0.5935753263162001, 0.009825974452973889]
[-0.5935753263162001, 0.009825974452973889], 2, -1.0, [-0.5822283741208215, 0.011346952195378587]
[-0.5822283741208215, 0.011346952195378587], 2, -1.0, [-0.569443963702212, 0.012784410418609574]
[-0.569443963702212, 0.012784410418609574], 1, -1.0, [-0.5563167973593002, 0.013127166342911816]
[-0.5563167973593002, 0.013127166342911816], 1, -1.0, [-0.5429446396792189, 0.013372157680081294]
[-0.5429446396792189, 0.013372157680081294], 0, -1.0, [-0.5304274694596579, 0.01251717021956104]
[-0.5304274694596579, 0.01251717021956104], 0, -1.0, [-0.5188590876183904, 0.011568381841267543]
[-0.5188590876183904, 0.011568381841267543], 0, -1.0, [-0.5083262522391361, 0.010532835379254306]
[-0.5083262522391361, 0.010532835379254306], 0, -1.0, [-0.49890792071323115, 0.009418331525904943]
[-0.49890792071323115, 0.009418331525904943], 0, -1.0, [-0.49067460130488894, 0.008233319408342219]
[-0.49067460130488894, 0.008233319408342219], 0, -1.0, [-0.4836878118887894, 0.0069867894160995335]
[-0.4836878118887894, 0.0069867894160995335], 0, -1.0, [-0.47799964001025785, 0.005688171878531533]
[-0.47799964001025785, 0.005688171878531533], 0, -1.0, [-0.47365239599521425, 0.004347244015043581]
[-0.47365239599521425, 0.004347244015043581], 0, -1.0, [-0.47067834966929034, 0.0029740463259239347]
[-0.47067834966929034, 0.0029740463259239347], 0, -1.0, [-0.4690995413041921, 0.0015788083650981892]
[-0.4690995413041921, 0.0015788083650981892], 0, -1.0, [-0.4689276585709579, 0.00017188273323418988]
[-0.4689276585709579, 0.00017188273323418988], 0, -1.0, [-0.4701639733442176, -0.0012363147732597092]
[-0.4701639733442176, -0.0012363147732597092], 0, -1.0, [-0.47279933491219994, -0.0026353615679823254]
[-0.47279933491219994, -0.0026353615679823254], 0, -1.0, [-0.4768142192099499, -0.0040148842977499166]
[-0.4768142192099499, -0.0040148842977499166], 0, -1.0, [-0.48217883679463575, -0.005364617584685854]
[-0.48217883679463575, -0.005364617584685854], 0, -1.0, [-0.4888533051064943, -0.006674468311858529]
[-0.4888533051064943, -0.006674468311858529], 0, -1.0, [-0.4967878928064507, -0.007934587699956416]
[-0.4967878928064507, -0.007934587699956416], 0, -1.0, [-0.5059233453841954, -0.009135452577744639]
[-0.5059233453841954, -0.009135452577744639], 0, -1.0, [-0.5161913015728371, -0.010267956188641717]
[-0.5161913015728371, -0.010267956188641717], 0, -1.0, [-0.5275148092441856, -0.011323507671348508]
[-0.5275148092441856, -0.011323507671348508], 0, -1.0, [-0.5398089473387886, -0.012294138094603]
[-0.5398089473387886, -0.012294138094603], 0, -1.0, [-0.5529815570595131, -0.013172609720724546]
[-0.5529815570595131, -0.013172609720724546], 0, -1.0, [-0.5669340811934874, -0.013952524133974315]
[-0.5669340811934874, -0.013952524133974315], 0, -1.0, [-0.5815625053037704, -0.014628424110283]
[-0.5815625053037704, -0.014628424110283], 0, -1.0, [-0.5967583890258433, -0.015195883722072957]
[-0.5967583890258433, -0.015195883722072957], 0, -1.0, [-0.6124099702603447, -0.015651581234501395]
[-0.6124099702603447, -0.015651581234501395], 0, -1.0, [-0.6284033201456037, -0.01599334988525902]
[-0.6284033201456037, -0.01599334988525902], 0, -1.0, [-0.6446235227733923, -0.016220202627788605]
[-0.6446235227733923, -0.016220202627788605], 0, -1.0, [-0.6609558510587856, -0.016332328285393327]
[-0.6609558510587856, -0.016332328285393327], 0, -1.0, [-0.6772869092530365, -0.016331058194250868]
[-0.6772869092530365, -0.016331058194250868], 0, -1.0, [-0.6935057134111813, -0.0162188041581448]
[-0.6935057134111813, -0.0162188041581448], 0, -1.0, [-0.7095046836460198, -0.015998970234838494]
[-0.7095046836460198, -0.015998970234838494], 0, -1.0, [-0.7251805260151112, -0.015675842369091315]
[-0.7251805260151112, -0.015675842369091315], 2, -1.0, [-0.7384349870681405, -0.01325446105302925]
[-0.7384349870681405, -0.01325446105302925], 2, -1.0, [-0.749187433831609, -0.01075244676346852]
[-0.749187433831609, -0.01075244676346852], 1, -1.0, [-0.7583741929692979, -0.009186759137688813]
[-0.7583741929692979, -0.009186759137688813], 2, -1.0, [-0.7649421507361924, -0.006567957766894548]
[-0.7649421507361924, -0.006567957766894548], 2, -1.0, [-0.7688540855522906, -0.00391193481609819]
[-0.7688540855522906, -0.00391193481609819], 2, -1.0, [-0.7700881324953652, -0.0012340469430746183]
[-0.7700881324953652, -0.0012340469430746183], 2, -1.0, [-0.7686374419304844, 0.001450690564880835]
[-0.7686374419304844, 0.001450690564880835], 2, -1.0, [-0.7645100683587309, 0.004127373571753555]
[-0.7645100683587309, 0.004127373571753555], 2, -1.0, [-0.7577291009104349, 0.006780967448296088]
[-0.7577291009104349, 0.006780967448296088], 2, -1.0, [-0.7483330220537882, 0.009396078856646738]
[-0.7483330220537882, 0.009396078856646738], 2, -1.0, [-0.7363762564689535, 0.011956765584834633]
[-0.7363762564689535, 0.011956765584834633], 2, -1.0, [-0.7219298482067424, 0.014446408262211129]
[-0.7219298482067424, 0.014446408262211129], 2, -1.0, [-0.7050821820999361, 0.016847666106806332]
[-0.7050821820999361, 0.016847666106806332], 2, -1.0, [-0.685939646293443, 0.019142535806493215]
[-0.685939646293443, 0.019142535806493215], 2, -1.0, [-0.6646271185898174, 0.02131252770362552]
[-0.6646271185898174, 0.02131252770362552], 2, -1.0, [-0.6412881523511428, 0.023338966238674548]
[-0.6412881523511428, 0.023338966238674548], 2, -1.0, [-0.6160847403453228, 0.025203412005819992]
[-0.6160847403453228, 0.025203412005819992], 2, -1.0, [-0.5891965492052909, 0.026888191140031926]
[-0.5891965492052909, 0.026888191140031926], 2, -1.0, [-0.5608195441761211, 0.02837700502916975]
[-0.5608195441761211, 0.02837700502916975], 2, -1.0, [-0.5311639631286421, 0.02965558104747902]
[-0.5311639631286421, 0.02965558104747902], 2, -1.0, [-0.500451648045487, 0.03071231508315509]
[-0.500451648045487, 0.03071231508315509], 2, -1.0, [-0.46891279693024623, 0.03153885111524077]
[-0.46891279693024623, 0.03153885111524077], 2, -1.0, [-0.43678225328756753, 0.032130543642678706]
[-0.43678225328756753, 0.032130543642678706], 2, -1.0, [-0.40429549710207874, 0.032486756185488797]
[-0.40429549710207874, 0.032486756185488797], 2, -1.0, [-0.3716845341337573, 0.032610962968321465]
[-0.3716845341337573, 0.032610962968321465], 2, -1.0, [-0.33917389454770985, 0.03251063958604747]
[-0.33917389454770985, 0.03251063958604747], 2, -1.0, [-0.30697694529933456, 0.0321969492483753]
[-0.30697694529933456, 0.0321969492483753], 2, -1.0, [-0.275292694350319, 0.031684250949015565]
[-0.275292694350319, 0.031684250949015565], 0, -1.0, [-0.2463032226766914, 0.028989471673627573]
[-0.2463032226766914, 0.028989471673627573], 0, -1.0, [-0.22016175929630494, 0.026141463380386466]
[-0.22016175929630494, 0.026141463380386466], 0, -1.0, [-0.19699453243201348, 0.02316722686429147]
[-0.19699453243201348, 0.02316722686429147], 0, -1.0, [-0.17690328817281759, 0.020091244259195902]
[-0.17690328817281759, 0.020091244259195902], 0, -1.0, [-0.15996816389606058, 0.01693512427675701]
[-0.15996816389606058, 0.01693512427675701], 0, -1.0, [-0.14625063717551157, 0.013717526720549024]
[-0.14625063717551157, 0.013717526720549024], 0, -1.0, [-0.13579631687631682, 0.010454320299194745]
[-0.13579631687631682, 0.010454320299194745], 0, -1.0, [-0.12863739278711997, 0.007158924089196864]
[-0.12863739278711997, 0.007158924089196864], 0, -1.0, [-0.12479460737347929, 0.0038427854136406725]
[-0.12479460737347929, 0.0038427854136406725], 0, -1.0, [-0.12427865479554619, 0.0005159525779331012]
[-0.12427865479554619, 0.0005159525779331012], 0, -1.0, [-0.1270909473908249, -0.00281229259527872]
[-0.1270909473908249, -0.00281229259527872], 0, -1.0, [-0.13322371938663008, -0.00613277199580516]
[-0.13322371938663008, -0.00613277199580516], 0, -1.0, [-0.1426594638855464, -0.009435744498916333]
[-0.1426594638855464, -0.009435744498916333], 0, -1.0, [-0.1553697249873817, -0.01271026110183528]
[-0.1553697249873817, -0.01271026110183528], 0, -1.0, [-0.17131329518057803, -0.015943570193196328]
[-0.17131329518057803, -0.015943570193196328], 0, -1.0, [-0.19043390131497168, -0.019120606134393647]
[-0.19043390131497168, -0.019120606134393647], 0, -1.0, [-0.2126575020016694, -0.022223600686697743]
[-0.2126575020016694, -0.022223600686697743], 0, -1.0, [-0.23788936498493263, -0.02523186298326323]
[-0.23788936498493263, -0.02523186298326323], 0, -1.0, [-0.26601114244655016, -0.02812177746161753]
[-0.26601114244655016, -0.02812177746161753], 0, -1.0, [-0.2968782101433923, -0.03086706769684209]
[-0.2968782101433923, -0.03086706769684209], 0, -1.0, [-0.3303175747064337, -0.033439364563041404]
[-0.3303175747064337, -0.033439364563041404], 0, -1.0, [-0.36612667204339916, -0.03580909733696548]
[-0.36612667204339916, -0.03580909733696548], 0, -1.0, [-0.40407336754822765, -0.03794669550482848]
[-0.40407336754822765, -0.03794669550482848], 0, -1.0, [-0.44389741647649544, -0.039824048928267776]
[-0.44389741647649544, -0.039824048928267776], 0, -1.0, [-0.4853135461234302, -0.041416129646934766]
[-0.4853135461234302, -0.041416129646934766], 0, -1.0, [-0.5280161840924474, -0.04270263796901727]
[-0.5280161840924474, -0.04270263796901727], 0, -1.0, [-0.5716856924674899, -0.043669508375042417]
[-0.5716856924674899, -0.043669508375042417], 0, -1.0, [-0.6159957985958933, -0.04431010612840335]
[-0.6159957985958933, -0.04431010612840335], 0, -1.0, [-0.6606217671656504, -0.044625968569757105]
[-0.6606217671656504, -0.044625968569757105], 0, -1.0, [-0.7052487620378843, -0.044626994872234024]
[-0.7052487620378843, -0.044626994872234024], 0, -1.0, [-0.7495798186633602, -0.04433105662547583]
[-0.7495798186633602, -0.04433105662547583], 0, -1.0, [-0.793342894467836, -0.04376307580447575]
[-0.793342894467836, -0.04376307580447575], 0, -1.0, [-0.8362965760920517, -0.04295368162421563]
[-0.8362965760920517, -0.04295368162421563], 0, -1.0, [-0.8782341773554486, -0.041937601263396934]
[-0.8782341773554486, -0.041937601263396934], 0, -1.0, [-0.918986132476824, -0.04075195512137541]
[-0.918986132476824, -0.04075195512137541], 0, -1.0, [-0.958420748275392, -0.03943461579856802]
[-0.958420748275392, -0.03943461579856802], 0, -1.0, [-0.9964435060727155, -0.0380227577973235]
[-0.9964435060727155, -0.0380227577973235], 0, -1.0, [-1.0329951876224328, -0.036551681549717226]
[-1.0329951876224328, -0.036551681549717226], 0, -1.0, [-1.0680491380341095, -0.03505395041167664]
[-1.0680491380341095, -0.03505395041167664], 0, -1.0, [-1.1016079782235375, -0.033558840189428105]
[-1.1016079782235375, -0.033558840189428105], 0, -1.0, [-1.133700050091812, -0.03209207186827437]
[-1.133700050091812, -0.03209207186827437], 0, -1.0, [-1.1643758307752121, -0.030675780683400072]
[-1.1643758307752121, -0.030675780683400072], 0, -1.0, [-1.1937044981742055, -0.02932866739899333]
[-1.1937044981742055, -0.02932866739899333], 0, -1.0, [-1.2, 0.0]
[-1.2, 0.0], 2, -1.0, [-1.1967581039591646, 0.003241896040835368]
[-1.1967581039591646, 0.003241896040835368], 2, -1.0, [-1.1902636585360942, 0.006494445423070332]
[-1.1902636585360942, 0.006494445423070332], 2, -1.0, [-1.1804959639787937, 0.009767694557300442]
[-1.1804959639787937, 0.009767694557300442], 2, -1.0, [-1.1674255149588486, 0.013070449019945182]
[-1.1674255149588486, 0.013070449019945182], 2, -1.0, [-1.1510159267200155, 0.016409588238833067]
[-1.1510159267200155, 0.016409588238833067], 2, -1.0, [-1.1312266168239755, 0.019789309896040046]
[-1.1312266168239755, 0.019789309896040046], 2, -1.0, [-1.108016322100852, 0.02321029472312345]
[-1.108016322100852, 0.02321029472312345], 2, -1.0, [-1.081347524946184, 0.02666879715466819]
[-1.081347524946184, 0.02666879715466819], 2, -1.0, [-1.0511918363028878, 0.03015568864329602]
[-1.0511918363028878, 0.03015568864329602], 2, -1.0, [-1.0175363271434712, 0.0336555091594167]
[-1.0175363271434712, 0.0336555091594167], 2, -1.0, [-0.9803907090723114, 0.03714561807115983]
[-0.9803907090723114, 0.03714561807115983], 2, -1.0, [-0.9397951336374217, 0.04059557543488971]
[-0.9397951336374217, 0.04059557543488971], 2, -1.0, [-0.8958282112564235, 0.043966922380998245]
[-0.8958282112564235, 0.043966922380998245], 2, -1.0, [-0.8486146572192776, 0.04721355403714586]
[-0.8486146572192776, 0.04721355403714586], 2, -1.0, [-0.7983317816221248, 0.05028287559715283]
[-0.7983317816221248, 0.05028287559715283], 2, -1.0, [-0.7452138959379592, 0.0531178856841656]
[-0.7452138959379592, 0.0531178856841656], 2, -1.0, [-0.6895536666604415, 0.0556602292775177]
[-0.6895536666604415, 0.0556602292775177], 2, -1.0, [-0.6316995610792892, 0.057854105581152386]
[-0.6316995610792892, 0.057854105581152386], 2, -1.0, [-0.5720488365336812, 0.05965072454560789]
[-0.5720488365336812, 0.05965072454560789], 2, -1.0, [-0.5110360146660762, 0.061012821867605024]
[-0.5110360146660762, 0.061012821867605024], 2, -1.0, [-0.44911739120176025, 0.061918623464315904]
[-0.44911739120176025, 0.061918623464315904], 2, -1.0, [-0.38675274139346727, 0.06236464980829299]
[-0.38675274139346727, 0.06236464980829299], 2, -1.0, [-0.3243858485235833, 0.06236689286988392]
[-0.3243858485235833, 0.06236689286988392], 2, -1.0, [-0.2624256859117381, 0.061960162611845254]
[-0.2624256859117381, 0.061960162611845254], 2, -1.0, [-0.20122996568717166, 0.061195720224566416]
[-0.20122996568717166, 0.061195720224566416], 2, -1.0, [-0.14109236178367496, 0.06013760390349669]
[-0.14109236178367496, 0.06013760390349669], 2, -1.0, [-0.08223412731502394, 0.05885823446865101]
[-0.08223412731502394, 0.05885823446865101], 0, -1.0, [-0.026800200336085107, 0.055433926978938834]
[-0.026800200336085107, 0.055433926978938834], 2, -1.0, [0.027141802611822356, 0.053942002947907464]
[0.027141802611822356, 0.053942002947907464], 2, -1.0, [0.07959208860306535, 0.05245028599124299]
[0.07959208860306535, 0.05245028599124299], 2, -1.0, [0.13061330426353562, 0.05102121566047026]
[0.13061330426353562, 0.05102121566047026], 1, -1.0, [0.17932399997103848, 0.04871069570750286]
[0.17932399997103848, 0.04871069570750286], 1, -1.0, [0.22588782171679125, 0.04656382174575276]
[0.22588782171679125, 0.04656382174575276], 1, -1.0, [0.2705040439833176, 0.044616222266526395]
[0.2705040439833176, 0.044616222266526395], 1, -1.0, [0.3133992601815739, 0.04289521619825627]
[0.3133992601815739, 0.04289521619825627], 1, -1.0, [0.3548204056442908, 0.041421145462716934]
[0.3548204056442908, 0.041421145462716934], 1, -1.0, [0.39502911244988054, 0.04020870680558975]
[0.39502911244988054, 0.04020870680558975], 1, -1.0, [0.43429727892394854, 0.03926816647406803]
[0.43429727892394854, 0.03926816647406803], 1, -1.0, [0.4729036672454971, 0.03860638832154854]
[0.4729036672454971, 0.03860638832154854], 1, -1.0, [0.5111313062791374, 0.03822763903364033]
