[-0.47647162591188125, 0.0], 0, -1.0, [-0.47782390319691487, -0.0013522772850336094]
[-0.47782390319691487, -0.0013522772850336094], 0, -1.0, [-0.4805184140108546, -0.002694510813939741]
[-0.4805184140108546, -0.002694510813939741], 0, -1.0, [-0.48453512880961974, -0.004016714798765135]
[-0.48453512880961974, -0.004016714798765135], 0, -1.0, [-0.48984415080833543, -0.005309021998715706]
[-0.48984415080833543, -0.005309021998715706], 0, -1.0, [-0.49640590004914764, -0.0065617492408121935]
[-0.49640590004914764, -0.0065617492408121935], 0, -1.0, [-0.5041713697186478, -0.007765469669500255]
[-0.5041713697186478, -0.007765469669500255], 0, -1.0, [-0.5130824624570788, -0.00891109273843094]
[-0.5130824624570788, -0.00891109273843094], 0, -1.0, [-0.5230724144606442, -0.009989952003565445]
[-0.5230724144606442, -0.009989952003565445], 0, -1.0, [-0.5340663141711015, -0.01099389971045725]
[-0.5340663141711015, -0.01099389971045725], 0, -1.0, [-0.5459817202444939, -0.011915406073392398]
[-0.5459817202444939, -0.011915406073392398], 0, -1.0, [-0.5587293803595191, -0.012747660115025247]
[-0.5587293803595191, -0.012747660115025247], 0, -1.0, [-0.5722140484316317, -0.013484668072112557]
[-0.5722140484316317, -0.013484668072112557], 0, -1.0, [-0.5863353932029288, -0.014121344771297072]
[-0.5863353932029288, -0.014121344771297072], 0, -1.0, [-0.6009889863212606, -0.014653593118331809]
[-0.6009889863212606, -0.014653593118331809], 0, -1.0, [-0.6160673532985923, -0.01507836697733171]
[-0.6160673532985923, -0.01507836697733171], 0, -1.0, [-0.6314610665582184, -0.01539371325962617]
[-0.6314610665582184, -0.01539371325962617], 0, -1.0, [-0.6470598565264887, -0.015598789968270244]
[-0.6470598565264887, -0.015598789968270244], 0, -1.0, [-0.6627537147119386, -0.0156938581854499]
[-0.6627537147119386, -0.0156938581854499], 0, -1.0, [-0.6784339621525804, -0.015680247440641868]
[-0.6784339621525804, -0.015680247440641868], 0, -1.0, [-0.693994257580187, -0.0155602954276065]
[-0.693994257580187, -0.0155602954276065], 0, -1.0, [-0.7093315220897175, -0.015337264509530518]
[-0.7093315220897175, -0.015337264509530518], 0, -1.0, [-0.7243467608236643, -0.015015238733946864]
[-0.7243467608236643, -0.015015238733946864], 0, -1.0, [-0.7389457668906199, -0.014599006066955493]
[-0.7389457668906199, -0.014599006066955493], 0, -1.0, [-0.7530396980710529, -0.014093931180432999]
[-0.7530396980710529, -0.014093931180432999], 0, -1.0, [-0.7665455224300871, -0.01350582435903426]
[-0.7665455224300871, -0.01350582435903426], 2, -1.0, [-0.7773863343800766, -0.010840811949989551]
[-0.7773863343800766, -0.010840811949989551], 2, -1.0, [-0.7855023750249001, -0.00811604064482336]
[-0.7855023750249001, -0.00811604064482336], 2, -1.0, [-0.790850096137544, -0.005347721112643896]
[-0.790850096137544, -0.005347721112643896], 2, -1.0, [-0.7934013747910134, -0.0025512786534693643]
[-0.7934013747910134, -0.0025512786534693643], 2, -1.0, [-0.7931429566326151, 0.0002584181583982696]
[-0.7931429566326151, 0.0002584181583982696], 2, -1.0, [-0.7900761793789912, 0.0030667772536239267]
[-0.7900761793789912, 0.0030667772536239267], 2, -1.0, [-0.7842170011425641, 0.005859178236427091]
[-0.7842170011425641, 0.005859178236427091], 2, -1.0, [-0.7755963310971556, 0.00862067004540841]
[-0.7755963310971556, 0.00862067004540841], 2, -1.0, [-0.76426063289759, 0.011335698199565617]
[-0.76426063289759, 0.011335698199565617], 2, -1.0, [-0.7502727443592524, 0.013987888538337708]
[-0.7502727443592524, 0.013987888538337708], 2, -1.0, [-0.7337128306769259, 0.016559913682326496]
[-0.7337128306769259, 0.016559913682326496], 2, -1.0, [-0.7146793639886689, 0.01903346668825697]
[-0.7146793639886689, 0.01903346668825697], 2, -1.0, [-0.693290001166144, 0.021389362822524946]
[-0.693290001166144, 0.021389362822524946], 2, -1.0, [-0.6696822168586617, 0.02360778430748229]
[-0.6696822168586617, 0.02360778430748229], 2, -1.0, [-0.6440135430726138, 0.025668673786047858]
[-0.6440135430726138, 0.025668673786047858], 2, -1.0, [-0.6164612730391937, 0.027552270033420038]
[-0.6164612730391937, 0.027552270033420038], 2, -1.0, [-0.5872215083179205, 0.029239764721273244]
[-0.5872215083179205, 0.029239764721273244], 2, -1.0, [-0.5565074651017462, 0.030714043216174304]
[-0.5565074651017462, 0.030714043216174304], 2, -1.0, [-0.5245470074634686, 0.031960457638277574]
[-0.5245470074634686, 0.031960457638277574], 2, -1.0, [-0.49157943809579396, 0.032967569367674636]
[-0.49157943809579396, 0.032967569367674636], 2, -1.0, [-0.45785164462102584, 0.033727793474768106]
[-0.45785164462102584, 0.033727793474768106], 2, -1.0, [-0.4236137635455265, 0.03423788107549933]
[-0.4236137635455265, 0.03423788107549933], 2, -1.0, [-0.3891145755969371, 0.0344991879485894]
[-0.3891145755969371, 0.0344991879485894], 2, -1.0, [-0.3545968778237586, 0.03451769777317851]
[-0.3545968778237586, 0.03451769777317851], 2, -1.0, [-0.3202930845446203, 0.03430379327913829]
[-0.3202930845446203, 0.03430379327913829], 2, -1.0, [-0.28642128998376104, 0.03387179456085926]
[-0.28642128998376104, 0.03387179456085926], 2, -1.0, [-0.2531819833279582, 0.033239306655802804]
[-0.2531819833279582, 0.033239306655802804], 0, -1.0, [-0.22275554852417245, 0.030426434803785776]
[-0.22275554852417245, 0.030426434803785776], 0, -1.0, [-0.19529135591200966, 0.0274641926121628]
[-0.19529135591200966, 0.0274641926121628], 0, -1.0, [-0.17091023606936906, 0.0243811198426406]
[-0.17091023606936906, 0.0243811198426406], 0, -1.0, [-0.14970763669113613, 0.021202599378232927]
[-0.14970763669113613, 0.021202599378232927], 0, -1.0, [-0.13175710796250611, 0.017950528728630025]
[-0.13175710796250611, 0.017950528728630025], 0, -1.0, [-0.11711380954071784, 0.014643298421788265]
[-0.11711380954071784, 0.014643298421788265], 0, -1.0, [-0.10581779085613954, 0.011296018684578295]
[-0.10581779085613954, 0.011296018684578295], 0, -1.0, [-0.09789685572907866, 0.007920935127060874]
[-0.09789685572907866, 0.007920935127060874], 0, -1.0, [-0.09336887566761468, 0.004527980061463989]
[-0.09336887566761468, 0.004527980061463989], 0, -1.0, [-0.09224346052083326, 0.0011254151467814167]
[-0.09224346052083326, 0.0011254151467814167], 0, -1.0, [-0.09452293006703551, -0.002279469546202247]
[-0.09452293006703551, -0.002279469546202247], 0, -1.0, [-0.1002025572756191, -0.005679627208583582]
[-0.1002025572756191, -0.005679627208583582], 0, -1.0, [-0.10927007631781922, -0.009067519042200134]
[-0.10927007631781922, -0.009067519042200134], 0, -1.0, [-0.12170446949707213, -0.012434393179252906]
[-0.12170446949707213, -0.012434393179252906], 0, -1.0, [-0.13747407086151683, -0.01576960136444471]
[-0.13747407086151683, -0.01576960136444471], 0, -1.0, [-0.15653405376797497, -0.019059982906458137]
[-0.15653405376797497, -0.019059982906458137], 0, -1.0, [-0.17882340765774074, -0.02228935388976578]
[-0.17882340765774074, -0.02228935388976578], 0, -1.0, [-0.20426155684694872, -0.025438149189207965]
[-0.20426155684694872, -0.025438149189207965], 0, -1.0, [-0.23274483002324187, -0.028483273176293143]
[-0.23274483002324187, -0.028483273176293143], 0, -1.0, [-0.26414304911803943, -0.031398219094797584]
[-0.26414304911803943, -0.031398219094797584], 0, -1.0, [-0.29829656243275715, -0.0341535133147177]
[-0.29829656243275715, -0.0341535133147177], 0, -1.0, [-0.33501408794636645, -0.03671752551360931]
[-0.33501408794636645, -0.03671752551360931], 0, -1.0, [-0.3740717448017399, -0.03905765685537345]
[-0.3740717448017399, -0.03905765685537345], 0, -1.0, [-0.41521362027070335, -0.04114187546896345]
[-0.41521362027070335, -0.04114187546896345], 0, -1.0, [-0.45815413601328964, -0.04294051574258629]
[-0.45815413601328964, -0.04294051574258629], 0, -1.0, [-0.5025823392560563, -0.04442820324276667]
[-0.5025823392560563, -0.04442820324276667], 0, -1.0, [-0.5481680613610688, -0.04558572210501239]
[-0.5481680613610688, -0.04558572210501239], 0, -1.0, [-0.594569680629043, -0.046401619267974245]
[-0.594569680629043, -0.046401619267974245], 0, -1.0, [-0.6414430305546492, -0.04687334992560618]
[-0.6414430305546492, -0.04687334992560618], 0, -1.0, [-0.6884508448709603, -0.04700781431631105]
[-0.6884508448709603, -0.04700781431631105], 0, -1.0, [-0.7352720564840943, -0.046821211613133976]
[-0.7352720564840943, -0.046821211613133976], 0, -1.0, [-0.7816102843747261, -0.04633822789063177]
[-0.7816102843747261, -0.04633822789063177], 0, -1.0, [-0.82720094727876, -0.045590662904033935]
[-0.82720094727876, -0.045590662904033935], 0, -1.0, [-0.8718166139876891, -0.04461566670892899]
[-0.8718166139876891, -0.04461566670892899], 0, -1.0, [-0.9152704042350331, -0.043453790247344054]
[-0.9152704042350331, -0.043453790247344054], 0, -1.0, [-0.9574174555380562, -0.04214705130302311]
[-0.9574174555380562, -0.04214705130302311], 0, -1.0, [-0.9981546402090066, -0.04073718467095029]
[-0.9981546402090066, -0.04073718467095029], 0, -1.0, [-1.0374188346841255, -0.03926419447511891]
[-1.0374188346841255, -0.03926419447511891], 0, -1.0, [-1.0751841048441828, -0.03776527016005729]
[-1.0751841048441828, -0.03776527016005729], 0, -1.0, [-1.1114581813600832, -0.0362740765159004]
[-1.1114581813600832, -0.0362740765159004], 0, -1.0, [-1.146278570247959, -0.03482038888787567]
[-1.146278570247959, -0.03482038888787567], 0, -1.0, [-1.179708590161369, -0.033430019913410186]
[-1.179708590161369, -0.033430019913410186], 0, -1.0, [-1.2, 0.0]
[-1.2, 0.0], 2, -1.0, [-1.1967581039591646, 0.003241896040835368]
[-1.1967581039591646, 0.003241896040835368], 2, -1.0, [-1.1902636585360942, 0.006494445423070332]
[-1.1902636585360942, 0.006494445423070332], 2, -1.0, [-1.1804959639787937, 0.009767694557300442]
[-1.1804959639787937, 0.009767694557300442], 2, -1.0, [-1.1674255149588486, 0.013070449019945182]
[-1.1674255149588486, 0.013070449019945182], 2, -1.0, [-1.1510159267200155, 0.016409588238833067]
[-1.1510159267200155, 0.016409588238833067], 2, -1.0, [-1.1312266168239755, 0.019789309896040046]
[-1.1312266168239755, 0.019789309896040046], 2, -1.0, [-1.108016322100852, 0.02321029472312345]
[-1.108016322100852, 0.02321029472312345], 2, -1.0, [-1.081347524946184, 0.02666879715466819]
[-1.081347524946184, 0.02666879715466819], 2, -1.0, [-1.0511918363028878, 0.03015568864329602]
[-1.0511918363028878, 0.03015568864329602], 2, -1.0, [-1.0175363271434712, 0.0336555091594167]
[-1.0175363271434712, 0.0336555091594167], 2, -1.0, [-0.9803907090723114, 0.03714561807115983]
[-0.9803907090723114, 0.03714561807115983], 2, -1.0, [-0.9397951336374217, 0.04059557543488971]
[-0.9397951336374217, 0.04059557543488971], 2, -1.0, [-0.8958282112564235, 0.043966922380998245]
[-0.8958282112564235, 0.043966922380998245], 2, -1.0, [-0.8486146572192776, 0.04721355403714586]
[-0.8486146572192776, 0.04721355403714586], 2, -1.0, [-0.7983317816221248, 0.05028287559715283]
[-0.7983317816221248, 0.05028287559715283], 2, -1.0, [-0.7452138959379592, 0.0531178856841656]
[-0.7452138959379592, 0.0531178856841656], 2, -1.0, [-0.6895536666604415, 0.0556602292775177]
[-0.6895536666604415, 0.0556602292775177], 2, -1.0, [-0.6316995610792892, 0.057854105581152386]
[-0.6316995610792892, 0.057854105581152386], 2, -1.0, [-0.5720488365336812, 0.05965072454560789]
[-0.5720488365336812, 0.05965072454560789], 2, -1.0, [-0.5110360146660762, 0.061012821867605024]
[-0.5110360146660762, 0.061012821867605024], 2, -1.0, [-0.44911739120176025, 0.061918623464315904]
[-0.44911739120176025, 0.061918623464315904], 1, -1.0, [-0.38775274139346727, 0.061364649808292995]
[-0.38775274139346727, 0.061364649808292995], 2, -1.0, [-0.3263789672475157, 0.06137377414595155]
[-0.3263789672475157, 0.06137377414595155], 2, -1.0, [-0.26539954095165597, 0.06097942629585973]
[-0.26539954095165597, 0.06097942629585973], 2, -1.0, [-0.20516868618070963, 0.060230854770946335]
[-0.20516868618070963, 0.060230854770946335], 2, -1.0, [-0.14597903482861013, 0.059189651352099505]
[-0.14597903482861013, 0.059189651352099505], 2, -1.0, [-0.08805345449177748, 0.057925580336832656]
[-0.08805345449177748, 0.057925580336832656], 2, -1.0, [-0.03154115432807773, 0.05651230016369975]
[-0.03154115432807773, 0.05651230016369975], 0, -1.0, [0.021482329487074035, 0.05302348381515177]
[0.021482329487074035, 0.05302348381515177], 2, -1.0, [0.07301100327341312, 0.05152867378633909]
[0.07301100327341312, 0.05152867378633909], 2, -1.0, [0.12309940701241723, 0.05008840373900412]
[0.12309940701241723, 0.05008840373900412], 2, -1.0, [0.1718563585261581, 0.04875695151374088]
[0.1718563585261581, 0.04875695151374088], 2, -1.0, [0.21943827931030346, 0.047581920784145346]
[0.21943827931030346, 0.047581920784145346], 1, -1.0, [0.2650426393180166, 0.04560436000771311]
[0.2650426393180166, 0.04560436000771311], 1, -1.0, [0.30889651571487947, 0.043853876396862876]
[0.30889651571487947, 0.043853876396862876], 1, -1.0, [0.35124918104523034, 0.04235266533035087]
[0.35124918104523034, 0.04235266533035087], 1, -1.0, [0.3923660542366158, 0.04111687319138545]
[0.3923660542366158, 0.04111687319138545], 1, -1.0, [0.4325239117455291, 0.04015785750891333]
[0.4325239117455291, 0.04015785750891333], 1, -1.0, [0.4720071747242791, 0.039483262978749975]
[0.4720071747242791, 0.039483262978749975], 1, -1.0, [0.5111050437085983, 0.03909786898431919]
