[-0.4663270612431793, 0.0], 0, -1.0, [-0.46775448886001275, -0.001427427616833468]
[-0.46775448886001275, -0.001427427616833468], 0, -1.0, [-0.4705987921299866, -0.0028443032699738847]
[-0.4705987921299866, -0.0028443032699738847], 0, -1.0, [-0.4748389225271276, -0.004240130397140972]
[-0.4748389225271276, -0.004240130397140972], 0, -1.0, [-0.4804434490304612, -0.00560452650333357]
[-0.4804434490304612, -0.00560452650333357], 0, -1.0, [-0.48737073705875483, -0.0069272880282936055]
[-0.48737073705875483, -0.0069272880282936055], 0, -1.0, [-0.4955692007742139, -0.008198463715459051]
[-0.4955692007742139, -0.008198463715459051], 0, -1.0, [-0.5049776386450507, -0.009408437870836844]
[-0.5049776386450507, -0.009408437870836844], 0, -1.0, [-0.5155256624151616, -0.010548023770110894]
[-0.5155256624151616, -0.010548023770110894], 0, -1.0, [-0.5271342286149475, -0.011608566199785862]
[-0.5271342286149475, -0.011608566199785862], 0, -1.0, [-0.539716279414256, -0.012582050799308532]
[-0.539716279414256, -0.012582050799308532], 0, -1.0, [-0.553177496032146, -0.013461216617890015]
[-0.553177496032146, -0.013461216617890015], 0, -1.0, [-0.5674171632646703, -0.014239667232524216]
[-0.5674171632646703, -0.014239667232524216], 0, -1.0, [-0.5823291382745959, -0.014911975009925565]
[-0.5823291382745959, -0.014911975009925565], 0, -1.0, [-0.5978029110100072, -0.015473772735411303]
[-0.5978029110100072, -0.015473772735411303], 0, -1.0, [-0.6137247379551916, -0.015921826945184455]
[-0.6137247379551916, -0.015921826945184455], 0, -1.0, [-0.6299788258648846, -0.01625408790969307]
[-0.6299788258648846, -0.01625408790969307], 0, -1.0, [-0.6464485381617885, -0.01646971229690383]
[-0.6464485381617885, -0.01646971229690383], 0, -1.0, [-0.6630175941757902, -0.01656905601400169]
[-0.6630175941757902, -0.01656905601400169], 0, -1.0, [-0.6795712306320576, -0.01655363645626743]
[-0.6795712306320576, -0.01655363645626743], 0, -1.0, [-0.6959972958550179, -0.016426065222960324]
[-0.6959972958550179, -0.016426065222960324], 0, -1.0, [-0.7121872499756479, -0.01618995412063001]
[-0.7121872499756479, -0.01618995412063001], 0, -1.0, [-0.7280370487793849, -0.015849798803737075]
[-0.7280370487793849, -0.015849798803737075], 0, -1.0, [-0.7434478943504875, -0.015410845571102637]
[-0.7434478943504875, -0.015410845571102637], 0, -1.0, [-0.7583268419112525, -0.014878947560764993]
[-0.7583268419112525, -0.014878947560764993], 0, -1.0, [-0.772587258745895, -0.01426041683464246]
[-0.772587258745895, -0.01426041683464246], 2, -1.0, [-0.7841491373852014, -0.011561878639306453]
[-0.7841491373852014, -0.011561878639306453], 2, -1.0, [-0.7929498854269987, -0.008800748041797257]
[-0.7929498854269987, -0.008800748041797257], 2, -1.0, [-0.7989432745273036, -0.005993389100304933]
[-0.7989432745273036, -0.005993389100304933], 2, -1.0, [-0.8020985419369221, -0.0031552674096184986]
[-0.8020985419369221, -0.0031552674096184986], 2, -1.0, [-0.8023997305023717, -0.0003011885654495509]
[-0.8023997305023717, -0.0003011885654495509], 2, -1.0, [-0.7998453256841743, 0.002554404818197323]
[-0.7998453256841743, 0.002554404818197323], 2, -1.0, [-0.7944482203516027, 0.005397105332571655]
[-0.7944482203516027, 0.005397105332571655], 2, -1.0, [-0.7862360102860676, 0.00821221006553503]
[-0.7862360102860676, 0.00821221006553503], 2, -1.0, [-0.7752515955023936, 0.01098441478367397]
[-0.7752515955023936, 0.01098441478367397], 2, -1.0, [-0.7615540346800778, 0.01369756082231587]
[-0.7615540346800778, 0.01369756082231587], 2, -1.0, [-0.7452195724796831, 0.016334462200394716]
[-0.7452195724796831, 0.016334462200394716], 2, -1.0, [-0.7263427331798531, 0.018876839299829973]
[-0.7263427331798531, 0.018876839299829973], 2, -1.0, [-0.7050373505715597, 0.02130538260829342]
[-0.7050373505715597, 0.02130538260829342], 2, -1.0, [-0.6814373858960547, 0.023599964675504972]
[-0.6814373858960547, 0.023599964675504972], 2, -1.0, [-0.6556973760126088, 0.025740009883445925]
[-0.6556973760126088, 0.025740009883445925], 2, -1.0, [-0.6279923564154053, 0.02770501959720349]
[-0.6279923564154053, 0.02770501959720349], 2, -1.0, [-0.5985171212782198, 0.029475235137185536]
[-0.5985171212782198, 0.029475235137185536], 2, -1.0, [-0.567484717223559, 0.031032404054660758]
[-0.567484717223559, 0.031032404054660758], 2, -1.0, [-0.5351241186696536, 0.03236059855390544]
[-0.5351241186696536, 0.03236059855390544], 2, -1.0, [-0.501677097264894, 0.03344702140475966]
[-0.501677097264894, 0.03344702140475966], 2, -1.0, [-0.46739436995809647, 0.034282727306797496]
[-0.46739436995809647, 0.034282727306797496], 2, -1.0, [-0.43253118113765915, 0.0348631888204373]
[-0.43253118113765915, 0.0348631888204373], 2, -1.0, [-0.39734253434917666, 0.03518864678848249]
[-0.39734253434917666, 0.03518864678848249], 2, -1.0, [-0.3620783294252545, 0.03526420492392216]
[-0.3620783294252545, 0.03526420492392216], 2, -1.0, [-0.32697867510578993, 0.03509965431946455]
[-0.32697867510578993, 0.03509965431946455], 2, -1.0, [-0.2922696331270732, 0.03470904197871669]
[-0.2922696331270732, 0.03470904197871669], 2, -1.0, [-0.258159609651472, 0.034110023475601235]
[-0.258159609651472, 0.034110023475601235], 2, -1.0, [-0.2248365501978027, 0.03332305945366931]
[-0.2248365501978027, 0.03332305945366931], 0, -1.0, [-0.19446602393236095, 0.030370526265441747]
[-0.19446602393236095, 0.030370526265441747], 0, -1.0, [-0.1671819866657892, 0.027284037266571755]
[-0.1671819866657892, 0.027284037266571755], 0, -1.0, [-0.1430900502511515, 0.024091936414637687]
[-0.1430900502511515, 0.024091936414637687], 0, -1.0, [-0.12227128823750143, 0.020818762013650082]
[-0.12227128823750143, 0.020818762013650082], 0, -1.0, [-0.10478621314162136, 0.017485075095880074]
[-0.10478621314162136, 0.017485075095880074], 0, -1.0, [-0.09067862526428805, 0.014107587877333301]
[-0.09067862526428805, 0.014107587877333301], 0, -1.0, [-0.07997910205533587, 0.010699523208952174]
[-0.07997910205533587, 0.010699523208952174], 0, -1.0, [-0.07270796103496392, 0.007271141020371947]
[-0.07270796103496392, 0.007271141020371947], 0, -1.0, [-0.06887758290430386, 0.0038303781306600615]
[-0.06887758290430386, 0.0038303781306600615], 0, -1.0, [-0.06849402303770705, 0.0003835598665968198]
[-0.06849402303770705, 0.0003835598665968198], 0, -1.0, [-0.07155787001441216, -0.0030638469767051125]
[-0.07155787001441216, -0.0030638469767051125], 0, -1.0, [-0.07806433193267898, -0.006506461918266813]
[-0.07806433193267898, -0.006506461918266813], 0, -1.0, [-0.08800254867570123, -0.009938216743022255]
[-0.08800254867570123, -0.009938216743022255], 0, -1.0, [-0.10135414524958888, -0.013351596573887656]
[-0.10135414524958888, -0.013351596573887656], 0, -1.0, [-0.11809106201708652, -0.016736916767497643]
[-0.11809106201708652, -0.016736916767497643], 0, -1.0, [-0.13817272597124203, -0.02008166395415551]
[-0.13817272597124203, -0.02008166395415551], 0, -1.0, [-0.16154266612559068, -0.023369940154348658]
[-0.16154266612559068, -0.023369940154348658], 0, -1.0, [-0.18812472707533445, -0.026582060949743767]
[-0.18812472707533445, -0.026582060949743767], 0, -1.0, [-0.21781909679577782, -0.029694369720443373]
[-0.21781909679577782, -0.029694369720443373], 0, -1.0, [-0.2504984333658238, -0.032679336570045965]
[-0.2504984333658238, -0.032679336570045965], 0, -1.0, [-0.2860044419277441, -0.035506008561920314]
[-0.2860044419277441, -0.035506008561920314], 0, -1.0, [-0.3241453049044388, -0.038140862976694744]
[-0.3241453049044388, -0.038140862976694744], 0, -1.0, [-0.36469438914300606, -0.04054908423856724]
[-0.36469438914300606, -0.04054908423856724], 0, -1.0, [-0.40739062657023384, -0.04269623742722778]
[-0.40739062657023384, -0.04269623742722778], 0, -1.0, [-0.4519408773139178, -0.04455025074368398]
[-0.4519408773139178, -0.04455025074368398], 0, -1.0, [-0.4980244323794004, -0.0460835550654826]
[-0.4980244323794004, -0.0460835550654826], 0, -1.0, [-0.5452996068976398, -0.04727517451823937]
[-0.5452996068976398, -0.04727517451823937], 0, -1.0, [-0.5934121401260058, -0.04811253322836608]
[-0.5934121401260058, -0.04811253322836608], 0, -1.0, [-0.6420048927008368, -0.04859275257483092]
[-0.6420048927008368, -0.04859275257483092], 0, -1.0, [-0.6907281575424553, -0.04872326484161846]
[-0.6907281575424553, -0.04872326484161846], 0, -1.0, [-0.739249814161887, -0.048521656619431634]
[-0.739249814161887, -0.048521656619431634], 0, -1.0, [-0.7872645757184902, -0.04801476155660328]
[-0.7872645757184902, -0.04801476155660328], 0, -1.0, [-0.8345016999387422, -0.04723712422025206]
[-0.8345016999387422, -0.04723712422025206], 0, -1.0, [-0.8807307331726342, -0.04622903323389199]
[-0.8807307331726342, -0.04622903323389199], 0, -1.0, [-0.9257650918020842, -0.045034358629449996]
[-0.9257650918020842, -0.045034358629449996], 0, -1.0, [-0.9694635146042146, -0.04369842280213046]
[-0.9694635146042146, -0.04369842280213046], 0, -1.0, [-1.011729608917714, -0.04226609431349928]
[-1.011729608917714, -0.04226609431349928], 0, -1.0, [-1.0525098421018566, -0.04078023318414265]
[-1.0525098421018566, -0.04078023318414265], 0, -1.0, [-1.0917903927591697, -0.03928055065731309]
[-1.0917903927591697, -0.03928055065731309], 0, -1.0, [-1.1295932809397513, -0.037802888180581654]
[-1.1295932809397513, -0.037802888180581654], 0, -1.0, [-1.165972157899469, -0.03637887695971779]
[-1.165972157899469, -0.03637887695971779], 0, -1.0, [-1.2, 0.0]
[-1.2, 0.0], 2, -1.0, [-1.1967581039591646, 0.003241896040835368]
[-1.1967581039591646, 0.003241896040835368], 2, -1.0, [-1.1902636585360942, 0.006494445423070332]
[-1.1902636585360942, 0.006494445423070332], 0, -1.0, [-1.1824959639787938, 0.007767694557300442]
[-1.1824959639787938, 0.007767694557300442], 2, -1.0, [-1.1714313962009901, 0.011064567777803617]
[-1.1714313962009901, 0.011064567777803617], 2, -1.0, [-1.1570384608535682, 0.014392935347421896]
[-1.1570384608535682, 0.014392935347421896], 2, -1.0, [-1.1392800332758368, 0.017758427577731332]
[-1.1392800332758368, 0.017758427577731332], 2, -1.0, [-1.1181163914263912, 0.021163641849445712]
[-1.1181163914263912, 0.021163641849445712], 2, -1.0, [-1.0935091181377223, 0.024607273288668803]
[-1.0935091181377223, 0.024607273288668803], 2, -1.0, [-1.0654259346253778, 0.028083183512344526]
[-1.0654259346253778, 0.028083183512344526], 2, -1.0, [-1.0338464882636529, 0.03157944636172488]
[-1.0338464882636529, 0.03157944636172488], 2, -1.0, [-0.9987690469562707, 0.03507744130738222]
[-0.9987690469562707, 0.03507744130738222], 2, -1.0, [-0.9602179441211005, 0.03855110283517011]
[-0.9602179441211005, 0.03855110283517011], 2, -1.0, [-0.9182514707869054, 0.04196647333419513]
[-0.9182514707869054, 0.04196647333419513], 2, -1.0, [-0.8729697312054934, 0.04528173958141196]
[-0.8729697312054934, 0.04528173958141196], 2, -1.0, [-0.8245217848771969, 0.048447946328296576]
[-0.8245217848771969, 0.048447946328296576], 2, -1.0, [-0.7731112256497753, 0.0514105592274216]
[-0.7731112256497753, 0.0514105592274216], 2, -1.0, [-0.7189992468556939, 0.05411197879408135]
[-0.7189992468556939, 0.05411197879408135], 2, -1.0, [-0.6625042665197366, 0.05649498033595737]
[-0.6625042665197366, 0.05649498033595737], 2, -1.0, [-0.6039973859140297, 0.058506880605706864]
[-0.6039973859140297, 0.058506880605706864], 2, -1.0, [-0.5438933452778177, 0.060104040636212025]
[-0.5438933452778177, 0.060104040636212025], 2, -1.0, [-0.48263718938713107, 0.0612561558906867]
[-0.48263718938713107, 0.0612561558906867], 2, -1.0, [-0.4206874727926649, 0.06194971659446621]
[-0.4206874727926649, 0.06194971659446621], 2, -1.0, [-0.35849738782506324, 0.06219008496760165]
[-0.35849738782506324, 0.06219008496760165], 2, -1.0, [-0.29649555106620407, 0.06200183675885917]
[-0.29649555106620407, 0.06200183675885917], 2, -1.0, [-0.23506824143464325, 0.061427309631560824]
[-0.23506824143464325, 0.061427309631560824], 2, -1.0, [-0.17454462897190234, 0.060523612462740906]
[-0.17454462897190234, 0.060523612462740906], 2, -1.0, [-0.11518603612814124, 0.05935859284376111]
[-0.11518603612814124, 0.05935859284376111], 2, -1.0, [-0.057179659673504454, 0.058006376454636785]
[-0.057179659673504454, 0.058006376454636785], 2, -1.0, [-0.0006365912982912378, 0.05654306837521322]
[-0.0006365912982912378, 0.05654306837521322], 2, -1.0, [0.054406481635966, 0.05504307293425724]
[0.054406481635966, 0.05504307293425724], 2, -1.0, [0.10798278144057873, 0.053576299804612725]
[0.10798278144057873, 0.053576299804612725], 2, -1.0, [0.16018911623216767, 0.05220633479158894]
[0.16018911623216767, 0.05220633479158894], 1, -1.0, [0.210178619048194, 0.049989502816026314]
[0.210178619048194, 0.049989502816026314], 0, -1.0, [0.25714884262699567, 0.04697022357880168]
[0.25714884262699567, 0.04697022357880168], 0, -1.0, [0.3013268088562046, 0.04417796622920895]
[0.3013268088562046, 0.04417796622920895], 0, -1.0, [0.34295855739307124, 0.04163174853686662]
[0.34295855739307124, 0.04163174853686662], 1, -1.0, [0.3833008499187464, 0.040342292525675165]
[0.3833008499187464, 0.040342292525675165], 1, -1.0, [0.4226217014743894, 0.039320851555642966]
[0.4226217014743894, 0.039320851555642966], 1, -1.0, [0.46119675493808915, 0.03857505346369975]
[0.46119675493808915, 0.03857505346369975], 1, -1.0, [0.49930652214565363, 0.038109767207564475]
[0.49930652214565363, 0.038109767207564475], 1, -1.0, [0.5372342586803748, 0.03792773653472112]
