[-0.5862502797081228, 0.0], 2, -1.0, [-0.5847831551488044, 0.0014671245593183618]
[-0.5847831551488044, 0.0014671245593183618], 2, -1.0, [-0.5818597201669419, 0.002923434981862517]
[-0.5818597201669419, 0.002923434981862517], 2, -1.0, [-0.577501549474888, 0.0043581706920539556]
[-0.577501549474888, 0.0043581706920539556], 2, -1.0, [-0.5717408675952302, 0.005760681879657762]
[-0.5717408675952302, 0.005760681879657762], 2, -1.0, [-0.5646203739589082, 0.007120493636322042]
[-0.5646203739589082, 0.007120493636322042], 2, -1.0, [-0.5561929943342767, 0.008427379624631508]
[-0.5561929943342767, 0.008427379624631508], 2, -1.0, [-0.5465215474428334, 0.00967144689144326]
[-0.5465215474428334, 0.00967144689144326], 2, -1.0, [-0.5356783152350815, 0.010843232207751926]
[-0.5356783152350815, 0.010843232207751926], 2, -1.0, [-0.5237445063078823, 0.011933808927199223]
[-0.5237445063078823, 0.011933808927199223], 2, -1.0, [-0.510809604400396, 0.01293490190748628]
[-0.510809604400396, 0.01293490190748628], 2, -1.0, [-0.49697059774549435, 0.013839006654901651]
[-0.49697059774549435, 0.013839006654901651], 2, -1.0, [-0.48233109008131947, 0.014639507664174893]
[-0.48233109008131947, 0.014639507664174893], 0, -1.0, [-0.46900030001679893, 0.013330790064520523]
[-0.46900030001679893, 0.013330790064520523], 0, -1.0, [-0.45707716994963704, 0.011923130067161867]
[-0.45707716994963704, 0.011923130067161867], 0, -1.0, [-0.44664964689154923, 0.010427523058087827]
[-0.44664964689154923, 0.010427523058087827], 0, -1.0, [-0.4377941301158969, 0.008855516775652347]
[-0.4377941301158969, 0.008855516775652347], 0, -1.0, [-0.4305750647130846, 0.007219065402812307]
[-0.4305750647130846, 0.007219065402812307], 0, -1.0, [-0.4250446564014239, 0.005530408311660672]
[-0.4250446564014239, 0.005530408311660672], 0, -1.0, [-0.4212426819184199, 0.0038019744830040296]
[-0.4212426819184199, 0.0038019744830040296], 0, -1.0, [-0.4191963708231024, 0.002046311095317505]
[-0.4191963708231024, 0.002046311095317505], 0, -1.0, [-0.41892033822809965, 0.000276032595002734]
[-0.41892033822809965, 0.000276032595002734], 0, -1.0, [-0.4204165533967387, -0.001496215168639087]
[-0.4204165533967387, -0.001496215168639087], 0, -1.0, [-0.4236743357666304, -0.0032577823698916875]
[-0.4236743357666304, -0.0032577823698916875], 0, -1.0, [-0.4286703772438043, -0.004996041477173904]
[-0.4286703772438043, -0.004996041477173904], 0, -1.0, [-0.4353687969828533, -0.006698419739048998]
[-0.4353687969828533, -0.006698419739048998], 0, -1.0, [-0.44372124175933947, -0.00835244477648619]
[-0.44372124175933947, -0.00835244477648619], 0, -1.0, [-0.4536670508915603, -0.009945809132220835]
[-0.4536670508915603, -0.009945809132220835], 0, -1.0, [-0.4651335089473614, -0.011466458055801109]
[-0.4651335089473614, -0.011466458055801109], 0, -1.0, [-0.4780362116998209, -0.012902702752459534]
[-0.4780362116998209, -0.012902702752459534], 0, -1.0, [-0.49227957058849087, -0.014243358888669946]
[-0.49227957058849087, -0.014243358888669946], 0, -1.0, [-0.5077574780585189, -0.015477907470027997]
[-0.5077574780585189, -0.015477907470027997], 0, -1.0, [-0.5243541505427788, -0.016596672484259924]
[-0.5243541505427788, -0.016596672484259924], 0, -1.0, [-0.541945157719804, -0.017591007177025192]
[-0.541945157719804, -0.017591007177025192], 0, -1.0, [-0.5603986364914404, -0.01845347877163644]
[-0.5603986364914404, -0.01845347877163644], 0, -1.0, [-0.5795766766138181, -0.019178040122377667]
[-0.5795766766138181, -0.019178040122377667], 0, -1.0, [-0.5993368530398306, -0.019760176426012604]
[-0.5993368530398306, -0.019760176426012604], 0, -1.0, [-0.6195338688806826, -0.02019701584085201]
[-0.6195338688806826, -0.02019701584085201], 0, -1.0, [-0.6400212635691305, -0.020487394688447798]
[-0.6400212635691305, -0.020487394688447798], 0, -1.0, [-0.6606531342798179, -0.020631870710687363]
[-0.6606531342798179, -0.020631870710687363], 0, -1.0, [-0.6812858156420193, -0.020632681362201415]
[-0.6812858156420193, -0.020632681362201415], 0, -1.0, [-0.7017794636120254, -0.02049364797000613]
[-0.7017794636120254, -0.02049364797000613], 0, -1.0, [-0.7219994939869198, -0.02022003037489443]
[-0.7219994939869198, -0.02022003037489443], 0, -1.0, [-0.74181783396796, -0.019818339981040253]
[-0.74181783396796, -0.019818339981040253], 2, -1.0, [-0.7591139556215795, -0.017296121653619483]
[-0.7591139556215795, -0.017296121653619483], 2, -1.0, [-0.7737870518845471, -0.014673096262967616]
[-0.7737870518845471, -0.014673096262967616], 2, -1.0, [-0.7857550183218698, -0.01196796643732272]
[-0.7857550183218698, -0.01196796643732272], 2, -1.0, [-0.7949533263105871, -0.00919830798871732]
[-0.7949533263105871, -0.00919830798871732], 2, -1.0, [-0.8013339266286218, -0.006380600318034627]
[-0.8013339266286218, -0.006380600318034627], 2, -1.0, [-0.8048642997993981, -0.003530373170776273]
[-0.8048642997993981, -0.003530373170776273], 2, -1.0, [-0.805526743424328, -0.0006624436249298661]
[-0.805526743424328, -0.0006624436249298661], 2, -1.0, [-0.803317959090341, 0.002208784333986915]
[-0.803317959090341, 0.002208784333986915], 2, -1.0, [-0.7982489733762215, 0.005068985714119541]
[-0.7982489733762215, 0.005068985714119541], 2, -1.0, [-0.7903453994228214, 0.007903573953400037]
[-0.7903453994228214, 0.007903573953400037], 2, -1.0, [-0.7796480174936085, 0.010697381929213042]
[-0.7796480174936085, 0.010697381929213042], 2, -1.0, [-0.7662136248701386, 0.013434392623469953]
[-0.7662136248701386, 0.013434392623469953], 2, -1.0, [-0.7501160774983557, 0.016097547371782775]
[-0.7501160774983557, 0.016097547371782775], 2, -1.0, [-0.731447418789073, 0.01866865870928265]
[-0.731447418789073, 0.01866865870928265], 2, -1.0, [-0.7103189664364793, 0.021128452352593717]
[-0.7103189664364793, 0.021128452352593717], 2, -1.0, [-0.6868622084914956, 0.023456757944983725]
[-0.6868622084914956, 0.023456757944983725], 2, -1.0, [-0.6612293484178638, 0.025632860073631775]
[-0.6612293484178638, 0.025632860073631775], 2, -1.0, [-0.6335933390619596, 0.027636009355904215]
[-0.6335933390619596, 0.027636009355904215], 2, -1.0, [-0.6041472607091278, 0.0294460783528318]
[-0.6041472607091278, 0.0294460783528318], 2, -1.0, [-0.5731029308633869, 0.03104432984574091]
[-0.5731029308633869, 0.03104432984574091], 2, -1.0, [-0.5406886831754416, 0.032414247687945326]
[-0.5406886831754416, 0.032414247687945326], 2, -1.0, [-0.5071463173261201, 0.033542365849321513]
[-0.5071463173261201, 0.033542365849321513], 2, -1.0, [-0.4727272948191128, 0.034419022507007374]
[-0.4727272948191128, 0.034419022507007374], 2, -1.0, [-0.43768832907152877, 0.03503896574758403]
[-0.43768832907152877, 0.03503896574758403], 2, -1.0, [-0.40228658202770984, 0.035401747043818925]
[-0.40228658202770984, 0.035401747043818925], 2, -1.0, [-0.3667747243029134, 0.03551185772479644]
[-0.3667747243029134, 0.03551185772479644], 2, -1.0, [-0.33139613455890365, 0.03537858974400978]
[-0.33139613455890365, 0.03537858974400978], 2, -1.0, [-0.29638050342435945, 0.03501563113454421]
[-0.29638050342435945, 0.03501563113454421], 2, -1.0, [-0.26194006954647603, 0.03444043387788341]
[-0.26194006954647603, 0.03444043387788341], 2, -1.0, [-0.22826665638651045, 0.033673413159965575]
[-0.22826665638651045, 0.033673413159965575], 2, -1.0, [-0.1955296071908253, 0.032737049195685146]
[-0.1955296071908253, 0.032737049195685146], 2, -1.0, [-0.16387464221432319, 0.031654964976502116]
[-0.16387464221432319, 0.031654964976502116], 2, -1.0, [-0.1334235958218485, 0.03045104639247468]
[-0.1334235958218485, 0.03045104639247468], 2, -1.0, [-0.10427493820594741, 0.0291486576159011]
[-0.10427493820594741, 0.0291486576159011], 2, -1.0, [-0.07650495068336866, 0.027769987522578754]
[-0.07650495068336866, 0.027769987522578754], 2, -1.0, [-0.05016940536889987, 0.026335545314468786]
[-0.05016940536889987, 0.026335545314468786], 2, -1.0, [-0.025305597562885467, 0.024863807806014403]
[-0.025305597562885467, 0.024863807806014403], 2, -1.0, [-0.0019345890169737215, 0.023371008545911745]
[-0.0019345890169737215, 0.023371008545911745], 2, -1.0, [0.019936461633459815, 0.021871050650433536]
[0.019936461633459815, 0.021871050650433536], 2, -1.0, [0.04031198240427876, 0.020375520770818945]
[0.04031198240427876, 0.020375520770818945], 1, -1.0, [0.05820576278331091, 0.01789378037903215]
[0.05820576278331091, 0.01789378037903215], 1, -1.0, [0.07363756041234214, 0.015431797629031224]
[0.07363756041234214, 0.015431797629031224], 0, -1.0, [0.08563011336932093, 0.011992552956978793]
[0.08563011336932093, 0.011992552956978793], 0, -1.0, [0.09420470448269228, 0.008574591113371346]
[0.09420470448269228, 0.008574591113371346], 0, -1.0, [0.09937847127009093, 0.005173766787398655]
[0.09937847127009093, 0.005173766787398655], 0, -1.0, [0.10116252342998333, 0.0017840521598924053]
[0.10116252342998333, 0.0017840521598924053], 0, -1.0, [0.09956082550542791, -0.0016016979245554227]
[0.09956082550542791, -0.0016016979245554227], 0, -1.0, [0.09456981504423202, -0.004991010461195892]
[0.09456981504423202, -0.004991010461195892], 0, -1.0, [0.08617874532678486, -0.008391069717447157]
[0.08617874532678486, -0.008391069717447157], 0, -1.0, [0.07437076248942201, -0.011807982837362854]
[0.07437076248942201, -0.011807982837362854], 0, -1.0, [0.059124745825369626, -0.01524601666405238]
[0.059124745825369626, -0.01524601666405238], 0, -1.0, [0.040417953186877464, -0.018706792638492162]
[0.040417953186877464, -0.018706792638492162], 0, -1.0, [0.018229516165463384, -0.02218843702141408]
[0.018229516165463384, -0.02218843702141408], 0, -1.0, [-0.007455183240969086, -0.02568469940643247]
[-0.007455183240969086, -0.02568469940643247], 0, -1.0, [-0.03663925740119747, -0.029184074160228387]
[-0.03663925740119747, -0.029184074160228387], 0, -1.0, [-0.06930824436498632, -0.03266898696378885]
[-0.06930824436498632, -0.03266898696378885], 0, -1.0, [-0.10542338487449189, -0.03611514050950557]
[-0.10542338487449189, -0.03611514050950557], 0, -1.0, [-0.14491453062709783, -0.039491145752605934]
[-0.14491453062709783, -0.039491145752605934], 0, -1.0, [-0.18767312154354185, -0.04275859091644401]
[-0.18767312154354185, -0.04275859091644401], 0, -1.0, [-0.23354583097650533, -0.045872709432963496]
[-0.23354583097650533, -0.045872709432963496], 0, -1.0, [-0.2823296187786607, -0.04878378780215538]
[-0.2823296187786607, -0.04878378780215538], 0, -1.0, [-0.3337690124899948, -0.05143939371133408]
[-0.3337690124899948, -0.05143939371133408], 1, -1.0, [-0.3865564112277349, -0.052787398737740104]
[-0.3865564112277349, -0.052787398737740104], 0, -1.0, [-0.44134291685333277, -0.0547865056255979]
[-0.44134291685333277, -0.0547865056255979], 0, -1.0, [-0.4977400993205893, -0.056397182467256564]
[-0.4977400993205893, -0.056397182467256564], 0, -1.0, [-0.5553310273952594, -0.057590928074670124]
[-0.5553310273952594, -0.057590928074670124], 0, -1.0, [-0.6136843228824372, -0.058353295487177805]
[-0.6136843228824372, -0.058353295487177805], 0, -1.0, [-0.6723701714399898, -0.058685848557552496]
[-0.6723701714399898, -0.058685848557552496], 0, -1.0, [-0.7309769107277511, -0.058606739287761306]
[-0.7309769107277511, -0.058606739287761306], 0, -1.0, [-0.7891267225598243, -0.05814981183207327]
[-0.7891267225598243, -0.05814981183207327], 0, -1.0, [-0.8464891047700654, -0.05736238221024118]
[-0.8464891047700654, -0.05736238221024118], 0, -1.0, [-0.9027911527429615, -0.05630204797289607]
[-0.9027911527429615, -0.05630204797289607], 0, -1.0, [-0.9578241530820123, -0.05503300033905082]
[-0.9578241530820123, -0.05503300033905082], 0, -1.0, [-1.0114464769297864, -0.05362232384777416]
[-1.0114464769297864, -0.05362232384777416], 0, -1.0, [-1.0635831660662578, -0.05213668913647139]
[-1.0635831660662578, -0.05213668913647139], 0, -1.0, [-1.1142228750887675, -0.05063970902250958]
[-1.1142228750887675, -0.05063970902250958], 0, -1.0, [-1.1634129534913003, -0.049190078402532825]
[-1.1634129534913003, -0.049190078402532825], 1, -1.0, [-1.2, 0.0]
[-1.2, 0.0], 1, -1.0, [-1.1977581039591645, 0.002241896040835368]
[-1.1977581039591645, 0.002241896040835368], 1, -1.0, [-1.193266922003125, 0.004491181956039541]
[-1.193266922003125, 0.004491181956039541], 1, -1.0, [-1.186511956432252, 0.006754965570873073]
[-1.186511956432252, 0.006754965570873073], 2, -1.0, [-1.1764721766522073, 0.010039779780044672]
[-1.1764721766522073, 0.010039779780044672], 2, -1.0, [-1.1631180613565615, 0.01335411529564586]
[-1.1631180613565615, 0.01335411529564586], 2, -1.0, [-1.1464136012483683, 0.01670446010819315]
[-1.1464136012483683, 0.01670446010819315], 2, -1.0, [-1.1263190689762732, 0.02009453227209504]
[-1.1263190689762732, 0.02009453227209504], 2, -1.0, [-1.1027946340705044, 0.02352443490576893]
[-1.1027946340705044, 0.02352443490576893], 2, -1.0, [-1.0758048927741213, 0.026989741296383013]
[-1.0758048927741213, 0.026989741296383013], 2, -1.0, [-1.0453243526030567, 0.030480540171064587]
[-1.0453243526030567, 0.030480540171064587], 2, -1.0, [-1.011343851906709, 0.033980500696347546]
[-1.011343851906709, 0.033980500696347546], 2, -1.0, [-0.9738777990101665, 0.03746605289654257]
[-0.9738777990101665, 0.03746605289654257], 2, -1.0, [-0.9329719802637582, 0.04090581874640833]
[-0.9329719802637582, 0.04090581874640833], 1, -1.0, [-0.8897115149170789, 0.043260465346679246]
[-0.8897115149170789, 0.043260465346679246], 2, -1.0, [-0.8432249186904603, 0.04648659622661852]
[-0.8432249186904603, 0.04648659622661852], 0, -1.0, [-0.7956919529389141, 0.04753296575154624]
[-0.7956919529389141, 0.04753296575154624], 2, -1.0, [-0.7453374807043295, 0.05035447223458472]
[-0.7453374807043295, 0.05035447223458472], 2, -1.0, [-0.6924399355120249, 0.05289754519230463]
[-0.6924399355120249, 0.05289754519230463], 2, -1.0, [-0.6373295398473856, 0.05511039566463924]
[-0.6373295398473856, 0.05511039566463924], 2, -1.0, [-0.5803826169467754, 0.05694692290061022]
[-0.5803826169467754, 0.05694692290061022], 2, -1.0, [-0.5220118720577868, 0.05837074488898867]
[-0.5220118720577868, 0.05837074488898867], 2, -1.0, [-0.4626530289003943, 0.05935884315739248]
[-0.4626530289003943, 0.05935884315739248], 2, -1.0, [-0.40274873636766295, 0.05990429253273136]
[-0.40274873636766295, 0.05990429253273136], 2, -1.0, [-0.3427310931656803, 0.060017643201982655]
[-0.3427310931656803, 0.060017643201982655], 2, -1.0, [-0.28300436722255407, 0.0597267259431262]
[-0.28300436722255407, 0.0597267259431262], 2, -1.0, [-0.22392945193378352, 0.059074915288770534]
[-0.22392945193378352, 0.059074915288770534], 2, -1.0, [-0.16581131131792545, 0.058118140615858065]
[-0.16581131131792545, 0.058118140615858065], 2, -1.0, [-0.10889019547414591, 0.05692111584377955]
[-0.10889019547414591, 0.05692111584377955], 2, -1.0, [-0.05333686955876949, 0.05555332591537642]
[-0.05333686955876949, 0.05555332591537642], 2, -1.0, [0.0007483923736949574, 0.05408526193246445]
[0.0007483923736949574, 0.05408526193246445], 2, -1.0, [0.05333366060718214, 0.052585268233487185]
[0.05333366060718214, 0.052585268233487185], 1, -1.0, [0.10345086102328657, 0.05011720041610443]
[0.10345086102328657, 0.05011720041610443], 1, -1.0, [0.15118749655893393, 0.04773663553564736]
[0.15118749655893393, 0.04773663553564736], 1, -1.0, [0.19667690251589512, 0.04548940595696119]
[0.19667690251589512, 0.04548940595696119], 1, -1.0, [0.24008899948729193, 0.0434120969713968]
[0.24008899948729193, 0.0434120969713968], 1, -1.0, [0.28162202233955785, 0.04153302285226591]
[0.28162202233955785, 0.04153302285226591], 1, -1.0, [0.32149546655548733, 0.039873444215929484]
[0.32149546655548733, 0.039873444215929484], 1, -1.0, [0.35994431325694254, 0.03844884670145518]
[0.35994431325694254, 0.03844884670145518], 1, -1.0, [0.39721447071422467, 0.03727015745728215]
[0.39721447071422467, 0.03727015745728215], 1, -1.0, [0.4335592939759478, 0.03634482326172311]
[0.4335592939759478, 0.03634482326172311], 1, -1.0, [0.46923700326633777, 0.035677709290390006]
[0.46923700326633777, 0.035677709290390006], 1, -1.0, [0.5045088041752048, 0.035271800908867]
