[-0.4101330133806346, 0.0], 0, -1.0, [-0.4119676674047806, -0.0018346540241459364]
[-0.4119676674047806, -0.0018346540241459364], 0, -1.0, [-0.4156239924855204, -0.0036563250807398052]
[-0.4156239924855204, -0.0036563250807398052], 0, -1.0, [-0.42107604071675686, -0.005452048231236484]
[-0.42107604071675686, -0.005452048231236484], 0, -1.0, [-0.428284943588925, -0.007208902872168157]
[-0.428284943588925, -0.007208902872168157], 0, -1.0, [-0.43719899857155586, -0.008914054982630856]
[-0.43719899857155586, -0.008914054982630856], 0, -1.0, [-0.4477538203320656, -0.010554821760509741]
[-0.4477538203320656, -0.010554821760509741], 0, -1.0, [-0.4598725836299222, -0.012118763297856609]
[-0.4598725836299222, -0.012118763297856609], 0, -1.0, [-0.4734663872529599, -0.01359380362303769]
[-0.4734663872529599, -0.01359380362303769], 0, -1.0, [-0.48843476794094226, -0.014968380687982355]
[-0.48843476794094226, -0.014968380687982355], 0, -1.0, [-0.504666389802198, -0.016231621861255752]
[-0.504666389802198, -0.016231621861255752], 0, -1.0, [-0.5220399282263538, -0.017373538424155798]
[-0.5220399282263538, -0.017373538424155798], 0, -1.0, [-0.5404251579631841, -0.018385229736830353]
[-0.5404251579631841, -0.018385229736830353], 0, -1.0, [-0.5596842434205126, -0.01925908545732844]
[-0.5596842434205126, -0.01925908545732844], 0, -1.0, [-0.5796732161867447, -0.019988972766232096]
[-0.5796732161867447, -0.019988972766232096], 0, -1.0, [-0.6002436114130637, -0.020570395226319007]
[-0.6002436114130637, -0.020570395226319007], 0, -1.0, [-0.6212442222515184, -0.021000610838454777]
[-0.6212442222515184, -0.021000610838454777], 0, -1.0, [-0.6425229212947435, -0.021278699043225106]
[-0.6425229212947435, -0.021278699043225106], 0, -1.0, [-0.663928490993479, -0.02140556969873538]
[-0.663928490993479, -0.02140556969873538], 0, -1.0, [-0.6853124021125239, -0.021383911119044915]
[-0.6853124021125239, -0.021383911119044915], 0, -1.0, [-0.7065304807630086, -0.02121807865048472]
[-0.7065304807630086, -0.02121807865048472], 0, -1.0, [-0.7274444102730258, -0.020913929510017183]
[-0.7274444102730258, -0.020913929510017183], 0, -1.0, [-0.7479230235246328, -0.020478613251607016]
[-0.7479230235246328, -0.020478613251607016], 2, -1.0, [-0.7658433534244965, -0.017920329899863686]
[-0.7658433534244965, -0.017920329899863686], 2, -1.0, [-0.7811026029646521, -0.01525924954015552]
[-0.7811026029646521, -0.01525924954015552], 2, -1.0, [-0.7936170123521143, -0.012514409387462316]
[-0.7936170123521143, -0.012514409387462316], 2, -1.0, [-0.8033206094997625, -0.009703597147648103]
[-0.8033206094997625, -0.009703597147648103], 2, -1.0, [-0.8101639919869983, -0.006843382487235779]
[-0.8101639919869983, -0.006843382487235779], 2, -1.0, [-0.8141132645794551, -0.003949272592456839]
[-0.8141132645794551, -0.003949272592456839], 2, -1.0, [-0.8151492289352524, -0.001035964355797384]
[-0.8151492289352524, -0.001035964355797384], 2, -1.0, [-0.8132668933449111, 0.0018823355903413428]
[-0.8132668933449111, 0.0018823355903413428], 2, -1.0, [-0.8084753414075083, 0.004791551937402792]
[-0.8084753414075083, 0.004791551937402792], 2, -1.0, [-0.8007979698075979, 0.007677371599910435]
[-0.8007979698075979, 0.007677371599910435], 2, -1.0, [-0.7902730767108332, 0.010524893096764605]
[-0.7902730767108332, 0.010524893096764605], 2, -1.0, [-0.7769547534950177, 0.013318323215815473]
[-0.7769547534950177, 0.013318323215815473], 2, -1.0, [-0.7609140035684377, 0.016040749926579972]
[-0.7609140035684377, 0.016040749926579972], 2, -1.0, [-0.7422399834699268, 0.01867402009851092]
[-0.7422399834699268, 0.01867402009851092], 2, -1.0, [-0.7210412347184447, 0.021198748751482067]
[-0.7210412347184447, 0.021198748751482067], 2, -1.0, [-0.6974467523997735, 0.023594482318671218]
[-0.6974467523997735, 0.023594482318671218], 2, -1.0, [-0.6716067215873104, 0.025840030812463124]
[-0.6716067215873104, 0.025840030812463124], 2, -1.0, [-0.6436927493221254, 0.027913972265184984]
[-0.6436927493221254, 0.027913972265184984], 2, -1.0, [-0.6138974318859374, 0.029795317436188015]
[-0.6138974318859374, 0.029795317436188015], 2, -1.0, [-0.5824331273541825, 0.031464304531754875]
[-0.5824331273541825, 0.031464304531754875], 2, -1.0, [-0.549529852725484, 0.03290327462869848]
[-0.549529852725484, 0.03290327462869848], 2, -1.0, [-0.5154322911206732, 0.03409756160481084]
[-0.5154322911206732, 0.03409756160481084], 2, -1.0, [-0.48039597202248646, 0.03503631909818676]
[-0.48039597202248646, 0.03503631909818676], 2, -1.0, [-0.4446827675435241, 0.03571320447896234]
[-0.4446827675435241, 0.03571320447896234], 2, -1.0, [-0.40855591958326026, 0.036126847960263844]
[-0.40855591958326026, 0.036126847960263844], 2, -1.0, [-0.3722748657897053, 0.03628105379355496]
[-0.3722748657897053, 0.03628105379355496], 2, -1.0, [-0.33609015806178727, 0.03618470772791802]
[-0.33609015806178727, 0.03618470772791802], 2, -1.0, [-0.30023876169065317, 0.03585139637113409]
[-0.30023876169065317, 0.03585139637113409], 2, -1.0, [-0.26493998712822875, 0.0352987745624244]
[-0.26493998712822875, 0.0352987745624244], 2, -1.0, [-0.2303922457600689, 0.03454774136815985]
[-0.2303922457600689, 0.03454774136815985], 2, -1.0, [-0.19677074550231205, 0.03362150025775685]
[-0.19677074550231205, 0.03362150025775685], 2, -1.0, [-0.1642261625504945, 0.032544582951817565]
[-0.1642261625504945, 0.032544582951817565], 2, -1.0, [-0.13288425242225382, 0.031341910128240655]
[-0.13288425242225382, 0.031341910128240655], 2, -1.0, [-0.10284630429147394, 0.030037948130779882]
[-0.10284630429147394, 0.030037948130779882], 2, -1.0, [-0.0741903018368549, 0.028656002454619044]
[-0.0741903018368549, 0.028656002454619044], 2, -1.0, [-0.04697263232495055, 0.027217669511904352]
[-0.04697263232495055, 0.027217669511904352], 2, -1.0, [-0.021230181545251484, 0.02574245077969907]
[-0.021230181545251484, 0.02574245077969907], 2, -1.0, [0.003017338127454087, 0.02424751967270557]
[0.003017338127454087, 0.02424751967270557], 2, -1.0, [0.025764960223165757, 0.02274762209571167]
[0.025764960223165757, 0.02274762209571167], 2, -1.0, [0.047020046724649, 0.021255086501483243]
[0.047020046724649, 0.021255086501483243], 2, -1.0, [0.06679996446481204, 0.01977991774016304]
[0.06679996446481204, 0.01977991774016304], 2, -1.0, [0.08512991457265819, 0.018329950107846143]
[0.08512991457265819, 0.018329950107846143], 2, -1.0, [0.10204095240267044, 0.016911037830012257]
[0.10204095240267044, 0.016911037830012257], 2, -1.0, [0.11756821732024954, 0.0155272649175791]
[0.11756821732024954, 0.0155272649175791], 2, -1.0, [0.13174937759050262, 0.014181160270253094]
[0.13174937759050262, 0.014181160270253094], 2, -1.0, [0.14462328522968743, 0.012873907639184796]
[0.14462328522968743, 0.012873907639184796], 2, -1.0, [0.15622882857480566, 0.011605543345118246]
[0.15622882857480566, 0.011605543345118246], 2, -1.0, [0.16660396594116078, 0.01037513736635511]
[0.16660396594116078, 0.01037513736635511], 0, -1.0, [0.17378492148913682, 0.007180955547976037]
[0.17378492148913682, 0.007180955547976037], 0, -1.0, [0.1777980139672717, 0.00401309247813489]
[0.1777980139672717, 0.00401309247813489], 0, -1.0, [0.1786583906881339, 0.0008603767208621937]
[0.1786583906881339, 0.0008603767208621937], 0, -1.0, [0.1763693398150614, -0.0022890508730725196]
[0.1763693398150614, -0.0022890508730725196], 0, -1.0, [0.17092214480916923, -0.005447195005892164]
[0.17092214480916923, -0.005447195005892164], 0, -1.0, [0.1622964731547732, -0.008625671654396051]
[0.1622964731547732, -0.008625671654396051], 0, -1.0, [0.15046132023192424, -0.011835152922848955]
[0.15046132023192424, -0.011835152922848955], 0, -1.0, [0.13537655664655696, -0.015084763585367287]
[0.13537655664655696, -0.015084763585367287], 0, -1.0, [0.11699515131205698, -0.018381405334499966]
[0.11699515131205698, -0.018381405334499966], 0, -1.0, [0.0952661601105908, -0.02172899120146618]
[0.0952661601105908, -0.02172899120146618], 0, -1.0, [0.07013857678897428, -0.025127583321616527]
[0.07013857678897428, -0.025127583321616527], 0, -1.0, [0.04156613304961125, -0.028572443739363032]
[0.04156613304961125, -0.028572443739363032], 0, -1.0, [0.009513101249978735, -0.032053031799632516]
[0.009513101249978735, -0.032053031799632516], 0, -1.0, [-0.026038912503932594, -0.03555201375391133]
[-0.026038912503932594, -0.03555201375391133], 0, -1.0, [-0.06508330235507503, -0.03904438985114245]
[-0.06508330235507503, -0.03904438985114245], 0, -1.0, [-0.10758019024444007, -0.042496887889365044]
[-0.10758019024444007, -0.042496887889365044], 0, -1.0, [-0.1534480025401292, -0.04586781229568913]
[-0.1534480025401292, -0.04586781229568913], 0, -1.0, [-0.20255556414326006, -0.04910756160313088]
[-0.20255556414326006, -0.04910756160313088], 0, -1.0, [-0.2547155818998915, -0.05216001775663143]
[-0.2547155818998915, -0.05216001775663143], 0, -1.0, [-0.30968053216886904, -0.0549649502689775]
[-0.30968053216886904, -0.0549649502689775], 1, -1.0, [-0.3661419873952341, -0.056461455226365066]
[-0.3661419873952341, -0.056461455226365066], 1, -1.0, [-0.4237409385041437, -0.05759895110890957]
[-0.4237409385041437, -0.05759895110890957], 1, -1.0, [-0.4820776714619611, -0.058336732957817466]
[-0.4820776714619611, -0.058336732957817466], 0, -1.0, [-0.5417250080225346, -0.05964733656057353]
[-0.5417250080225346, -0.05964733656057353], 0, -1.0, [-0.6022364648300755, -0.06051145680754083]
[-0.6022364648300755, -0.06051145680754083], 0, -1.0, [-0.6631635944882224, -0.060927129658146784]
[-0.6631635944882224, -0.060927129658146784], 2, -1.0, [-0.7220743040745691, -0.05891070958634673]
[-0.7220743040745691, -0.05891070958634673], 0, -1.0, [-0.7805828587119878, -0.058508554637418726]
[-0.7805828587119878, -0.058508554637418726], 0, -1.0, [-0.838349366967242, -0.057766508255254215]
[-0.838349366967242, -0.057766508255254215], 0, -1.0, [-0.8950907291250843, -0.05674136215784225]
[-0.8950907291250843, -0.05674136215784225], 0, -1.0, [-0.9505878914076978, -0.055497162282613574]
[-0.9505878914076978, -0.055497162282613574], 0, -1.0, [-1.0046893217772372, -0.054101430369539315]
[-1.0046893217772372, -0.054101430369539315], 0, -1.0, [-1.0573110527953495, -0.052621731018112385]
[-1.0573110527953495, -0.052621731018112385], 0, -1.0, [-1.1084339344079823, -0.051122881612632814]
[-1.1084339344079823, -0.051122881612632814], 0, -1.0, [-1.1580988838229056, -0.049664949414923346]
[-1.1580988838229056, -0.049664949414923346], 0, -1.0, [-1.2, 0.0]
[-1.2, 0.0], 2, -1.0, [-1.1967581039591646, 0.003241896040835368]
[-1.1967581039591646, 0.003241896040835368], 2, -1.0, [-1.1902636585360942, 0.006494445423070332]
[-1.1902636585360942, 0.006494445423070332], 2, -1.0, [-1.1804959639787937, 0.009767694557300442]
[-1.1804959639787937, 0.009767694557300442], 2, -1.0, [-1.1674255149588486, 0.013070449019945182]
[-1.1674255149588486, 0.013070449019945182], 2, -1.0, [-1.1510159267200155, 0.016409588238833067]
[-1.1510159267200155, 0.016409588238833067], 2, -1.0, [-1.1312266168239755, 0.019789309896040046]
[-1.1312266168239755, 0.019789309896040046], 2, -1.0, [-1.108016322100852, 0.02321029472312345]
[-1.108016322100852, 0.02321029472312345], 2, -1.0, [-1.081347524946184, 0.02666879715466819]
[-1.081347524946184, 0.02666879715466819], 2, -1.0, [-1.0511918363028878, 0.03015568864329602]
[-1.0511918363028878, 0.03015568864329602], 2, -1.0, [-1.0175363271434712, 0.0336555091594167]
[-1.0175363271434712, 0.0336555091594167], 2, -1.0, [-0.9803907090723114, 0.03714561807115983]
[-0.9803907090723114, 0.03714561807115983], 2, -1.0, [-0.9397951336374217, 0.04059557543488971]
[-0.9397951336374217, 0.04059557543488971], 2, -1.0, [-0.8958282112564235, 0.043966922380998245]
[-0.8958282112564235, 0.043966922380998245], 2, -1.0, [-0.8486146572192776, 0.04721355403714586]
[-0.8486146572192776, 0.04721355403714586], 2, -1.0, [-0.7983317816221248, 0.05028287559715283]
[-0.7983317816221248, 0.05028287559715283], 2, -1.0, [-0.7452138959379592, 0.0531178856841656]
[-0.7452138959379592, 0.0531178856841656], 2, -1.0, [-0.6895536666604415, 0.0556602292775177]
[-0.6895536666604415, 0.0556602292775177], 2, -1.0, [-0.6316995610792892, 0.057854105581152386]
[-0.6316995610792892, 0.057854105581152386], 2, -1.0, [-0.5720488365336812, 0.05965072454560789]
[-0.5720488365336812, 0.05965072454560789], 2, -1.0, [-0.5110360146660762, 0.061012821867605024]
[-0.5110360146660762, 0.061012821867605024], 2, -1.0, [-0.44911739120176025, 0.061918623464315904]
[-0.44911739120176025, 0.061918623464315904], 2, -1.0, [-0.38675274139346727, 0.06236464980829299]
[-0.38675274139346727, 0.06236464980829299], 2, -1.0, [-0.3243858485235833, 0.06236689286988392]
[-0.3243858485235833, 0.06236689286988392], 2, -1.0, [-0.2624256859117381, 0.061960162611845254]
[-0.2624256859117381, 0.061960162611845254], 2, -1.0, [-0.20122996568717166, 0.061195720224566416]
[-0.20122996568717166, 0.061195720224566416], 2, -1.0, [-0.14109236178367496, 0.06013760390349669]
[-0.14109236178367496, 0.06013760390349669], 2, -1.0, [-0.08223412731502394, 0.05885823446865101]
[-0.08223412731502394, 0.05885823446865101], 2, -1.0, [-0.024800200336085113, 0.05743392697893883]
[-0.024800200336085113, 0.05743392697893883], 2, -1.0, [0.03114064276343887, 0.05594084309952398]
[0.03114064276343887, 0.05594084309952398], 1, -1.0, [0.08459238750154527, 0.0534517447381064]
[0.08459238750154527, 0.0534517447381064], 1, -1.0, [0.13562420467148473, 0.051031817169939445]
[0.13562420467148473, 0.051031817169939445], 1, -1.0, [0.1843601144888133, 0.048735909817328546]
[0.1843601144888133, 0.048735909817328546], 1, -1.0, [0.23096874824658678, 0.0466086337577735]
[0.23096874824658678, 0.0466086337577735], 1, -1.0, [0.2756538999351241, 0.04468515168853732]
[0.2756538999351241, 0.04468515168853732], 1, -1.0, [0.31864626487697867, 0.04299236494185457]
[0.31864626487697867, 0.04299236494185457], 1, -1.0, [0.3601965244376208, 0.0415502595606421]
[0.3601965244376208, 0.0415502595606421], 1, -1.0, [0.4005697632395085, 0.04037323880188769]
[0.4005697632395085, 0.04037323880188769], 1, -1.0, [0.4400410917886949, 0.03947132854918637]
[0.4400410917886949, 0.03947132854918637], 2, -1.0, [0.4798922802602354, 0.039851188471540525]
[0.4798922802602354, 0.039851188471540525], 1, -1.0, [0.5194166084797056, 0.03952432821947018]
