[-0.5726536033121888, 0.0], 2, -1.0, [-0.571287018666145, 0.001366584646043864]
[-0.571287018666145, 0.001366584646043864], 2, -1.0, [-0.5685639910239971, 0.002723027642147839]
[-0.5685639910239971, 0.002723027642147839], 2, -1.0, [-0.5645047461167698, 0.004059244907227261]
[-0.5645047461167698, 0.004059244907227261], 2, -1.0, [-0.5591394758898648, 0.005365270226905039]
[-0.5591394758898648, 0.005365270226905039], 2, -1.0, [-0.5525081551692285, 0.006631320720636279]
[-0.5525081551692285, 0.006631320720636279], 2, -1.0, [-0.5446602858117346, 0.007847869357493783]
[-0.5446602858117346, 0.007847869357493783], 2, -1.0, [-0.5356545602110986, 0.009005725600636083]
[-0.5356545602110986, 0.009005725600636083], 2, -1.0, [-0.5255584359369527, 0.010096124274145806]
[-0.5255584359369527, 0.010096124274145806], 2, -1.0, [-0.5144476142949301, 0.011110821642022607]
[-0.5144476142949301, 0.011110821642022607], 2, -1.0, [-0.502405417741541, 0.01204219655338913]
[-0.502405417741541, 0.01204219655338913], 2, -1.0, [-0.48952206430300127, 0.012883353438539764]
[-0.48952206430300127, 0.012883353438539764], 0, -1.0, [-0.4778938412620929, 0.01162822304090837]
[-0.4778938412620929, 0.01162822304090837], 0, -1.0, [-0.46760733214516353, 0.01028650911692935]
[-0.46760733214516353, 0.01028650911692935], 1, -1.0, [-0.4577387868636986, 0.009868545281464901]
[-0.4577387868636986, 0.009868545281464901], 0, -1.0, [-0.4493609839750081, 0.008377802888690515]
[-0.4493609839750081, 0.008377802888690515], 0, -1.0, [-0.44253537306656626, 0.006825610908441842]
[-0.44253537306656626, 0.006825610908441842], 0, -1.0, [-0.4373117626115157, 0.005223610455050532]
[-0.4373117626115157, 0.005223610455050532], 0, -1.0, [-0.4337281014185886, 0.003583661192927155]
[-0.4337281014185886, 0.003583661192927155], 0, -1.0, [-0.4318103339637562, 0.0019177674548323939]
[-0.4318103339637562, 0.0019177674548323939], 0, -1.0, [-0.43157231280072433, 0.00023802116303182474]
[-0.43157231280072433, 0.00023802116303182474], 0, -1.0, [-0.43301575566057937, -0.0014434428598550126]
[-0.43301575566057937, -0.0014434428598550126], 0, -1.0, [-0.4361302403223834, -0.003114484661804036]
[-0.4361302403223834, -0.003114484661804036], 0, -1.0, [-0.44089323638208444, -0.004762996059701041]
[-0.44089323638208444, -0.004762996059701041], 0, -1.0, [-0.4472701791642643, -0.006376942782179847]
[-0.4472701791642643, -0.006376942782179847], 0, -1.0, [-0.45521459670539166, -0.007944417541127336]
[-0.45521459670539166, -0.007944417541127336], 0, -1.0, [-0.464668305497136, -0.009453708791744337]
[-0.464668305497136, -0.009453708791744337], 0, -1.0, [-0.4755616940552514, -0.010893388558115401]
[-0.4755616940552514, -0.010893388558115401], 0, -1.0, [-0.487814114973546, -0.012252420918294612]
[-0.487814114973546, -0.012252420918294612], 0, -1.0, [-0.5013344056262242, -0.013520290652678221]
[-0.5013344056262242, -0.013520290652678221], 0, -1.0, [-0.5160215549208003, -0.014687149294576053]
[-0.5160215549208003, -0.014687149294576053], 0, -1.0, [-0.531765528476377, -0.015743973555576787]
[-0.531765528476377, -0.015743973555576787], 0, -1.0, [-0.5484482575129305, -0.016682729036553434]
[-0.5484482575129305, -0.016682729036553434], 0, -1.0, [-0.565944788012499, -0.017496530499568546]
[-0.565944788012499, -0.017496530499568546], 0, -1.0, [-0.5841245769899199, -0.018179788977420865]
[-0.5841245769899199, -0.018179788977420865], 0, -1.0, [-0.6028529127943416, -0.018728335804421712]
[-0.6028529127943416, -0.018728335804421712], 0, -1.0, [-0.6219924271523145, -0.019139514357972866]
[-0.6219924271523145, -0.019139514357972866], 0, -1.0, [-0.6414046590523601, -0.019412231900045544]
[-0.6414046590523601, -0.019412231900045544], 0, -1.0, [-0.6609516253371072, -0.019546966284747086]
[-0.6609516253371072, -0.019546966284747086], 0, -1.0, [-0.680497350570794, -0.019545725233686837]
[-0.680497350570794, -0.019545725233686837], 0, -1.0, [-0.6999093096494888, -0.019411959078694887]
[-0.6999093096494888, -0.019411959078694887], 0, -1.0, [-0.7190597406490896, -0.019150430999600756]
[-0.7190597406490896, -0.019150430999600756], 0, -1.0, [-0.7378267921728101, -0.01876705152372049]
[-0.7378267921728101, -0.01876705152372049], 2, -1.0, [-0.7540954783151774, -0.01626868614236729]
[-0.7540954783151774, -0.01626868614236729], 2, -1.0, [-0.7677699501698467, -0.013674471854669253]
[-0.7677699501698467, -0.013674471854669253], 2, -1.0, [-0.7787725706745423, -0.011002620504695634]
[-0.7787725706745423, -0.011002620504695634], 2, -1.0, [-0.7870429086229347, -0.008270337948392426]
[-0.7870429086229347, -0.008270337948392426], 2, -1.0, [-0.792536778594574, -0.00549386997163934]
[-0.792536778594574, -0.00549386997163934], 2, -1.0, [-0.7952254316503947, -0.0026886530558206303]
[-0.7952254316503947, -0.0026886530558206303], 2, -1.0, [-0.7950949765379415, 0.00013045511245319934]
[-0.7950949765379415, 0.00013045511245319934], 2, -1.0, [-0.7921460845447587, 0.002948891993182866]
[-0.7921460845447587, 0.002948891993182866], 2, -1.0, [-0.7863940039986842, 0.0057520805460744085]
[-0.7863940039986842, 0.0057520805460744085], 2, -1.0, [-0.7778688831540911, 0.008525120844593125]
[-0.7778688831540911, 0.008525120844593125], 2, -1.0, [-0.7666163729470452, 0.01125251020704587]
[-0.7666163729470452, 0.01125251020704587], 2, -1.0, [-0.752698453987925, 0.013917918959120217]
[-0.752698453987925, 0.013917918959120217], 2, -1.0, [-0.7361944056424123, 0.01650404834551267]
[-0.7361944056424123, 0.01650404834551267], 2, -1.0, [-0.7172018101611821, 0.018992595481230255]
[-0.7172018101611821, 0.018992595481230255], 2, -1.0, [-0.6958374633240721, 0.021364346837110016]
[-0.6958374633240721, 0.021364346837110016], 2, -1.0, [-0.672238047486034, 0.023599415838038137]
[-0.672238047486034, 0.023599415838038137], 2, -1.0, [-0.6465604163252825, 0.025677631160751464]
[-0.6465604163252825, 0.025677631160751464], 2, -1.0, [-0.618981346189978, 0.027579070135304463]
[-0.618981346189978, 0.027579070135304463], 2, -1.0, [-0.5896966293525334, 0.029284716837444637]
[-0.5896966293525334, 0.029284716837444637], 2, -1.0, [-0.5589194209681454, 0.030777208384387966]
[-0.5589194209681454, 0.030777208384387966], 2, -1.0, [-0.5268778031875124, 0.032041617780632935]
[-0.5268778031875124, 0.032041617780632935], 2, -1.0, [-0.49381159309659045, 0.03306621009092197]
[-0.49381159309659045, 0.03306621009092197], 2, -1.0, [-0.45996848966170806, 0.033843103434882414]
[-0.45996848966170806, 0.033843103434882414], 2, -1.0, [-0.4255997203419783, 0.03436876931972978]
[-0.4255997203419783, 0.03436876931972978], 2, -1.0, [-0.3909554014976203, 0.034644318844357994]
[-0.3909554014976203, 0.034644318844357994], 2, -1.0, [-0.3562798602178863, 0.034675541279733976]
[-0.3562798602178863, 0.034675541279733976], 2, -1.0, [-0.3218071735030892, 0.03447268671479717]
[-0.3218071735030892, 0.03447268671479717], 2, -1.0, [-0.28775716257643713, 0.034050010926652066]
[-0.28775716257643713, 0.034050010926652066], 2, -1.0, [-0.2543320384211483, 0.033425124155288796]
[-0.2543320384211483, 0.033425124155288796], 2, -1.0, [-0.2217138359469953, 0.032618202474153]
[-0.2217138359469953, 0.032618202474153], 2, -1.0, [-0.19006270711920303, 0.03165112882779227]
[-0.19006270711920303, 0.03165112882779227], 2, -1.0, [-0.15951607690129066, 0.030546630217912367]
[-0.15951607690129066, 0.030546630217912367], 2, -1.0, [-0.13018860764498386, 0.02932746925630679]
[-0.13018860764498386, 0.02932746925630679], 2, -1.0, [-0.10217287286989335, 0.028015734775090513]
[-0.10217287286989335, 0.028015734775090513], 2, -1.0, [-0.07554061264994505, 0.0266322602199483]
[-0.07554061264994505, 0.0266322602199483], 2, -1.0, [-0.05034442988708174, 0.02519618276286331]
[-0.05034442988708174, 0.02519618276286331], 1, -1.0, [-0.02761978746731096, 0.022724642419770777]
[-0.02761978746731096, 0.022724642419770777], 1, -1.0, [-0.007386567864148558, 0.020233219603162402]
[-0.007386567864148558, 0.020233219603162402], 0, -1.0, [0.009347265529475415, 0.016733833393623974]
[0.009347265529475415, 0.016733833393623974], 0, -1.0, [0.02258208178663614, 0.013234816257160723]
[0.02258208178663614, 0.013234816257160723], 0, -1.0, [0.03232263279216591, 0.009740551005529773]
[0.03232263279216591, 0.009740551005529773], 0, -1.0, [0.038574928057627626, 0.006252295265461713]
[0.038574928057627626, 0.006252295265461713], 0, -1.0, [0.04134394493104754, 0.0027690168734199093]
[0.04134394493104754, 0.0027690168734199093], 0, -1.0, [0.04063216703463158, -0.0007117778964159573]
[0.04063216703463158, -0.0007117778964159573], 0, -1.0, [0.036438939597636485, -0.0041932274369950945]
[0.036438939597636485, -0.0041932274369950945], 0, -1.0, [0.02876063499947858, -0.0076783045981579055]
[0.02876063499947858, -0.0076783045981579055], 0, -1.0, [0.01759163033858456, -0.011169004660894018]
[0.01759163033858456, -0.011169004660894018], 0, -1.0, [0.002926106356117876, -0.014665523982466684]
[0.002926106356117876, -0.014665523982466684], 0, -1.0, [-0.015239321303360275, -0.01816542765947815]
[-0.015239321303360275, -0.01816542765947815], 0, -1.0, [-0.03690213675259461, -0.021662815449234332]
[-0.03690213675259461, -0.021662815449234332], 0, -1.0, [-0.06204964795544303, -0.025147511202848426]
[-0.06204964795544303, -0.025147511202848426], 0, -1.0, [-0.0906539698024466, -0.028604321847003567]
[-0.0906539698024466, -0.028604321847003567], 0, -1.0, [-0.1226664059968691, -0.0320124361944225]
[-0.1226664059968691, -0.0320124361944225], 0, -1.0, [-0.15801146467294502, -0.035345058676075944]
[-0.15801146467294502, -0.035345058676075944], 0, -1.0, [-0.19658085813829243, -0.0385693934653474]
[-0.19658085813829243, -0.0385693934653474], 0, -1.0, [-0.23822796128646004, -0.04164710314816761]
[-0.23822796128646004, -0.04164710314816761], 0, -1.0, [-0.28276331557144657, -0.044535354284986554]
[-0.28276331557144657, -0.044535354284986554], 0, -1.0, [-0.3299518371309227, -0.047188521559476136]
[-0.3299518371309227, -0.047188521559476136], 0, -1.0, [-0.37951238531810616, -0.04956054818718348]
[-0.37951238531810616, -0.04956054818718348], 0, -1.0, [-0.4311202416197296, -0.05160785630162345]
[-0.4311202416197296, -0.05160785630162345], 0, -1.0, [-0.4844128234560624, -0.053292581836332814]
[-0.4844128234560624, -0.053292581836332814], 0, -1.0, [-0.5389986234711049, -0.05458580001504254]
[-0.5389986234711049, -0.05458580001504254], 0, -1.0, [-0.5944689657094693, -0.055470342238364306]
[-0.5944689657094693, -0.055470342238364306], 0, -1.0, [-0.6504117769350773, -0.055942811225608076]
[-0.6504117769350773, -0.055942811225608076], 0, -1.0, [-0.7064262678577944, -0.05601449092271701]
[-0.7064262678577944, -0.05601449092271701], 0, -1.0, [-0.7621372765259462, -0.05571100866815185]
[-0.7621372765259462, -0.05571100866815185], 0, -1.0, [-0.8172080800579209, -0.05507080353197463]
[-0.8172080800579209, -0.05507080353197463], 0, -1.0, [-0.8713507182882767, -0.05414263823035584]
[-0.8713507182882767, -0.05414263823035584], 0, -1.0, [-0.924333236969791, -0.05298251868151432]
[-0.924333236969791, -0.05298251868151432], 0, -1.0, [-0.9759836675608976, -0.05165043059110664]
[-0.9759836675608976, -0.05165043059110664], 0, -1.0, [-1.0261909349192841, -0.05020726735838658]
[-1.0261909349192841, -0.05020726735838658], 0, -1.0, [-1.0749031650115692, -0.048712230092285175]
[-1.0749031650115692, -0.048712230092285175], 0, -1.0, [-1.122124025645193, -0.04722086063362381]
[-1.122124025645193, -0.04722086063362381], 0, -1.0, [-1.1679077780402929, -0.04578375239509983]
[-1.1679077780402929, -0.04578375239509983], 0, -1.0, [-1.2, 0.0]
[-1.2, 0.0], 1, -1.0, [-1.1977581039591645, 0.002241896040835368]
[-1.1977581039591645, 0.002241896040835368], 1, -1.0, [-1.193266922003125, 0.004491181956039541]
[-1.193266922003125, 0.004491181956039541], 2, -1.0, [-1.1855119564322518, 0.007754965570873074]
[-1.1855119564322518, 0.007754965570873074], 2, -1.0, [-1.1744691428266927, 0.011042813605559074]
[-1.1744691428266927, 0.011042813605559074], 2, -1.0, [-1.1601063542972423, 0.014362788529450343]
[-1.1601063542972423, 0.014362788529450343], 2, -1.0, [-1.142385619200586, 0.01772073509665632]
[-1.142385619200586, 0.01772073509665632], 2, -1.0, [-1.1212661269295268, 0.021119492271059068]
[-1.1212661269295268, 0.021119492271059068], 2, -1.0, [-1.096708100356661, 0.0245580265728658]
[-1.096708100356661, 0.0245580265728658], 2, -1.0, [-1.068677600184317, 0.028030500172344066]
[-1.068677600184317, 0.028030500172344066], 2, -1.0, [-1.0371522888816966, 0.031525311302620346]
[-1.0371522888816966, 0.031525311302620346], 2, -1.0, [-1.0021281127002344, 0.03502417618146228]
[-1.0021281127002344, 0.03502417618146228], 2, -1.0, [-0.963626753337627, 0.03850135936260737]
[-0.963626753337627, 0.03850135936260737], 2, -1.0, [-0.9217035541578439, 0.04192319917978319]
[-0.9217035541578439, 0.04192319917978319], 2, -1.0, [-0.8764554455089579, 0.04524810864888594]
[-0.8764554455089579, 0.04524810864888594], 2, -1.0, [-0.8280281980892312, 0.0484272474197267]
[-0.8280281980892312, 0.0484272474197267], 2, -1.0, [-0.7766221565997377, 0.05140604148949353]
[-0.7766221565997377, 0.05140604148949353], 2, -1.0, [-0.7224954972263943, 0.05412665937334334]
[-0.7224954972263943, 0.05412665937334334], 2, -1.0, [-0.6659640687011672, 0.05653142852522712]
[-0.6659640687011672, 0.05653142852522712], 2, -1.0, [-0.6073970669210083, 0.05856700178015897]
[-0.6073970669210083, 0.05856700178015897], 2, -1.0, [-0.5472081770687316, 0.06018888985227669]
[-0.5472081770687316, 0.06018888985227669], 2, -1.0, [-0.48584236471796916, 0.061365812350762446]
[-0.48584236471796916, 0.061365812350762446], 2, -1.0, [-0.42375912032250607, 0.06208324439546307]
[-0.42375912032250607, 0.06208324439546307], 2, -1.0, [-0.36141352748451966, 0.06234559283798642]
[-0.36141352748451966, 0.06234559283798642], 2, -1.0, [-0.2992368949534035, 0.06217663253111614]
[-0.2992368949534035, 0.06217663253111614], 2, -1.0, [-0.2376187664721396, 0.0616181284812639]
[-0.2376187664721396, 0.0616181284812639], 2, -1.0, [-0.17689188037231846, 0.06072688609982113]
[-0.17689188037231846, 0.06072688609982113], 2, -1.0, [-0.11732115755874145, 0.05957072281357701]
[-0.11732115755874145, 0.05957072281357701], 2, -1.0, [-0.05909717882531026, 0.05822397873343119]
[-0.05909717882531026, 0.05822397873343119], 1, -1.0, [-0.003334012538476608, 0.05576316628683365]
[-0.003334012538476608, 0.05576316628683365], 1, -1.0, [0.049929278798260104, 0.05326329133673671]
[0.049929278798260104, 0.05326329133673671], 1, -1.0, [0.10072056323245987, 0.05079128443419977]
[0.10072056323245987, 0.05079128443419977], 1, -1.0, [0.14912510908030757, 0.04840454584784769]
[0.14912510908030757, 0.04840454584784769], 1, -1.0, [0.1952756908239453, 0.046150581743637724]
[0.1952756908239453, 0.046150581743637724], 1, -1.0, [0.23934313483788022, 0.04406744401393491]
[0.23934313483788022, 0.04406744401393491], 1, -1.0, [0.281527819729227, 0.04218468489134679]
[0.281527819729227, 0.04218468489134679], 1, -1.0, [0.32205239765709437, 0.040524577927867345]
[0.32205239765709437, 0.040524577927867345], 1, -1.0, [0.36115581251984935, 0.03910341486275497]
[0.36115581251984935, 0.03910341486275497], 1, -1.0, [0.3990885588744553, 0.03793274635460597]
[0.3990885588744553, 0.03793274635460597], 1, -1.0, [0.43610904299662556, 0.037020484122170266]
[0.43610904299662556, 0.037020484122170266], 1, -1.0, [0.4724808621843495, 0.03637181918772394]
[0.4724808621843495, 0.03637181918772394], 1, -1.0, [0.5084707979540636, 0.03598993576971411]
