[-0.46685669215229425, 0.0], 0, -1.0, [-0.46828020548634824, -0.001423513334053981]
[-0.46828020548634824, -0.001423513334053981], 0, -1.0, [-0.4711167062855324, -0.00283650079918416]
[-0.4711167062855324, -0.00283650079918416], 0, -1.0, [-0.475345198376293, -0.004228492090760583]
[-0.475345198376293, -0.004228492090760583], 0, -1.0, [-0.48093432963742155, -0.005589131261128517]
[-0.48093432963742155, -0.005589131261128517], 0, -1.0, [-0.48784257128171893, -0.006908241644297366]
[-0.48784257128171893, -0.006908241644297366], 0, -1.0, [-0.4960184704657651, -0.008175899184046142]
[-0.4960184704657651, -0.008175899184046142], 0, -1.0, [-0.5054009859985845, -0.009382515532819486]
[-0.5054009859985845, -0.009382515532819486], 0, -1.0, [-0.5159199171668222, -0.010518931168237646]
[-0.5159199171668222, -0.010518931168237646], 0, -1.0, [-0.5274964346796238, -0.011576517512801653]
[-0.5274964346796238, -0.011576517512801653], 1, -1.0, [-0.5390437204154488, -0.011547285735824952]
[-0.5390437204154488, -0.011547285735824952], 0, -1.0, [-0.551475210509462, -0.012431490094013196]
[-0.551475210509462, -0.012431490094013196], 0, -1.0, [-0.5646978709613089, -0.013222660451846864]
[-0.5646978709613089, -0.013222660451846864], 0, -1.0, [-0.5786130686014044, -0.013915197640095526]
[-0.5786130686014044, -0.013915197640095526], 0, -1.0, [-0.5931175296727966, -0.014504461071392229]
[-0.5931175296727966, -0.014504461071392229], 0, -1.0, [-0.6081043715869294, -0.014986841914132742]
[-0.6081043715869294, -0.014986841914132742], 0, -1.0, [-0.6234641887964223, -0.015359817209492898]
[-0.6234641887964223, -0.015359817209492898], 0, -1.0, [-0.6390861698670771, -0.015621981070654795]
[-0.6390861698670771, -0.015621981070654795], 0, -1.0, [-0.6548592200887939, -0.015773050221716847]
[-0.6548592200887939, -0.015773050221716847], 0, -1.0, [-0.6706730626147128, -0.01581384252591884]
[-0.6706730626147128, -0.01581384252591884], 0, -1.0, [-0.6864192913109171, -0.015746228696204203]
[-0.6864192913109171, -0.015746228696204203], 0, -1.0, [-0.7019923502465022, -0.015573058935585176]
[-0.7019923502465022, -0.015573058935585176], 0, -1.0, [-0.7172904179264825, -0.015298067679980275]
[-0.7172904179264825, -0.015298067679980275], 0, -1.0, [-0.7322161787157612, -0.014925760789278661]
[-0.7322161787157612, -0.014925760789278661], 0, -1.0, [-0.7466774690781771, -0.014461290362415904]
[-0.7466774690781771, -0.014461290362415904], 1, -1.0, [-0.7595877918676004, -0.012910322789423292]
[-0.7595877918676004, -0.012910322789423292], 2, -1.0, [-0.7698723878759605, -0.010284596008360031]
[-0.7698723878759605, -0.010284596008360031], 2, -1.0, [-0.7774734422139907, -0.007601054338030301]
[-0.7774734422139907, -0.007601054338030301], 2, -1.0, [-0.7823492523777918, -0.004875810163801167]
[-0.7823492523777918, -0.004875810163801167], 2, -1.0, [-0.7844735386031809, -0.002124286225389057]
[-0.7844735386031809, -0.002124286225389057], 2, -1.0, [-0.7838349682337111, 0.0006385703694698438]
[-0.7838349682337111, 0.0006385703694698438], 2, -1.0, [-0.7804369404136604, 0.003398027820050713]
[-0.7804369404136604, 0.003398027820050713], 2, -1.0, [-0.774297651324789, 0.006139289088871428]
[-0.774297651324789, 0.006139289088871428], 2, -1.0, [-0.7654504338872176, 0.008847217437571435]
[-0.7654504338872176, 0.008847217437571435], 2, -1.0, [-0.7539443396024283, 0.011506094284789194]
[-0.7539443396024283, 0.011506094284789194], 2, -1.0, [-0.7398449043561162, 0.014099435246312216]
[-0.7398449043561162, 0.014099435246312216], 2, -1.0, [-0.7232350151744876, 0.016609889181628527]
[-0.7232350151744876, 0.016609889181628527], 2, -1.0, [-0.7042157723327097, 0.019019242841777882]
[-0.7042157723327097, 0.019019242841777882], 2, -1.0, [-0.682907222690042, 0.0213085496426677]
[-0.682907222690042, 0.0213085496426677], 2, -1.0, [-0.6594488281191003, 0.023458394570941638]
[-0.6594488281191003, 0.023458394570941638], 2, -1.0, [-0.6339995302167888, 0.025449297902311523]
[-0.6339995302167888, 0.025449297902311523], 2, -1.0, [-0.606737281848367, 0.027262248368421886]
[-0.606737281848367, 0.027262248368421886], 2, -1.0, [-0.5778579394652332, 0.028879342383133687]
[-0.5778579394652332, 0.028879342383133687], 2, -1.0, [-0.5475734480719749, 0.030284491393258287]
[-0.5475734480719749, 0.030284491393258287], 2, -1.0, [-0.5161093016232228, 0.031464146448752145]
[-0.5161093016232228, 0.031464146448752145], 2, -1.0, [-0.4837013215032642, 0.03240798011995856]
[-0.4837013215032642, 0.03240798011995856], 2, -1.0, [-0.45059185832392773, 0.033109463179336475]
[-0.45059185832392773, 0.033109463179336475], 2, -1.0, [-0.4170255798265972, 0.03356627849733051]
[-0.4170255798265972, 0.03356627849733051], 2, -1.0, [-0.3832450522557668, 0.03378052757083041]
[-0.3832450522557668, 0.03378052757083041], 2, -1.0, [-0.3494863475997062, 0.03375870465606063]
[-0.3494863475997062, 0.03375870465606063], 2, -1.0, [-0.31597491074033335, 0.033511436859372884]
[-0.31597491074033335, 0.033511436859372884], 2, -1.0, [-0.2829218986076176, 0.03305301213271578]
[-0.2829218986076176, 0.03305301213271578], 0, -1.0, [-0.25252116135352043, 0.03040073725409715]
[-0.25252116135352043, 0.03040073725409715], 0, -1.0, [-0.2249367051634954, 0.027584456190025045]
[-0.2249367051634954, 0.027584456190025045], 0, -1.0, [-0.2003043129619143, 0.024632392201581088]
[-0.2003043129619143, 0.024632392201581088], 0, -1.0, [-0.17873397022775764, 0.021570342734156683]
[-0.17873397022775764, 0.021570342734156683], 0, -1.0, [-0.16031276555525817, 0.018421204672499476]
[-0.16031276555525817, 0.018421204672499476], 0, -1.0, [-0.14510796399907547, 0.015204801556182701]
[-0.14510796399907547, 0.015204801556182701], 0, -1.0, [-0.13316999620108552, 0.011937967797989934]
[-0.13316999620108552, 0.011937967797989934], 0, -1.0, [-0.12453515766020201, 0.008634838540883516]
[-0.12453515766020201, 0.008634838540883516], 0, -1.0, [-0.11922786285407722, 0.0053072948061247995]
[-0.11922786285407722, 0.0053072948061247995], 0, -1.0, [-0.1172623438582342, 0.0019655189958430234]
[-0.1172623438582342, 0.0019655189958430234], 0, -1.0, [-0.1186437209724668, -0.0013813771142326004]
[-0.1186437209724668, -0.0013813771142326004], 0, -1.0, [-0.12336840413446855, -0.004724683162001758]
[-0.12336840413446855, -0.004724683162001758], 0, -1.0, [-0.13142381053151314, -0.008055406397044584]
[-0.13142381053151314, -0.008055406397044584], 0, -1.0, [-0.14278740862470288, -0.011363598093189743]
[-0.14278740862470288, -0.011363598093189743], 0, -1.0, [-0.15742512489419944, -0.014637716269496552]
[-0.15742512489419944, -0.014637716269496552], 0, -1.0, [-0.17528917990151116, -0.017864055007311735]
[-0.17528917990151116, -0.017864055007311735], 0, -1.0, [-0.196315456893481, -0.02102627699196985]
[-0.196315456893481, -0.02102627699196985], 0, -1.0, [-0.22042054992557508, -0.024105093032094068]
[-0.22042054992557508, -0.024105093032094068], 0, -1.0, [-0.24749868811822962, -0.02707813819265453]
[-0.24749868811822962, -0.02707813819265453], 0, -1.0, [-0.27741878429589256, -0.029920096177662923]
[-0.27741878429589256, -0.029920096177662923], 0, -1.0, [-0.3100219029984683, -0.032603118702575776]
[-0.3100219029984683, -0.032603118702575776], 0, -1.0, [-0.34511947496943335, -0.035097571970965025]
[-0.34511947496943335, -0.035097571970965025], 0, -1.0, [-0.3824925911998717, -0.037373116230438354]
[-0.3824925911998717, -0.037373116230438354], 0, -1.0, [-0.421892678271383, -0.03940008707151128]
[-0.421892678271383, -0.03940008707151128], 0, -1.0, [-0.4630437803567776, -0.04115110208539465]
[-0.4630437803567776, -0.04115110208539465], 0, -1.0, [-0.5056465509677269, -0.042602770610949296]
[-0.5056465509677269, -0.042602770610949296], 0, -1.0, [-0.5493838981838828, -0.043737347216155874]
[-0.5493838981838828, -0.043737347216155874], 0, -1.0, [-0.5939280497909267, -0.044544151607043905]
[-0.5939280497909267, -0.044544151607043905], 0, -1.0, [-0.6389486366004669, -0.04502058680954012]
[-0.6389486366004669, -0.04502058680954012], 0, -1.0, [-0.6841212628410408, -0.04517262624057392]
[-0.6841212628410408, -0.04517262624057392], 0, -1.0, [-0.7291359667359001, -0.04501470389485927]
[-0.7291359667359001, -0.04501470389485927], 0, -1.0, [-0.773704985473615, -0.04456901873771492]
[-0.773704985473615, -0.04456901873771492], 0, -1.0, [-0.817569324553409, -0.04386433907979403]
[-0.817569324553409, -0.04386433907979403], 0, -1.0, [-0.8605037749385694, -0.042934450385160444]
[-0.8605037749385694, -0.042934450385160444], 0, -1.0, [-0.902320195555007, -0.041816420616437575]
[-0.902320195555007, -0.041816420616437575], 0, -1.0, [-0.9428690535921018, -0.040548858037094834]
[-0.9428690535921018, -0.040548858037094834], 0, -1.0, [-0.9820393651873947, -0.039170311595292884]
[-0.9820393651873947, -0.039170311595292884], 0, -1.0, [-1.019757287768638, -0.037717922581243374]
[-1.019757287768638, -0.037717922581243374], 0, -1.0, [-1.0559836764578705, -0.036226388689232496]
[-1.0559836764578705, -0.036226388689232496], 0, -1.0, [-1.0907109335517906, -0.034727257093920175]
[-1.0907109335517906, -0.034727257093920175], 0, -1.0, [-1.123959461326791, -0.033248527775000224]
[-1.123959461326791, -0.033248527775000224], 0, -1.0, [-1.1557739860639076, -0.031814524737116594]
[-1.1557739860639076, -0.031814524737116594], 0, -1.0, [-1.1862199667984046, -0.030445980734497072]
[-1.1862199667984046, -0.030445980734497072], 0, -1.0, [-1.2, 0.0]
[-1.2, 0.0], 2, -1.0, [-1.1967581039591646, 0.003241896040835368]
[-1.1967581039591646, 0.003241896040835368], 2, -1.0, [-1.1902636585360942, 0.006494445423070332]
[-1.1902636585360942, 0.006494445423070332], 2, -1.0, [-1.1804959639787937, 0.009767694557300442]
[-1.1804959639787937, 0.009767694557300442], 2, -1.0, [-1.1674255149588486, 0.013070449019945182]
[-1.1674255149588486, 0.013070449019945182], 2, -1.0, [-1.1510159267200155, 0.016409588238833067]
[-1.1510159267200155, 0.016409588238833067], 2, -1.0, [-1.1312266168239755, 0.019789309896040046]
[-1.1312266168239755, 0.019789309896040046], 2, -1.0, [-1.108016322100852, 0.02321029472312345]
[-1.108016322100852, 0.02321029472312345], 2, -1.0, [-1.081347524946184, 0.02666879715466819]
[-1.081347524946184, 0.02666879715466819], 2, -1.0, [-1.0511918363028878, 0.03015568864329602]
[-1.0511918363028878, 0.03015568864329602], 2, -1.0, [-1.0175363271434712, 0.0336555091594167]
[-1.0175363271434712, 0.0336555091594167], 2, -1.0, [-0.9803907090723114, 0.03714561807115983]
[-0.9803907090723114, 0.03714561807115983], 2, -1.0, [-0.9397951336374217, 0.04059557543488971]
[-0.9397951336374217, 0.04059557543488971], 2, -1.0, [-0.8958282112564235, 0.043966922380998245]
[-0.8958282112564235, 0.043966922380998245], 2, -1.0, [-0.8486146572192776, 0.04721355403714586]
[-0.8486146572192776, 0.04721355403714586], 2, -1.0, [-0.7983317816221248, 0.05028287559715283]
[-0.7983317816221248, 0.05028287559715283], 2, -1.0, [-0.7452138959379592, 0.0531178856841656]
[-0.7452138959379592, 0.0531178856841656], 2, -1.0, [-0.6895536666604415, 0.0556602292775177]
[-0.6895536666604415, 0.0556602292775177], 2, -1.0, [-0.6316995610792892, 0.057854105581152386]
[-0.6316995610792892, 0.057854105581152386], 2, -1.0, [-0.5720488365336812, 0.05965072454560789]
[-0.5720488365336812, 0.05965072454560789], 2, -1.0, [-0.5110360146660762, 0.061012821867605024]
[-0.5110360146660762, 0.061012821867605024], 2, -1.0, [-0.44911739120176025, 0.061918623464315904]
[-0.44911739120176025, 0.061918623464315904], 2, -1.0, [-0.38675274139346727, 0.06236464980829299]
[-0.38675274139346727, 0.06236464980829299], 2, -1.0, [-0.3243858485235833, 0.06236689286988392]
[-0.3243858485235833, 0.06236689286988392], 2, -1.0, [-0.2624256859117381, 0.061960162611845254]
[-0.2624256859117381, 0.061960162611845254], 2, -1.0, [-0.20122996568717166, 0.061195720224566416]
[-0.20122996568717166, 0.061195720224566416], 2, -1.0, [-0.14109236178367496, 0.06013760390349669]
[-0.14109236178367496, 0.06013760390349669], 2, -1.0, [-0.08223412731502394, 0.05885823446865101]
[-0.08223412731502394, 0.05885823446865101], 2, -1.0, [-0.024800200336085113, 0.05743392697893883]
[-0.024800200336085113, 0.05743392697893883], 2, -1.0, [0.03114064276343887, 0.05594084309952398]
[0.03114064276343887, 0.05594084309952398], 2, -1.0, [0.08559238750154527, 0.0544517447381064]
[0.08559238750154527, 0.0544517447381064], 2, -1.0, [0.13862609852276647, 0.05303371102122119]
[0.13862609852276647, 0.05303371102122119], 1, -1.0, [0.18937290492486428, 0.0507468064020978]
[0.18937290492486428, 0.0507468064020978], 1, -1.0, [0.2380124246106571, 0.048639519685792824]
[0.2380124246106571, 0.048639519685792824], 1, -1.0, [0.28476263411837144, 0.04675020950771431]
[0.28476263411837144, 0.04675020950771431], 1, -1.0, [0.3298709544473682, 0.04510832032899673]
[0.3298709544473682, 0.04510832032899673], 1, -1.0, [0.37360674108696645, 0.043735786639598276]
[0.37360674108696645, 0.043735786639598276], 1, -1.0, [0.41625516768535603, 0.0426484265983896]
[0.41625516768535603, 0.0426484265983896], 1, -1.0, [0.4581123601826525, 0.041857192497296455]
[0.4581123601826525, 0.041857192497296455], 1, -1.0, [0.4994815578842463, 0.04136919770159382]
[0.4994815578842463, 0.04136919770159382], 1, -1.0, [0.5406700342215449, 0.0411884763372986]
