[-0.4087344890319486, 0.0], 0, -1.0, [-0.41057902278066133, -0.0018445337487127528]
[-0.41057902278066133, -0.0018445337487127528], 0, -1.0, [-0.4142550566699289, -0.0036760338892675532]
[-0.4142550566699289, -0.0036760338892675532], 0, -1.0, [-0.41973654004044225, -0.005481483370513324]
[-0.41973654004044225, -0.005481483370513324], 0, -1.0, [-0.4269844467255222, -0.007247906685079954]
[-0.4269844467255222, -0.007247906685079954], 0, -1.0, [-0.43594685782177534, -0.008962411096253144]
[-0.43594685782177534, -0.008962411096253144], 0, -1.0, [-0.4465591085058787, -0.010612250684103364]
[-0.4465591085058787, -0.010612250684103364], 0, -1.0, [-0.4587440264762692, -0.012184917970390497]
[-0.4587440264762692, -0.012184917970390497], 0, -1.0, [-0.472412292002844, -0.013668265526574805]
[-0.472412292002844, -0.013668265526574805], 0, -1.0, [-0.4874629491803346, -0.015050657177490575]
[-0.4874629491803346, -0.015050657177490575], 0, -1.0, [-0.50378409452431, -0.01632114534397547]
[-0.50378409452431, -0.01632114534397547], 0, -1.0, [-0.5212537624704979, -0.017469667946187827]
[-0.5212537624704979, -0.017469667946187827], 0, -1.0, [-0.539741017870071, -0.018487255399573105]
[-0.539741017870071, -0.018487255399573105], 0, -1.0, [-0.5591072537669889, -0.019366235896917862]
[-0.5591072537669889, -0.019366235896917862], 0, -1.0, [-0.5792076794649785, -0.020100425697989695]
[-0.5792076794649785, -0.020100425697989695], 0, -1.0, [-0.5998929702684785, -0.020685290803500022]
[-0.5998929702684785, -0.020685290803500022], 0, -1.0, [-0.6210110375943911, -0.021118067325912617]
[-0.6210110375943911, -0.021118067325912617], 0, -1.0, [-0.6424088676841733, -0.02139783008978214]
[-0.6424088676841733, -0.02139783008978214], 0, -1.0, [-0.6639343700170591, -0.021525502332885874]
[-0.6639343700170591, -0.021525502332885874], 0, -1.0, [-0.6854381735276817, -0.021503803510622525]
[-0.6854381735276817, -0.021503803510622525], 0, -1.0, [-0.7067753102135615, -0.02133713668587987]
[-0.7067753102135615, -0.02133713668587987], 0, -1.0, [-0.7278067315322896, -0.02103142131872803]
[-0.7278067315322896, -0.02103142131872803], 0, -1.0, [-0.7484006125168385, -0.020593880984548986]
[-0.7484006125168385, -0.020593880984548986], 0, -1.0, [-0.7684334107902756, -0.020032798273437066]
[-0.7684334107902756, -0.020032798273437066], 0, -1.0, [-0.7877906614261285, -0.019357250635852963]
[-0.7877906614261285, -0.019357250635852963], 2, -1.0, [-0.8043675026154238, -0.016576841189295255]
[-0.8043675026154238, -0.016576841189295255], 2, -1.0, [-0.8180788927333508, -0.013711390117926981]
[-0.8180788927333508, -0.013711390117926981], 2, -1.0, [-0.8288579670083427, -0.010779074274991904]
[-0.8288579670083427, -0.010779074274991904], 2, -1.0, [-0.8366544500216745, -0.0077964830133317635]
[-0.8366544500216745, -0.0077964830133317635], 2, -1.0, [-0.8414332666835079, -0.004778816661833397]
[-0.8414332666835079, -0.004778816661833397], 2, -1.0, [-0.8431734622960674, -0.0017401956125593985]
[-0.8431734622960674, -0.0017401956125593985], 2, -1.0, [-0.8418675100970495, 0.0013059521990178972]
[-0.8418675100970495, 0.0013059521990178972], 2, -1.0, [-0.8375210534316332, 0.004346456665416382]
[-0.8375210534316332, 0.004346456665416382], 2, -1.0, [-0.8301530995246506, 0.007367953906982614]
[-0.8301530995246506, 0.007367953906982614], 2, -1.0, [-0.8197966521267549, 0.01035644739789566]
[-0.8197966521267549, 0.01035644739789566], 2, -1.0, [-0.8064997402466355, 0.013296911880119423]
[-0.8064997402466355, 0.013296911880119423], 2, -1.0, [-0.7903267691034235, 0.016172971143212027]
[-0.7903267691034235, 0.016172971143212027], 2, -1.0, [-0.7713600873121679, 0.01896668179125557]
[-0.7713600873121679, 0.01896668179125557], 2, -1.0, [-0.7497016321351981, 0.02165845517696971]
[-0.7497016321351981, 0.02165845517696971], 2, -1.0, [-0.7254744846706013, 0.024227147464596907]
[-0.7254744846706013, 0.024227147464596907], 2, -1.0, [-0.6988241427614227, 0.026650341909178598]
[-0.6988241427614227, 0.026650341909178598], 2, -1.0, [-0.6699193060100456, 0.028904836751377106]
[-0.6699193060100456, 0.028904836751377106], 2, -1.0, [-0.6389519699248332, 0.030967336085212415]
[-0.6389519699248332, 0.030967336085212415], 2, -1.0, [-0.6061366497527609, 0.03281532017207217]
[-0.6061366497527609, 0.03281532017207217], 2, -1.0, [-0.5717086019153048, 0.03442804783745607]
[-0.5717086019153048, 0.03442804783745607], 2, -1.0, [-0.5359209817959976, 0.035787620119307265]
[-0.5359209817959976, 0.035787620119307265], 2, -1.0, [-0.4990409661771137, 0.03688001561888386]
[-0.4990409661771137, 0.03688001561888386], 2, -1.0, [-0.4613449675563007, 0.03769599862081296]
[-0.4613449675563007, 0.03769599862081296], 2, -1.0, [-0.42311316297274115, 0.03823180458355955]
[-0.42311316297274115, 0.03823180458355955], 2, -1.0, [-0.38462363754655365, 0.038489525426187485]
[-0.38462363754655365, 0.038489525426187485], 2, -1.0, [-0.34614649002001, 0.03847714752654365]
[-0.34614649002001, 0.03847714752654365], 2, -1.0, [-0.30793825611325704, 0.038208233906752986]
[-0.30793825611325704, 0.038208233906752986], 2, -1.0, [-0.27023697400663604, 0.03770128210662102]
[-0.27023697400663604, 0.03770128210662102], 2, -1.0, [-0.233258150267651, 0.03697882373898505]
[-0.233258150267651, 0.03697882373898505], 2, -1.0, [-0.19719179520519256, 0.03606635506245844]
[-0.19719179520519256, 0.03606635506245844], 2, -1.0, [-0.16220059805568293, 0.03499119714950964]
[-0.16220059805568293, 0.03499119714950964], 2, -1.0, [-0.12841921851785415, 0.033781379537828775]
[-0.12841921851785415, 0.033781379537828775], 2, -1.0, [-0.09595459307255932, 0.03246462544529482]
[-0.09595459307255932, 0.03246462544529482], 2, -1.0, [-0.06488709899149225, 0.031067494081067067]
[-0.06488709899149225, 0.031067494081067067], 2, -1.0, [-0.03527238801689317, 0.029614710974599084]
[-0.03527238801689317, 0.029614710974599084], 2, -1.0, [-0.007143693507463335, 0.028128694509429834]
[-0.007143693507463335, 0.028128694509429834], 2, -1.0, [0.01948557509400849, 0.026629268601471825]
[0.01948557509400849, 0.026629268601471825], 2, -1.0, [0.04461911396515944, 0.025133538871150947]
[0.04461911396515944, 0.025133538871150947], 2, -1.0, [0.06827501664884299, 0.023655902683683547]
[0.06827501664884299, 0.023655902683683547], 2, -1.0, [0.09048317787347274, 0.02220816122462975]
[0.09048317787347274, 0.02220816122462975], 2, -1.0, [0.11128288097859285, 0.020799703105120117]
[0.11128288097859285, 0.020799703105120117], 2, -1.0, [0.1307206135479898, 0.019437732569396973]
[0.1307206135479898, 0.019437732569396973], 2, -1.0, [0.14884813363632798, 0.018127520088338192]
[0.14884813363632798, 0.018127520088338192], 2, -1.0, [0.16572079175047322, 0.016872658114145227]
[0.16572079175047322, 0.016872658114145227], 2, -1.0, [0.18139610122301106, 0.015675309472537837]
[0.18139610122301106, 0.015675309472537837], 2, -1.0, [0.1959325411778099, 0.014536439954798834]
[0.1959325411778099, 0.014536439954798834], 2, -1.0, [0.20938857118433107, 0.013456030006521173]
[0.20938857118433107, 0.013456030006521173], 2, -1.0, [0.2218218341693424, 0.012433262985011323]
[0.2218218341693424, 0.012433262985011323], 2, -1.0, [0.23328852351109022, 0.011466689341747818]
[0.23328852351109022, 0.011466689341747818], 2, -1.0, [0.24384289089730418, 0.010554367386213964]
[0.24384289089730418, 0.010554367386213964], 2, -1.0, [0.25353687301685507, 0.00969398211955088]
[0.25353687301685507, 0.00969398211955088], 2, -1.0, [0.2624198171187091, 0.008882944101854051]
[0.2624198171187091, 0.008882944101854051], 2, -1.0, [0.270538287651159, 0.008118470532449887]
[0.270538287651159, 0.008118470532449887], 2, -1.0, [0.2779359384088494, 0.00739765075769038]
[0.2779359384088494, 0.00739765075769038], 2, -1.0, [0.28465343674681354, 0.006717498337964124]
[0.28465343674681354, 0.006717498337964124], 2, -1.0, [0.2907284283983262, 0.006074991651512656]
[0.2907284283983262, 0.006074991651512656], 2, -1.0, [0.2961955332193777, 0.005467104821051482]
[0.2961955332193777, 0.005467104821051482], 2, -1.0, [0.3010863637629458, 0.004890830543568084]
[0.3010863637629458, 0.004890830543568084], 2, -1.0, [0.30542955996247473, 0.00434319619952893]
[0.30542955996247473, 0.00434319619952893], 2, -1.0, [0.30925083438722456, 0.003821274424749819]
[0.30925083438722456, 0.003821274424749819], 2, -1.0, [0.3125730235390949, 0.003322189151870353]
[0.3125730235390949, 0.003322189151870353], 2, -1.0, [0.3154161415104478, 0.0028431179713528866]
[0.3154161415104478, 0.0028431179713528866], 2, -1.0, [0.3177974330353817, 0.0023812915249339477]
[0.3177974330353817, 0.0023812915249339477], 1, -1.0, [0.31873142356242995, 0.0009339905270482373]
[0.31873142356242995, 0.0009339905270482373], 1, -1.0, [0.3182238304729634, -0.0005075930894665802]
[0.3182238304729634, -0.0005075930894665802], 1, -1.0, [0.3162715451515987, -0.0019522853213646658]
[0.3162715451515987, -0.0019522853213646658], 1, -1.0, [0.3128626426440347, -0.00340890250756403]
[0.3128626426440347, -0.00340890250756403], 1, -1.0, [0.30797642071925607, -0.004886221924778618]
[0.30797642071925607, -0.004886221924778618], 1, -1.0, [0.3015834753927375, -0.006392945326518568]
[0.3015834753927375, -0.006392945326518568], 0, -1.0, [0.29264582548665413, -0.008937649906083358]
[0.29264582548665413, -0.008937649906083358], 0, -1.0, [0.2811113269432423, -0.011534498543411823]
[0.2811113269432423, -0.011534498543411823], 0, -1.0, [0.2669143871623568, -0.01419693978088548]
[0.2669143871623568, -0.01419693978088548], 0, -1.0, [0.24997701386750823, -0.016937373294848606]
[0.24997701386750823, -0.016937373294848606], 0, -1.0, [0.23021030089303302, -0.01976671297447522]
[0.23021030089303302, -0.01976671297447522], 0, -1.0, [0.20751647724726413, -0.02269382364576887]
[0.20751647724726413, -0.02269382364576887], 0, -1.0, [0.1817916673418849, -0.025724809905379228]
[0.1817916673418849, -0.025724809905379228], 0, -1.0, [0.1529295253794451, -0.028862141962439792]
[0.1529295253794451, -0.028862141962439792], 0, -1.0, [0.12082590929394466, -0.032103616085500435]
[0.12082590929394466, -0.032103616085500435], 0, -1.0, [0.08538474042823432, -0.03544116886571033]
[0.08538474042823432, -0.03544116886571033], 0, -1.0, [0.046525142802123484, -0.03885959762611084]
[0.046525142802123484, -0.03885959762611084], 1, -1.0, [0.005189857293500792, -0.04133528550862269]
[0.005189857293500792, -0.04133528550862269], 1, -1.0, [-0.03864512520678236, -0.04383498250028315]
[-0.03864512520678236, -0.04383498250028315], 1, -1.0, [-0.08496332525331757, -0.04631820004653522]
[-0.08496332525331757, -0.04631820004653522], 0, -1.0, [-0.1347007529072052, -0.04973742765388763]
[-0.1347007529072052, -0.04973742765388763], 0, -1.0, [-0.18773681994522662, -0.053036067038021405]
[-0.18773681994522662, -0.053036067038021405], 0, -1.0, [-0.24388675047235203, -0.05614993052712541]
[-0.24388675047235203, -0.05614993052712541], 0, -1.0, [-0.30289684651093973, -0.05901009603858773]
[-0.30289684651093973, -0.05901009603858773], 1, -1.0, [-0.3634438901668735, -0.06054704365593376]
[-0.3634438901668735, -0.06054704365593376], 1, -1.0, [-0.4251464120064327, -0.06170252183955923]
[-0.4251464120064327, -0.06170252183955923], 1, -1.0, [-0.48757663758798897, -0.06243022558155624]
[-0.48757663758798897, -0.06243022558155624], 1, -1.0, [-0.5502765036626774, -0.06269986607468843]
[-0.5502765036626774, -0.06269986607468843], 0, -1.0, [-0.613776500307402, -0.06349999664472467]
[-0.613776500307402, -0.06349999664472467], 0, -1.0, [-0.6776083838109802, -0.0638318835035782]
[-0.6776083838109802, -0.0638318835035782], 1, -1.0, [-0.7403258545009866, -0.0627174706900064]
[-0.7403258545009866, -0.0627174706900064], 1, -1.0, [-0.8015299985024854, -0.061204144001498796]
[-0.8015299985024854, -0.061204144001498796], 0, -1.0, [-0.8618829267292204, -0.06035292822673495]
[-0.8618829267292204, -0.06035292822673495], 0, -1.0, [-0.921112348220977, -0.0592294214917566]
[-0.921112348220977, -0.0592294214917566], 0, -1.0, [-0.9790184940810148, -0.05790614586003784]
[-0.9790184940810148, -0.05790614586003784], 0, -1.0, [-1.0354767522001325, -0.05645825811911758]
[-1.0354767522001325, -0.05645825811911758], 0, -1.0, [-1.0904365556527227, -0.05495980345259018]
[-1.0904365556527227, -0.05495980345259018], 0, -1.0, [-1.143917362758461, -0.053480807105738146]
[-1.143917362758461, -0.053480807105738146], 0, -1.0, [-1.1960026741826222, -0.05208531142416118]
[-1.1960026741826222, -0.05208531142416118], 2, -1.0, [-1.2, 0.0]
[-1.2, 0.0], 2, -1.0, [-1.1967581039591646, 0.003241896040835368]
[-1.1967581039591646, 0.003241896040835368], 0, -1.0, [-1.1922636585360942, 0.004494445423070332]
[-1.1922636585360942, 0.004494445423070332], 2, -1.0, [-1.1845022469892634, 0.007761411546830676]
[-1.1845022469892634, 0.007761411546830676], 2, -1.0, [-1.1734499450170384, 0.011052301972225172]
[-1.1734499450170384, 0.011052301972225172], 2, -1.0, [-1.1590748307820957, 0.01437511423494257]
[-1.1590748307820957, 0.01437511423494257], 2, -1.0, [-1.1413392105670803, 0.017735620215015475]
[-1.1413392105670803, 0.017735620215015475], 2, -1.0, [-1.12020263421002, 0.021136576357060267]
[-1.12020263421002, 0.021136576357060267], 2, -1.0, [-1.0956257781580947, 0.02457685605192525]
[-1.0956257781580947, 0.02457685605192525], 2, -1.0, [-1.0675752602773096, 0.028050517880784984]
[-1.0675752602773096, 0.028050517880784984], 2, -1.0, [-1.036029412515857, 0.031545847761452694]
[-1.036029412515857, 0.031545847761452694], 2, -1.0, [-1.0009849678055156, 0.03504444471034125]
[-1.0009849678055156, 0.03504444471034125], 2, -1.0, [-0.9624645101702902, 0.03852045763522537]
[-0.9624645101702902, 0.03852045763522537], 2, -1.0, [-0.9205243900279105, 0.04194012014237972]
[-0.9205243900279105, 0.04194012014237972], 2, -1.0, [-0.8752626263641082, 0.04526176366380231]
[-0.8752626263641082, 0.04526176366380231], 2, -1.0, [-0.8268261225477372, 0.04843650381637103]
[-0.8268261225477372, 0.04843650381637103], 2, -1.0, [-0.7754163473470993, 0.0514097752006379]
[-0.7754163473470993, 0.0514097752006379], 2, -1.0, [-0.7212925264013315, 0.054123820945767856]
[-0.7212925264013315, 0.054123820945767856], 2, -1.0, [-0.664771408666177, 0.05652111773515449]
[-0.664771408666177, 0.05652111773515449], 2, -1.0, [-0.6062228657356485, 0.05854854293052849]
[-0.6062228657356485, 0.05854854293052849], 2, -1.0, [-0.5460609682622332, 0.060161897473415396]
[-0.5460609682622332, 0.060161897473415396], 2, -1.0, [-0.4847307318145352, 0.061330236447697944]
[-0.4847307318145352, 0.061330236447697944], 2, -1.0, [-0.42269134555631915, 0.062039386258216034]
[-0.42269134555631915, 0.062039386258216034], 2, -1.0, [-0.3603972588268809, 0.06229408672943826]
[-0.3603972588268809, 0.06229408672943826], 2, -1.0, [-0.29827886443026824, 0.06211839439661264]
[-0.29827886443026824, 0.06211839439661264], 2, -1.0, [-0.23672458578224997, 0.06155427864801828]
[-0.23672458578224997, 0.06155427864801828], 2, -1.0, [-0.17606592864332274, 0.060658657138927236]
[-0.17606592864332274, 0.060658657138927236], 2, -1.0, [-0.11656656337473101, 0.05949936526859174]
[-0.11656656337473101, 0.05949936526859174], 2, -1.0, [-0.058415887221350916, 0.05815067615338009]
[-0.058415887221350916, 0.05815067615338009], 2, -1.0, [-0.0017269195399572043, 0.05668896768139371]
[-0.0017269195399572043, 0.05668896768139371], 2, -1.0, [0.053462081691686314, 0.05518900123164352]
[0.053462081691686314, 0.05518900123164352], 2, -1.0, [0.10718316873866832, 0.053721087046982]
[0.10718316873866832, 0.053721087046982], 1, -1.0, [0.1585323886459152, 0.05134921990724689]
[0.1585323886459152, 0.05134921990724689], 1, -1.0, [0.20765905991283046, 0.04912667126691526]
[0.20765905991283046, 0.04912667126691526], 1, -1.0, [0.2547553686643279, 0.04709630875149745]
[0.2547553686643279, 0.04709630875149745], 1, -1.0, [0.30004695138613674, 0.04529158272180881]
[0.30004695138613674, 0.04529158272180881], 0, -1.0, [0.34278478503981535, 0.04273783365367862]
[0.34278478503981535, 0.04273783365367862], 0, -1.0, [0.3832320463011854, 0.04044726126137007]
[0.3832320463011854, 0.04044726126137007], 1, -1.0, [0.4226573956238719, 0.0394253493226865]
[0.4226573956238719, 0.0394253493226865], 1, -1.0, [0.46133720237532155, 0.038679806751449664]
[0.46133720237532155, 0.038679806751449664], 1, -1.0, [0.4995527578635183, 0.03821555548819678]
[0.4995527578635183, 0.03821555548819678], 1, -1.0, [0.5375881245943117, 0.03803536673079338]
