[-0.4169813181805726, 0.0], 0, -1.0, [-0.4187673842398297, -0.0017860660592570704]
[-0.4187673842398297, -0.0017860660592570704], 0, -1.0, [-0.42232678903447635, -0.003559404794646692]
[-0.42232678903447635, -0.003559404794646692], 0, -1.0, [-0.42763410275846037, -0.005307313723984045]
[-0.42763410275846037, -0.005307313723984045], 0, -1.0, [-0.4346512503539932, -0.007017147595532862]
[-0.4346512503539932, -0.007017147595532862], 0, -1.0, [-0.4433276156459346, -0.0086763652919414]
[-0.4433276156459346, -0.0086763652919414], 0, -1.0, [-0.4536002127167939, -0.01027259707085932]
[-0.4536002127167939, -0.01027259707085932], 0, -1.0, [-0.4653939489956663, -0.011793736278872353]
[-0.4653939489956663, -0.011793736278872353], 0, -1.0, [-0.4786220065062888, -0.01322805751062253]
[-0.4786220065062888, -0.01322805751062253], 0, -1.0, [-0.4931863671470803, -0.014564360640791505]
[-0.4931863671470803, -0.014564360640791505], 0, -1.0, [-0.5089785045330374, -0.0157921373859571]
[-0.5089785045330374, -0.0157921373859571], 0, -1.0, [-0.5258802587977999, -0.016901754264762505]
[-0.5258802587977999, -0.016901754264762505], 0, -1.0, [-0.5437649020721651, -0.017884643274365286]
[-0.5437649020721651, -0.017884643274365286], 0, -1.0, [-0.5624983916424814, -0.018733489570316307]
[-0.5624983916424814, -0.018733489570316307], 0, -1.0, [-0.5819407958406182, -0.01944240419813681]
[-0.5819407958406182, -0.01944240419813681], 0, -1.0, [-0.6019478655381952, -0.020007069697576988]
[-0.6019478655381952, -0.020007069697576988], 0, -1.0, [-0.6223727128461977, -0.020424847308002432]
[-0.6223727128461977, -0.020424847308002432], 0, -1.0, [-0.6430675493840121, -0.0206948365378145]
[-0.6430675493840121, -0.0206948365378145], 0, -1.0, [-0.6638854302523975, -0.02081788086838541]
[-0.6638854302523975, -0.02081788086838541], 0, -1.0, [-0.6846819473063613, -0.020796517053963768]
[-0.6846819473063613, -0.020796517053963768], 0, -1.0, [-0.7053168167707149, -0.0206348694643535]
[-0.7053168167707149, -0.0206348694643535], 0, -1.0, [-0.7256553115361372, -0.020338494765422304]
[-0.7256553115361372, -0.020338494765422304], 0, -1.0, [-0.7455694970718311, -0.019914185535693886]
[-0.7455694970718311, -0.019914185535693886], 0, -1.0, [-0.7649392409239955, -0.019369743852164445]
[-0.7649392409239955, -0.019369743852164445], 0, -1.0, [-0.7836529781744006, -0.01871373725040513]
[-0.7836529781744006, -0.01871373725040513], 2, -1.0, [-0.7996082278999619, -0.015955249725561286]
[-0.7996082278999619, -0.015955249725561286], 2, -1.0, [-0.812721979316694, -0.013113751416732138]
[-0.812721979316694, -0.013113751416732138], 2, -1.0, [-0.8229291553577983, -0.010207176041104313]
[-0.8229291553577983, -0.010207176041104313], 2, -1.0, [-0.830181139893772, -0.007251984535973595]
[-0.830181139893772, -0.007251984535973595], 2, -1.0, [-0.8344445034838288, -0.004263363590056857]
[-0.8344445034838288, -0.004263363590056857], 2, -1.0, [-0.8357000316395541, -0.0012555281557252982]
[-0.8357000316395541, -0.0012555281557252982], 2, -1.0, [-0.8339421283062918, 0.0017579033332622857]
[-0.8339421283062918, 0.0017579033332622857], 2, -1.0, [-0.8291786366748848, 0.00476349163140697]
[-0.8291786366748848, 0.00476349163140697], 2, -1.0, [-0.8214310896219972, 0.007747547052887639]
[-0.8214310896219972, 0.007747547052887639], 2, -1.0, [-0.8107353725461338, 0.010695717075863316]
[-0.8107353725461338, 0.010695717075863316], 2, -1.0, [-0.7971427514456471, 0.01359262110048675]
[-0.7971427514456471, 0.01359262110048675], 2, -1.0, [-0.780721188349951, 0.01642156309569611]
[-0.780721188349951, 0.01642156309569611], 2, -1.0, [-0.761556834897765, 0.019164353452185867]
[-0.761556834897765, 0.019164353452185867], 2, -1.0, [-0.7397555641937603, 0.021801270704004776]
[-0.7397555641937603, 0.021801270704004776], 2, -1.0, [-0.7154443735367703, 0.02431119065699003]
[-0.7154443735367703, 0.02431119065699003], 2, -1.0, [-0.6887724699159113, 0.026671903620858903]
[-0.6887724699159113, 0.026671903620858903], 2, -1.0, [-0.6599118409864227, 0.02886062892948856]
[-0.6599118409864227, 0.02886062892948856], 2, -1.0, [-0.6290571215104296, 0.030854719475993157]
[-0.6290571215104296, 0.030854719475993157], 2, -1.0, [-0.5964245931373693, 0.03263252837306025]
[-0.5964245931373693, 0.03263252837306025], 2, -1.0, [-0.5622502059628013, 0.03417438717456796]
[-0.5622502059628013, 0.03417438717456796], 2, -1.0, [-0.526786582228742, 0.035463623734059264]
[-0.526786582228742, 0.035463623734059264], 2, -1.0, [-0.49029905030939475, 0.03648753191934725]
[-0.49029905030939475, 0.03648753191934725], 2, -1.0, [-0.453060851129315, 0.03723819918007978]
[-0.453060851129315, 0.03723819918007978], 2, -1.0, [-0.4153477468192354, 0.037713104310079563]
[-0.4153477468192354, 0.037713104310079563], 2, -1.0, [-0.37743232947969063, 0.037915417339544795]
[-0.37743232947969063, 0.037915417339544795], 2, -1.0, [-0.33957836528977703, 0.03785396418991363]
[-0.33957836528977703, 0.03785396418991363], 2, -1.0, [-0.30203550951794556, 0.037542855771831495]
[-0.30203550951794556, 0.037542855771831495], 2, -1.0, [-0.2650346912462961, 0.03700081827164945]
[-0.2650346912462961, 0.03700081827164945], 2, -1.0, [-0.22878439914413223, 0.03625029210216385]
[-0.22878439914413223, 0.03625029210216385], 2, -1.0, [-0.19346801255902457, 0.035316386585107655]
[-0.19346801255902457, 0.035316386585107655], 2, -1.0, [-0.159242228872237, 0.034225783686787574]
[-0.159242228872237, 0.034225783686787574], 2, -1.0, [-0.1262365511821534, 0.03300567769008358]
[-0.1262365511821534, 0.03300567769008358], 2, -1.0, [-0.09455372968768369, 0.031682821494469715]
[-0.09455372968768369, 0.031682821494469715], 2, -1.0, [-0.06427100121611408, 0.03028272847156961]
[-0.06427100121611408, 0.03028272847156961], 2, -1.0, [-0.035441945468957646, 0.028829055747156433]
[-0.035441945468957646, 0.028829055747156433], 2, -1.0, [-0.008098771550673001, 0.027343173918284645]
[-0.008098771550673001, 0.027343173918284645], 2, -1.0, [0.017745140219945804, 0.025843911770618806]
[0.017745140219945804, 0.025843911770618806], 2, -1.0, [0.04209259366653335, 0.024347453446587543]
[0.04209259366653335, 0.024347453446587543], 2, -1.0, [0.06495995323743407, 0.022867359570900723]
[0.06495995323743407, 0.022867359570900723], 2, -1.0, [0.08637463545424302, 0.02141468221680895]
[0.08637463545424302, 0.02141468221680895], 2, -1.0, [0.10637278058637699, 0.01999814513213397]
[0.10637278058637699, 0.01999814513213397], 2, -1.0, [0.12499714474521953, 0.01862436415884254]
[0.12499714474521953, 0.01862436415884254], 2, -1.0, [0.1422952320058562, 0.017298087260636676]
[0.1422952320058562, 0.017298087260636676], 2, -1.0, [0.1583176702614906, 0.01602243825563441]
[0.1583176702614906, 0.01602243825563441], 2, -1.0, [0.1731168229905844, 0.014799152729093781]
[0.1731168229905844, 0.014799152729093781], 2, -1.0, [0.18674562138052955, 0.013628798389945147]
[0.18674562138052955, 0.013628798389945147], 2, -1.0, [0.19925659659976386, 0.01251097521923431]
[0.19925659659976386, 0.01251097521923431], 2, -1.0, [0.21070108973717838, 0.011444493137414524]
[0.21070108973717838, 0.011444493137414524], 2, -1.0, [0.22112861639473408, 0.010427526657555697]
[0.22112861639473408, 0.010427526657555697], 2, -1.0, [0.23058636358716597, 0.009457747192431892]
[0.23058636358716597, 0.009457747192431892], 2, -1.0, [0.239118798040532, 0.008532434453366029]
[0.239118798040532, 0.008532434453366029], 2, -1.0, [0.24676736686076634, 0.00764856882023434]
[0.24676736686076634, 0.00764856882023434], 2, -1.0, [0.253570273625341, 0.00680290676457467]
[0.253570273625341, 0.00680290676457467], 1, -1.0, [0.2585623150701171, 0.004992041444776132]
[0.2585623150701171, 0.004992041444776132], 1, -1.0, [0.2617695060175888, 0.0032071909474716913]
[0.2617695060175888, 0.0032071909474716913], 1, -1.0, [0.2632087715471197, 0.001439265529530861]
[0.2632087715471197, 0.001439265529530861], 1, -1.0, [0.26288776028884886, -0.00032101125827084173]
[0.26288776028884886, -0.00032101125827084173], 0, -1.0, [0.2598047634571816, -0.0030829968316672183]
[0.2598047634571816, -0.0030829968316672183], 0, -1.0, [0.253943453291578, -0.0058613101656036035]
[0.253943453291578, -0.0058613101656036035], 0, -1.0, [0.24527320856823367, -0.00867024472334435]
[0.24527320856823367, -0.00867024472334435], 0, -1.0, [0.2337497616603443, -0.011523446907889378]
[0.2337497616603443, -0.011523446907889378], 0, -1.0, [0.219316222804547, -0.014433538855797309]
[0.219316222804547, -0.014433538855797309], 0, -1.0, [0.2019045632626194, -0.01741165954192758]
[0.2019045632626194, -0.01741165954192758], 0, -1.0, [0.18143766379941859, -0.02046689946320083]
[0.18143766379941859, -0.02046689946320083], 0, -1.0, [0.15783205621962237, -0.023605607579796226]
[0.15783205621962237, -0.023605607579796226], 0, -1.0, [0.13100149995061894, -0.026830556269003443]
[0.13100149995061894, -0.026830556269003443], 0, -1.0, [0.10086153715422524, -0.030139962796393693]
[0.10086153715422524, -0.030139962796393693], 0, -1.0, [0.0673351506224892, -0.03352638653173605]
[0.0673351506224892, -0.03352638653173605], 0, -1.0, [0.030359598627017127, -0.03697555199547207]
[0.030359598627017127, -0.03697555199547207], 0, -1.0, [-0.010105591350647487, -0.040465189977664615]
[-0.010105591350647487, -0.040465189977664615], 0, -1.0, [-0.05406963253281881, -0.04396404118217132]
[-0.05406963253281881, -0.04396404118217132], 0, -1.0, [-0.10150085610900265, -0.047431223576183845]
[-0.10150085610900265, -0.047431223576183845], 0, -1.0, [-0.15231707020990895, -0.0508162141009063]
[-0.15231707020990895, -0.0508162141009063], 0, -1.0, [-0.20637678889892813, -0.054059718689019196]
[-0.20637678889892813, -0.054059718689019196], 0, -1.0, [-0.2634724661788776, -0.05709567727994944]
[-0.2634724661788776, -0.05709567727994944], 0, -1.0, [-0.3233270153436569, -0.059854549164779294]
[-0.3233270153436569, -0.059854549164779294], 1, -1.0, [-0.3845948524232289, -0.06126783707957198]
[-0.3845948524232289, -0.06126783707957198], 1, -1.0, [-0.4468752647937288, -0.06228041237049992]
[-0.4468752647937288, -0.06228041237049992], 1, -1.0, [-0.5097260360689786, -0.06285077127524975]
[-0.5097260360689786, -0.06285077127524975], 0, -1.0, [-0.5736808228574983, -0.06395478678851972]
[-0.5736808228574983, -0.06395478678851972], 0, -1.0, [-0.6382614058814806, -0.06458058302398224]
[-0.6382614058814806, -0.06458058302398224], 2, -1.0, [-0.700998878822675, -0.06273747294119435]
[-0.700998878822675, -0.06273747294119435], 0, -1.0, [-0.7634677753671651, -0.06246889654449016]
[-0.7634677753671651, -0.06246889654449016], 1, -1.0, [-0.8242889490094418, -0.060821173642276675]
[-0.8242889490094418, -0.060821173642276675], 0, -1.0, [-0.8841485919376117, -0.059859642928169976]
[-0.8841485919376117, -0.059859642928169976], 0, -1.0, [-0.9428013997685899, -0.05865280783097818]
[-0.9428013997685899, -0.05865280783097818], 0, -1.0, [-1.0000758174365794, -0.05727441766798952]
[-1.0000758174365794, -0.05727441766798952], 0, -1.0, [-1.05587517368191, -0.05579935624533066]
[-1.05587517368191, -0.05579935624533066], 0, -1.0, [-1.1101753770171339, -0.05430020333522389]
[-1.1101753770171339, -0.05430020333522389], 0, -1.0, [-1.1630200676052407, -0.052844690588106716]
[-1.1630200676052407, -0.052844690588106716], 1, -1.0, [-1.2, 0.0]
[-1.2, 0.0], 0, -1.0, [-1.1987581039591646, 0.0012418960408353678]
[-1.1987581039591646, 0.0012418960408353678], 0, -1.0, [-1.196270205713714, 0.0024878982454506955]
[-1.196270205713714, 0.0024878982454506955], 0, -1.0, [-1.192528173202872, 0.003742032510841902]
[-1.192528173202872, 0.003742032510841902], 0, -1.0, [-1.1875200116579745, 0.005008161544897544]
[-1.1875200116579745, 0.005008161544897544], 2, -1.0, [-1.1792301149799373, 0.008289896678037213]
[-1.1792301149799373, 0.008289896678037213], 2, -1.0, [-1.1676337842825093, 0.01159633069742799]
[-1.1676337842825093, 0.01159633069742799], 2, -1.0, [-1.152698866081757, 0.014934918200752295]
[-1.152698866081757, 0.014934918200752295], 2, -1.0, [-1.134388124488543, 0.01831074159321393]
[-1.134388124488543, 0.01831074159321393], 2, -1.0, [-1.1126624210802045, 0.021725703408338452]
[-1.1126624210802045, 0.021725703408338452], 2, -1.0, [-1.0874847764545656, 0.025177644625638852]
[-1.0874847764545656, 0.025177644625638852], 2, -1.0, [-1.0588253690434644, 0.028659407411101262]
[-1.0588253690434644, 0.028659407411101262], 2, -1.0, [-1.0266674825472897, 0.032157886496174785]
[-1.0266674825472897, 0.032157886496174785], 2, -1.0, [-0.9910143362442309, 0.03565314630305882]
[-0.9910143362442309, 0.03565314630305882], 2, -1.0, [-0.9518966171793966, 0.0391177190648343]
[-0.9518966171793966, 0.0391177190648343], 2, -1.0, [-0.9093803795343592, 0.0425162376450373]
[-0.9093803795343592, 0.0425162376450373], 2, -1.0, [-0.8635747929976358, 0.04580558653672337]
[-0.8635747929976358, 0.04580558653672337], 2, -1.0, [-0.8146390305491272, 0.04893576244850863]
[-0.8146390305491272, 0.04893576244850863], 2, -1.0, [-0.7627874241910669, 0.05185160635806035]
[-0.7627874241910669, 0.05185160635806035], 2, -1.0, [-0.7082919358715849, 0.05449548831948205]
[-0.7082919358715849, 0.05449548831948205], 2, -1.0, [-0.651481045733595, 0.05681089013798994]
[-0.651481045733595, 0.05681089013798994], 2, -1.0, [-0.5927343939473849, 0.05874665178621007]
[-0.5927343939473849, 0.05874665178621007], 2, -1.0, [-0.5324729345964879, 0.06026145935089701]
[-0.5324729345964879, 0.06026145935089701], 2, -1.0, [-0.4711449269148458, 0.06132800768164212]
[-0.4711449269148458, 0.06132800768164212], 2, -1.0, [-0.40920870148662786, 0.06193622542821792]
[-0.40920870148662786, 0.06193622542821792], 2, -1.0, [-0.3471136614414318, 0.062095040045196045]
[-0.3471136614414318, 0.062095040045196045], 2, -1.0, [-0.2852812797259283, 0.06183238171550351]
[-0.2852812797259283, 0.06183238171550351], 2, -1.0, [-0.2240878518596197, 0.06119342786630862]
[-0.2240878518596197, 0.06119342786630862], 2, -1.0, [-0.1638504590502098, 0.0602373928094099]
[-0.1638504590502098, 0.0602373928094099], 2, -1.0, [-0.10481707043796792, 0.05903338861224189]
[-0.10481707043796792, 0.05903338861224189], 2, -1.0, [-0.04716109747448726, 0.05765597296348066]
[-0.04716109747448726, 0.05765597296348066], 2, -1.0, [0.009019855679670903, 0.056180953154158164]
[0.009019855679670903, 0.056180953154158164], 2, -1.0, [0.06370172405319227, 0.05468186837352137]
[0.06370172405319227, 0.05468186837352137], 2, -1.0, [0.11692910514207785, 0.05322738108888558]
[0.11692910514207785, 0.05322738108888558], 1, -1.0, [0.1678087300984648, 0.05087962495638696]
[0.1678087300984648, 0.05087962495638696], 1, -1.0, [0.21649851802708406, 0.04868978792861925]
[0.21649851802708406, 0.04868978792861925], 1, -1.0, [0.2631973335030519, 0.046698815475967846]
[0.2631973335030519, 0.046698815475967846], 1, -1.0, [0.30813581127693135, 0.04493847777387946]
[0.30813581127693135, 0.04493847777387946], 0, -1.0, [0.3505685197449652, 0.042432708468033896]
[0.3505685197449652, 0.042432708468033896], 0, -1.0, [0.39076100100495925, 0.04019248125999403]
[0.39076100100495925, 0.04019248125999403], 1, -1.0, [0.4299833607824813, 0.039222359777522045]
[0.4299833607824813, 0.039222359777522045], 1, -1.0, [0.4685127984666479, 0.038529437684166605]
[0.4685127984666479, 0.038529437684166605], 1, -1.0, [0.5066309692663487, 0.0381181707997008]
