[-0.5590347596041472, 0.0], 2, -1.0, [-0.5577694900357395, 0.0012652695684076845]
[-0.5577694900357395, 0.0012652695684076845], 2, -1.0, [-0.5552483887371822, 0.0025211012985573667]
[-0.5552483887371822, 0.0025211012985573667], 2, -1.0, [-0.5514902718420857, 0.0037581168950964836]
[-0.5514902718420857, 0.0037581168950964836], 2, -1.0, [-0.5465232127398244, 0.004967059102261223]
[-0.5465232127398244, 0.004967059102261223], 2, -1.0, [-0.54038435586105, 0.006138856878774347]
[-0.54038435586105, 0.006138856878774347], 2, -1.0, [-0.5331196603296807, 0.007264695531369369]
[-0.5331196603296807, 0.007264695531369369], 2, -1.0, [-0.5247835678716523, 0.00833609245802849]
[-0.5247835678716523, 0.00833609245802849], 2, -1.0, [-0.5154385894902839, 0.009344978381368422]
[-0.5154385894902839, 0.009344978381368422], 2, -1.0, [-0.5051548063919324, 0.01028378309835146]
[-0.5051548063919324, 0.01028378309835146], 2, -1.0, [-0.494009282487902, 0.011145523904030466]
[-0.494009282487902, 0.011145523904030466], 2, -1.0, [-0.4820853884463099, 0.011923894041592088]
[-0.4820853884463099, 0.011923894041592088], 2, -1.0, [-0.469472040578441, 0.012613347867868873]
[-0.469472040578441, 0.012613347867868873], 2, -1.0, [-0.45626286160175156, 0.013209178976689462]
[-0.45626286160175156, 0.013209178976689462], 2, -1.0, [-0.44255527424974556, 0.013707587352006024]
[-0.44255527424974556, 0.013707587352006024], 0, -1.0, [-0.4304495424831694, 0.012105731766576125]
[-0.4304495424831694, 0.012105731766576125], 0, -1.0, [-0.42003337275382874, 0.01041616972934065]
[-0.42003337275382874, 0.01041616972934065], 0, -1.0, [-0.411381506987528, 0.008651865766300731]
[-0.411381506987528, 0.008651865766300731], 0, -1.0, [-0.40455546297898975, 0.006826044008538272]
[-0.40455546297898975, 0.006826044008538272], 0, -1.0, [-0.39960338573053794, 0.004952077248451836]
[-0.39960338573053794, 0.004952077248451836], 0, -1.0, [-0.39655997467638354, 0.0030434110541543925]
[-0.39655997467638354, 0.0030434110541543925], 0, -1.0, [-0.395446456126769, 0.0011135185496145522]
[-0.395446456126769, 0.0011135185496145522], 0, -1.0, [-0.3962705770554217, -0.0008241209286527114]
[-0.3962705770554217, -0.0008241209286527114], 0, -1.0, [-0.39902660488788005, -0.0027560278324583864]
[-0.39902660488788005, -0.0027560278324583864], 0, -1.0, [-0.4036953275515424, -0.004668722663662376]
[-0.4036953275515424, -0.004668722663662376], 0, -1.0, [-0.4102440580414593, -0.006548730489916887]
[-0.4102440580414593, -0.006548730489916887], 0, -1.0, [-0.4186266574605861, -0.008382599419126804]
[-0.4186266574605861, -0.008382599419126804], 0, -1.0, [-0.4287835992302698, -0.01015694176968372]
[-0.4287835992302698, -0.01015694176968372], 0, -1.0, [-0.440642104259071, -0.011858505028801218]
[-0.440642104259071, -0.011858505028801218], 0, -1.0, [-0.45411638164807666, -0.013474277389005652]
[-0.45411638164807666, -0.013474277389005652], 0, -1.0, [-0.46910801139952635, -0.014991629751449707]
[-0.46910801139952635, -0.014991629751449707], 0, -1.0, [-0.48550650410417273, -0.0163984927046464]
[-0.48550650410417273, -0.0163984927046464], 0, -1.0, [-0.5031900674331413, -0.017683563328968616]
[-0.5031900674331413, -0.017683563328968616], 0, -1.0, [-0.5220266004601894, -0.018836533027048134]
[-0.5220266004601894, -0.018836533027048134], 0, -1.0, [-0.541874924757056, -0.019848324296866504]
[-0.541874924757056, -0.019848324296866504], 0, -1.0, [-0.5625862466011649, -0.02071132184410889]
[-0.5625862466011649, -0.02071132184410889], 0, -1.0, [-0.5840058286526701, -0.021419582051505303]
[-0.5840058286526701, -0.021419582051505303], 0, -1.0, [-0.6059748335307238, -0.021969004878053675]
[-0.6059748335307238, -0.021969004878053675], 0, -1.0, [-0.6283322874218243, -0.022357453891100533]
[-0.6283322874218243, -0.022357453891100533], 0, -1.0, [-0.650917100702124, -0.022584813280299692]
[-0.650917100702124, -0.022584813280299692], 0, -1.0, [-0.6735700757927333, -0.02265297509060922]
[-0.6735700757927333, -0.02265297509060922], 0, -1.0, [-0.6961358308720205, -0.02256575507928716]
[-0.6961358308720205, -0.02256575507928716], 0, -1.0, [-0.718464571836387, -0.022328740964366576]
[-0.718464571836387, -0.022328740964366576], 2, -1.0, [-0.738413653611529, -0.01994908177514195]
[-0.738413653611529, -0.01994908177514195], 2, -1.0, [-0.755860849004138, -0.017447195392608996]
[-0.755860849004138, -0.017447195392608996], 2, -1.0, [-0.7707036535711199, -0.014842804566981936]
[-0.7707036535711199, -0.014842804566981936], 2, -1.0, [-0.7828583127768758, -0.0121546592057559]
[-0.7828583127768758, -0.0121546592057559], 2, -1.0, [-0.792258725807187, -0.00940041303031121]
[-0.792258725807187, -0.00940041303031121], 2, -1.0, [-0.7988553652316706, -0.00659663942448353]
[-0.7988553652316706, -0.00659663942448353], 2, -1.0, [-0.8026143299146088, -0.0037589646829382806]
[-0.8026143299146088, -0.0037589646829382806], 2, -1.0, [-0.803516623015842, -0.0009022931012332]
[-0.803516623015842, -0.0009022931012332], 2, -1.0, [-0.8015577196271435, 0.001958903388698484]
[-0.8015577196271435, 0.001958903388698484], 2, -1.0, [-0.7967474607407611, 0.004810258886382465]
[-0.7967474607407611, 0.004810258886382465], 2, -1.0, [-0.7891102823422951, 0.007637178398465967]
[-0.7891102823422951, 0.007637178398465967], 2, -1.0, [-0.7786857605309063, 0.010424521811388743]
[-0.7786857605309063, 0.010424521811388743], 2, -1.0, [-0.7655294256615963, 0.013156334869310032]
[-0.7655294256615963, 0.013156334869310032], 2, -1.0, [-0.7497137707700202, 0.01581565489157609]
[-0.7497137707700202, 0.01581565489157609], 2, -1.0, [-0.7313293527050976, 0.018384418064922643]
[-0.7313293527050976, 0.018384418064922643], 2, -1.0, [-0.7104858599453133, 0.020843492759784206]
[-0.7104858599453133, 0.020843492759784206], 2, -1.0, [-0.6873130013561124, 0.023172858589200932]
[-0.6873130013561124, 0.023172858589200932], 2, -1.0, [-0.6619610582608961, 0.025351943095216295]
[-0.6619610582608961, 0.025351943095216295], 2, -1.0, [-0.6346009416534898, 0.027360116607406327]
[-0.6346009416534898, 0.027360116607406327], 2, -1.0, [-0.6054236104606737, 0.029177331192816094]
[-0.6054236104606737, 0.029177331192816094], 2, -1.0, [-0.5746387376876682, 0.0307848727730056]
[-0.5746387376876682, 0.0307848727730056], 2, -1.0, [-0.5424725592809481, 0.03216617840672008]
[-0.5424725592809481, 0.03216617840672008], 2, -1.0, [-0.5091649031206394, 0.03330765616030862]
[-0.5091649031206394, 0.03330765616030862], 2, -1.0, [-0.47496546717715354, 0.0341994359434859]
[-0.47496546717715354, 0.0341994359434859], 2, -1.0, [-0.4401294883647767, 0.034835978812376815]
[-0.4401294883647767, 0.034835978812376815], 2, -1.0, [-0.40491300735473396, 0.03521648101004277]
[-0.40491300735473396, 0.03521648101004277], 2, -1.0, [-0.3695679802167786, 0.03534502713795534]
[-0.3695679802167786, 0.03534502713795534], 2, -1.0, [-0.3343375081328441, 0.03523047208393456]
[-0.3343375081328441, 0.03523047208393456], 2, -1.0, [-0.29945144831423004, 0.03488605981861404]
[-0.29945144831423004, 0.03488605981861404], 2, -1.0, [-0.26512263402527436, 0.03432881428895568]
[-0.26512263402527436, 0.03432881428895568], 2, -1.0, [-0.2315438749531997, 0.033578759072074665]
[-0.2315438749531997, 0.033578759072074665], 2, -1.0, [-0.198885839760501, 0.03265803519269868]
[-0.198885839760501, 0.03265803519269868], 2, -1.0, [-0.16729585033675728, 0.03158998942374371]
[-0.16729585033675728, 0.03158998942374371], 2, -1.0, [-0.13689755106031723, 0.030398299276440065]
[-0.13689755106031723, 0.030398299276440065], 2, -1.0, [-0.10779136304591941, 0.02910618801439782]
[-0.10779136304591941, 0.02910618801439782], 2, -1.0, [-0.08005559663455039, 0.027735766411369014]
[-0.08005559663455039, 0.027735766411369014], 2, -1.0, [-0.0537480760105396, 0.02630752062401079]
[-0.0537480760105396, 0.02630752062401079], 2, -1.0, [-0.028908126114237067, 0.024839949896302536]
[-0.028908126114237067, 0.024839949896302536], 2, -1.0, [-0.00555878071162683, 0.023349345402610237]
[-0.00555878071162683, 0.023349345402610237], 2, -1.0, [0.016290912308411, 0.02184969302003783]
[0.016290912308411, 0.02184969302003783], 2, -1.0, [0.036643590414728464, 0.020352678106317468]
[0.036643590414728464, 0.020352678106317468], 1, -1.0, [0.054511359282570816, 0.017867768867842353]
[0.054511359282570816, 0.017867768867842353], 0, -1.0, [0.06891248295911323, 0.014401123676542421]
[0.06891248295911323, 0.014401123676542421], 0, -1.0, [0.07986684208714394, 0.010954359128030704]
[0.07986684208714394, 0.010954359128030704], 0, -1.0, [0.08739261908191552, 0.007525776994771579]
[0.08739261908191552, 0.007525776994771579], 0, -1.0, [0.09150382657165847, 0.004111207489742941]
[0.09150382657165847, 0.004111207489742941], 0, -1.0, [0.09220863971398235, 0.0007048131423238887]
[0.09220863971398235, 0.0007048131423238887], 0, -1.0, [0.08950849682550523, -0.0027001428884771287]
[0.08950849682550523, -0.0027001428884771287], 0, -1.0, [0.08339794607062241, -0.00611055075488281]
[0.08339794607062241, -0.00611055075488281], 0, -1.0, [0.0738652341978214, -0.009532711872801008]
[0.0738652341978214, -0.009532711872801008], 0, -1.0, [0.06089365238138163, -0.012971581816439776]
[0.06089365238138163, -0.012971581816439776], 0, -1.0, [0.04446367009732262, -0.01642998228405901]
[0.04446367009732262, -0.01642998228405901], 0, -1.0, [0.024555896306038126, -0.019907773791284493]
[0.024555896306038126, -0.019907773791284493], 0, -1.0, [0.0011549031079267462, -0.02340099319811138]
[0.0011549031079267462, -0.02340099319811138], 0, -1.0, [-0.02574607508493627, -0.026900978192863016]
[-0.02574607508493627, -0.026900978192863016], 0, -1.0, [-0.05613959980506304, -0.03039352472012677]
[-0.05613959980506304, -0.03039352472012677], 0, -1.0, [-0.08999775214006589, -0.033858152335002854]
[-0.08999775214006589, -0.033858152335002854], 0, -1.0, [-0.1272653362127405, -0.037267584072674616]
[-0.1272653362127405, -0.037267584072674616], 0, -1.0, [-0.16785291268990446, -0.040587576477163954]
[-0.16785291268990446, -0.040587576477163954], 2, -1.0, [-0.20963016631321427, -0.0417772536233098]
[-0.20963016631321427, -0.0417772536233098], 2, -1.0, [-0.25242912160545855, -0.042798955292244284]
[-0.25242912160545855, -0.042798955292244284], 0, -1.0, [-0.29804483223317413, -0.04561571062771559]
[-0.29804483223317413, -0.04561571062771559], 0, -1.0, [-0.3462260274997767, -0.04818119526660261]
[-0.3462260274997767, -0.04818119526660261], 0, -1.0, [-0.3966756223709797, -0.05044959487120298]
[-0.3966756223709797, -0.05044959487120298], 0, -1.0, [-0.4490543045660139, -0.052378682195034235]
[-0.4490543045660139, -0.052378682195034235], 0, -1.0, [-0.5029874217944337, -0.053933117228419744]
[-0.5029874217944337, -0.053933117228419744], 0, -1.0, [-0.5580750256870822, -0.05508760389264855]
[-0.5580750256870822, -0.05508760389264855], 0, -1.0, [-0.6139045184699252, -0.055829492782843]
[-0.6139045184699252, -0.055829492782843], 0, -1.0, [-0.6700649729462493, -0.05616045447632417]
[-0.6700649729462493, -0.05616045447632417], 0, -1.0, [-0.7261619392645213, -0.05609696631827203]
[-0.7261619392645213, -0.05609696631827203], 0, -1.0, [-0.7818314752614175, -0.05566953599689622]
[-0.7818314752614175, -0.05566953599689622], 0, -1.0, [-0.8367522603607384, -0.05492078509932088]
[-0.8367522603607384, -0.05492078509932088], 0, -1.0, [-0.8906549460468685, -0.053902685686130096]
[-0.8906549460468685, -0.053902685686130096], 2, -1.0, [-0.9413282897736998, -0.05067334372683131]
[-0.9413282897736998, -0.05067334372683131], 0, -1.0, [-0.9906266704696612, -0.049298380695961465]
[-0.9906266704696612, -0.049298380695961465], 0, -1.0, [-1.0384609678104035, -0.047834297340742286]
[-1.0384609678104035, -0.047834297340742286], 0, -1.0, [-1.0847961237907446, -0.04633515598034121]
[-1.0847961237907446, -0.04633515598034121], 0, -1.0, [-1.129647166509056, -0.044851042718311265]
[-1.129647166509056, -0.044851042718311265], 0, -1.0, [-1.1730742969226213, -0.043427130413565274]
[-1.1730742969226213, -0.043427130413565274], 0, -1.0, [-1.2, 0.0]
[-1.2, 0.0], 2, -1.0, [-1.1967581039591646, 0.003241896040835368]
[-1.1967581039591646, 0.003241896040835368], 2, -1.0, [-1.1902636585360942, 0.006494445423070332]
[-1.1902636585360942, 0.006494445423070332], 2, -1.0, [-1.1804959639787937, 0.009767694557300442]
[-1.1804959639787937, 0.009767694557300442], 2, -1.0, [-1.1674255149588486, 0.013070449019945182]
[-1.1674255149588486, 0.013070449019945182], 2, -1.0, [-1.1510159267200155, 0.016409588238833067]
[-1.1510159267200155, 0.016409588238833067], 2, -1.0, [-1.1312266168239755, 0.019789309896040046]
[-1.1312266168239755, 0.019789309896040046], 2, -1.0, [-1.108016322100852, 0.02321029472312345]
[-1.108016322100852, 0.02321029472312345], 2, -1.0, [-1.081347524946184, 0.02666879715466819]
[-1.081347524946184, 0.02666879715466819], 2, -1.0, [-1.0511918363028878, 0.03015568864329602]
[-1.0511918363028878, 0.03015568864329602], 2, -1.0, [-1.0175363271434712, 0.0336555091594167]
[-1.0175363271434712, 0.0336555091594167], 2, -1.0, [-0.9803907090723114, 0.03714561807115983]
[-0.9803907090723114, 0.03714561807115983], 2, -1.0, [-0.9397951336374217, 0.04059557543488971]
[-0.9397951336374217, 0.04059557543488971], 2, -1.0, [-0.8958282112564235, 0.043966922380998245]
[-0.8958282112564235, 0.043966922380998245], 2, -1.0, [-0.8486146572192776, 0.04721355403714586]
[-0.8486146572192776, 0.04721355403714586], 2, -1.0, [-0.7983317816221248, 0.05028287559715283]
[-0.7983317816221248, 0.05028287559715283], 2, -1.0, [-0.7452138959379592, 0.0531178856841656]
[-0.7452138959379592, 0.0531178856841656], 2, -1.0, [-0.6895536666604415, 0.0556602292775177]
[-0.6895536666604415, 0.0556602292775177], 2, -1.0, [-0.6316995610792892, 0.057854105581152386]
[-0.6316995610792892, 0.057854105581152386], 2, -1.0, [-0.5720488365336812, 0.05965072454560789]
[-0.5720488365336812, 0.05965072454560789], 2, -1.0, [-0.5110360146660762, 0.061012821867605024]
[-0.5110360146660762, 0.061012821867605024], 2, -1.0, [-0.44911739120176025, 0.061918623464315904]
[-0.44911739120176025, 0.061918623464315904], 1, -1.0, [-0.38775274139346727, 0.061364649808292995]
[-0.38775274139346727, 0.061364649808292995], 2, -1.0, [-0.3263789672475157, 0.06137377414595155]
[-0.3263789672475157, 0.06137377414595155], 2, -1.0, [-0.26539954095165597, 0.06097942629585973]
[-0.26539954095165597, 0.06097942629585973], 2, -1.0, [-0.20516868618070963, 0.060230854770946335]
[-0.20516868618070963, 0.060230854770946335], 2, -1.0, [-0.14597903482861013, 0.059189651352099505]
[-0.14597903482861013, 0.059189651352099505], 2, -1.0, [-0.08805345449177748, 0.057925580336832656]
[-0.08805345449177748, 0.057925580336832656], 1, -1.0, [-0.032541154328077734, 0.05551230016369975]
[-0.032541154328077734, 0.05551230016369975], 1, -1.0, [0.02048304930309689, 0.053024203631174625]
[0.02048304930309689, 0.053024203631174625], 1, -1.0, [0.07101197144645699, 0.050528922143360105]
[0.07101197144645699, 0.050528922143360105], 1, -1.0, [0.11909740973443014, 0.04808543828797316]
[0.11909740973443014, 0.04808543828797316], 1, -1.0, [0.16484072984893502, 0.04574332011450488]
[0.16484072984893502, 0.04574332011450488], 1, -1.0, [0.20838356100227373, 0.0435428311533387]
[0.20838356100227373, 0.0435428311533387], 0, -1.0, [0.248899204790406, 0.040515643788132265]
[0.248899204790406, 0.040515643788132265], 0, -1.0, [0.2865800088059813, 0.037680804015575296]
[0.2865800088059813, 0.037680804015575296], 0, -1.0, [0.32162922665865745, 0.0350492178526762]
[0.32162922665865745, 0.0350492178526762], 0, -1.0, [0.35425467149814727, 0.03262544483948981]
[0.35425467149814727, 0.03262544483948981], 2, -1.0, [0.3866639688018927, 0.03240929730374542]
[0.3866639688018927, 0.03240929730374542], 2, -1.0, [0.41907489873157405, 0.03241092992968135]
[0.41907489873157405, 0.03241092992968135], 2, -1.0, [0.45171468349328914, 0.03263978476171508]
[0.45171468349328914, 0.03263978476171508], 2, -1.0, [0.4848195066514242, 0.033104823158135045]
[0.4848195066514242, 0.033104823158135045], 1, -1.0, [0.5176341409204279, 0.032814634269003724]
