[-0.4738590261327431, 0.0], 0, -1.0, [-0.4752306913887453, -0.0013716652560021845]
[-0.4752306913887453, -0.0013716652560021845], 0, -1.0, [-0.4779638456135397, -0.0027331542247943995]
[-0.4779638456135397, -0.0027331542247943995], 0, -1.0, [-0.4820381936498478, -0.004074348036308091]
[-0.4820381936498478, -0.004074348036308091], 0, -1.0, [-0.487423439076273, -0.00538524542642521]
[-0.487423439076273, -0.00538524542642521], 0, -1.0, [-0.4940794672535302, -0.006656028177257198]
[-0.4940794672535302, -0.006656028177257198], 0, -1.0, [-0.5019566009751316, -0.007877133721601462]
[-0.5019566009751316, -0.007877133721601462], 0, -1.0, [-0.5109959369909648, -0.009039336015833208]
[-0.5109959369909648, -0.009039336015833208], 0, -1.0, [-0.5211297717785194, -0.010133834787554608]
[-0.5211297717785194, -0.010133834787554608], 0, -1.0, [-0.5322821239253991, -0.011152352146879697]
[-0.5322821239253991, -0.011152352146879697], 0, -1.0, [-0.5443693583252784, -0.012087234399879321]
[-0.5443693583252784, -0.012087234399879321], 0, -1.0, [-0.5573009141439644, -0.012931555818685943]
[-0.5573009141439644, -0.012931555818685943], 0, -1.0, [-0.570980134353941, -0.01367922020997657]
[-0.570980134353941, -0.01367922020997657], 0, -1.0, [-0.5853051898366924, -0.014325055482751436]
[-0.5853051898366924, -0.014325055482751436], 0, -1.0, [-0.6001700859689254, -0.01486489613223297]
[-0.6001700859689254, -0.01486489613223297], 0, -1.0, [-0.6154657346547893, -0.015295648685863842]
[-0.6154657346547893, -0.015295648685863842], 0, -1.0, [-0.6310810703725821, -0.01561533571779278]
[-0.6310810703725821, -0.01561533571779278], 0, -1.0, [-0.6469041853757027, -0.01582311500312064]
[-0.6469041853757027, -0.01582311500312064], 1, -1.0, [-0.6618234570562936, -0.014919271680590911]
[-0.6618234570562936, -0.014919271680590911], 1, -1.0, [-0.6757354996827373, -0.013912042626443636]
[-0.6757354996827373, -0.013912042626443636], 2, -1.0, [-0.6875457208611558, -0.011810221178418592]
[-0.6875457208611558, -0.011810221178418592], 2, -1.0, [-0.6971753187401789, -0.009629597879023108]
[-0.6971753187401789, -0.009629597879023108], 2, -1.0, [-0.7045611336393574, -0.007385814899178461]
[-0.7045611336393574, -0.007385814899178461], 2, -1.0, [-0.7096554232534323, -0.0050942896140750244]
[-0.7096554232534323, -0.0050942896140750244], 2, -1.0, [-0.7124256259072312, -0.0027702026537989527]
[-0.7124256259072312, -0.0027702026537989527], 2, -1.0, [-0.7128541643481164, -0.0004285384408851435]
[-0.7128541643481164, -0.0004285384408851435], 2, -1.0, [-0.7109383276962512, 0.001915836651865243]
[-0.7109383276962512, 0.001915836651865243], 2, -1.0, [-0.7066902524660429, 0.004248075230208367]
[-0.7066902524660429, 0.004248075230208367], 2, -1.0, [-0.7001370059215917, 0.0065532465444512284]
[-0.7001370059215917, 0.0065532465444512284], 2, -1.0, [-0.6913207572363128, 0.008816248685278829]
[-0.6913207572363128, 0.008816248685278829], 2, -1.0, [-0.6802990047777276, 0.011021752458585202]
[-0.6802990047777276, 0.011021752458585202], 2, -1.0, [-0.6671448121868939, 0.013154192590833684]
[-0.6671448121868939, 0.013154192590833684], 2, -1.0, [-0.6519469927524605, 0.015197819434433452]
[-0.6519469927524605, 0.015197819434433452], 2, -1.0, [-0.6348101720198307, 0.017136820732629825]
[-0.6348101720198307, 0.017136820732629825], 2, -1.0, [-0.6158546538424857, 0.018955518177344956]
[-0.6158546538424857, 0.018955518177344956], 2, -1.0, [-0.5952160163450195, 0.020638637497466215]
[-0.5952160163450195, 0.020638637497466215], 2, -1.0, [-0.5730443724423413, 0.02217164390267823]
[-0.5730443724423413, 0.02217164390267823], 2, -1.0, [-0.5495032450568614, 0.023541127385479917]
[-0.5495032450568614, 0.023541127385479917], 2, -1.0, [-0.5247680296498672, 0.02473521540699415]
[-0.5247680296498672, 0.02473521540699415], 2, -1.0, [-0.49902404485547003, 0.02574398479439722]
[-0.49902404485547003, 0.02574398479439722], 2, -1.0, [-0.4724642036245555, 0.02655984123091455]
[-0.4724642036245555, 0.02655984123091455], 2, -1.0, [-0.4452863692841285, 0.027177834340426966]
[-0.4452863692841285, 0.027177834340426966], 2, -1.0, [-0.41769048976763856, 0.02759587951648993]
[-0.41769048976763856, 0.02759587951648993], 2, -1.0, [-0.38987562550737004, 0.02781486426026853]
[-0.38987562550737004, 0.02781486426026853], 2, -1.0, [-0.3620369992741187, 0.02783862623325134]
[-0.3620369992741187, 0.02783862623325134], 2, -1.0, [-0.33436319792785885, 0.027673801346259873]
[-0.33436319792785885, 0.027673801346259873], 2, -1.0, [-0.30703364640092523, 0.027329551526933622]
[-0.30703364640092523, 0.027329551526933622], 0, -1.0, [-0.2822164545756411, 0.02481719182528411]
[-0.2822164545756411, 0.02481719182528411], 0, -1.0, [-0.2600555045099013, 0.02216095006573983]
[-0.2600555045099013, 0.02216095006573983], 0, -1.0, [-0.24067154550070818, 0.019383959009193086]
[-0.24067154550070818, 0.019383959009193086], 0, -1.0, [-0.22416377595129344, 0.016507769549414738]
[-0.22416377595129344, 0.016507769549414738], 0, -1.0, [-0.2106116867901724, 0.013552089161121054]
[-0.2106116867901724, 0.013552089161121054], 0, -1.0, [-0.20007696020961827, 0.010534726580554116]
[-0.20007696020961827, 0.010534726580554116], 0, -1.0, [-0.19260524669882387, 0.0074717135107943995]
[-0.19260524669882387, 0.0074717135107943995], 0, -1.0, [-0.18822767738877305, 0.004377569310050821]
[-0.18822767738877305, 0.004377569310050821], 0, -1.0, [-0.18696200374768351, 0.001265673641089544]
[-0.18696200374768351, 0.001265673641089544], 0, -1.0, [-0.1888132904605368, -0.0018512867128532727]
[-0.1888132904605368, -0.0018512867128532727], 0, -1.0, [-0.19377411916155535, -0.004960828701018555]
[-0.19377411916155535, -0.004960828701018555], 0, -1.0, [-0.20182429095067478, -0.008050171789119417]
[-0.20182429095067478, -0.008050171789119417], 0, -1.0, [-0.21293004537363908, -0.011105754422964305]
[-0.21293004537363908, -0.011105754422964305], 0, -1.0, [-0.22704284403625152, -0.014112798662612445]
[-0.22704284403625152, -0.014112798662612445], 0, -1.0, [-0.24409779922544364, -0.017054955189192127]
[-0.24409779922544364, -0.017054955189192127], 0, -1.0, [-0.26401186203145643, -0.019914062806012822]
[-0.26401186203145643, -0.019914062806012822], 0, -1.0, [-0.2866819195204128, -0.022670057488956345]
[-0.2866819195204128, -0.022670057488956345], 0, -1.0, [-0.31198298398360835, -0.025301064463195567]
[-0.31198298398360835, -0.025301064463195567], 0, -1.0, [-0.33976668502993945, -0.0277837010463311]
[-0.33976668502993945, -0.0277837010463311], 0, -1.0, [-0.369860291705449, -0.030093606675509515]
[-0.369860291705449, -0.030093606675509515], 0, -1.0, [-0.40206649059916416, -0.03220619889371516]
[-0.40206649059916416, -0.03220619889371516], 0, -1.0, [-0.4361641211882649, -0.034097630589100765]
[-0.4361641211882649, -0.034097630589100765], 0, -1.0, [-0.4719100177638025, -0.03574589657553755]
[-0.4719100177638025, -0.03574589657553755], 0, -1.0, [-0.5090420282841843, -0.037132010520381786]
[-0.5090420282841843, -0.037132010520381786], 0, -1.0, [-0.5472831797114461, -0.0382411514272618]
[-0.5472831797114461, -0.0382411514272618], 0, -1.0, [-0.5863468475352737, -0.0390636678238275]
[-0.5863468475352737, -0.0390636678238275], 0, -1.0, [-0.6259426793159817, -0.03959583178070801]
[-0.6259426793159817, -0.03959583178070801], 0, -1.0, [-0.6657829348577261, -0.03984025554174444]
[-0.6657829348577261, -0.03984025554174444], 0, -1.0, [-0.7055888537702748, -0.0398059189125487]
[-0.7055888537702748, -0.0398059189125487], 0, -1.0, [-0.7450966538818744, -0.03950780011159955]
[-0.7450966538818744, -0.03950780011159955], 0, -1.0, [-0.7840628025274714, -0.038966148645597]
[-0.7840628025274714, -0.038966148645597], 0, -1.0, [-0.8222682802067683, -0.038205477679296905]
[-0.8222682802067683, -0.038205477679296905], 0, -1.0, [-0.8595216590644091, -0.03725337885764079]
[-0.8595216590644091, -0.03725337885764079], 0, -1.0, [-0.8956609304964488, -0.03613927143203963]
[-0.8956609304964488, -0.03613927143203963], 0, -1.0, [-0.9305541209016954, -0.03489319040524667]
[-0.9305541209016954, -0.03489319040524667], 0, -1.0, [-0.9640988197727727, -0.03354469887107722]
[-0.9640988197727727, -0.03354469887107722], 0, -1.0, [-0.9962208028787292, -0.032121983105956445]
[-0.9962208028787292, -0.032121983105956445], 0, -1.0, [-1.0268719636265053, -0.030651160747776268]
[-1.0268719636265053, -0.030651160747776268], 0, -1.0, [-1.0560277706413697, -0.029155807014864338]
[-1.0560277706413697, -0.029155807014864338], 2, -1.0, [-1.081684454798661, -0.025656684157291346]
[-1.081684454798661, -0.025656684157291346], 2, -1.0, [-1.103854507173336, -0.02217005237467506]
[-1.103854507173336, -0.02217005237467506], 2, -1.0, [-1.1225605853102028, -0.018706078136866717]
[-1.1225605853102028, -0.018706078136866717], 2, -1.0, [-1.1378302870887376, -0.015269701778534862]
[-1.1378302870887376, -0.015269701778534862], 2, -1.0, [-1.1496918317455629, -0.011861544656825294]
[-1.1496918317455629, -0.011861544656825294], 2, -1.0, [-1.1581706303200443, -0.00847879857448144]
[-1.1581706303200443, -0.00847879857448144], 2, -1.0, [-1.163286698006287, -0.005116067686242801]
[-1.163286698006287, -0.005116067686242801], 2, -1.0, [-1.1650528522086756, -0.0017661542023885497]
[-1.1650528522086756, -0.0017661542023885497], 2, -1.0, [-1.1634736464042186, 0.0015792058044569427]
[-1.1634736464042186, 0.0015792058044569427], 2, -1.0, [-1.1585450059842437, 0.004928640419974831]
[-1.1585450059842437, 0.004928640419974831], 2, -1.0, [-1.1502545537702322, 0.008290452214011566]
[-1.1502545537702322, 0.008290452214011566], 2, -1.0, [-1.1385826362215312, 0.011671917548701085]
[-1.1385826362215312, 0.011671917548701085], 2, -1.0, [-1.1235040830675613, 0.01507855315396985]
[-1.1235040830675613, 0.01507855315396985], 2, -1.0, [-1.1049907495770752, 0.018513333490486207]
[-1.1049907495770752, 0.018513333490486207], 2, -1.0, [-1.0830148976574647, 0.021975851919610524]
[-1.0830148976574647, 0.021975851919610524], 2, -1.0, [-1.0575534642828288, 0.025461433374635856]
[-1.0575534642828288, 0.025461433374635856], 2, -1.0, [-1.0285932373166806, 0.028960226966148132]
[-1.0285932373166806, 0.028960226966148132], 2, -1.0, [-0.9961369031953982, 0.03245633412128249]
[-0.9961369031953982, 0.03245633412128249], 2, -1.0, [-0.9602098426505297, 0.035927060544868536]
[-0.9602098426505297, 0.035927060544868536], 2, -1.0, [-0.920867427282948, 0.03934241536758162]
[-0.920867427282948, 0.03934241536758162], 2, -1.0, [-0.8782024152804065, 0.04266501200254142]
[-0.8782024152804065, 0.04266501200254142], 2, -1.0, [-0.8323518727900742, 0.045850542490332415]
[-0.8323518727900742, 0.045850542490332415], 2, -1.0, [-0.7835028852622468, 0.048848987527827445]
[-0.7835028852622468, 0.048848987527827445], 2, -1.0, [-0.7318962105321962, 0.051606674730050525]
[-0.7318962105321962, 0.051606674730050525], 2, -1.0, [-0.6778270109703617, 0.05406919956183453]
[-0.6778270109703617, 0.05406919956183453], 2, -1.0, [-0.6216419310540607, 0.05618507991630097]
[-0.6216419310540607, 0.05618507991630097], 2, -1.0, [-0.5637320841087132, 0.057909846945347454]
[-0.5637320841087132, 0.057909846945347454], 2, -1.0, [-0.5045219640453007, 0.05921012006341256]
[-0.5045219640453007, 0.05921012006341256], 2, -1.0, [-0.44445484197793406, 0.06006712206736662]
[-0.44445484197793406, 0.06006712206736662], 0, -1.0, [-0.3859757380503622, 0.05847910392757183]
[-0.3859757380503622, 0.05847910392757183], 2, -1.0, [-0.32749973163950663, 0.05847600641085557]
[-0.32749973163950663, 0.05847600641085557], 2, -1.0, [-0.2694110883150138, 0.05808864332449284]
[-0.2694110883150138, 0.05808864332449284], 2, -1.0, [-0.21204938743987906, 0.05736170087513475]
[-0.21204938743987906, 0.05736170087513475], 2, -1.0, [-0.15569866181949102, 0.05635072562038804]
[-0.15569866181949102, 0.05635072562038804], 2, -1.0, [-0.10058013548729344, 0.05511852633219758]
[-0.10058013548729344, 0.05511852633219758], 2, -1.0, [-0.04684866094820641, 0.05373147453908703]
[-0.04684866094820641, 0.05373147453908703], 2, -1.0, [0.005407464439682111, 0.05225612538788852]
[0.005407464439682111, 0.05225612538788852], 1, -1.0, [0.05516391877791274, 0.04975645433823063]
[0.05516391877791274, 0.04975645433823063], 1, -1.0, [0.1024545294562545, 0.047290610678341755]
[0.1024545294562545, 0.047290610678341755], 1, -1.0, [0.14736230383605414, 0.044907774379799634]
[0.14736230383605414, 0.044907774379799634], 1, -1.0, [0.19001042622658526, 0.042648122390531104]
[0.19001042622658526, 0.042648122390531104], 0, -1.0, [0.2295538383776854, 0.03954341215110012]
[0.2295538383776854, 0.03954341215110012], 0, -1.0, [0.26616700723061365, 0.03661316885292824]
[0.26616700723061365, 0.03661316885292824], 0, -1.0, [0.30003572301495085, 0.03386871578433718]
[0.30003572301495085, 0.03386871578433718], 0, -1.0, [0.33135062375852686, 0.03131490074357604]
[0.33135062375852686, 0.03131490074357604], 2, -1.0, [0.36230227976183677, 0.030951656003309916]
[0.36230227976183677, 0.030951656003309916], 2, -1.0, [0.3930908716911552, 0.030788591929318453]
[0.3930908716911552, 0.030788591929318453], 2, -1.0, [0.4239254704504425, 0.03083459875928732]
[0.4239254704504425, 0.03083459875928732], 2, -1.0, [0.4550236098238829, 0.031098139373440394]
[0.4550236098238829, 0.031098139373440394], 0, -1.0, [0.4846110556663418, 0.02958744584245885]
[0.4846110556663418, 0.02958744584245885], 2, -1.0, [0.5149067598619846, 0.030295704195642863]
