[-0.5248532058053689, 0.0], 0, -1.0, [-0.525843797601023, -0.000990591795654069]
[-0.525843797601023, -0.000990591795654069], 0, -1.0, [-0.5278175518589522, -0.0019737542579292243]
[-0.5278175518589522, -0.0019737542579292243], 0, -1.0, [-0.5307596661396382, -0.002942114280686054]
[-0.5307596661396382, -0.002942114280686054], 0, -1.0, [-0.534648077872154, -0.0038884117325157855]
[-0.534648077872154, -0.0038884117325157855], 0, -1.0, [-0.539453635012774, -0.004805557140620049]
[-0.539453635012774, -0.004805557140620049], 0, -1.0, [-0.5451403255400402, -0.005686690527266255]
[-0.5451403255400402, -0.005686690527266255], 0, -1.0, [-0.5516655668754533, -0.006525241335413054]
[-0.5516655668754533, -0.006525241335413054], 0, -1.0, [-0.5589805559196472, -0.007314989044193911]
[-0.5589805559196472, -0.007314989044193911], 0, -1.0, [-0.5670306796315735, -0.008050123711926212]
[-0.5670306796315735, -0.008050123711926212], 0, -1.0, [-0.5757559849590068, -0.008725305327433345]
[-0.5757559849590068, -0.008725305327433345], 0, -1.0, [-0.5850917054936631, -0.009335720534656216]
[-0.5850917054936631, -0.009335720534656216], 0, -1.0, [-0.5949688405481842, -0.009877135054521164]
[-0.5949688405481842, -0.009877135054521164], 0, -1.0, [-0.605314780539383, -0.010345939991198871]
[-0.605314780539383, -0.010345939991198871], 0, -1.0, [-0.6160539707384926, -0.010739190199109558]
[-0.6160539707384926, -0.010739190199109558], 0, -1.0, [-0.6271086037524486, -0.01105463301395603]
[-0.6271086037524486, -0.01105463301395603], 0, -1.0, [-0.6383993296676895, -0.011290725915240947]
[-0.6383993296676895, -0.011290725915240947], 0, -1.0, [-0.649845971743594, -0.011446642075904553]
[-0.649845971743594, -0.011446642075904553], 0, -1.0, [-0.6613682349852233, -0.011522263241629289]
[-0.6613682349852233, -0.011522263241629289], 0, -1.0, [-0.672886394918128, -0.011518159932904616]
[-0.672886394918128, -0.011518159932904616], 1, -1.0, [-0.6833219544537995, -0.010435559535671575]
[-0.6833219544537995, -0.010435559535671575], 2, -1.0, [-0.6916049079906221, -0.00828295353682261]
[-0.6916049079906221, -0.00828295353682261], 2, -1.0, [-0.697680491193339, -0.0060755832027168735]
[-0.697680491193339, -0.0060755832027168735], 2, -1.0, [-0.7015090062327038, -0.0038285150393648293]
[-0.7015090062327038, -0.0038285150393648293], 2, -1.0, [-0.7030656495643887, -0.0015566433316848453]
[-0.7030656495643887, -0.0015566433316848453], 2, -1.0, [-0.7023403840606414, 0.0007252655037473495]
[-0.7023403840606414, 0.0007252655037473495], 2, -1.0, [-0.6993378827179164, 0.003002501342724927]
[-0.6993378827179164, 0.003002501342724927], 2, -1.0, [-0.694077555194567, 0.005260327523349403]
[-0.694077555194567, 0.005260327523349403], 2, -1.0, [-0.6865936519220444, 0.007483903272522684]
[-0.6865936519220444, 0.007483903272522684], 2, -1.0, [-0.6769354242732711, 0.009658227648773225]
[-0.6769354242732711, 0.009658227648773225], 2, -1.0, [-0.6651673040767379, 0.011768120196533297]
[-0.6651673040767379, 0.011768120196533297], 2, -1.0, [-0.6513690525281912, 0.013798251548546692]
[-0.6513690525281912, 0.013798251548546692], 2, -1.0, [-0.635635818273831, 0.015733234254360205]
[-0.635635818273831, 0.015733234254360205], 2, -1.0, [-0.618078038200792, 0.017557780073039025]
[-0.618078038200792, 0.017557780073039025], 2, -1.0, [-0.5988211133435346, 0.019256924857257357]
[-0.5988211133435346, 0.019256924857257357], 2, -1.0, [-0.5780047972037166, 0.02081631613981807]
[-0.5780047972037166, 0.02081631613981807], 2, -1.0, [-0.5557822452199663, 0.022222551983750186]
[-0.5557822452199663, 0.022222551983750186], 2, -1.0, [-0.5323186920564309, 0.023463553163535447]
[-0.5323186920564309, 0.023463553163535447], 2, -1.0, [-0.5077897469783569, 0.024528945078074012]
[-0.5077897469783569, 0.024528945078074012], 2, -1.0, [-0.4823793251703085, 0.025410421808048384]
[-0.4823793251703085, 0.025410421808048384], 2, -1.0, [-0.45627726196438445, 0.026102063205924054]
[-0.45627726196438445, 0.026102063205924054], 2, -1.0, [-0.42967668457611297, 0.026600577388271502]
[-0.42967668457611297, 0.026600577388271502], 1, -1.0, [-0.4037712389451954, 0.025905445630917574]
[-0.4037712389451954, 0.025905445630917574], 0, -1.0, [-0.3797452682204039, 0.024025970724791488]
[-0.3797452682204039, 0.024025970724791488], 0, -1.0, [-0.35776501938420424, 0.02198024883619967]
[-0.35776501938420424, 0.02198024883619967], 0, -1.0, [-0.3379778485508442, 0.019787170833360047]
[-0.3379778485508442, 0.019787170833360047], 0, -1.0, [-0.32051199162640065, 0.01746585692444355]
[-0.32051199162640065, 0.01746585692444355], 0, -1.0, [-0.3054767873328761, 0.015035204293524548]
[-0.3054767873328761, 0.015035204293524548], 0, -1.0, [-0.2929632237908946, 0.012513563541981442]
[-0.2929632237908946, 0.012513563541981442], 0, -1.0, [-0.28304467656070015, 0.009918547230194454]
[-0.28304467656070015, 0.009918547230194454], 0, -1.0, [-0.2757777130426876, 0.007266963518012553]
[-0.2757777130426876, 0.007266963518012553], 0, -1.0, [-0.27120285282000495, 0.00457486022268264]
[-0.27120285282000495, 0.00457486022268264], 0, -1.0, [-0.2693451933893211, 0.0018576594306838313]
[-0.2693451933893211, 0.0018576594306838313], 0, -1.0, [-0.2702148337230327, -0.0008696403337115437]
[-0.2702148337230327, -0.0008696403337115437], 0, -1.0, [-0.27380705277137146, -0.0035922190483387672]
[-0.27380705277137146, -0.0035922190483387672], 0, -1.0, [-0.2801022254315221, -0.006295172660150644]
[-0.2801022254315221, -0.006295172660150644], 0, -1.0, [-0.28906548416683403, -0.008963258735311957]
[-0.28906548416683403, -0.008963258735311957], 0, -1.0, [-0.30064616000911, -0.011580675842275965]
[-0.30064616000911, -0.011580675842275965], 0, -1.0, [-0.3147770616957346, -0.014130901686624592]
[-0.3147770616957346, -0.014130901686624592], 0, -1.0, [-0.3313736754333807, -0.01659661373764608]
[-0.3313736754333807, -0.01659661373764608], 0, -1.0, [-0.35033338898636085, -0.018959713552980144]
[-0.35033338898636085, -0.018959713552980144], 0, -1.0, [-0.37153486061713603, -0.02120147163077516]
[-0.37153486061713603, -0.02120147163077516], 0, -1.0, [-0.39483766349670185, -0.023302802879565813]
[-0.39483766349670185, -0.023302802879565813], 0, -1.0, [-0.42008233692935015, -0.025244673432648284]
[-0.42008233692935015, -0.025244673432648284], 0, -1.0, [-0.44709096466816217, -0.02700862773881204]
[-0.44709096466816217, -0.02700862773881204], 0, -1.0, [-0.475668376107442, -0.028577411439279807]
[-0.475668376107442, -0.028577411439279807], 0, -1.0, [-0.5056040280671847, -0.029935651959742716]
[-0.5056040280671847, -0.029935651959742716], 0, -1.0, [-0.5366745750903811, -0.031070547023196386]
[-0.5366745750903811, -0.031070547023196386], 0, -1.0, [-0.568647078766569, -0.03197250367618785]
[-0.568647078766569, -0.03197250367618785], 0, -1.0, [-0.6012827476912194, -0.03263566892465047]
[-0.6012827476912194, -0.03263566892465047], 0, -1.0, [-0.6343410466020429, -0.03305829891082356]
[-0.6343410466020429, -0.03305829891082356], 0, -1.0, [-0.6675839733062704, -0.033242926704227474]
[-0.6675839733062704, -0.033242926704227474], 0, -1.0, [-0.7007802810821538, -0.033196307775883414]
[-0.7007802810821538, -0.033196307775883414], 0, -1.0, [-0.7337094254645189, -0.032929144382365105]
[-0.7337094254645189, -0.032929144382365105], 0, -1.0, [-0.7661650374721707, -0.03245561200765174]
[-0.7661650374721707, -0.03245561200765174], 0, -1.0, [-0.7979577668179835, -0.031792729345812766]
[-0.7979577668179835, -0.031792729345812766], 0, -1.0, [-0.8289173923089399, -0.03095962549095642]
[-0.8289173923089399, -0.03095962549095642], 0, -1.0, [-0.8588941550670816, -0.02997676275814166]
[-0.8588941550670816, -0.02997676275814166], 0, -1.0, [-0.8877593261162876, -0.028865171049206054]
[-0.8877593261162876, -0.028865171049206054], 2, -1.0, [-0.9134050673889575, -0.02564574127266999]
[-0.9134050673889575, -0.02564574127266999], 2, -1.0, [-0.9357494993728149, -0.022344431983857337]
[-0.9357494993728149, -0.022344431983857337], 2, -1.0, [-0.9547323670367526, -0.018982867663937652]
[-0.9547323670367526, -0.018982867663937652], 2, -1.0, [-0.970310804871209, -0.015578437834456449]
[-0.970310804871209, -0.015578437834456449], 2, -1.0, [-0.9824554535477868, -0.012144648676577822]
[-0.9824554535477868, -0.012144648676577822], 2, -1.0, [-0.9911471089882876, -0.00869165544050076]
[-0.9911471089882876, -0.00869165544050076], 2, -1.0, [-0.9963740248151078, -0.005226915826820208]
[-0.9963740248151078, -0.005226915826820208], 2, -1.0, [-0.9981299434870071, -0.0017559186718993126]
[-0.9981299434870071, -0.0017559186718993126], 2, -1.0, [-0.9964128991236296, 0.0017170443633775373]
[-0.9964128991236296, 0.0017170443633775373], 2, -1.0, [-0.9912248133402614, 0.005188085783368291]
[-0.9912248133402614, 0.005188085783368291], 2, -1.0, [-0.9825718904756585, 0.008652922864602872]
[-0.9825718904756585, 0.008652922864602872], 2, -1.0, [-0.9704658059756921, 0.012106084499966448]
[-0.9704658059756921, 0.012106084499966448], 2, -1.0, [-0.9549256668079602, 0.015540139167731854]
[-0.9549256668079602, 0.015540139167731854], 2, -1.0, [-0.9359807011990282, 0.018944965608931993]
[-0.9359807011990282, 0.018944965608931993], 2, -1.0, [-0.9136736028221862, 0.02230709837684195]
[-0.9136736028221862, 0.02230709837684195], 2, -1.0, [-0.8880644090542481, 0.025609193767938087]
[-0.8880644090542481, 0.025609193767938087], 2, -1.0, [-0.8592347332543548, 0.028829675799893276]
[-0.8592347332543548, 0.028829675799893276], 2, -1.0, [-0.8272920994096042, 0.031942633844750545]
[-0.8272920994096042, 0.031942633844750545], 2, -1.0, [-0.7923740502972936, 0.034918049112310695]
[-0.7923740502972936, 0.034918049112310695], 2, -1.0, [-0.7546516288030685, 0.037722421494225104]
[-0.7546516288030685, 0.037722421494225104], 2, -1.0, [-0.7143317822351345, 0.04031984656793396]
[-0.7143317822351345, 0.04031984656793396], 2, -1.0, [-0.6716582304184425, 0.04267355181669194]
[-0.6716582304184425, 0.04267355181669194], 2, -1.0, [-0.626910388306537, 0.04474784211190558]
[-0.626910388306537, 0.04474784211190558], 2, -1.0, [-0.5804000547447451, 0.04651033356179189]
[-0.5804000547447451, 0.04651033356179189], 2, -1.0, [-0.5324657703047303, 0.047934284440014824]
[-0.5324657703047303, 0.047934284440014824], 2, -1.0, [-0.48346499124713355, 0.049000779057596776]
[-0.48346499124713355, 0.049000779057596776], 2, -1.0, [-0.4337644888505715, 0.04970050239656207]
[-0.4337644888505715, 0.04970050239656207], 2, -1.0, [-0.3837296171413056, 0.050034871709265925]
[-0.3837296171413056, 0.050034871709265925], 2, -1.0, [-0.3337132504614353, 0.0500163666798703]
[-0.3337132504614353, 0.0500163666798703], 2, -1.0, [-0.2840452410001168, 0.04966800946131852]
[-0.2840452410001168, 0.04966800946131852], 2, -1.0, [-0.2350231743264723, 0.04902206667364449]
[-0.2350231743264723, 0.04902206667364449], 2, -1.0, [-0.18690502389452507, 0.04811815043194723]
[-0.18690502389452507, 0.04811815043194723], 2, -1.0, [-0.13990406110813916, 0.0470009627863859]
[-0.13990406110813916, 0.0470009627863859], 2, -1.0, [-0.09418611397862649, 0.04571794712951267]
[-0.09418611397862649, 0.04571794712951267], 2, -1.0, [-0.04986903005343969, 0.044317083925186795]
[-0.04986903005343969, 0.044317083925186795], 2, -1.0, [-0.007024020421565108, 0.042845009631874584]
[-0.007024020421565108, 0.042845009631874584], 2, -1.0, [0.03432154422947927, 0.04134556465104438]
[0.03432154422947927, 0.04134556465104438], 2, -1.0, [0.07418034932118563, 0.039858805091706355]
[0.07418034932118563, 0.039858805091706355], 2, -1.0, [0.11260080499453812, 0.03842045567335249]
[0.11260080499453812, 0.03842045567335249], 2, -1.0, [0.1496625475311006, 0.03706174253656247]
[0.1496625475311006, 0.03706174253656247], 2, -1.0, [0.18547207261406776, 0.03580952508296716]
[0.18547207261406776, 0.03580952508296716], 2, -1.0, [0.2201587143927732, 0.03468664177870545]
[0.2201587143927732, 0.03468664177870545], 2, -1.0, [0.25387110564510035, 0.033712391252327126]
[0.25387110564510035, 0.033712391252327126], 2, -1.0, [0.28677418784920183, 0.0329030822041015]
[0.28677418784920183, 0.0329030822041015], 2, -1.0, [0.31904678759870203, 0.032272599749500204]
[0.31904678759870203, 0.032272599749500204], 2, -1.0, [0.35087973677675194, 0.03183294917804989]
[0.35087973677675194, 0.03183294917804989], 2, -1.0, [0.3824744859415161, 0.03159474916476421]
[0.3824744859415161, 0.03159474916476421], 2, -1.0, [0.41404214046331783, 0.03156765452180171]
[0.41404214046331783, 0.03156765452180171], 2, -1.0, [0.4458028339443258, 0.03176069348100798]
[0.4458028339443258, 0.03176069348100798], 2, -1.0, [0.477985340374698, 0.03218250643037221]
[0.477985340374698, 0.03218250643037221], 2, -1.0, [0.5108268126965528, 0.03284147232185487]
