[-0.4703372822033508, 0.0], 0, -1.0, [-0.47173504579303627, -0.0013977635896854853]
[-0.47173504579303627, -0.0013977635896854853], 0, -1.0, [-0.474520219818318, -0.0027851740252817034]
[-0.474520219818318, -0.0027851740252817034], 0, -1.0, [-0.4786721545256063, -0.0041519347072882795]
[-0.4786721545256063, -0.0041519347072882795], 0, -1.0, [-0.4841600196676889, -0.005487865142082578]
[-0.4841600196676889, -0.005487865142082578], 0, -1.0, [-0.49094298584605334, -0.006782966178364436]
[-0.49094298584605334, -0.006782966178364436], 0, -1.0, [-0.4989704788637885, -0.008027493017735166]
[-0.4989704788637885, -0.008027493017735166], 0, -1.0, [-0.5081825160962656, -0.009212037232477106]
[-0.5081825160962656, -0.009212037232477106], 0, -1.0, [-0.518510134061165, -0.01032761796489937]
[-0.518510134061165, -0.01032761796489937], 0, -1.0, [-0.529875915355235, -0.011365781294070091]
[-0.529875915355235, -0.011365781294070091], 0, -1.0, [-0.5421946208835964, -0.012318705528361312]
[-0.5421946208835964, -0.012318705528361312], 0, -1.0, [-0.555373929904691, -0.013179309021094609]
[-0.555373929904691, -0.013179309021094609], 0, -1.0, [-0.5693152860283435, -0.013941356123652405]
[-0.5693152860283435, -0.013941356123652405], 0, -1.0, [-0.5839148422223763, -0.014599556194032817]
[-0.5839148422223763, -0.014599556194032817], 0, -1.0, [-0.5990644924832376, -0.015149650260861276]
[-0.5990644924832376, -0.015149650260861276], 0, -1.0, [-0.6146529725487024, -0.015588480065464918]
[-0.6146529725487024, -0.015588480065464918], 0, -1.0, [-0.6305670073373997, -0.015914034788697268]
[-0.6305670073373997, -0.015914034788697268], 0, -1.0, [-0.6466924791248229, -0.016125471787423202]
[-0.6466924791248229, -0.016125471787423202], 0, -1.0, [-0.6629155881664566, -0.016223109041633762]
[-0.6629155881664566, -0.016223109041633762], 0, -1.0, [-0.6791239767949284, -0.016208388628471872]
[-0.6791239767949284, -0.016208388628471872], 0, -1.0, [-0.6952077890416009, -0.016083812246672463]
[-0.6952077890416009, -0.016083812246672463], 0, -1.0, [-0.7110606404979543, -0.015852851456353404]
[-0.7110606404979543, -0.015852851456353404], 2, -1.0, [-0.7245804772248098, -0.013519836726855505]
[-0.7245804772248098, -0.013519836726855505], 2, -1.0, [-0.735682637148975, -0.011102159924165144]
[-0.735682637148975, -0.011102159924165144], 2, -1.0, [-0.7442993354109495, -0.008616698261974535]
[-0.7442993354109495, -0.008616698261974535], 2, -1.0, [-0.7503790941551869, -0.006079758744237396]
[-0.7503790941551869, -0.006079758744237396], 2, -1.0, [-0.7538862076361935, -0.003507113481006627]
[-0.7538862076361935, -0.003507113481006627], 2, -1.0, [-0.7548003161473729, -0.0009141085111793222]
[-0.7548003161473729, -0.0009141085111793222], 2, -1.0, [-0.7531161419312304, 0.0016841742161424426]
[-0.7531161419312304, 0.0016841742161424426], 2, -1.0, [-0.7488434181463101, 0.004272723784920405]
[-0.7488434181463101, 0.004272723784920405], 2, -1.0, [-0.7420070190344167, 0.00683639911189338]
[-0.7420070190344167, 0.00683639911189338], 2, -1.0, [-0.7326472762978959, 0.009359742736520717]
[-0.7326472762978959, 0.009359742736520717], 2, -1.0, [-0.7208204439413071, 0.011826832356588823]
[-0.7208204439413071, 0.011826832356588823], 2, -1.0, [-0.7065992521559692, 0.014221191785337862]
[-0.7065992521559692, 0.014221191785337862], 2, -1.0, [-0.69007347121367, 0.01652578094229917]
[-0.69007347121367, 0.01652578094229917], 2, -1.0, [-0.6713503901519104, 0.018723081061759586]
[-0.6713503901519104, 0.018723081061759586], 2, -1.0, [-0.6505551040179479, 0.02079528613396254]
[-0.6505551040179479, 0.02079528613396254], 2, -1.0, [-0.6278304995711287, 0.022724604446819195]
[-0.6278304995711287, 0.022724604446819195], 2, -1.0, [-0.6033368345541452, 0.024493665016983468]
[-0.6033368345541452, 0.024493665016983468], 2, -1.0, [-0.5772508214040047, 0.026086013150140457]
[-0.5772508214040047, 0.026086013150140457], 2, -1.0, [-0.5497641531073868, 0.027486668296617982]
[-0.5497641531073868, 0.027486668296617982], 2, -1.0, [-0.521081445944511, 0.028682707162875812]
[-0.521081445944511, 0.028682707162875812], 2, -1.0, [-0.491417618574577, 0.029663827369934014]
[-0.491417618574577, 0.029663827369934014], 2, -1.0, [-0.46099477512071757, 0.030422843453859445]
[-0.46099477512071757, 0.030422843453859445], 2, -1.0, [-0.4300387062187729, 0.030956068901944665]
[-0.4300387062187729, 0.030956068901944665], 2, -1.0, [-0.39877516057260803, 0.031263545646164854]
[-0.39877516057260803, 0.031263545646164854], 2, -1.0, [-0.3674260651642957, 0.03134909540831232]
[-0.3674260651642957, 0.03134909540831232], 2, -1.0, [-0.33620588125965817, 0.031220183904637534]
[-0.33620588125965817, 0.031220183904637534], 2, -1.0, [-0.3053182744452745, 0.030887606814383694]
[-0.3053182744452745, 0.030887606814383694], 2, -1.0, [-0.2749532514817037, 0.0303650229635708]
[-0.2749532514817037, 0.0303650229635708], 2, -1.0, [-0.2452848784581619, 0.029668373023541778]
[-0.2452848784581619, 0.029668373023541778], 2, -1.0, [-0.2164696488722452, 0.02881522958591669]
[-0.2164696488722452, 0.02881522958591669], 2, -1.0, [-0.18864552267869666, 0.027824126193548543]
[-0.18864552267869666, 0.027824126193548543], 0, -1.0, [-0.16393161342699278, 0.024713909251703893]
[-0.16393161342699278, 0.024713909251703893], 0, -1.0, [-0.14242142102420477, 0.02151019240278801]
[-0.14242142102420477, 0.02151019240278801], 0, -1.0, [-0.12418648561050719, 0.01823493541369759]
[-0.12418648561050719, 0.01823493541369759], 0, -1.0, [-0.10928004708125087, 0.014906438529256317]
[-0.10928004708125087, 0.014906438529256317], 0, -1.0, [-0.09774045861079056, 0.011539588470460318]
[-0.09774045861079056, 0.011539588470460318], 0, -1.0, [-0.08959416450420278, 0.008146294106587777]
[-0.08959416450420278, 0.008146294106587777], 0, -1.0, [-0.08485810772069222, 0.004736056783510564]
[-0.08485810772069222, 0.004736056783510564], 0, -1.0, [-0.08354147739478814, 0.0013166303259040768]
[-0.08354147739478814, 0.0013166303259040768], 0, -1.0, [-0.08564674143345652, -0.002105264038668377]
[-0.08564674143345652, -0.002105264038668377], 0, -1.0, [-0.09116993562701198, -0.005523194193555465]
[-0.09116993562701198, -0.005523194193555465], 0, -1.0, [-0.10010020178616383, -0.008930266159151844]
[-0.10010020178616383, -0.008930266159151844], 0, -1.0, [-0.11241858697282933, -0.012318385186665509]
[-0.11241858697282933, -0.012318385186665509], 0, -1.0, [-0.1280961378665504, -0.015677550893721092]
[-0.1280961378665504, -0.015677550893721092], 0, -1.0, [-0.14709135236222218, -0.018995214495671774]
[-0.14709135236222218, -0.018995214495671774], 0, -1.0, [-0.16934708750256086, -0.022255735140338673]
[-0.16934708750256086, -0.022255735140338673], 0, -1.0, [-0.19478707025265574, -0.025439982750094885]
[-0.19478707025265574, -0.025439982750094885], 0, -1.0, [-0.22331221463972345, -0.028525144387067707]
[-0.22331221463972345, -0.028525144387067707], 0, -1.0, [-0.25479701154565637, -0.03148479690593292]
[-0.25479701154565637, -0.03148479690593292], 0, -1.0, [-0.28908631833833176, -0.03428930679267542]
[-0.28908631833833176, -0.03428930679267542], 0, -1.0, [-0.32599292308656025, -0.03690660474822846]
[-0.32599292308656025, -0.03690660474822846], 0, -1.0, [-0.3652962779213287, -0.03930335483476845]
[-0.3652962779213287, -0.03930335483476845], 0, -1.0, [-0.4067427732047169, -0.041446495283388236]
[-0.4067427732047169, -0.041446495283388236], 0, -1.0, [-0.4500478467945005, -0.043305073589783555]
[-0.4500478467945005, -0.043305073589783555], 0, -1.0, [-0.49490008695711496, -0.04485224016261445]
[-0.49490008695711496, -0.04485224016261445], 0, -1.0, [-0.5409673014706199, -0.04606721451350493]
[-0.5409673014706199, -0.04606721451350493], 0, -1.0, [-0.5879043109763253, -0.04693700950570542]
[-0.5879043109763253, -0.04693700950570542], 0, -1.0, [-0.6353620149639819, -0.04745770398765657]
[-0.6353620149639819, -0.04745770398765657], 0, -1.0, [-0.6829971120295637, -0.04763509706558173]
[-0.6829971120295637, -0.04763509706558173], 0, -1.0, [-0.7304817655786887, -0.04748465354912506]
[-0.7304817655786887, -0.04748465354912506], 0, -1.0, [-0.7775125110758152, -0.047030745497126526]
[-0.7775125110758152, -0.047030745497126526], 0, -1.0, [-0.8238178003497878, -0.04630528927397262]
[-0.8238178003497878, -0.04630528927397262], 0, -1.0, [-0.8691637516627474, -0.045345951312959584]
[-0.8691637516627474, -0.045345951312959584], 0, -1.0, [-0.9133578869113136, -0.04419413524856619]
[-0.9133578869113136, -0.04419413524856619], 0, -1.0, [-0.9562508511400034, -0.04289296422868982]
[-0.9562508511400034, -0.04289296422868982], 0, -1.0, [-0.9977362917026461, -0.04148544056264273]
[-0.9977362917026461, -0.04148544056264273], 0, -1.0, [-1.0377492039864478, -0.04001291228380161]
[-1.0377492039864478, -0.04001291228380161], 0, -1.0, [-1.076263120504741, -0.03851391651829324]
[-1.076263120504741, -0.03851391651829324], 0, -1.0, [-1.1132865350850625, -0.037023414580321545]
[-1.1132865350850625, -0.037023414580321545], 0, -1.0, [-1.148858926141813, -0.03557239105675042]
[-1.148858926141813, -0.03557239105675042], 0, -1.0, [-1.1830466878994357, -0.03418776175762281]
[-1.1830466878994357, -0.03418776175762281], 0, -1.0, [-1.2, 0.0]
[-1.2, 0.0], 0, -1.0, [-1.1987581039591646, 0.0012418960408353678]
[-1.1987581039591646, 0.0012418960408353678], 0, -1.0, [-1.196270205713714, 0.0024878982454506955]
[-1.196270205713714, 0.0024878982454506955], 0, -1.0, [-1.192528173202872, 0.003742032510841902]
[-1.192528173202872, 0.003742032510841902], 0, -1.0, [-1.1875200116579745, 0.005008161544897544]
[-1.1875200116579745, 0.005008161544897544], 2, -1.0, [-1.1792301149799373, 0.008289896678037213]
[-1.1792301149799373, 0.008289896678037213], 2, -1.0, [-1.1676337842825093, 0.01159633069742799]
[-1.1676337842825093, 0.01159633069742799], 2, -1.0, [-1.152698866081757, 0.014934918200752295]
[-1.152698866081757, 0.014934918200752295], 2, -1.0, [-1.134388124488543, 0.01831074159321393]
[-1.134388124488543, 0.01831074159321393], 2, -1.0, [-1.1126624210802045, 0.021725703408338452]
[-1.1126624210802045, 0.021725703408338452], 2, -1.0, [-1.0874847764545656, 0.025177644625638852]
[-1.0874847764545656, 0.025177644625638852], 2, -1.0, [-1.0588253690434644, 0.028659407411101262]
[-1.0588253690434644, 0.028659407411101262], 2, -1.0, [-1.0266674825472897, 0.032157886496174785]
[-1.0266674825472897, 0.032157886496174785], 2, -1.0, [-0.9910143362442309, 0.03565314630305882]
[-0.9910143362442309, 0.03565314630305882], 2, -1.0, [-0.9518966171793966, 0.0391177190648343]
[-0.9518966171793966, 0.0391177190648343], 2, -1.0, [-0.9093803795343592, 0.0425162376450373]
[-0.9093803795343592, 0.0425162376450373], 2, -1.0, [-0.8635747929976358, 0.04580558653672337]
[-0.8635747929976358, 0.04580558653672337], 2, -1.0, [-0.8146390305491272, 0.04893576244850863]
[-0.8146390305491272, 0.04893576244850863], 2, -1.0, [-0.7627874241910669, 0.05185160635806035]
[-0.7627874241910669, 0.05185160635806035], 2, -1.0, [-0.7082919358715849, 0.05449548831948205]
[-0.7082919358715849, 0.05449548831948205], 2, -1.0, [-0.651481045733595, 0.05681089013798994]
[-0.651481045733595, 0.05681089013798994], 2, -1.0, [-0.5927343939473849, 0.05874665178621007]
[-0.5927343939473849, 0.05874665178621007], 2, -1.0, [-0.5324729345964879, 0.06026145935089701]
[-0.5324729345964879, 0.06026145935089701], 2, -1.0, [-0.4711449269148458, 0.06132800768164212]
[-0.4711449269148458, 0.06132800768164212], 2, -1.0, [-0.40920870148662786, 0.06193622542821792]
[-0.40920870148662786, 0.06193622542821792], 2, -1.0, [-0.3471136614414318, 0.062095040045196045]
[-0.3471136614414318, 0.062095040045196045], 2, -1.0, [-0.2852812797259283, 0.06183238171550351]
[-0.2852812797259283, 0.06183238171550351], 2, -1.0, [-0.2240878518596197, 0.06119342786630862]
[-0.2240878518596197, 0.06119342786630862], 2, -1.0, [-0.1638504590502098, 0.0602373928094099]
[-0.1638504590502098, 0.0602373928094099], 2, -1.0, [-0.10481707043796792, 0.05903338861224189]
[-0.10481707043796792, 0.05903338861224189], 1, -1.0, [-0.04816109747448726, 0.05665597296348066]
[-0.04816109747448726, 0.05665597296348066], 1, -1.0, [0.006020924403718923, 0.054182021878206185]
[0.006020924403718923, 0.054182021878206185], 1, -1.0, [0.057703354100556985, 0.05168242969683806]
[0.057703354100556985, 0.05168242969683806], 1, -1.0, [0.10692314921342627, 0.049219795112869294]
[0.10692314921342627, 0.049219795112869294], 1, -1.0, [0.15377046158976732, 0.04684731237634104]
[0.15377046158976732, 0.04684731237634104], 1, -1.0, [0.19837910011505216, 0.044608638525284836]
[0.19837910011505216, 0.044608638525284836], 1, -1.0, [0.24091755980786575, 0.04253845969281358]
[0.24091755980786575, 0.04253845969281358], 1, -1.0, [0.2815810499794083, 0.04066349017154257]
[0.2815810499794083, 0.04066349017154257], 1, -1.0, [0.32058473170840757, 0.03900368172899926]
[0.32058473170840757, 0.03900368172899926], 1, -1.0, [0.358158208231067, 0.03757347652265941]
[0.358158208231067, 0.03757347652265941], 1, -1.0, [0.39454119902245127, 0.036382990791384275]
[0.39454119902245127, 0.036382990791384275], 1, -1.0, [0.42998025998581463, 0.03543906096336334]
[0.42998025998581463, 0.03543906096336334], 1, -1.0, [0.464726376511018, 0.03474611652520339]
[0.464726376511018, 0.03474611652520339], 1, -1.0, [0.4990332420205038, 0.034306865509485834]
[0.4990332420205038, 0.034306865509485834], 1, -1.0, [0.5331560327579411, 0.03412279073743733]
