[-0.4900638017422253, 0.0], 0, -1.0, [-0.49131488998678563, -0.001251088244560349]
[-0.49131488998678563, -0.001251088244560349], 0, -1.0, [-0.4938077290125493, -0.0024928390257637186]
[-0.4938077290125493, -0.0024928390257637186], 0, -1.0, [-0.4975237035593327, -0.0037159745467833637]
[-0.4975237035593327, -0.0037159745467833637], 0, -1.0, [-0.5024350417597035, -0.004911338200370837]
[-0.5024350417597035, -0.004911338200370837], 0, -1.0, [-0.5085050013430826, -0.006069959583379078]
[-0.5085050013430826, -0.006069959583379078], 0, -1.0, [-0.5156881255520324, -0.007183124208949728]
[-0.5156881255520324, -0.007183124208949728], 0, -1.0, [-0.5239305740673343, -0.008242448515301957]
[-0.5239305740673343, -0.008242448515301957], 1, -1.0, [-0.5321705340945295, -0.008239960027195127]
[-0.5321705340945295, -0.008239960027195127], 0, -1.0, [-0.5413462130181349, -0.009175678923605348]
[-0.5413462130181349, -0.009175678923605348], 0, -1.0, [-0.5513888490389768, -0.010042636020841848]
[-0.5513888490389768, -0.010042636020841848], 0, -1.0, [-0.562223300872002, -0.01083445183302521]
[-0.562223300872002, -0.01083445183302521], 0, -1.0, [-0.573768716579617, -0.011545415707614975]
[-0.573768716579617, -0.011545415707614975], 0, -1.0, [-0.5859392767592003, -0.012170560179583288]
[-0.5859392767592003, -0.012170560179583288], 0, -1.0, [-0.598645004025328, -0.012705727266127773]
[-0.598645004025328, -0.012705727266127773], 0, -1.0, [-0.6117926274175046, -0.013147623392176564]
[-0.6117926274175046, -0.013147623392176564], 1, -1.0, [-0.6242864872908267, -0.012493859873322037]
[-0.6242864872908267, -0.012493859873322037], 1, -1.0, [-0.6360366207527984, -0.011750133461971688]
[-0.6360366207527984, -0.011750133461971688], 2, -1.0, [-0.6459593711777478, -0.009922750424949344]
[-0.6459593711777478, -0.009922750424949344], 2, -1.0, [-0.6539848886875704, -0.008025517509822663]
[-0.6539848886875704, -0.008025517509822663], 2, -1.0, [-0.6600572574016232, -0.006072368714052859]
[-0.6600572574016232, -0.006072368714052859], 2, -1.0, [-0.6641345349700268, -0.004077277568403596]
[-0.6641345349700268, -0.004077277568403596], 2, -1.0, [-0.6661887437544148, -0.0020542087843879956]
[-0.6661887437544148, -0.0020542087843879956], 2, -1.0, [-0.6662058458212131, -1.710206679832009e-05]
[-0.6662058458212131, -1.710206679832009e-05], 2, -1.0, [-0.664185724463886, 0.002020121357327074]
[-0.664185724463886, 0.002020121357327074], 2, -1.0, [-0.6601421840324718, 0.004043540431414231]
[-0.6601421840324718, 0.004043540431414231], 2, -1.0, [-0.6541029681693932, 0.006039215863078608]
[-0.6541029681693932, 0.006039215863078608], 2, -1.0, [-0.6461097848650504, 0.007993183304342729]
[-0.6461097848650504, 0.007993183304342729], 2, -1.0, [-0.6362183157900357, 0.009891469075014656]
[-0.6362183157900357, 0.009891469075014656], 2, -1.0, [-0.6244981778809284, 0.011720137909107359]
[-0.6244981778809284, 0.011720137909107359], 2, -1.0, [-0.6110327979136951, 0.01346537996723332]
[-0.6110327979136951, 0.01346537996723332], 2, -1.0, [-0.5959191565385805, 0.015113641375114617]
[-0.5959191565385805, 0.015113641375114617], 2, -1.0, [-0.5792673576458693, 0.01665179889271114]
[-0.5792673576458693, 0.01665179889271114], 2, -1.0, [-0.5611999824929574, 0.018067375152911954]
[-0.5611999824929574, 0.018067375152911954], 2, -1.0, [-0.541851195986002, 0.019348786506955436]
[-0.541851195986002, 0.019348786506955436], 2, -1.0, [-0.5213655847249891, 0.020485611261012848]
[-0.5213655847249891, 0.020485611261012848], 2, -1.0, [-0.4998967222702324, 0.02146886245475668]
[-0.4998967222702324, 0.02146886245475668], 2, -1.0, [-0.477605475453777, 0.022291246816455414]
[-0.477605475453777, 0.022291246816455414], 2, -1.0, [-0.4546580848782623, 0.02294739057551473]
[-0.4546580848782623, 0.02294739057551473], 2, -1.0, [-0.43122407115465916, 0.02343401372360313]
[-0.43122407115465916, 0.02343401372360313], 2, -1.0, [-0.40747403398860815, 0.023750037166051032]
[-0.40747403398860815, 0.023750037166051032], 1, -1.0, [-0.3845774221878852, 0.02289661180072295]
[-0.3845774221878852, 0.02289661180072295], 0, -1.0, [-0.36369350520062427, 0.020883916987260952]
[-0.36369350520062427, 0.020883916987260952], 0, -1.0, [-0.34496340592053476, 0.018730099280089507]
[-0.34496340592053476, 0.018730099280089507], 0, -1.0, [-0.3285098574584447, 0.016453548462090052]
[-0.3285098574584447, 0.016453548462090052], 0, -1.0, [-0.3144373633940158, 0.014072494064428894]
[-0.3144373633940158, 0.014072494064428894], 0, -1.0, [-0.3028326445538331, 0.011604718840182729]
[-0.3028326445538331, 0.011604718840182729], 0, -1.0, [-0.29376525307281764, 0.009067391481015407]
[-0.29376525307281764, 0.009067391481015407], 0, -1.0, [-0.2872882413857646, 0.0064770116870530425]
[-0.2872882413857646, 0.0064770116870530425], 0, -1.0, [-0.28343878761701746, 0.0038494537687471324]
[-0.28343878761701746, 0.0038494537687471324], 0, -1.0, [-0.28223869743739705, 0.00120009017962043]
[-0.28223869743739705, 0.00120009017962043], 0, -1.0, [-0.2836947240535429, -0.0014560266161458544]
[-0.2836947240535429, -0.0014560266161458544], 0, -1.0, [-0.28779867127184566, -0.004103947218302741]
[-0.28779867127184566, -0.004103947218302741], 0, -1.0, [-0.2945272686577728, -0.006728597385927134]
[-0.2945272686577728, -0.006728597385927134], 0, -1.0, [-0.30384183210838256, -0.009314563450609796]
[-0.30384183210838256, -0.009314563450609796], 0, -1.0, [-0.315687747185909, -0.011845915077526407]
[-0.315687747185909, -0.011845915077526407], 0, -1.0, [-0.3299938357196985, -0.014306088533789504]
[-0.3299938357196985, -0.014306088533789504], 0, -1.0, [-0.3466716875559459, -0.016677851836247454]
[-0.3466716875559459, -0.016677851836247454], 0, -1.0, [-0.3656150575598607, -0.018943370003914793]
[-0.3656150575598607, -0.018943370003914793], 0, -1.0, [-0.3866994412257373, -0.021084383665876606]
[-0.3866994412257373, -0.021084383665876606], 0, -1.0, [-0.4097819483516718, -0.023082507125934525]
[-0.4097819483516718, -0.023082507125934525], 0, -1.0, [-0.4347015909508004, -0.024919642599128586]
[-0.4347015909508004, -0.024919642599128586], 0, -1.0, [-0.4612800870466494, -0.026578496095848985]
[-0.4612800870466494, -0.026578496095848985], 0, -1.0, [-0.48932325531308707, -0.028043168266437647]
[-0.48932325531308707, -0.028043168266437647], 0, -1.0, [-0.5186230372143248, -0.029299781901237727]
[-0.5186230372143248, -0.029299781901237727], 0, -1.0, [-0.5489601357675793, -0.030337098553254543]
[-0.5489601357675793, -0.030337098553254543], 0, -1.0, [-0.5801072075808551, -0.031147071813275754]
[-0.5801072075808551, -0.031147071813275754], 0, -1.0, [-0.6118324932217816, -0.031725285640926526]
[-0.6118324932217816, -0.031725285640926526], 0, -1.0, [-0.6439037267593715, -0.03207123353758985]
[-0.6439037267593715, -0.03207123353758985], 0, -1.0, [-0.6760921345614475, -0.03218840780207594]
[-0.6760921345614475, -0.03218840780207594], 0, -1.0, [-0.7081763205724705, -0.03208418601102301]
[-0.7081763205724705, -0.03208418601102301], 0, -1.0, [-0.7399458422255873, -0.03176952165311687]
[-0.7399458422255873, -0.03176952165311687], 0, -1.0, [-0.771204306772605, -0.031258464547017646]
[-0.771204306772605, -0.031258464547017646], 0, -1.0, [-0.8017718583196, -0.03056755154699499]
[-0.8017718583196, -0.03056755154699499], 0, -1.0, [-0.831486975476166, -0.02971511715656609]
[-0.831486975476166, -0.02971511715656609], 0, -1.0, [-0.8602075517296952, -0.02872057625352922]
[-0.8602075517296952, -0.02872057625352922], 2, -1.0, [-0.8858112793263696, -0.025603727596674387]
[-0.8858112793263696, -0.025603727596674387], 2, -1.0, [-0.9082023399148882, -0.022391060588518537]
[-0.9082023399148882, -0.022391060588518537], 2, -1.0, [-0.9273076156798671, -0.019105275764978908]
[-0.9273076156798671, -0.019105275764978908], 2, -1.0, [-0.9430728587165939, -0.015765243036726807]
[-0.9430728587165939, -0.015765243036726807], 2, -1.0, [-0.9554590851184491, -0.012386226401855306]
[-0.9554590851184491, -0.012386226401855306], 2, -1.0, [-0.964439394808876, -0.008980309690426885]
[-0.964439394808876, -0.008980309690426885], 2, -1.0, [-0.9699963597937713, -0.005556964984895314]
[-0.9699963597937713, -0.005556964984895314], 2, -1.0, [-0.9721200758676213, -0.002123716073850005]
[-0.9721200758676213, -0.002123716073850005], 2, -1.0, [-0.970806936378914, 0.0013131394887072856]
[-0.970806936378914, 0.0013131394887072856], 2, -1.0, [-0.9660591597353466, 0.004747776643567396]
[-0.9660591597353466, 0.004747776643567396], 2, -1.0, [-0.9578850818018908, 0.008174077933455867]
[-0.9578850818018908, 0.008174077933455867], 2, -1.0, [-0.9463002063584928, 0.011584875443397986]
[-0.9463002063584928, 0.011584875443397986], 2, -1.0, [-0.9313289872205772, 0.014971219137915529]
[-0.9313289872205772, 0.014971219137915529], 2, -1.0, [-0.913007290526471, 0.018321696694106198]
[-0.913007290526471, 0.018321696694106198], 2, -1.0, [-0.8913854517277922, 0.021621838798678877]
[-0.8913854517277922, 0.021621838798678877], 2, -1.0, [-0.8665317968734358, 0.024853654854356283]
[-0.8665317968734358, 0.024853654854356283], 2, -1.0, [-0.8385364417527189, 0.02799535512071694]
[-0.8385364417527189, 0.02799535512071694], 2, -1.0, [-0.8075151181700055, 0.031021323582713367]
[-0.8075151181700055, 0.031021323582713367], 2, -1.0, [-0.7736127106266784, 0.033902407543327226]
[-0.7736127106266784, 0.033902407543327226], 2, -1.0, [-0.7370061297139933, 0.03660658091268509]
[-0.7370061297139933, 0.03660658091268509], 2, -1.0, [-0.6979061149465503, 0.039100014767442966]
[-0.6979061149465503, 0.039100014767442966], 2, -1.0, [-0.6565575656883299, 0.0413485492582204]
[-0.6565575656883299, 0.0413485492582204], 2, -1.0, [-0.6132380585171553, 0.0433195071711746]
[-0.6132380585171553, 0.0433195071711746], 2, -1.0, [-0.5682543305088796, 0.04498372800827565]
[-0.5682543305088796, 0.04498372800827565], 2, -1.0, [-0.5219366867355036, 0.046317643773376]
[-0.5219366867355036, 0.046317643773376], 2, -1.0, [-0.4746315085769433, 0.047305178158560314]
[-0.4746315085769433, 0.047305178158560314], 2, -1.0, [-0.4266922654450264, 0.04793924313191687]
[-0.4266922654450264, 0.04793924313191687], 2, -1.0, [-0.37846962640480836, 0.04822263904021804]
[-0.37846962640480836, 0.04822263904021804], 2, -1.0, [-0.33030139170041883, 0.04816823470438953]
[-0.33030139170041883, 0.04816823470438953], 2, -1.0, [-0.28250299130234136, 0.047798400398077485]
[-0.28250299130234136, 0.047798400398077485], 2, -1.0, [-0.23535922229270284, 0.04714376900963853]
[-0.23535922229270284, 0.04714376900963853], 2, -1.0, [-0.18911773514568544, 0.046241487147017396]
[-0.18911773514568544, 0.046241487147017396], 2, -1.0, [-0.14398456379789615, 0.045133171347789304]
[-0.14398456379789615, 0.045133171347789304], 2, -1.0, [-0.10012176639654259, 0.04386279740135356]
[-0.10012176639654259, 0.04386279740135356], 2, -1.0, [-0.05764704017542472, 0.04247472622111787]
[-0.05764704017542472, 0.04247472622111787], 2, -1.0, [-0.016635021252313732, 0.04101201892311099]
[-0.016635021252313732, 0.04101201892311099], 2, -1.0, [0.02288011016897549, 0.03951513142128922]
[0.02288011016897549, 0.03951513142128922], 2, -1.0, [0.06090112864703203, 0.03802101847805654]
[0.06090112864703203, 0.03802101847805654], 2, -1.0, [0.0974637568444942, 0.036562628197462164]
[0.0974637568444942, 0.036562628197462164], 2, -1.0, [0.1326324916736243, 0.035168734829130105]
[0.1326324916736243, 0.035168734829130105], 2, -1.0, [0.1664965322043391, 0.03386404053071481]
[0.1664965322043391, 0.03386404053071481], 2, -1.0, [0.19916600486508335, 0.03266947266074423]
[0.19916600486508335, 0.03266947266074423], 2, -1.0, [0.23076861313234645, 0.03160260826726311]
[0.23076861313234645, 0.03160260826726311], 2, -1.0, [0.2614467808659369, 0.03067816773359049]
[0.2614467808659369, 0.03067816773359049], 2, -1.0, [0.2913553126553102, 0.02990853178937323]
[0.2913553126553102, 0.02990853178937323], 2, -1.0, [0.320659560665488, 0.029304248010177822]
[0.320659560665488, 0.029304248010177822], 2, -1.0, [0.3495340638136534, 0.02887450314816537]
[0.3495340638136534, 0.02887450314816537], 2, -1.0, [0.3781616093292894, 0.02862754551563601]
[0.3781616093292894, 0.02862754551563601], 2, -1.0, [0.40673265635096223, 0.02857104702167284]
[0.40673265635096223, 0.02857104702167284], 2, -1.0, [0.4354450538052024, 0.028712397454240125]
[0.4354450538052024, 0.028712397454240125], 2, -1.0, [0.46450397824718925, 0.02905892444198688]
[0.46450397824718925, 0.02905892444198688], 2, -1.0, [0.4941220097321, 0.029618031484910788]
[0.4941220097321, 0.029618031484910788], 2, -1.0, [0.5245192534927245, 0.03039724376062449]
