[-0.5253889994353746, 0.0], 0, -1.0, [-0.5263755728211432, -0.0009865733857686108]
[-0.5263755728211432, -0.0009865733857686108], 0, -1.0, [-0.5283413204686109, -0.001965747647467723]
[-0.5283413204686109, -0.001965747647467723], 0, -1.0, [-0.5312715002295547, -0.0029301797609437713]
[-0.5312715002295547, -0.0029301797609437713], 0, -1.0, [-0.5351441396372397, -0.003872639407685052]
[-0.5351441396372397, -0.003872639407685052], 0, -1.0, [-0.5399302061267174, -0.004786066489477607]
[-0.5399302061267174, -0.004786066489477607], 0, -1.0, [-0.545593835884637, -0.005663629757919613]
[-0.545593835884637, -0.005663629757919613], 0, -1.0, [-0.5520926223736786, -0.006498786489041688]
[-0.5520926223736786, -0.006498786489041688], 0, -1.0, [-0.5593779651758463, -0.007285342802167659]
[-0.5593779651758463, -0.007285342802167659], 0, -1.0, [-0.5673954790402981, -0.008017513864451865]
[-0.5673954790402981, -0.008017513864451865], 0, -1.0, [-0.5760854619113746, -0.00868998287107647]
[-0.5760854619113746, -0.00868998287107647], 0, -1.0, [-0.5853834192917199, -0.009297957380345357]
[-0.5853834192917199, -0.009297957380345357], 0, -1.0, [-0.5952206406378439, -0.00983722134612396]
[-0.5952206406378439, -0.00983722134612396], 0, -1.0, [-0.6055248216940233, -0.01030418105617948]
[-0.6055248216940233, -0.01030418105617948], 0, -1.0, [-0.6162207248695155, -0.010695903175492127]
[-0.6162207248695155, -0.010695903175492127], 0, -1.0, [-0.6272308680894803, -0.011010143219964784]
[-0.6272308680894803, -0.011010143219964784], 0, -1.0, [-0.6384762311371293, -0.011245363047648959]
[-0.6384762311371293, -0.011245363047648959], 0, -1.0, [-0.6498769674756572, -0.011400736338527865]
[-0.6498769674756572, -0.011400736338527865], 0, -1.0, [-0.6613531089907665, -0.011476141515109372]
[-0.6613531089907665, -0.011476141515109372], 0, -1.0, [-0.6728252510907439, -0.011472142099977382]
[-0.6728252510907439, -0.011472142099977382], 0, -1.0, [-0.6842152061629092, -0.01138995507216538]
[-0.6842152061629092, -0.01138995507216538], 0, -1.0, [-0.6954466144917364, -0.011231408328827132]
[-0.6954466144917364, -0.011231408328827132], 0, -1.0, [-0.7064455033333781, -0.010998888841641654]
[-0.7064455033333781, -0.010998888841641654], 0, -1.0, [-0.7171407868179765, -0.010695283484598432]
[-0.7171407868179765, -0.010695283484598432], 0, -1.0, [-0.727464701594723, -0.01032391477674648]
[-0.727464701594723, -0.01032391477674648], 2, -1.0, [-0.735353175511794, -0.00788847391707101]
[-0.735353175511794, -0.00788847391707101], 2, -1.0, [-0.7407581759576924, -0.005405000445898434]
[-0.7407581759576924, -0.005405000445898434], 2, -1.0, [-0.7436472701134732, -0.0028890941557807815]
[-0.7436472701134732, -0.0028890941557807815], 2, -1.0, [-0.7440032848283656, -0.00035601471489240264]
[-0.7440032848283656, -0.00035601471489240264], 2, -1.0, [-0.7418241118489254, 0.0021791729794402377]
[-0.7418241118489254, 0.0021791729794402377], 2, -1.0, [-0.73712268319255, 0.0047014286563753435]
[-0.73712268319255, 0.0047014286563753435], 2, -1.0, [-0.7299271197357886, 0.007195563456761397]
[-0.7299271197357886, 0.007195563456761397], 2, -1.0, [-0.720281034276162, 0.009646085459626644]
[-0.720281034276162, 0.009646085459626644], 2, -1.0, [-0.7082439490905023, 0.012037085185659713]
[-0.7082439490905023, 0.012037085185659713], 2, -1.0, [-0.6938917681543063, 0.014352180936195919]
[-0.6938917681543063, 0.014352180936195919], 2, -1.0, [-0.6773172267652781, 0.016574541389028304]
[-0.6773172267652781, 0.016574541389028304], 2, -1.0, [-0.6586302277066871, 0.018686999058590927]
[-0.6586302277066871, 0.018686999058590927], 2, -1.0, [-0.6379579649437429, 0.02067226276294418]
[-0.6379579649437429, 0.02067226276294418], 2, -1.0, [-0.6154447349310793, 0.022513230012663556]
[-0.6154447349310793, 0.022513230012663556], 2, -1.0, [-0.5912513435059432, 0.024193391425136088]
[-0.5912513435059432, 0.024193391425136088], 2, -1.0, [-0.5655540340704208, 0.02569730943552245]
[-0.5655540340704208, 0.02569730943552245], 2, -1.0, [-0.5385428903676475, 0.0270111437027733]
[-0.5385428903676475, 0.0270111437027733], 2, -1.0, [-0.5104197033462816, 0.02812318702136582]
[-0.5104197033462816, 0.02812318702136582], 2, -1.0, [-0.4813953336170513, 0.029024369729230316]
[-0.4813953336170513, 0.029024369729230316], 2, -1.0, [-0.4516866447195446, 0.029708688897506656]
[-0.4516866447195446, 0.029708688897506656], 1, -1.0, [-0.4225131228435676, 0.029173521875976993]
[-0.4225131228435676, 0.029173521875976993], 0, -1.0, [-0.3950861762796627, 0.02742694656390493]
[-0.3950861762796627, 0.02742694656390493], 0, -1.0, [-0.3695993734975459, 0.025486802782116798]
[-0.3695993734975459, 0.025486802782116798], 0, -1.0, [-0.34622691500847336, 0.023372458489072573]
[-0.34622691500847336, 0.023372458489072573], 0, -1.0, [-0.3251228503880216, 0.02110406462045179]
[-0.3251228503880216, 0.02110406462045179], 0, -1.0, [-0.30642094317994517, 0.01870190720807642]
[-0.30642094317994517, 0.01870190720807642], 0, -1.0, [-0.2902350521868568, 0.01618589099308837]
[-0.2902350521868568, 0.01618589099308837], 0, -1.0, [-0.2766598797322726, 0.013575172454584221]
[-0.2766598797322726, 0.013575172454584221], 0, -1.0, [-0.2657719342397053, 0.010887945492567256]
[-0.2657719342397053, 0.010887945492567256], 0, -1.0, [-0.25763056305325993, 0.008141371186445359]
[-0.25763056305325993, 0.008141371186445359], 0, -1.0, [-0.2522789285272113, 0.005351634526048635]
[-0.2522789285272113, 0.005351634526048635], 0, -1.0, [-0.24974482296873896, 0.0025341055584723413]
[-0.24974482296873896, 0.0025341055584723413], 0, -1.0, [-0.25004124358549085, -0.00029642061675191336]
[-0.25004124358549085, -0.00029642061675191336], 0, -1.0, [-0.25316667551122723, -0.0031254319257364013]
[-0.25316667551122723, -0.0031254319257364013], 0, -1.0, [-0.25910505834340014, -0.005938382832172912]
[-0.25910505834340014, -0.005938382832172912], 0, -1.0, [-0.26782543906471573, -0.008720380721315583]
[-0.26782543906471573, -0.008720380721315583], 0, -1.0, [-0.27928134165424867, -0.01145590258953296]
[-0.27928134165424867, -0.01145590258953296], 0, -1.0, [-0.2934099110070733, -0.014128569352824647]
[-0.2934099110070733, -0.014128569352824647], 0, -1.0, [-0.31013091551793637, -0.01672100451086307]
[-0.31013091551793637, -0.01672100451086307], 0, -1.0, [-0.32934571778559507, -0.01921480226765868]
[-0.32934571778559507, -0.01921480226765868], 0, -1.0, [-0.3509363445365709, -0.021590626750975825]
[-0.3509363445365709, -0.021590626750975825], 0, -1.0, [-0.3747648024550929, -0.023828457918522027]
[-0.3747648024550929, -0.023828457918522027], 0, -1.0, [-0.40067279298056946, -0.025907990525476553]
[-0.40067279298056946, -0.025907990525476553], 0, -1.0, [-0.4284819730300311, -0.027809180049461653]
[-0.4284819730300311, -0.027809180049461653], 0, -1.0, [-0.45799488734665394, -0.02951291431662283]
[-0.45799488734665394, -0.02951291431662283], 0, -1.0, [-0.4889966605270085, -0.031001773180354596]
[-0.4889966605270085, -0.031001773180354596], 0, -1.0, [-0.5212574837414587, -0.032260823214450216]
[-0.5212574837414587, -0.032260823214450216], 0, -1.0, [-0.5545358665004516, -0.033278382758992836]
[-0.5545358665004516, -0.033278382758992836], 0, -1.0, [-0.5885825540467471, -0.03404668754629552]
[-0.5885825540467471, -0.03404668754629552], 0, -1.0, [-0.6231449446120753, -0.03456239056532813]
[-0.6231449446120753, -0.03456239056532813], 0, -1.0, [-0.6579717870542467, -0.03482684244217146]
[-0.6579717870542467, -0.03482684244217146], 0, -1.0, [-0.6928179063355595, -0.034846119281312773]
[-0.6928179063355595, -0.034846119281312773], 0, -1.0, [-0.7274486970889711, -0.03463079075341162]
[-0.7274486970889711, -0.03463079075341162], 0, -1.0, [-0.7616441452598282, -0.03419544817085702]
[-0.7616441452598282, -0.03419544817085702], 0, -1.0, [-0.795202181296022, -0.03355803603619389]
[-0.795202181296022, -0.03355803603619389], 0, -1.0, [-0.8279412287837222, -0.03273904748770021]
[-0.8279412287837222, -0.03273904748770021], 0, -1.0, [-0.8597018809012956, -0.031760652117573444]
[-0.8597018809012956, -0.031760652117573444], 0, -1.0, [-0.8903477044531466, -0.030645823551850995]
[-0.8903477044531466, -0.030645823551850995], 0, -1.0, [-0.9197652298191228, -0.029417525365976187]
[-0.9197652298191228, -0.029417525365976187], 0, -1.0, [-0.9478632296964122, -0.028097999877289413]
[-0.9478632296964122, -0.028097999877289413], 2, -1.0, [-0.9725714177035405, -0.024708188007128207]
[-0.9725714177035405, -0.024708188007128207], 2, -1.0, [-0.9938419963860012, -0.021270578682460746]
[-0.9938419963860012, -0.021270578682460746], 2, -1.0, [-1.0116445334176514, -0.017802537031650183]
[-1.0116445334176514, -0.017802537031650183], 2, -1.0, [-1.0259612771655617, -0.014316743747910395]
[-1.0259612771655617, -0.014316743747910395], 2, -1.0, [-1.0367830927151813, -0.010821815549619496]
[-1.0367830927151813, -0.010821815549619496], 2, -1.0, [-1.0441061283511837, -0.007323035636002298]
[-1.0441061283511837, -0.007323035636002298], 2, -1.0, [-1.0479292715014865, -0.0038231431503027704]
[-1.0479292715014865, -0.0038231431503027704], 2, -1.0, [-1.048252420675201, -0.00032314917371465334]
[-1.048252420675201, -0.00032314917371465334], 2, -1.0, [-1.0450755823673386, 0.0031768383078626043]
[-1.0450755823673386, 0.0031768383078626043], 2, -1.0, [-1.0383987947152618, 0.006676787652076908]
[-1.0383987947152618, 0.006676787652076908], 2, -1.0, [-1.028222877966416, 0.010175916748845734]
[-1.028222877966416, 0.010175916748845734], 2, -1.0, [-1.0145510105539783, 0.013671867412437668]
[-1.0145510105539783, 0.013671867412437668], 2, -1.0, [-0.9973911237721884, 0.017159886781789962]
[-0.9973911237721884, 0.017159886781789962], 2, -1.0, [-0.976759092758947, 0.02063203101324145]
[-0.976759092758947, 0.02063203101324145], 2, -1.0, [-0.9526826720814635, 0.02407642067748352]
[-0.9526826720814635, 0.02407642067748352], 2, -1.0, [-0.9252060768483612, 0.0274765952331023]
[-0.9252060768483612, 0.0274765952331023], 2, -1.0, [-0.8943950428699438, 0.030811033978417397]
[-0.8943950428699438, 0.030811033978417397], 2, -1.0, [-0.8603421130482429, 0.034052929821700814]
[-0.8603421130482429, 0.034052929821700814], 2, -1.0, [-0.8231717978346668, 0.03717031521357615]
[-0.8231717978346668, 0.03717031521357615], 2, -1.0, [-0.7830451575553269, 0.04012664027933987]
[-0.7830451575553269, 0.04012664027933987], 2, -1.0, [-0.7401632729607801, 0.04288188459454677]
[-0.7401632729607801, 0.04288188459454677], 2, -1.0, [-0.6947690324379113, 0.04539424052286875]
[-0.6947690324379113, 0.04539424052286875], 2, -1.0, [-0.647146696320635, 0.04762233611727626]
[-0.647146696320635, 0.04762233611727626], 2, -1.0, [-0.5976188213181993, 0.04952787500243572]
[-0.5976188213181993, 0.04952787500243572], 2, -1.0, [-0.546540347212871, 0.05107847410532833]
[-0.546540347212871, 0.05107847410532833], 2, -1.0, [-0.4942899471264968, 0.05225040008637421]
[-0.4942899471264968, 0.05225040008637421], 2, -1.0, [-0.4412590801274868, 0.05303086699900997]
[-0.4412590801274868, 0.05303086699900997], 2, -1.0, [-0.3878394996788094, 0.05341958044867748]
[-0.3878394996788094, 0.05341958044867748], 2, -1.0, [-0.33441019746345924, 0.05342930221535016]
[-0.33441019746345924, 0.05342930221535016], 2, -1.0, [-0.28132484785147177, 0.05308534961198746]
[-0.28132484785147177, 0.05308534961198746], 2, -1.0, [-0.22890074310241842, 0.05242410474905334]
[-0.22890074310241842, 0.05242410474905334], 2, -1.0, [-0.17740999078110967, 0.05149075232130876]
[-0.17740999078110967, 0.05149075232130876], 2, -1.0, [-0.1270734324618185, 0.05033655831929119]
[-0.1270734324618185, 0.05033655831929119], 2, -1.0, [-0.07805740241992906, 0.049016030041889425]
[-0.07805740241992906, 0.049016030041889425], 2, -1.0, [-0.03047313926264064, 0.04758426315728842]
[-0.03047313926264064, 0.04758426315728842], 2, -1.0, [0.015621563508279784, 0.046094702770920426]
[0.015621563508279784, 0.046094702770920426], 2, -1.0, [0.06021901115078758, 0.044597447642507795]
[0.06021901115078758, 0.044597447642507795], 2, -1.0, [0.10335714416324865, 0.04313813301246106]
[0.10335714416324865, 0.04313813301246106], 2, -1.0, [0.14511449773481438, 0.04175735357156575]
[0.14511449773481438, 0.04175735357156575], 2, -1.0, [0.1856050382133968, 0.04049054047858242]
[0.1856050382133968, 0.04049054047858242], 2, -1.0, [0.22497322224638377, 0.03936818403298697]
[0.22497322224638377, 0.03936818403298697], 2, -1.0, [0.2633895134077397, 0.03841629116135591]
[0.2633895134077397, 0.03841629116135591], 2, -1.0, [0.30104649061270294, 0.03765697720496327]
[0.30104649061270294, 0.03765697720496327], 2, -1.0, [0.3381555986272708, 0.037109108014567835]
[0.3381555986272708, 0.037109108014567835], 2, -1.0, [0.37494452463420724, 0.036788926006936465]
[0.37494452463420724, 0.036788926006936465], 1, -1.0, [0.4106551339618908, 0.03571060932768356]
[0.4106551339618908, 0.03571060932768356], 1, -1.0, [0.4455347815058213, 0.03487964754393052]
[0.4455347815058213, 0.03487964754393052], 1, -1.0, [0.47983428629784197, 0.03429950479202065]
[0.47983428629784197, 0.03429950479202065], 1, -1.0, [0.5138064996216101, 0.0339722133237681]
