[-0.5323085913522981, 0.0], 2, -1.0, [-0.5312432751671512, 0.0010653161851469795]
[-0.5312432751671512, 0.0010653161851469795], 2, -1.0, [-0.529120630260842, 0.0021226449063091583]
[-0.529120630260842, 0.0021226449063091583], 2, -1.0, [-0.5259565733386575, 0.003164056922184449]
[-0.5259565733386575, 0.003164056922184449], 2, -1.0, [-0.5217748330808794, 0.004181740257778209]
[-0.5217748330808794, 0.004181740257778209], 2, -1.0, [-0.5166067723237188, 0.005168060757160553]
[-0.5166067723237188, 0.005168060757160553], 2, -1.0, [-0.5104911477456616, 0.0061156245780571205]
[-0.5104911477456616, 0.0061156245780571205], 2, -1.0, [-0.5034738050432292, 0.007017342702432396]
[-0.5034738050432292, 0.007017342702432396], 2, -1.0, [-0.49560730793900454, 0.007866497104224686]
[-0.49560730793900454, 0.007866497104224686], 2, -1.0, [-0.4869505001949017, 0.00865680774410282]
[-0.4869505001949017, 0.00865680774410282], 0, -1.0, [-0.4795680011016621, 0.0073824990932396094]
[-0.4795680011016621, 0.0073824990932396094], 0, -1.0, [-0.4735147733223991, 0.006053227779262984]
[-0.4735147733223991, 0.006053227779262984], 0, -1.0, [-0.46883576380510716, 0.0046790095172919415]
[-0.46883576380510716, 0.0046790095172919415], 0, -1.0, [-0.46556563174027926, 0.003270132064827927]
[-0.46556563174027926, 0.003270132064827927], 0, -1.0, [-0.463728552809155, 0.0018370789311242947]
[-0.463728552809155, 0.0018370789311242947], 0, -1.0, [-0.4633380901740202, 0.0003904626351347363]
[-0.4633380901740202, 0.0003904626351347363], 0, -1.0, [-0.4643971248882118, -0.0010590347141915435]
[-0.4643971248882118, -0.0010590347141915435], 0, -1.0, [-0.46689784137605006, -0.0025007164878382785]
[-0.46689784137605006, -0.0025007164878382785], 0, -1.0, [-0.4708217670361763, -0.0039239256601261985]
[-0.4708217670361763, -0.0039239256601261985], 0, -1.0, [-0.4761398685175852, -0.005318101481408906]
[-0.4761398685175852, -0.005318101481408906], 0, -1.0, [-0.48281271046323254, -0.0066728419456473405]
[-0.48281271046323254, -0.0066728419456473405], 0, -1.0, [-0.49079068518142366, -0.007977974718191097]
[-0.49079068518142366, -0.007977974718191097], 0, -1.0, [-0.5000143234913333, -0.0092236383099097]
[-0.5000143234913333, -0.0092236383099097], 0, -1.0, [-0.510414697648168, -0.010400374156834756]
[-0.510414697648168, -0.010400374156834756], 0, -1.0, [-0.5219139266105236, -0.011499228962355546]
[-0.5219139266105236, -0.011499228962355546], 0, -1.0, [-0.534425791886481, -0.012511865275957339]
[-0.534425791886481, -0.012511865275957339], 0, -1.0, [-0.5478564688179024, -0.013430676931421378]
[-0.5478564688179024, -0.013430676931421378], 0, -1.0, [-0.5621053735911976, -0.014248904773295223]
[-0.5621053735911976, -0.014248904773295223], 0, -1.0, [-0.577066120780752, -0.01496074718955446]
[-0.577066120780752, -0.01496074718955446], 2, -1.0, [-0.5906275802348333, -0.013561459454081241]
[-0.5906275802348333, -0.013561459454081241], 0, -1.0, [-0.6046897047606548, -0.014062124525821503]
[-0.6046897047606548, -0.014062124525821503], 0, -1.0, [-0.6191496284602508, -0.014459923699596037]
[-0.6191496284602508, -0.014459923699596037], 1, -1.0, [-0.6329026947504376, -0.013753066290186765]
[-0.6329026947504376, -0.013753066290186765], 1, -1.0, [-0.6458505941470626, -0.012947899396624954]
[-0.6458505941470626, -0.012947899396624954], 2, -1.0, [-0.6569020221525029, -0.011051428005440306]
[-0.6569020221525029, -0.011051428005440306], 2, -1.0, [-0.6659801121443272, -0.009078089991824287]
[-0.6659801121443272, -0.009078089991824287], 2, -1.0, [-0.6730225193651563, -0.007042407220829194]
[-0.6730225193651563, -0.007042407220829194], 2, -1.0, [-0.6779814060356286, -0.004958886670472248]
[-0.6779814060356286, -0.004958886670472248], 2, -1.0, [-0.6808233762596227, -0.0028419702239940742]
[-0.6808233762596227, -0.0028419702239940742], 2, -1.0, [-0.681529401586002, -0.000706025326379171]
[-0.681529401586002, -0.000706025326379171], 2, -1.0, [-0.6800947675635063, 0.0014346340224956245]
[-0.6800947675635063, 0.0014346340224956245], 2, -1.0, [-0.6765290592370645, 0.0035657083264417767]
[-0.6765290592370645, 0.0035657083264417767], 2, -1.0, [-0.6708561901065279, 0.0056728691305366705]
[-0.6708561901065279, 0.0056728691305366705], 2, -1.0, [-0.6631144653869961, 0.0077417247195317625]
[-0.6631144653869961, 0.0077417247195317625], 2, -1.0, [-0.6533566572468622, 0.009757808140133948]
[-0.6533566572468622, 0.009757808140133948], 2, -1.0, [-0.641650057850429, 0.011706599396433237]
[-0.641650057850429, 0.011706599396433237], 2, -1.0, [-0.6280764663332968, 0.01357359151713207]
[-0.6280764663332968, 0.01357359151713207], 2, -1.0, [-0.6127320591606062, 0.015344407172690588]
[-0.6127320591606062, 0.015344407172690588], 2, -1.0, [-0.595727090513858, 0.017004968646748272]
[-0.595727090513858, 0.017004968646748272], 2, -1.0, [-0.5771853711631467, 0.018541719350711264]
[-0.5771853711631467, 0.018541719350711264], 2, -1.0, [-0.5572434812056575, 0.01994188995748928]
[-0.5572434812056575, 0.01994188995748928], 2, -1.0, [-0.5360496841904571, 0.021193797015200404]
[-0.5360496841904571, 0.021193797015200404], 2, -1.0, [-0.5137625270740919, 0.02228715711636524]
[-0.5137625270740919, 0.02228715711636524], 2, -1.0, [-0.490549131115785, 0.02321339595830684]
[-0.490549131115785, 0.02321339595830684], 2, -1.0, [-0.4665832015720508, 0.02396592954373422]
[-0.4665832015720508, 0.02396592954373422], 2, -1.0, [-0.4420428067521522, 0.024540394819898628]
[-0.4420428067521522, 0.024540394819898628], 2, -1.0, [-0.41710799727014547, 0.024934809482006718]
[-0.41710799727014547, 0.024934809482006718], 2, -1.0, [-0.391958351884452, 0.0251496453856935]
[-0.391958351884452, 0.0251496453856935], 2, -1.0, [-0.3667705453016332, 0.0251878065828188]
[-0.3667705453016332, 0.0251878065828188], 0, -1.0, [-0.3437160346367945, 0.023054510664838716]
[-0.3437160346367945, 0.023054510664838716], 0, -1.0, [-0.3229461095658609, 0.020769925070933594]
[-0.3229461095658609, 0.020769925070933594], 0, -1.0, [-0.3045918279838662, 0.018354281581994675]
[-0.3045918279838662, 0.018354281581994675], 0, -1.0, [-0.2887644479609338, 0.015827380022932405]
[-0.2887644479609338, 0.015827380022932405], 0, -1.0, [-0.27555620597688896, 0.013208241984044845]
[-0.27555620597688896, 0.013208241984044845], 0, -1.0, [-0.2650412898477046, 0.010514916129184386]
[-0.2650412898477046, 0.010514916129184386], 0, -1.0, [-0.25727686455529575, 0.007764425292408861]
[-0.25727686455529575, 0.007764425292408861], 0, -1.0, [-0.2523040270795844, 0.004972837475711385]
[-0.2523040270795844, 0.004972837475711385], 0, -1.0, [-0.2501485893165599, 0.002155437763024447]
[-0.2501485893165599, 0.002155437763024447], 0, -1.0, [-0.25082161391222246, -0.0006730245956625578]
[-0.25082161391222246, -0.0006730245956625578], 0, -1.0, [-0.2543196547984938, -0.003498040886271323]
[-0.2543196547984938, -0.003498040886271323], 0, -1.0, [-0.2606246815511412, -0.006305026752647412]
[-0.2606246815511412, -0.006305026752647412], 0, -1.0, [-0.2697036940872114, -0.009079012536070179]
[-0.2697036940872114, -0.009079012536070179], 0, -1.0, [-0.2815080616037111, -0.011804367516499726]
[-0.2815080616037111, -0.011804367516499726], 0, -1.0, [-0.2959726468785985, -0.014464585274887372]
[-0.2959726468785985, -0.014464585274887372], 0, -1.0, [-0.31301480358016676, -0.017042156701568254]
[-0.31301480358016676, -0.017042156701568254], 0, -1.0, [-0.33253335890543034, -0.019518555325263576]
[-0.33253335890543034, -0.019518555325263576], 0, -1.0, [-0.35440771476511435, -0.021874355859683996]
[-0.35440771476511435, -0.021874355859683996], 0, -1.0, [-0.3784972151742282, -0.024089500409113812]
[-0.3784972151742282, -0.024089500409113812], 0, -1.0, [-0.40464093230364373, -0.026143717129415524]
[-0.40464093230364373, -0.026143717129415524], 0, -1.0, [-0.432658015590271, -0.0280170832866273]
[-0.432658015590271, -0.0280170832866273], 0, -1.0, [-0.4623487248822332, -0.02969070929196219]
[-0.4623487248822332, -0.02969070929196219], 0, -1.0, [-0.4934962288477288, -0.031147503965495572]
[-0.4934962288477288, -0.031147503965495572], 0, -1.0, [-0.5258691951634481, -0.03237296631571929]
[-0.5258691951634481, -0.03237296631571929], 1, -1.0, [-0.5582251334640936, -0.03235593830064553]
[-0.5582251334640936, -0.03235593830064553], 0, -1.0, [-0.5913218408891199, -0.03309670742502629]
[-0.5913218408891199, -0.03309670742502629], 0, -1.0, [-0.6249141124370162, -0.033592271547896305]
[-0.6249141124370162, -0.033592271547896305], 0, -1.0, [-0.6587581648250593, -0.033844052388043076]
[-0.6587581648250593, -0.033844052388043076], 0, -1.0, [-0.692616071712177, -0.0338579068871177]
[-0.692616071712177, -0.0338579068871177], 0, -1.0, [-0.726259973147067, -0.03364390143489001]
[-0.726259973147067, -0.03364390143489001], 0, -1.0, [-0.7594758407011577, -0.0332158675540907]
[-0.7594758407011577, -0.0332158675540907], 0, -1.0, [-0.7920666194234076, -0.03259077872224992]
[-0.7920666194234076, -0.03259077872224992], 0, -1.0, [-0.8238546224544037, -0.03178800303099603]
[-0.8238546224544037, -0.03178800303099603], 0, -1.0, [-0.8546831160111178, -0.030828493556714104]
[-0.8546831160111178, -0.030828493556714104], 2, -1.0, [-0.8824170934384539, -0.02773397742733602]
[-0.8824170934384539, -0.02773397742733602], 2, -1.0, [-0.9069503673970545, -0.02453327395860061]
[-0.9069503673970545, -0.02453327395860061], 2, -1.0, [-0.9282016755707735, -0.02125130817371898]
[-0.9282016755707735, -0.02125130817371898], 2, -1.0, [-0.9461105993515898, -0.017908923780816356]
[-0.9461105993515898, -0.017908923780816356], 2, -1.0, [-0.9606336037248951, -0.014523004373305315]
[-0.9606336037248951, -0.014523004373305315], 2, -1.0, [-0.9717404352142741, -0.011106831489378997]
[-0.9717404352142741, -0.011106831489378997], 2, -1.0, [-0.9794110486183611, -0.00767061340408709]
[-0.9794110486183611, -0.00767061340408709], 2, -1.0, [-0.9836331779792243, -0.004222129360863186]
[-0.9836331779792243, -0.004222129360863186], 2, -1.0, [-0.9844006245965089, -0.0007674466172845232]
[-0.9844006245965089, -0.0007674466172845232], 2, -1.0, [-0.9817123040161908, 0.0026883205803181483]
[-0.9817123040161908, 0.0026883205803181483], 2, -1.0, [-0.9755720720455098, 0.006140231970681049]
[-0.9755720720455098, 0.006140231970681049], 2, -1.0, [-0.965989333203578, 0.009582738841931757]
[-0.965989333203578, 0.009582738841931757], 2, -1.0, [-0.9529804193461483, 0.013008913857429737]
[-0.9529804193461483, 0.013008913857429737], 2, -1.0, [-0.936570707156286, 0.016409712189862306]
[-0.936570707156286, 0.016409712189862306], 2, -1.0, [-0.9167974167219937, 0.019773290434292334]
[-0.9167974167219937, 0.019773290434292334], 2, -1.0, [-0.8937129962524277, 0.023084420469565922]
[-0.8937129962524277, 0.023084420469565922], 2, -1.0, [-0.8673889482786624, 0.026324047973765335]
[-0.8673889482786624, 0.026324047973765335], 2, -1.0, [-0.8379198909240422, 0.029469057354620295]
[-0.8379198909240422, 0.029469057354620295], 2, -1.0, [-0.8054275778242519, 0.03249231309979024]
[-0.8054275778242519, 0.03249231309979024], 2, -1.0, [-0.7700645300569402, 0.035363047767311716]
[-0.7700645300569402, 0.035363047767311716], 2, -1.0, [-0.7320168755718097, 0.03804765448513049]
[-0.7320168755718097, 0.03804765448513049], 2, -1.0, [-0.6915059623819881, 0.040510913189821536]
[-0.6915059623819881, 0.040510913189821536], 2, -1.0, [-0.6487883287233877, 0.04271763365860052]
[-0.6487883287233877, 0.04271763365860052], 2, -1.0, [-0.6041536910354894, 0.04463463768789821]
[-0.6041536910354894, 0.04463463768789821], 2, -1.0, [-0.5579207550285686, 0.04623293600692083]
[-0.5579207550285686, 0.04623293600692083], 2, -1.0, [-0.5104308587862305, 0.04748989624233817]
[-0.5104308587862305, 0.04748989624233817], 2, -1.0, [-0.46203969623555724, 0.048391162550673286]
[-0.46203969623555724, 0.048391162550673286], 2, -1.0, [-0.413107606858806, 0.048932089376751274]
[-0.413107606858806, 0.048932089376751274], 2, -1.0, [-0.36398910917051014, 0.04911849768829584]
[-0.36398910917051014, 0.04911849768829584], 2, -1.0, [-0.3150224619509218, 0.0489666472195883]
[-0.3150224619509218, 0.0489666472195883], 2, -1.0, [-0.26652003538548685, 0.04850242656543497]
[-0.26652003538548685, 0.04850242656543497], 2, -1.0, [-0.21876016432619272, 0.04775987105929414]
[-0.21876016432619272, 0.04775987105929414], 2, -1.0, [-0.1719809614019376, 0.046779202924255116]
[-0.1719809614019376, 0.046779202924255116], 2, -1.0, [-0.12637632830812873, 0.045604633093808876]
[-0.12637632830812873, 0.045604633093808876], 2, -1.0, [-0.08209416361577651, 0.04428216469235221]
[-0.08209416361577651, 0.04428216469235221], 2, -1.0, [-0.03923656255082164, 0.04285760106495487]
[-0.03923656255082164, 0.04285760106495487], 2, -1.0, [0.002138337988988874, 0.041374900539810515]
[0.002138337988988874, 0.041374900539810515], 2, -1.0, [0.042013289969128224, 0.03987495198013935]
[0.042013289969128224, 0.03987495198013935], 2, -1.0, [0.08040807323601003, 0.0383947832668818]
[0.08040807323601003, 0.0383947832668818], 2, -1.0, [0.11737524088587677, 0.03696716764986674]
[0.11737524088587677, 0.03696716764986674], 2, -1.0, [0.1529958043222727, 0.03562056343639593]
[0.1529958043222727, 0.03562056343639593], 2, -1.0, [0.18737511382324515, 0.034379309500972455]
[0.18737511382324515, 0.034379309500972455], 2, -1.0, [0.22063911270858896, 0.03326399888534382]
[0.22063911270858896, 0.03326399888534382], 2, -1.0, [0.25293107352437466, 0.03229196081578572]
[0.25293107352437466, 0.03229196081578572], 2, -1.0, [0.28440886719273406, 0.03147779366835942]
[0.28440886719273406, 0.03147779366835942], 2, -1.0, [0.3152427717810312, 0.030833904588297142]
[0.3152427717810312, 0.030833904588297142], 2, -1.0, [0.3456137953034125, 0.030371023522381305]
[0.3456137953034125, 0.030371023522381305], 2, -1.0, [0.37571246450177226, 0.030098669198359743]
[0.37571246450177226, 0.030098669198359743], 2, -1.0, [0.40573801611896365, 0.030025551617191396]
[0.40573801611896365, 0.030025551617191396], 2, -1.0, [0.4358979159993563, 0.03015989988039264]
[0.4358979159993563, 0.03015989988039264], 2, -1.0, [0.4664076218527229, 0.030509705853366573]
[0.4664076218527229, 0.030509705853366573], 1, -1.0, [0.4964904954100289, 0.030082873557306017]
[0.4964904954100289, 0.030082873557306017], 1, -1.0, [0.5263702809003719, 0.029879785490342998]
