[-0.5924752715248626, 0.0], 2, -1.0, [-0.590962365882738, 0.0015129056421245377]
[-0.590962365882738, 0.0015129056421245377], 2, -1.0, [-0.5879476652663291, 0.0030147006164088406]
[-0.5879476652663291, 0.0030147006164088406], 2, -1.0, [-0.5834533400106666, 0.004494325255662489]
[-0.5834533400106666, 0.004494325255662489], 2, -1.0, [-0.5775125140081484, 0.005940826002518215]
[-0.5775125140081484, 0.005940826002518215], 2, -1.0, [-0.5701690956570961, 0.007343418351052322]
[-0.5701690956570961, 0.007343418351052322], 2, -1.0, [-0.5614775350636378, 0.008691560593458186]
[-0.5614775350636378, 0.008691560593458186], 2, -1.0, [-0.5515024947997156, 0.009975040263922236]
[-0.5515024947997156, 0.009975040263922236], 2, -1.0, [-0.5403184209773174, 0.011184073822398175]
[-0.5403184209773174, 0.011184073822398175], 2, -1.0, [-0.5280090023895517, 0.01230941858776574]
[-0.5280090023895517, 0.01230941858776574], 2, -1.0, [-0.5146665080658609, 0.013342494323690854]
[-0.5146665080658609, 0.013342494323690854], 2, -1.0, [-0.5003909977314748, 0.0142755103343861]
[-0.5003909977314748, 0.0142755103343861], 2, -1.0, [-0.4852894051431915, 0.015101592588283235]
[-0.4852894051431915, 0.015101592588283235], 2, -1.0, [-0.4694745007406645, 0.015814904402527034]
[-0.4694745007406645, 0.015814904402527034], 2, -1.0, [-0.4530637470208098, 0.01641075371985467]
[-0.4530637470208098, 0.01641075371985467], 2, -1.0, [-0.4361780669362341, 0.01688568008457568]
[-0.4361780669362341, 0.01688568008457568], 2, -1.0, [-0.418940551822014, 0.017237515114220125]
[-0.418940551822014, 0.017237515114220125], 2, -1.0, [-0.4014751402821835, 0.017465411539830486]
[-0.4014751402821835, 0.017465411539830486], 2, -1.0, [-0.3839053026285387, 0.0175698376536448]
[-0.3839053026285387, 0.0175698376536448], 1, -1.0, [-0.3673527665285118, 0.01655253610002691]
[-0.3673527665285118, 0.01655253610002691], 2, -1.0, [-0.35092963240380814, 0.016423134124703663]
[-0.35092963240380814, 0.016423134124703663], 1, -1.0, [-0.33574437318353756, 0.015185259220270607]
[-0.33574437318353756, 0.015185259220270607], 0, -1.0, [-0.3228946183757596, 0.01284975480777796]
[-0.3228946183757596, 0.01284975480777796], 2, -1.0, [-0.3104608253438134, 0.012433793031946203]
[-0.3104608253438134, 0.012433793031946203], 1, -1.0, [-0.2995188452893265, 0.010941980054486948]
[-0.2995188452893265, 0.010941980054486948], 2, -1.0, [-0.2891337152963047, 0.010385129993021788]
[-0.2891337152963047, 0.010385129993021788], 0, -1.0, [-0.281365612170314, 0.007768103125990766]
[-0.281365612170314, 0.007768103125990766], 0, -1.0, [-0.2762585254240488, 0.0051070867462651905]
[-0.2762585254240488, 0.0051070867462651905], 0, -1.0, [-0.27384088566436976, 0.002417639759679028]
[-0.27384088566436976, 0.002417639759679028], 0, -1.0, [-0.2741260137360601, -0.000285128071690355]
[-0.2741260137360601, -0.000285128071690355], 0, -1.0, [-0.27711234327026857, -0.0029863295342084486]
[-0.27711234327026857, -0.0029863295342084486], 0, -1.0, [-0.2827833941067356, -0.005671050836467002]
[-0.2827833941067356, -0.005671050836467002], 0, -1.0, [-0.2911074992502382, -0.008324105143502639]
[-0.2911074992502382, -0.008324105143502639], 0, -1.0, [-0.3020373131728011, -0.010929813922562873]
[-0.3020373131728011, -0.010929813922562873], 0, -1.0, [-0.3155091539479875, -0.013471840775186431]
[-0.3155091539479875, -0.013471840775186431], 0, -1.0, [-0.3314422552057959, -0.01593310125780837]
[-0.3314422552057959, -0.01593310125780837], 0, -1.0, [-0.3497380250821853, -0.018295769876389423]
[-0.3497380250821853, -0.018295769876389423], 0, -1.0, [-0.3702794265174172, -0.020541401435231886]
[-0.3702794265174172, -0.020541401435231886], 0, -1.0, [-0.3929306042394037, -0.022651177721986493]
[-0.3929306042394037, -0.022651177721986493], 0, -1.0, [-0.41753688606963735, -0.02460628183023367]
[-0.41753688606963735, -0.02460628183023367], 0, -1.0, [-0.4439252774403159, -0.026388391370678534]
[-0.4439252774403159, -0.026388391370678534], 0, -1.0, [-0.47190554651508343, -0.027980269074767555]
[-0.47190554651508343, -0.027980269074767555], 0, -1.0, [-0.501271962666657, -0.02936641615157357]
[-0.501271962666657, -0.02936641615157357], 0, -1.0, [-0.5318057047351156, -0.030533742068458557]
[-0.5318057047351156, -0.030533742068458557], 0, -1.0, [-0.5632779010534874, -0.03147219631837188]
[-0.5632779010534874, -0.03147219631837188], 0, -1.0, [-0.5954532062445747, -0.03217530519108722]
[-0.5954532062445747, -0.03217530519108722], 0, -1.0, [-0.6280937671422828, -0.03264056089770815]
[-0.6280937671422828, -0.03264056089770815], 0, -1.0, [-0.6609633889510318, -0.03286962180874899]
[-0.6609633889510318, -0.03286962180874899], 0, -1.0, [-0.6938316888669962, -0.03286829991596439]
[-0.6938316888669962, -0.03286829991596439], 0, -1.0, [-0.7264780214104902, -0.032646332543494]
[-0.7264780214104902, -0.032646332543494], 0, -1.0, [-0.7586949780712743, -0.0322169566607841]
[-0.7586949780712743, -0.0322169566607841], 0, -1.0, [-0.7902913007088384, -0.03159632263756412]
[-0.7902913007088384, -0.03159632263756412], 0, -1.0, [-0.821094098006415, -0.030802797297576654]
[-0.821094098006415, -0.030802797297576654], 0, -1.0, [-0.8509503101979402, -0.029856212191525282]
[-0.8509503101979402, -0.029856212191525282], 0, -1.0, [-0.879727422195969, -0.02877711199802879]
[-0.879727422195969, -0.02877711199802879], 0, -1.0, [-0.9073134731625934, -0.02758605096662434]
[-0.9073134731625934, -0.02758605096662434], 0, -1.0, [-0.9336164474035312, -0.02630297424093791]
[-0.9336164474035312, -0.02630297424093791], 0, -1.0, [-0.9585631553435711, -0.024946707940039812]
[-0.9585631553435711, -0.024946707940039812], 0, -1.0, [-0.9820977243983986, -0.02353456905482758]
[-0.9820977243983986, -0.02353456905482758], 0, -1.0, [-1.0041798194625318, -0.022082095064133223]
[-1.0041798194625318, -0.022082095064133223], 0, -1.0, [-1.0247827040579471, -0.02060288459541538]
[-1.0247827040579471, -0.02060288459541538], 0, -1.0, [-1.0438912388092325, -0.019108534751285475]
[-1.0438912388092325, -0.019108534751285475], 0, -1.0, [-1.0614998965411526, -0.01760865773192021]
[-1.0614998965411526, -0.01760865773192021], 0, -1.0, [-1.0776108551872157, -0.016110958646062996]
[-1.0776108551872157, -0.016110958646062996], 0, -1.0, [-1.0922322125183492, -0.014621357331133667]
[-1.0922322125183492, -0.014621357331133667], 2, -1.0, [-1.1033763515229498, -0.011144139004600647]
[-1.1033763515229498, -0.011144139004600647], 2, -1.0, [-1.1110559122117496, -0.007679560688799776]
[-1.1110559122117496, -0.007679560688799776], 2, -1.0, [-1.1152812090288582, -0.004225296817108565]
[-1.1152812090288582, -0.004225296817108565], 2, -1.0, [-1.1160584728783252, -0.0007772638494668582]
[-1.1160584728783252, -0.0007772638494668582], 2, -1.0, [-1.1133888928294813, 0.0026695800488438556]
[-1.1133888928294813, 0.0026695800488438556], 2, -1.0, [-1.1072684405835664, 0.0061204522459148095]
[-1.1072684405835664, 0.0061204522459148095], 2, -1.0, [-1.0976884743460271, 0.009579966237539218]
[-1.0976884743460271, 0.009579966237539218], 2, -1.0, [-1.0846371333141054, 0.01305134103192173]
[-1.0846371333141054, 0.01305134103192173], 2, -1.0, [-1.0681015450869167, 0.016535588227188713]
[-1.0681015450869167, 0.016535588227188713], 2, -1.0, [-1.0480708712396145, 0.020030673847302186]
[-1.0480708712396145, 0.020030673847302186], 2, -1.0, [-1.0245402059725464, 0.023530665267068245]
[-1.0245402059725464, 0.023530665267068245], 2, -1.0, [-0.997515313729297, 0.027024892243249284]
[-0.997515313729297, 0.027024892243249284], 2, -1.0, [-0.9670181387706567, 0.030497174958640356]
[-0.9670181387706567, 0.030497174958640356], 2, -1.0, [-0.9330929390776522, 0.033925199693004435]
[-0.9330929390776522, 0.033925199693004435], 2, -1.0, [-0.8958127881146941, 0.03728015096295812]
[-0.8958127881146941, 0.03728015096295812], 2, -1.0, [-0.8552860562394634, 0.040526731875230725]
[-0.8552860562394634, 0.040526731875230725], 2, -1.0, [-0.8116623427700538, 0.04362371346940965]
[-0.8116623427700538, 0.04362371346940965], 2, -1.0, [-0.7651372041231919, 0.04652513864686192]
[-0.7651372041231919, 0.04652513864686192], 2, -1.0, [-0.7159549468886506, 0.049182257234541255]
[-0.7159549468886506, 0.049182257234541255], 2, -1.0, [-0.6644087658868649, 0.05154618100178561]
[-0.6644087658868649, 0.05154618100178561], 2, -1.0, [-0.6108376398187396, 0.05357112606812529]
[-0.6108376398187396, 0.05357112606812529], 2, -1.0, [-0.5556196660749804, 0.05521797374375925]
[-0.5556196660749804, 0.05521797374375925], 2, -1.0, [-0.49916190484470524, 0.056457761230275134]
[-0.49916190484470524, 0.056457761230275134], 2, -1.0, [-0.44188725602089324, 0.057274648823812016]
[-0.44188725602089324, 0.057274648823812016], 2, -1.0, [-0.3842193243546833, 0.05766793166620993]
[-0.3842193243546833, 0.05766793166620993], 2, -1.0, [-0.3265665424355467, 0.0576527819191366]
[-0.3265665424355467, 0.0576527819191366], 2, -1.0, [-0.26930694046732545, 0.05725960196822126]
[-0.26930694046732545, 0.05725960196822126], 2, -1.0, [-0.21277484565888874, 0.056532094808436704]
[-0.21277484565888874, 0.056532094808436704], 2, -1.0, [-0.15725048887666207, 0.055524356782226676]
[-0.15725048887666207, 0.055524356782226676], 2, -1.0, [-0.10295306635914041, 0.05429742251752166]
[-0.10295306635914041, 0.05429742251752166], 2, -1.0, [-0.05003734624483875, 0.05291572011430166]
[-0.05003734624483875, 0.05291572011430166], 2, -1.0, [0.0014064880472854993, 0.05144383429212425]
[0.0014064880472854993, 0.05144383429212425], 2, -1.0, [0.05135034459422379, 0.04994385654693829]
[0.05135034459422379, 0.04994385654693829], 2, -1.0, [0.09982380717271025, 0.04847346257848647]
[0.09982380717271025, 0.04847346257848647], 2, -1.0, [0.14690853834799095, 0.047084731175280684]
[0.14690853834799095, 0.047084731175280684], 2, -1.0, [0.1927321636308222, 0.04582362528283126]
[0.1927321636308222, 0.04582362528283126], 2, -1.0, [0.23746216477569637, 0.04473000114487417]
[0.23746216477569637, 0.04473000114487417], 2, -1.0, [0.28130015561981736, 0.04383799084412096]
[0.28130015561981736, 0.04383799084412096], 2, -1.0, [0.32447676321361185, 0.0431766075937945]
[0.32447676321361185, 0.0431766075937945], 2, -1.0, [0.36724720427268714, 0.04277044105907531]
[0.36724720427268714, 0.04277044105907531], 2, -1.0, [0.4098875370914593, 0.042640332818772185]
[0.4098875370914593, 0.042640332818772185], 2, -1.0, [0.4526914806772542, 0.04280394358579485]
[0.4526914806772542, 0.04280394358579485], 2, -1.0, [0.49596762123354843, 0.04327614055629424]
[0.49596762123354843, 0.04327614055629424], 2, -1.0, [0.5400367653789269, 0.044069144145378394]
