[-0.5598127626880491, 0.0], 0, -1.0, [-0.5605416917651891, -0.0007289290771398996]
[-0.5605416917651891, -0.0007289290771398996], 0, -1.0, [-0.561994115835655, -0.0014524240704658824]
[-0.561994115835655, -0.0014524240704658824], 0, -1.0, [-0.5641592112100898, -0.002165095374434855]
[-0.5641592112100898, -0.002165095374434855], 0, -1.0, [-0.5670208534514062, -0.0028616422413163026]
[-0.5670208534514062, -0.0028616422413163026], 0, -1.0, [-0.5705577503800361, -0.0035368969286298678]
[-0.5705577503800361, -0.0035368969286298678], 0, -1.0, [-0.5747436187951835, -0.004185868415147431]
[-0.5747436187951835, -0.004185868415147431], 0, -1.0, [-0.5795474041904861, -0.004803785395302574]
[-0.5795474041904861, -0.004803785395302574], 0, -1.0, [-0.5849335423457297, -0.005386138155243575]
[-0.5849335423457297, -0.005386138155243575], 0, -1.0, [-0.5908622611681752, -0.005928718822445526]
[-0.5908622611681752, -0.005928718822445526], 0, -1.0, [-0.5972899205451279, -0.006427659376952686]
[-0.5972899205451279, -0.006427659376952686], 1, -1.0, [-0.6031693872733964, -0.0058794667282685165]
[-0.6031693872733964, -0.0058794667282685165], 0, -1.0, [-0.6094577260366719, -0.0062883387632754785]
[-0.6094577260366719, -0.0062883387632754785], 0, -1.0, [-0.6161092195678571, -0.0066514935311852656]
[-0.6161092195678571, -0.0066514935311852656], 0, -1.0, [-0.6230757573940933, -0.006966537826236171]
[-0.6230757573940933, -0.006966537826236171], 0, -1.0, [-0.6303072430493889, -0.007231485655295594]
[-0.6303072430493889, -0.007231485655295594], 0, -1.0, [-0.6377520147184403, -0.007444771669051486]
[-0.6377520147184403, -0.007444771669051486], 0, -1.0, [-0.6453572739100242, -0.007605259191583875]
[-0.6453572739100242, -0.007605259191583875], 1, -1.0, [-0.6520695165333757, -0.0067122426233515945]
[-0.6520695165333757, -0.0067122426233515945], 1, -1.0, [-0.6578419062760335, -0.005772389742657738]
[-0.6578419062760335, -0.005772389742657738], 1, -1.0, [-0.662634468955627, -0.0047925626795935735]
[-0.662634468955627, -0.0047925626795935735], 1, -1.0, [-0.6664142384920131, -0.003779769536386041]
[-0.6664142384920131, -0.003779769536386041], 1, -1.0, [-0.669155362727354, -0.0027411242353409435]
[-0.669155362727354, -0.0027411242353409435], 2, -1.0, [-0.6698391767882571, -0.0006838140609031398]
[-0.6698391767882571, -0.0006838140609031398], 2, -1.0, [-0.6684610355393837, 0.0013781412488733228]
[-0.6684610355393837, 0.0013781412488733228], 2, -1.0, [-0.6650303052195103, 0.003430730319873431]
[-0.6650303052195103, 0.003430730319873431], 2, -1.0, [-0.6595703798437809, 0.005459925375729497]
[-0.6595703798437809, 0.005459925375729497], 2, -1.0, [-0.6521187142327168, 0.007451665611064075]
[-0.6521187142327168, 0.007451665611064075], 2, -1.0, [-0.6427268538357198, 0.009391860396996982]
[-0.6427268538357198, 0.009391860396996982], 2, -1.0, [-0.6314604310775406, 0.011266422758179245]
[-0.6314604310775406, 0.011266422758179245], 2, -1.0, [-0.6183990895467558, 0.01306134153078471]
[-0.6183990895467558, 0.01306134153078471], 2, -1.0, [-0.6036362917466176, 0.014762797800138184]
[-0.6036362917466176, 0.014762797800138184], 1, -1.0, [-0.5882789640777294, 0.015357327668888166]
[-0.5882789640777294, 0.015357327668888166], 1, -1.0, [-0.5724395734216324, 0.015839390656096953]
[-0.5724395734216324, 0.015839390656096953], 1, -1.0, [-0.5562351860679992, 0.01620438735363331]
[-0.5562351860679992, 0.01620438735363331], 0, -1.0, [-0.5407864165231049, 0.01544876954489427]
[-0.5407864165231049, 0.01544876954489427], 0, -1.0, [-0.5262087967854097, 0.014577619737695184]
[-0.5262087967854097, 0.014577619737695184], 0, -1.0, [-0.5126116020888357, 0.013597194696573972]
[-0.5126116020888357, 0.013597194696573972], 0, -1.0, [-0.5000967962729624, 0.012514805815873314]
[-0.5000967962729624, 0.012514805815873314], 0, -1.0, [-0.48875810930033486, 0.011338686972627597]
[-0.48875810930033486, 0.011338686972627597], 0, -1.0, [-0.47868025179852863, 0.010077857501806248]
[-0.47868025179852863, 0.010077857501806248], 0, -1.0, [-0.4699382645526308, 0.008741987245897797]
[-0.4699382645526308, 0.008741987245897797], 0, -1.0, [-0.46259699512175023, 0.007341269430880575]
[-0.46259699512175023, 0.007341269430880575], 0, -1.0, [-0.4567106895575727, 0.005886305564177515]
[-0.4567106895575727, 0.005886305564177515], 0, -1.0, [-0.4523226847536489, 0.004388004803923815]
[-0.4523226847536489, 0.004388004803923815], 0, -1.0, [-0.4494651862798021, 0.0028574984738468116]
[-0.4494651862798021, 0.0028574984738468116], 0, -1.0, [-0.44815911754408316, 0.0013060687357189453]
[-0.44815911754408316, 0.0013060687357189453], 0, -1.0, [-0.4484140285481938, -0.00025491100411063525]
[-0.4484140285481938, -0.00025491100411063525], 0, -1.0, [-0.4502280560494145, -0.0018140275012207333]
[-0.4502280560494145, -0.0018140275012207333], 0, -1.0, [-0.45358793124324825, -0.003359875193833764]
[-0.45358793124324825, -0.003359875193833764], 0, -1.0, [-0.45846903573228015, -0.00488110448903188]
[-0.45846903573228015, -0.00488110448903188], 0, -1.0, [-0.46483551112945043, -0.006366475397170298]
[-0.46483551112945043, -0.006366475397170298], 0, -1.0, [-0.4726404317421665, -0.0078049206127160965]
[-0.4726404317421665, -0.0078049206127160965], 0, -1.0, [-0.4818260530024011, -0.009185621260234592]
[-0.4818260530024011, -0.009185621260234592], 0, -1.0, [-0.4923241502936512, -0.010498097291250043]
[-0.4923241502936512, -0.010498097291250043], 0, -1.0, [-0.5040564632911053, -0.011732312997454131]
[-0.5040564632911053, -0.011732312997454131], 0, -1.0, [-0.5169352596837563, -0.012878796392650972]
[-0.5169352596837563, -0.012878796392650972], 0, -1.0, [-0.5308640291172234, -0.013928769433467112]
[-0.5308640291172234, -0.013928769433467112], 0, -1.0, [-0.5457383134634415, -0.014874284346218085]
[-0.5457383134634415, -0.014874284346218085], 0, -1.0, [-0.5614466733325842, -0.015708359869142787]
[-0.5614466733325842, -0.015708359869142787], 0, -1.0, [-0.5778717835026037, -0.016425110170019477]
[-0.5778717835026037, -0.016425110170019477], 0, -1.0, [-0.5948916422051033, -0.017019858702499537]
[-0.5948916422051033, -0.017019858702499537], 0, -1.0, [-0.6123808716254022, -0.017489229420299]
[-0.6123808716254022, -0.017489229420299], 0, -1.0, [-0.6302120802383657, -0.017831208612963518]
[-0.6302120802383657, -0.017831208612963518], 0, -1.0, [-0.6482572523583066, -0.018045172119940785]
[-0.6482572523583066, -0.018045172119940785], 0, -1.0, [-0.6663891270605643, -0.018131874702257755]
[-0.6663891270605643, -0.018131874702257755], 0, -1.0, [-0.6844825277772274, -0.018093400716663093]
[-0.6844825277772274, -0.018093400716663093], 0, -1.0, [-0.7024156054916045, -0.01793307771437712]
[-0.7024156054916045, -0.01793307771437712], 0, -1.0, [-0.7200709624224129, -0.01765535693080837]
[-0.7200709624224129, -0.01765535693080837], 0, -1.0, [-0.7373366290416966, -0.01726566661928374]
[-0.7373366290416966, -0.01726566661928374], 0, -1.0, [-0.7541068746785732, -0.016770245636876537]
[-0.7541068746785732, -0.016770245636876537], 0, -1.0, [-0.7702828401893294, -0.016175965510756167]
[-0.7702828401893294, -0.016175965510756167], 0, -1.0, [-0.7857729895646604, -0.015490149375330985]
[-0.7857729895646604, -0.015490149375330985], 2, -1.0, [-0.7984933852891374, -0.012720395724477043]
[-0.7984933852891374, -0.012720395724477043], 2, -1.0, [-0.8083779479997374, -0.00988456271060006]
[-0.8083779479997374, -0.00988456271060006], 2, -1.0, [-0.8153771706675647, -0.006999222667827222]
[-0.8153771706675647, -0.006999222667827222], 2, -1.0, [-0.8194569975559401, -0.0040798268883755085]
[-0.8194569975559401, -0.0040798268883755085], 2, -1.0, [-0.8205979671215831, -0.001140969565642927]
[-0.8205979671215831, -0.001140969565642927], 2, -1.0, [-0.8187946885717236, 0.0018032785498594698]
[-0.8187946885717236, 0.0018032785498594698], 2, -1.0, [-0.8140556923660465, 0.004738996205677049]
[-0.8140556923660465, 0.004738996205677049], 2, -1.0, [-0.8064036658732103, 0.007652026492836084]
[-0.8064036658732103, 0.007652026492836084], 2, -1.0, [-0.7958760564529801, 0.010527609420230283]
[-0.7958760564529801, 0.010527609420230283], 2, -1.0, [-0.7825259950832035, 0.013350061369776553]
[-0.7825259950832035, 0.013350061369776553], 2, -1.0, [-0.7664234641674463, 0.016102530915757248]
[-0.7664234641674463, 0.016102530915757248], 2, -1.0, [-0.7476566038219994, 0.018766860345446904]
[-0.7476566038219994, 0.018766860345446904], 2, -1.0, [-0.7263330231183237, 0.021323580703675696]
[-0.7263330231183237, 0.021323580703675696], 2, -1.0, [-0.7025809588717076, 0.023752064246616147]
[-0.7025809588717076, 0.023752064246616147], 2, -1.0, [-0.6765501080545689, 0.02603085081713862]
[-0.6765501080545689, 0.02603085081713862], 2, -1.0, [-0.6484119548945627, 0.028138153160006264]
[-0.6484119548945627, 0.028138153160006264], 2, -1.0, [-0.6183594243412547, 0.03005253055330807]
[-0.6183594243412547, 0.03005253055330807], 2, -1.0, [-0.5866057230624385, 0.031753701278816195]
[-0.5866057230624385, 0.031753701278816195], 2, -1.0, [-0.5533822786144261, 0.033223444448012354]
[-0.5533822786144261, 0.033223444448012354], 2, -1.0, [-0.5189357549964186, 0.034446523618007464]
[-0.5189357549964186, 0.034446523618007464], 2, -1.0, [-0.4835242028922809, 0.035411552104137774]
[-0.4835242028922809, 0.035411552104137774], 2, -1.0, [-0.44741248657207033, 0.03611171632021057]
[-0.44741248657207033, 0.03611171632021057], 2, -1.0, [-0.4108672055133236, 0.0365452810587467]
[-0.4108672055133236, 0.0365452810587467], 2, -1.0, [-0.3741513859653433, 0.03671581954798031]
[-0.3741513859653433, 0.03671581954798031], 2, -1.0, [-0.33751924678699663, 0.03663213917834666]
[-0.33751924678699663, 0.03663213917834666], 2, -1.0, [-0.30121134012870765, 0.03630790665828897]
[-0.30121134012870765, 0.03630790665828897], 2, -1.0, [-0.26545033158056636, 0.0357610085481413]
[-0.26545033158056636, 0.0357610085481413], 2, -1.0, [-0.2304376222856318, 0.035012709294934545]
[-0.2304376222856318, 0.035012709294934545], 2, -1.0, [-0.1963509371456979, 0.034086685139933896]
[-0.1963509371456979, 0.034086685139933896], 2, -1.0, [-0.16334292021844704, 0.033008016927250874]
[-0.16334292021844704, 0.033008016927250874], 2, -1.0, [-0.13154070159803677, 0.03180221862041028]
[-0.13154070159803677, 0.03180221862041028], 2, -1.0, [-0.10104633776668956, 0.030494363831347203]
[-0.10104633776668956, 0.030494363831347203], 2, -1.0, [-0.0719379842906806, 0.02910835347600896]
[-0.0719379842906806, 0.02910835347600896], 2, -1.0, [-0.04427163685427464, 0.027666347436405964]
[-0.04427163685427464, 0.027666347436405964], 1, -1.0, [-0.019083272060998146, 0.025188364793276494]
[-0.019083272060998146, 0.025188364793276494], 1, -1.0, [0.0036091885402295375, 0.022692460601227683]
[0.0036091885402295375, 0.022692460601227683], 1, -1.0, [0.023801795685247113, 0.020192607145017576]
[0.023801795685247113, 0.020192607145017576], 0, -1.0, [0.040500773534325574, 0.016698977849078457]
[0.040500773534325574, 0.016698977849078457], 0, -1.0, [0.05371818220980896, 0.013217408675483383]
[0.05371818220980896, 0.013217408675483383], 0, -1.0, [0.06346798417243728, 0.009749801962628316]
[0.06346798417243728, 0.009749801962628316], 0, -1.0, [0.06976296647263375, 0.006294982300196469]
[0.06976296647263375, 0.006294982300196469], 0, -1.0, [0.07261250151435457, 0.0028495350417208198]
[0.07261250151435457, 0.0028495350417208198], 0, -1.0, [0.07202111883683718, -0.0005913826775173908]
[0.07202111883683718, -0.0005913826775173908], 0, -1.0, [0.0679878637155049, -0.004033255121332282]
[0.0679878637155049, -0.004033255121332282], 0, -1.0, [0.060506430000515914, -0.007481433714988987]
[0.060506430000515914, -0.007481433714988987], 0, -1.0, [0.0495660698865835, -0.010940360113932417]
[0.0495660698865835, -0.010940360113932417], 0, -1.0, [0.03515329782969088, -0.01441277205689262]
[0.03515329782969088, -0.01441277205689262], 0, -1.0, [0.017254415129180627, -0.017898882700510252]
[0.017254415129180627, -0.017898882700510252], 0, -1.0, [-0.004141119027146967, -0.021395534156327594]
[-0.004141119027146967, -0.021395534156327594], 0, -1.0, [-0.029036460261204412, -0.024895341234057445]
[-0.029036460261204412, -0.024895341234057445], 0, -1.0, [-0.05742232243622096, -0.02838586217501655]
[-0.05742232243622096, -0.02838586217501655], 0, -1.0, [-0.08927118137087545, -0.03184885893465449]
[-0.08927118137087545, -0.03184885893465449], 0, -1.0, [-0.12453091977734443, -0.035259738406468975]
[-0.12453091977734443, -0.035259738406468975], 0, -1.0, [-0.1631182135187796, -0.03858729374143517]
[-0.1631182135187796, -0.03858729374143517], 0, -1.0, [-0.20491209825448858, -0.04179388473570898]
[-0.20491209825448858, -0.04179388473570898], 0, -1.0, [-0.2497482969039057, -0.04483619864941711]
[-0.2497482969039057, -0.04483619864941711], 0, -1.0, [-0.29741500398328036, -0.04766670707937464]
[-0.29741500398328036, -0.04766670707937464], 0, -1.0, [-0.3476508758289991, -0.050235871845718774]
[-0.3476508758289991, -0.050235871845718774], 0, -1.0, [-0.40014592691444684, -0.05249505108544773]
[-0.40014592691444684, -0.05249505108544773], 0, -1.0, [-0.4545458522274009, -0.05439992531295408]
[-0.4545458522274009, -0.05439992531295408], 0, -1.0, [-0.5104599781691409, -0.055914125941740014]
[-0.5104599781691409, -0.055914125941740014], 0, -1.0, [-0.5674726195771834, -0.05701264140804249]
[-0.5674726195771834, -0.05701264140804249], 0, -1.0, [-0.625157156433313, -0.057684536856129585]
[-0.625157156433313, -0.057684536856129585], 0, -1.0, [-0.6830917350518482, -0.057934578618535085]
[-0.6830917350518482, -0.057934578618535085], 0, -1.0, [-0.7408752401337433, -0.05778350508189513]
[-0.7408752401337433, -0.05778350508189513], 0, -1.0, [-0.7981421408585078, -0.05726690072476449]
[-0.7981421408585078, -0.05726690072476449], 0, -1.0, [-0.8545749977451543, -0.05643285688664661]
[-0.8545749977451543, -0.05643285688664661], 0, -1.0, [-0.9099137813304182, -0.055338783585263875]
[-0.9099137813304182, -0.055338783585263875], 0, -1.0, [-0.9639616116598875, -0.0540478303294692]
[-0.9639616116598875, -0.0540478303294692], 0, -1.0, [-1.016586980321396, -0.0526253686615085]
[-1.016586980321396, -0.0526253686615085], 0, -1.0, [-1.0677228829063163, -0.05113590258492037]
[-1.0677228829063163, -0.05113590258492037], 0, -1.0, [-1.1173635234978696, -0.049640640591553285]
[-1.1173635234978696, -0.049640640591553285], 0, -1.0, [-1.1655593465949647, -0.04819582309709524]
[-1.1655593465949647, -0.04819582309709524], 0, -1.0, [-1.2, 0.0]
[-1.2, 0.0], 2, -1.0, [-1.1967581039591646, 0.003241896040835368]
[-1.1967581039591646, 0.003241896040835368], 0, -1.0, [-1.1922636585360942, 0.004494445423070332]
[-1.1922636585360942, 0.004494445423070332], 0, -1.0, [-1.1865022469892634, 0.005761411546830676]
[-1.1865022469892634, 0.005761411546830676], 2, -1.0, [-1.177455991677601, 0.009046255311662343]
[-1.177455991677601, 0.009046255311662343], 2, -1.0, [-1.1650982013317788, 0.012357790345822389]
[-1.1650982013317788, 0.012357790345822389], 2, -1.0, [-1.149395168765232, 0.015703032566546763]
[-1.149395168765232, 0.015703032566546763], 2, -1.0, [-1.1303087176488529, 0.019086451116379185]
[-1.1303087176488529, 0.019086451116379185], 2, -1.0, [-1.1077995737789992, 0.022509143869853643]
[-1.1077995737789992, 0.022509143869853643], 2, -1.0, [-1.0818316330370565, 0.02596794074194264]
[-1.0818316330370565, 0.02596794074194264], 2, -1.0, [-1.052377174754988, 0.029454458282068607]
[-1.052377174754988, 0.029454458282068607], 2, -1.0, [-1.0194230182874737, 0.03295415646751428]
[-1.0194230182874737, 0.03295415646751428], 2, -1.0, [-0.9829775353276297, 0.036445482959844094]
[-0.9829775353276297, 0.036445482959844094], 2, -1.0, [-0.9430783063982825, 0.039899228929347115]
[-0.9430783063982825, 0.039899228929347115], 2, -1.0, [-0.8998000482780737, 0.043278258120208836]
[-0.8998000482780737, 0.043278258120208836], 2, -1.0, [-0.853262251124492, 0.04653779715358159]
[-0.853262251124492, 0.04653779715358159], 2, -1.0, [-0.8036357749460608, 0.04962647617843129]
[-0.8036357749460608, 0.04962647617843129], 2, -1.0, [-0.7511475057615017, 0.052488269184559115]
[-0.7511475057615017, 0.052488269184559115], 2, -1.0, [-0.6960821155128288, 0.05506539024867282]
[-0.6960821155128288, 0.05506539024867282], 2, -1.0, [-0.638780061256626, 0.05730205425620278]
[-0.638780061256626, 0.05730205425620278], 2, -1.0, [-0.5796312359062845, 0.05914882535034145]
[-0.5796312359062845, 0.05914882535034145], 2, -1.0, [-0.519064143426935, 0.06056709247934958]
[-0.519064143426935, 0.06056709247934958], 2, -1.0, [-0.4575310596398725, 0.06153308378706244]
[-0.4575310596398725, 0.06153308378706244], 2, -1.0, [-0.3954902457935861, 0.062040813846286395]
[-0.3954902457935861, 0.062040813846286395], 2, -1.0, [-0.33338676696908276, 0.06210347882450335]
[-0.33338676696908276, 0.06210347882450335], 2, -1.0, [-0.2716337066704907, 0.061753060298592045]
[-0.2716337066704907, 0.061753060298592045], 2, -1.0, [-0.21059549724090493, 0.06103820942958578]
[-0.21059549724090493, 0.06103820942958578], 2, -1.0, [-0.1505747221043382, 0.060020775136566715]
[-0.1505747221043382, 0.060020775136566715], 2, -1.0, [-0.09180318649627528, 0.058771535608062926]
[-0.09180318649627528, 0.058771535608062926], 2, -1.0, [-0.03443743564393372, 0.05736575085234156]
[-0.03443743564393372, 0.05736575085234156], 2, -1.0, [0.02144164513669112, 0.05587908078062484]
[0.02144164513669112, 0.05587908078062484], 2, -1.0, [0.07582589625581682, 0.05438425111912569]
[0.07582589625581682, 0.05438425111912569], 1, -1.0, [0.127774551556426, 0.05194865530060919]
[0.127774551556426, 0.05194865530060919], 1, -1.0, [0.1774046401146097, 0.049630088558183724]
[0.1774046401146097, 0.049630088558183724], 1, -1.0, [0.22488051430684, 0.04747587419223029]
[0.22488051430684, 0.04747587419223029], 0, -1.0, [0.2694040612494761, 0.04452354694263608]
[0.2694040612494761, 0.04452354694263608], 1, -1.0, [0.31220062763529727, 0.04279656638582119]
[0.31220062763529727, 0.04279656638582119], 1, -1.0, [0.3535158720422722, 0.041315244406974906]
[0.3535158720422722, 0.041315244406974906], 1, -1.0, [0.393610130717618, 0.04009425867534581]
[0.393610130717618, 0.04009425867534581], 1, -1.0, [0.4327539971241029, 0.03914386640648488]
[0.4327539971241029, 0.03914386640648488], 1, -1.0, [0.47122493079006844, 0.038470933665965525]
[0.47122493079006844, 0.038470933665965525], 1, -1.0, [0.5093046748291138, 0.038079744039045335]
