[-0.5348260176189157, 0.0], 0, -1.0, [-0.5357418292239106, -0.0009158116049948797]
[-0.5357418292239106, -0.0009158116049948797], 0, -1.0, [-0.5375665880689384, -0.0018247588450278373]
[-0.5375665880689384, -0.0018247588450278373], 0, -1.0, [-0.5402866189753136, -0.0027200309063752206]
[-0.5402866189753136, -0.0027200309063752206], 0, -1.0, [-0.5438815433319271, -0.0035949243566134733]
[-0.5438815433319271, -0.0035949243566134733], 0, -1.0, [-0.548324440784752, -0.004442897452824874]
[-0.548324440784752, -0.004442897452824874], 0, -1.0, [-0.5535820657596677, -0.00525762497491582]
[-0.5535820657596677, -0.00525762497491582], 0, -1.0, [-0.5596151191784416, -0.0060330534187739634]
[-0.5596151191784416, -0.0060330534187739634], 0, -1.0, [-0.5663785753088371, -0.006763456130395448]
[-0.5663785753088371, -0.006763456130395448], 0, -1.0, [-0.5738220629989937, -0.007443487690156702]
[-0.5738220629989937, -0.007443487690156702], 0, -1.0, [-0.5818902995909802, -0.00806823659198646]
[-0.5818902995909802, -0.00806823659198646], 0, -1.0, [-0.5905235746231605, -0.008633275032180393]
[-0.5905235746231605, -0.008633275032180393], 0, -1.0, [-0.5996582790757412, -0.009134704452580647]
[-0.5996582790757412, -0.009134704452580647], 0, -1.0, [-0.6092274744704708, -0.009569195394729583]
[-0.6092274744704708, -0.009569195394729583], 1, -1.0, [-0.6181614947018093, -0.008934020231338527]
[-0.6181614947018093, -0.008934020231338527], 1, -1.0, [-0.6263957692216311, -0.008234274519821795]
[-0.6263957692216311, -0.008234274519821795], 2, -1.0, [-0.6328712289432454, -0.006475459721614352]
[-0.6328712289432454, -0.006475459721614352], 2, -1.0, [-0.6375417451939851, -0.00467051625073972]
[-0.6375417451939851, -0.00467051625073972], 2, -1.0, [-0.6403742345804002, -0.002832489386415069]
[-0.6403742345804002, -0.002832489386415069], 2, -1.0, [-0.6413487130198543, -0.0009744784394540588]
[-0.6413487130198543, -0.0009744784394540588], 2, -1.0, [-0.640458319518491, 0.0008903935013633497]
[-0.640458319518491, 0.0008903935013633497], 2, -1.0, [-0.6377093227648571, 0.0027489967536337943]
[-0.6377093227648571, 0.0027489967536337943], 2, -1.0, [-0.6331211151373691, 0.00458820762748797]
[-0.6331211151373691, 0.00458820762748797], 2, -1.0, [-0.6267261899221498, 0.006394925215219288]
[-0.6267261899221498, 0.006394925215219288], 2, -1.0, [-0.6185700890381409, 0.008156100884008866]
[-0.6185700890381409, 0.008156100884008866], 2, -1.0, [-0.6087113009989344, 0.00985878803920647]
[-0.6087113009989344, 0.00985878803920647], 2, -1.0, [-0.597221082823839, 0.011490218175095481]
[-0.597221082823839, 0.011490218175095481], 2, -1.0, [-0.5841831757296878, 0.013037907094151232]
[-0.5841831757296878, 0.013037907094151232], 2, -1.0, [-0.5696933832041625, 0.014489792525525284]
[-0.5696933832041625, 0.014489792525525284], 2, -1.0, [-0.5538589818689261, 0.015834401335236423]
[-0.5538589818689261, 0.015834401335236423], 2, -1.0, [-0.5367979405807554, 0.017061041288170757]
[-0.5367979405807554, 0.017061041288170757], 2, -1.0, [-0.518637931422918, 0.018160009157837335]
[-0.518637931422918, 0.018160009157837335], 1, -1.0, [-0.5005151272229409, 0.01812280419997709]
[-0.5005151272229409, 0.01812280419997709], 1, -1.0, [-0.4825653120413308, 0.017949815181610086]
[-0.4825653120413308, 0.017949815181610086], 0, -1.0, [-0.465922471163792, 0.01664284087753882]
[-0.465922471163792, 0.01664284087753882], 0, -1.0, [-0.45071004733437586, 0.015212423829416127]
[-0.45071004733437586, 0.015212423829416127], 0, -1.0, [-0.4370399429111726, 0.013670104423203277]
[-0.4370399429111726, 0.013670104423203277], 0, -1.0, [-0.4250117582615044, 0.012028184649668209]
[-0.4250117582615044, 0.012028184649668209], 0, -1.0, [-0.41471224346695873, 0.010299514794545654]
[-0.41471224346695873, 0.010299514794545654], 0, -1.0, [-0.4062149313302475, 0.008497312136711238]
[-0.4062149313302475, 0.008497312136711238], 0, -1.0, [-0.39957991445216245, 0.0066350168780850306]
[-0.39957991445216245, 0.0066350168780850306], 0, -1.0, [-0.3948537277612252, 0.004726186690937245]
[-0.3948537277612252, 0.004726186690937245], 0, -1.0, [-0.3920693000179233, 0.0027844277433018887]
[-0.3920693000179233, 0.0027844277433018887], 0, -1.0, [-0.39124594296342946, 0.0008233570544938216]
[-0.39124594296342946, 0.0008233570544938216], 0, -1.0, [-0.3923893543055973, -0.0011434113421678444]
[-0.3923893543055973, -0.0011434113421678444], 0, -1.0, [-0.3954916199463615, -0.003102265640764239]
[-0.3954916199463615, -0.003102265640764239], 0, -1.0, [-0.40053121105457284, -0.005039591108211351]
[-0.40053121105457284, -0.005039591108211351], 0, -1.0, [-0.4074729820792198, -0.006941771024646961]
[-0.4074729820792198, -0.006941771024646961], 0, -1.0, [-0.4162681858845912, -0.008795203805371412]
[-0.4162681858845912, -0.008795203805371412], 0, -1.0, [-0.42685453117299804, -0.010586345288406827]
[-0.42685453117299804, -0.010586345288406827], 0, -1.0, [-0.4391563145428919, -0.012301783369893862]
[-0.4391563145428919, -0.012301783369893862], 0, -1.0, [-0.45308466422934707, -0.013928349686455177]
[-0.45308466422934707, -0.013928349686455177], 0, -1.0, [-0.46853793417016176, -0.015453269940814694]
[-0.46853793417016176, -0.015453269940814694], 0, -1.0, [-0.48540228504487115, -0.01686435087470939]
[-0.48540228504487115, -0.01686435087470939], 0, -1.0, [-0.5035524830746413, -0.018150198029770137]
[-0.5035524830746413, -0.018150198029770137], 0, -1.0, [-0.5228529376883291, -0.019300454613687804]
[-0.5228529376883291, -0.019300454613687804], 0, -1.0, [-0.5431589860816741, -0.02030604839334506]
[-0.5431589860816741, -0.02030604839334506], 0, -1.0, [-0.5643184170743392, -0.021159430992665037]
[-0.5643184170743392, -0.021159430992665037], 2, -1.0, [-0.5841732097533697, -0.019854792679030567]
[-0.5841732097533697, -0.019854792679030567], 0, -1.0, [-0.6045761905148768, -0.02040298076150703]
[-0.6045761905148768, -0.02040298076150703], 0, -1.0, [-0.625377796773552, -0.020801606258675255]
[-0.625377796773552, -0.020801606258675255], 0, -1.0, [-0.6464278663693233, -0.021050069595771218]
[-0.6464278663693233, -0.021050069595771218], 0, -1.0, [-0.6675774243116857, -0.021149557942362424]
[-0.6675774243116857, -0.021149557942362424], 0, -1.0, [-0.6886804079318669, -0.021102983620181294]
[-0.6886804079318669, -0.021102983620181294], 0, -1.0, [-0.7095952737052441, -0.020914865773377176]
[-0.7095952737052441, -0.020914865773377176], 0, -1.0, [-0.7301864351928868, -0.020591161487642756]
[-0.7301864351928868, -0.020591161487642756], 2, -1.0, [-0.7483254910861386, -0.018139055893251654]
[-0.7483254910861386, -0.018139055893251654], 2, -1.0, [-0.7639039043758173, -0.015578413289678803]
[-0.7639039043758173, -0.015578413289678803], 2, -1.0, [-0.7768321361947342, -0.012928231818916875]
[-0.7768321361947342, -0.012928231818916875], 2, -1.0, [-0.7870386079571264, -0.010206471762392227]
[-0.7870386079571264, -0.010206471762392227], 2, -1.0, [-0.7944686344378222, -0.007430026480695795]
[-0.7944686344378222, -0.007430026480695795], 2, -1.0, [-0.7990834509057887, -0.004614816467966438]
[-0.7990834509057887, -0.004614816467966438], 2, -1.0, [-0.800859433261681, -0.0017759823558923093]
[-0.800859433261681, -0.0017759823558923093], 2, -1.0, [-0.7997875835945081, 0.0010718496671729039]
[-0.7997875835945081, 0.0010718496671729039], 2, -1.0, [-0.7958733261086727, 0.00391425748583535]
[-0.7958733261086727, 0.00391425748583535], 2, -1.0, [-0.7891366306909569, 0.006736695417715785]
[-0.7891366306909569, 0.006736695417715785], 2, -1.0, [-0.7796124536974336, 0.009524176993523245]
[-0.7796124536974336, 0.009524176993523245], 2, -1.0, [-0.7673514578503546, 0.012260995847078914]
[-0.7673514578503546, 0.012260995847078914], 2, -1.0, [-0.7524209455750883, 0.014930512275266334]
[-0.7524209455750883, 0.014930512275266334], 2, -1.0, [-0.7349059132398152, 0.017515032335273118]
[-0.7349059132398152, 0.017515032335273118], 2, -1.0, [-0.7149101088306395, 0.01999580440917569]
[-0.7149101088306395, 0.01999580440917569], 2, -1.0, [-0.6925569546649406, 0.022353154165698996]
[-0.6925569546649406, 0.022353154165698996], 2, -1.0, [-0.6679901826581187, 0.02456677200682192]
[-0.6679901826581187, 0.02456677200682192], 1, -1.0, [-0.6423740257618182, 0.025616156896300465]
[-0.6423740257618182, 0.025616156896300465], 2, -1.0, [-0.6148857860037695, 0.02748823975804871]
[-0.6148857860037695, 0.02748823975804871], 2, -1.0, [-0.5857214197737098, 0.02916436623005966]
[-0.5857214197737098, 0.02916436623005966], 2, -1.0, [-0.5550938261649673, 0.0306275936087426]
[-0.5550938261649673, 0.0306275936087426], 2, -1.0, [-0.5232303709829957, 0.03186345518197152]
[-0.5232303709829957, 0.03186345518197152], 2, -1.0, [-0.4903696788350765, 0.03286069214791925]
[-0.4903696788350765, 0.03286069214791925], 2, -1.0, [-0.4567577923479232, 0.03361188648715332]
[-0.4567577923479232, 0.03361188648715332], 2, -1.0, [-0.4226438604337173, 0.03411393191420587]
[-0.4226438604337173, 0.03411393191420587], 2, -1.0, [-0.38827556798498225, 0.03436829244873506]
[-0.38827556798498225, 0.03436829244873506], 2, -1.0, [-0.35389454993046143, 0.034381018054520825]
[-0.35389454993046143, 0.034381018054520825], 2, -1.0, [-0.3197320384972696, 0.03416251143319183]
[-0.3197320384972696, 0.03416251143319183], 2, -1.0, [-0.28600497290432664, 0.03372706559294298]
[-0.28600497290432664, 0.03372706559294298], 2, -1.0, [-0.25291275871334884, 0.03309221419097777]
[-0.25291275871334884, 0.03309221419097777], 2, -1.0, [-0.22063480617783354, 0.03227795253551529]
[-0.22063480617783354, 0.03227795253551529], 2, -1.0, [-0.1893289115636474, 0.03130589461418616]
[-0.1893289115636474, 0.03130589461418616], 2, -1.0, [-0.15913048117621154, 0.030198430387435866]
[-0.15913048117621154, 0.030198430387435866], 2, -1.0, [-0.13015254199043433, 0.02897793918577721]
[-0.13015254199043433, 0.02897793918577721], 2, -1.0, [-0.10248644025196388, 0.027666101738470453]
[-0.10248644025196388, 0.027666101738470453], 2, -1.0, [-0.07620310239228964, 0.02628333785967424]
[-0.07620310239228964, 0.02628333785967424], 2, -1.0, [-0.05135472078276747, 0.02484838160952217]
[-0.05135472078276747, 0.02484838160952217], 2, -1.0, [-0.02797672810528635, 0.02337799267748112]
[-0.02797672810528635, 0.02337799267748112], 1, -1.0, [-0.00708993525073235, 0.020886792854553998]
[-0.00708993525073235, 0.020886792854553998], 0, -1.0, [0.010297423088298101, 0.01738735833903045]
[0.010297423088298101, 0.01738735833903045], 0, -1.0, [0.024185974247837184, 0.013888551159539082]
[0.024185974247837184, 0.013888551159539082], 0, -1.0, [0.03458110333593204, 0.010395129088094856]
[0.03458110333593204, 0.010395129088094856], 0, -1.0, [0.041489673705156625, 0.006908570369224586]
[0.041489673705156625, 0.006908570369224586], 0, -1.0, [0.044917584756862, 0.0034279110517053736]
[0.044917584756862, 0.0034279110517053736], 0, -1.0, [0.044868159364075615, -4.9425392786385525e-05]
[0.044868159364075615, -4.9425392786385525e-05], 0, -1.0, [0.04134134775350764, -0.0035268116105679746]
[0.04134134775350764, -0.0035268116105679746], 0, -1.0, [0.03433373896337369, -0.007007608790133949]
[0.03433373896337369, -0.007007608790133949], 0, -1.0, [0.02383938001613215, -0.010494358947241536]
[0.02383938001613215, -0.010494358947241536], 0, -1.0, [0.009851411899630097, -0.013987968116502054]
[0.009851411899630097, -0.013987968116502054], 0, -1.0, [-0.007635464480280782, -0.01748687637991088]
[-0.007635464480280782, -0.01748687637991088], 0, -1.0, [-0.028621685010294023, -0.02098622053001324]
[-0.028621685010294023, -0.02098622053001324], 0, -1.0, [-0.053098695191643744, -0.02447701018134972]
[-0.053098695191643744, -0.02447701018134972], 0, -1.0, [-0.08104405333591057, -0.02794535814426682]
[-0.08104405333591057, -0.02794535814426682], 0, -1.0, [-0.11241588320216046, -0.031371829866249895]
[-0.11241588320216046, -0.031371829866249895], 0, -1.0, [-0.14714688548544475, -0.034731002283284275]
[-0.14714688548544475, -0.034731002283284275], 0, -1.0, [-0.18513823049895417, -0.03799134501350942]
[-0.18513823049895417, -0.03799134501350942], 0, -1.0, [-0.2262537801331933, -0.04111554963423915]
[-0.2262537801331933, -0.04111554963423915], 0, -1.0, [-0.27031520722383623, -0.04406142709064293]
[-0.27031520722383623, -0.04406142709064293], 0, -1.0, [-0.3170986673723054, -0.046783460148469166]
[-0.3170986673723054, -0.046783460148469166], 0, -1.0, [-0.3663336985533726, -0.049235031181067195]
[-0.3663336985533726, -0.049235031181067195], 0, -1.0, [-0.4177049450491296, -0.05137124649575695]
[-0.4177049450491296, -0.05137124649575695], 0, -1.0, [-0.47085710381206064, -0.053152158762931064]
[-0.47085710381206064, -0.053152158762931064], 0, -1.0, [-0.5254031766832351, -0.0545460728711745]
[-0.5254031766832351, -0.0545460728711745], 0, -1.0, [-0.580935716612365, -0.05553253992912982]
[-0.580935716612365, -0.05553253992912982], 0, -1.0, [-0.6370403469358594, -0.05610463032349445]
[-0.6370403469358594, -0.05610463032349445], 0, -1.0, [-0.6933104942588425, -0.05627014732298308]
[-0.6933104942588425, -0.05627014732298308], 0, -1.0, [-0.7493620858904689, -0.05605159163162643]
[-0.7493620858904689, -0.05605159163162643], 0, -1.0, [-0.8048469689178309, -0.055484883027361966]
[-0.8048469689178309, -0.055484883027361966], 0, -1.0, [-0.8594640087916707, -0.054617039873839826]
[-0.8594640087916707, -0.054617039873839826], 0, -1.0, [-0.9129671720523311, -0.05350316326066038]
[-0.9129671720523311, -0.05350316326066038], 0, -1.0, [-0.9651703111086707, -0.052203139056339505]
[-0.9651703111086707, -0.052203139056339505], 0, -1.0, [-1.0159487642166494, -0.05077845310797875]
[-1.0159487642166494, -0.05077845310797875], 2, -1.0, [-1.0632381947568437, -0.04728943054019433]
[-1.0632381947568437, -0.04728943054019433], 0, -1.0, [-1.1090305193887466, -0.045792324631902984]
[-1.1090305193887466, -0.045792324631902984], 0, -1.0, [-1.1533657331293061, -0.044335213740559515]
[-1.1533657331293061, -0.044335213740559515], 0, -1.0, [-1.196326684928953, -0.04296095179964692]
[-1.196326684928953, -0.04296095179964692], 0, -1.0, [-1.2, 0.0]
[-1.2, 0.0], 2, -1.0, [-1.1967581039591646, 0.003241896040835368]
[-1.1967581039591646, 0.003241896040835368], 2, -1.0, [-1.1902636585360942, 0.006494445423070332]
[-1.1902636585360942, 0.006494445423070332], 2, -1.0, [-1.1804959639787937, 0.009767694557300442]
[-1.1804959639787937, 0.009767694557300442], 2, -1.0, [-1.1674255149588486, 0.013070449019945182]
[-1.1674255149588486, 0.013070449019945182], 2, -1.0, [-1.1510159267200155, 0.016409588238833067]
[-1.1510159267200155, 0.016409588238833067], 2, -1.0, [-1.1312266168239755, 0.019789309896040046]
[-1.1312266168239755, 0.019789309896040046], 2, -1.0, [-1.108016322100852, 0.02321029472312345]
[-1.108016322100852, 0.02321029472312345], 2, -1.0, [-1.081347524946184, 0.02666879715466819]
[-1.081347524946184, 0.02666879715466819], 2, -1.0, [-1.0511918363028878, 0.03015568864329602]
[-1.0511918363028878, 0.03015568864329602], 2, -1.0, [-1.0175363271434712, 0.0336555091594167]
[-1.0175363271434712, 0.0336555091594167], 2, -1.0, [-0.9803907090723114, 0.03714561807115983]
[-0.9803907090723114, 0.03714561807115983], 2, -1.0, [-0.9397951336374217, 0.04059557543488971]
[-0.9397951336374217, 0.04059557543488971], 2, -1.0, [-0.8958282112564235, 0.043966922380998245]
[-0.8958282112564235, 0.043966922380998245], 2, -1.0, [-0.8486146572192776, 0.04721355403714586]
[-0.8486146572192776, 0.04721355403714586], 2, -1.0, [-0.7983317816221248, 0.05028287559715283]
[-0.7983317816221248, 0.05028287559715283], 2, -1.0, [-0.7452138959379592, 0.0531178856841656]
[-0.7452138959379592, 0.0531178856841656], 2, -1.0, [-0.6895536666604415, 0.0556602292775177]
[-0.6895536666604415, 0.0556602292775177], 2, -1.0, [-0.6316995610792892, 0.057854105581152386]
[-0.6316995610792892, 0.057854105581152386], 2, -1.0, [-0.5720488365336812, 0.05965072454560789]
[-0.5720488365336812, 0.05965072454560789], 2, -1.0, [-0.5110360146660762, 0.061012821867605024]
[-0.5110360146660762, 0.061012821867605024], 2, -1.0, [-0.44911739120176025, 0.061918623464315904]
[-0.44911739120176025, 0.061918623464315904], 2, -1.0, [-0.38675274139346727, 0.06236464980829299]
[-0.38675274139346727, 0.06236464980829299], 2, -1.0, [-0.3243858485235833, 0.06236689286988392]
[-0.3243858485235833, 0.06236689286988392], 2, -1.0, [-0.2624256859117381, 0.061960162611845254]
[-0.2624256859117381, 0.061960162611845254], 2, -1.0, [-0.20122996568717166, 0.061195720224566416]
[-0.20122996568717166, 0.061195720224566416], 2, -1.0, [-0.14109236178367496, 0.06013760390349669]
[-0.14109236178367496, 0.06013760390349669], 2, -1.0, [-0.08223412731502394, 0.05885823446865101]
[-0.08223412731502394, 0.05885823446865101], 2, -1.0, [-0.024800200336085113, 0.05743392697893883]
[-0.024800200336085113, 0.05743392697893883], 2, -1.0, [0.03114064276343887, 0.05594084309952398]
[0.03114064276343887, 0.05594084309952398], 1, -1.0, [0.08459238750154527, 0.0534517447381064]
[0.08459238750154527, 0.0534517447381064], 1, -1.0, [0.13562420467148473, 0.051031817169939445]
[0.13562420467148473, 0.051031817169939445], 1, -1.0, [0.1843601144888133, 0.048735909817328546]
[0.1843601144888133, 0.048735909817328546], 1, -1.0, [0.23096874824658678, 0.0466086337577735]
[0.23096874824658678, 0.0466086337577735], 1, -1.0, [0.2756538999351241, 0.04468515168853732]
[0.2756538999351241, 0.04468515168853732], 1, -1.0, [0.31864626487697867, 0.04299236494185457]
[0.31864626487697867, 0.04299236494185457], 1, -1.0, [0.3601965244376208, 0.0415502595606421]
[0.3601965244376208, 0.0415502595606421], 1, -1.0, [0.4005697632395085, 0.04037323880188769]
[0.4005697632395085, 0.04037323880188769], 1, -1.0, [0.4400410917886949, 0.03947132854918637]
[0.4400410917886949, 0.03947132854918637], 1, -1.0, [0.4788922802602354, 0.038851188471540524]
[0.4788922802602354, 0.038851188471540524], 1, -1.0, [0.5174091743406131, 0.03851689408037765]
