[-0.43678521043044227, 0.0], 0, -1.0, [-0.438428976457023, -0.0016437660265807433]
[-0.438428976457023, -0.0016437660265807433], 0, -1.0, [-0.44170458823629366, -0.00327561177927068]
[-0.44170458823629366, -0.00327561177927068], 0, -1.0, [-0.44658824613354187, -0.004883657897248199]
[-0.44658824613354187, -0.004883657897248199], 0, -1.0, [-0.4530443585933053, -0.006456112459763411]
[-0.4530443585933053, -0.006456112459763411], 0, -1.0, [-0.46102568685723266, -0.007981328263927402]
[-0.46102568685723266, -0.007981328263927402], 0, -1.0, [-0.47047356190989104, -0.009447875052658358]
[-0.47047356190989104, -0.009447875052658358], 0, -1.0, [-0.481318191441115, -0.010844629531223924]
[-0.481318191441115, -0.010844629531223924], 0, -1.0, [-0.4934790757308551, -0.012160884289740121]
[-0.4934790757308551, -0.012160884289740121], 0, -1.0, [-0.5068655504946593, -0.013386474763804264]
[-0.5068655504946593, -0.013386474763804264], 0, -1.0, [-0.5213774717435681, -0.014511921248908731]
[-0.5213774717435681, -0.014511921248908731], 0, -1.0, [-0.5369060526480838, -0.015528580904515693]
[-0.5369060526480838, -0.015528580904515693], 0, -1.0, [-0.5533348554832479, -0.0164288028351641]
[-0.5533348554832479, -0.0164288028351641], 0, -1.0, [-0.5705409334053394, -0.017206077922091542]
[-0.5705409334053394, -0.017206077922091542], 0, -1.0, [-0.5883961076921933, -0.017855174286853872]
[-0.5883961076921933, -0.017855174286853872], 0, -1.0, [-0.6067683569326633, -0.018372249240470005]
[-0.6067683569326633, -0.018372249240470005], 0, -1.0, [-0.6255232863096765, -0.018754929377013195]
[-0.6255232863096765, -0.018754929377013195], 0, -1.0, [-0.6445256383952795, -0.019002352085603105]
[-0.6445256383952795, -0.019002352085603105], 0, -1.0, [-0.6636408024510546, -0.01911516405577506]
[-0.6636408024510546, -0.01911516405577506], 0, -1.0, [-0.6827362775753755, -0.019095475124320898]
[-0.6827362775753755, -0.019095475124320898], 0, -1.0, [-0.7016830463542792, -0.018946768778903812]
[-0.7016830463542792, -0.018946768778903812], 0, -1.0, [-0.7203568198456756, -0.018673773491396334]
[-0.7203568198456756, -0.018673773491396334], 0, -1.0, [-0.7386391213619421, -0.018282301516266537]
[-0.7386391213619421, -0.018282301516266537], 0, -1.0, [-0.7564181849907562, -0.017779063628814058]
[-0.7564181849907562, -0.017779063628814058], 0, -1.0, [-0.7735896543448209, -0.017171469354064696]
[-0.7735896543448209, -0.017171469354064696], 0, -1.0, [-0.7900570768538625, -0.016467422509041648]
[-0.7900570768538625, -0.016467422509041648], 2, -1.0, [-0.8037321982578132, -0.013675121403950661]
[-0.8037321982578132, -0.013675121403950661], 2, -1.0, [-0.8145450441009926, -0.010812845843179455]
[-0.8145450441009926, -0.010812845843179455], 2, -1.0, [-0.8224424989643482, -0.007897454863355531]
[-0.8224424989643482, -0.007897454863355531], 2, -1.0, [-0.8273870389729269, -0.004944540008578668]
[-0.8273870389729269, -0.004944540008578668], 2, -1.0, [-0.8293557273858002, -0.0019686884128733845]
[-0.8293557273858002, -0.0019686884128733845], 2, -1.0, [-0.8283395525778067, 0.0010161748079935019]
[-0.8283395525778067, 0.0010161748079935019], 2, -1.0, [-0.8243431574398146, 0.003996395137992158]
[-0.8243431574398146, 0.003996395137992158], 2, -1.0, [-0.8173849795498438, 0.006958177889970795]
[-0.8173849795498438, 0.006958177889970795], 2, -1.0, [-0.8074977921388593, 0.009887187410984495]
[-0.8074977921388593, 0.009887187410984495], 1, -1.0, [-0.7957296063605857, 0.011768185778273706]
[-0.7957296063605857, 0.011768185778273706], 2, -1.0, [-0.7811397206843217, 0.014589885676263917]
[-0.7811397206843217, 0.014589885676263917], 2, -1.0, [-0.7638047954994654, 0.017334925184856197]
[-0.7638047954994654, 0.017334925184856197], 2, -1.0, [-0.7438202472975438, 0.01998454820192167]
[-0.7438202472975438, 0.01998454820192167], 2, -1.0, [-0.7213015950971944, 0.022518652200349407]
[-0.7213015950971944, 0.022518652200349407], 2, -1.0, [-0.6963855897082291, 0.02491600538896533]
[-0.6963855897082291, 0.02491600538896533], 2, -1.0, [-0.6692309427416514, 0.027154646966577697]
[-0.6692309427416514, 0.027154646966577697], 2, -1.0, [-0.6400184719680215, 0.029212470773629862]
[-0.6400184719680215, 0.029212470773629862], 2, -1.0, [-0.6089504968895694, 0.031067975078452208]
[-0.6089504968895694, 0.031067975078452208], 2, -1.0, [-0.5762493560326791, 0.032701140856890236]
[-0.5762493560326791, 0.032701140856890236], 2, -1.0, [-0.5421549757333879, 0.03409438029929125]
[-0.5421549757333879, 0.03409438029929125], 2, -1.0, [-0.5069214958038658, 0.035233479929522124]
[-0.5069214958038658, 0.035233479929522124], 2, -1.0, [-0.4708130432964379, 0.03610845250742787]
[-0.4708130432964379, 0.03610845250742787], 2, -1.0, [-0.43409883121981907, 0.036714212076618825]
[-0.43409883121981907, 0.036714212076618825], 2, -1.0, [-0.3970478324430198, 0.03705099877679932]
[-0.3970478324430198, 0.03705099877679932], 2, -1.0, [-0.35992332877139255, 0.03712450367162724]
[-0.35992332877139255, 0.03712450367162724], 2, -1.0, [-0.32297765313493965, 0.03694567563645291]
[-0.32297765313493965, 0.03694567563645291], 2, -1.0, [-0.28644742598778106, 0.03653022714715856]
[-0.28644742598778106, 0.03653022714715856], 2, -1.0, [-0.25054953828252347, 0.03589788770525759]
[-0.25054953828252347, 0.03589788770525759], 0, -1.0, [-0.21747806086542273, 0.03307147741710073]
[-0.21747806086542273, 0.03307147741710073], 2, -1.0, [-0.1853931042165543, 0.03208495664886843]
[-0.1853931042165543, 0.03208495664886843], 2, -1.0, [-0.1544313436139429, 0.030961760602611417]
[-0.1544313436139429, 0.030961760602611417], 2, -1.0, [-0.12470604616144862, 0.029725297452494276]
[-0.12470604616144862, 0.029725297452494276], 2, -1.0, [-0.09630782436320348, 0.028398221798245138]
[-0.09630782436320348, 0.028398221798245138], 2, -1.0, [-0.06930598045360686, 0.027001843909596618]
[-0.06930598045360686, 0.027001843909596618], 2, -1.0, [-0.04375029359471096, 0.025555686858895907]
[-0.04375029359471096, 0.025555686858895907], 2, -1.0, [-0.019673104138688557, 0.0240771894560224]
[-0.019673104138688557, 0.0240771894560224], 2, -1.0, [0.0029084381526495937, 0.02258154229133815]
[0.0029084381526495937, 0.02258154229133815], 1, -1.0, [0.02299007560727449, 0.020081637454624896]
[0.02299007560727449, 0.020081637454624896], 1, -1.0, [0.040577656820422164, 0.01758758121314767]
[0.040577656820422164, 0.01758758121314767], 0, -1.0, [0.054683738814959366, 0.0141060819945372]
[0.054683738814959366, 0.0141060819945372], 0, -1.0, [0.06532338643136794, 0.010639647616408577]
[0.06532338643136794, 0.010639647616408577], 0, -1.0, [0.0725108859890544, 0.00718749955768646]
[0.0725108859890544, 0.00718749955768646], 0, -1.0, [0.076257303233279, 0.003746417244224596]
[0.076257303233279, 0.003746417244224596], 0, -1.0, [0.07656885638331422, 0.0003115531500352117]
[0.07656885638331422, 0.0003115531500352117], 0, -1.0, [0.07344607641153494, -0.0031227799717792677]
[0.07344607641153494, -0.0031227799717792677], 0, -1.0, [0.06688373748507373, -0.006562338926461211]
[0.06688373748507373, -0.006562338926461211], 0, -1.0, [0.05687155607337367, -0.010012181411700054]
[0.05687155607337367, -0.010012181411700054], 0, -1.0, [0.04339567318738015, -0.013475882885993523]
[0.04339567318738015, -0.013475882885993523], 0, -1.0, [0.026440946220752257, -0.016954726966627892]
[0.026440946220752257, -0.016954726966627892], 0, -1.0, [0.005994080271876583, -0.020446865948875674]
[0.005994080271876583, -0.020446865948875674], 0, -1.0, [-0.017952381486659945, -0.023946461758536527]
[-0.017952381486659945, -0.023946461758536527], 0, -1.0, [-0.04539521838149939, -0.027442836894839444]
[-0.04539521838149939, -0.027442836894839444], 0, -1.0, [-0.076314907918973, -0.03091968953747361]
[-0.076314907918973, -0.03091968953747361], 0, -1.0, [-0.1106693635366566, -0.034354455617683605]
[-0.1106693635366566, -0.034354455617683605], 0, -1.0, [-0.1483872934762903, -0.037717929939633695]
[-0.1483872934762903, -0.037717929939633695], 0, -1.0, [-0.18936157584308294, -0.04097428236679265]
[-0.18936157584308294, -0.04097428236679265], 0, -1.0, [-0.23344319064182223, -0.0440816147987393]
[-0.23344319064182223, -0.0440816147987393], 0, -1.0, [-0.28043638001477916, -0.04699318937295692]
[-0.28043638001477916, -0.04699318937295692], 0, -1.0, [-0.33009578791780597, -0.049659407903026795]
[-0.33009578791780597, -0.049659407903026795], 0, -1.0, [-0.38212631980675, -0.05203053188894403]
[-0.38212631980675, -0.05203053188894403], 0, -1.0, [-0.4361863264729473, -0.054060006666197306]
[-0.4361863264729473, -0.054060006666197306], 0, -1.0, [-0.49189443828097795, -0.05570811180803066]
[-0.49189443828097795, -0.05570811180803066], 0, -1.0, [-0.5488399742650024, -0.05694553598402447]
[-0.5488399742650024, -0.05694553598402447], 0, -1.0, [-0.6065963821254428, -0.05775640786044035]
[-0.6065963821254428, -0.05775640786044035], 0, -1.0, [-0.6647367200750924, -0.05814033794964973]
[-0.6647367200750924, -0.05814033794964973], 0, -1.0, [-0.722849870013533, -0.05811314993844052]
[-0.722849870013533, -0.05811314993844052], 0, -1.0, [-0.780556053065677, -0.057706183052144075]
[-0.780556053065677, -0.057706183052144075], 0, -1.0, [-0.8375203339384002, -0.05696428087272316]
[-0.8375203339384002, -0.05696428087272316], 0, -1.0, [-0.8934631207444712, -0.05594278680607096]
[-0.8934631207444712, -0.05594278680607096], 0, -1.0, [-0.9481671134254597, -0.05470399268098847]
[-0.9481671134254597, -0.05470399268098847], 0, -1.0, [-1.001480626050661, -0.05331351262520125]
[-1.001480626050661, -0.05331351262520125], 0, -1.0, [-1.053317614760811, -0.051836988710149995]
[-1.053317614760811, -0.051836988710149995], 0, -1.0, [-1.103655024829877, -0.05033741006906608]
[-1.103655024829877, -0.05033741006906608], 0, -1.0, [-1.1525282080286432, -0.048873183198766115]
[-1.1525282080286432, -0.048873183198766115], 0, -1.0, [-1.2, 0.0]
[-1.2, 0.0], 2, -1.0, [-1.1967581039591646, 0.003241896040835368]
[-1.1967581039591646, 0.003241896040835368], 2, -1.0, [-1.1902636585360942, 0.006494445423070332]
[-1.1902636585360942, 0.006494445423070332], 2, -1.0, [-1.1804959639787937, 0.009767694557300442]
[-1.1804959639787937, 0.009767694557300442], 2, -1.0, [-1.1674255149588486, 0.013070449019945182]
[-1.1674255149588486, 0.013070449019945182], 2, -1.0, [-1.1510159267200155, 0.016409588238833067]
[-1.1510159267200155, 0.016409588238833067], 2, -1.0, [-1.1312266168239755, 0.019789309896040046]
[-1.1312266168239755, 0.019789309896040046], 2, -1.0, [-1.108016322100852, 0.02321029472312345]
[-1.108016322100852, 0.02321029472312345], 2, -1.0, [-1.081347524946184, 0.02666879715466819]
[-1.081347524946184, 0.02666879715466819], 2, -1.0, [-1.0511918363028878, 0.03015568864329602]
[-1.0511918363028878, 0.03015568864329602], 2, -1.0, [-1.0175363271434712, 0.0336555091594167]
[-1.0175363271434712, 0.0336555091594167], 2, -1.0, [-0.9803907090723114, 0.03714561807115983]
[-0.9803907090723114, 0.03714561807115983], 2, -1.0, [-0.9397951336374217, 0.04059557543488971]
[-0.9397951336374217, 0.04059557543488971], 2, -1.0, [-0.8958282112564235, 0.043966922380998245]
[-0.8958282112564235, 0.043966922380998245], 2, -1.0, [-0.8486146572192776, 0.04721355403714586]
[-0.8486146572192776, 0.04721355403714586], 2, -1.0, [-0.7983317816221248, 0.05028287559715283]
[-0.7983317816221248, 0.05028287559715283], 2, -1.0, [-0.7452138959379592, 0.0531178856841656]
[-0.7452138959379592, 0.0531178856841656], 2, -1.0, [-0.6895536666604415, 0.0556602292775177]
[-0.6895536666604415, 0.0556602292775177], 2, -1.0, [-0.6316995610792892, 0.057854105581152386]
[-0.6316995610792892, 0.057854105581152386], 2, -1.0, [-0.5720488365336812, 0.05965072454560789]
[-0.5720488365336812, 0.05965072454560789], 2, -1.0, [-0.5110360146660762, 0.061012821867605024]
[-0.5110360146660762, 0.061012821867605024], 2, -1.0, [-0.44911739120176025, 0.061918623464315904]
[-0.44911739120176025, 0.061918623464315904], 2, -1.0, [-0.38675274139346727, 0.06236464980829299]
[-0.38675274139346727, 0.06236464980829299], 2, -1.0, [-0.3243858485235833, 0.06236689286988392]
[-0.3243858485235833, 0.06236689286988392], 2, -1.0, [-0.2624256859117381, 0.061960162611845254]
[-0.2624256859117381, 0.061960162611845254], 2, -1.0, [-0.20122996568717166, 0.061195720224566416]
[-0.20122996568717166, 0.061195720224566416], 2, -1.0, [-0.14109236178367496, 0.06013760390349669]
[-0.14109236178367496, 0.06013760390349669], 2, -1.0, [-0.08223412731502394, 0.05885823446865101]
[-0.08223412731502394, 0.05885823446865101], 2, -1.0, [-0.024800200336085113, 0.05743392697893883]
[-0.024800200336085113, 0.05743392697893883], 2, -1.0, [0.03114064276343887, 0.05594084309952398]
[0.03114064276343887, 0.05594084309952398], 2, -1.0, [0.08559238750154527, 0.0544517447381064]
[0.08559238750154527, 0.0544517447381064], 2, -1.0, [0.13862609852276647, 0.05303371102122119]
[0.13862609852276647, 0.05303371102122119], 1, -1.0, [0.18937290492486428, 0.0507468064020978]
[0.18937290492486428, 0.0507468064020978], 1, -1.0, [0.2380124246106571, 0.048639519685792824]
[0.2380124246106571, 0.048639519685792824], 1, -1.0, [0.28476263411837144, 0.04675020950771431]
[0.28476263411837144, 0.04675020950771431], 1, -1.0, [0.3298709544473682, 0.04510832032899673]
[0.3298709544473682, 0.04510832032899673], 1, -1.0, [0.37360674108696645, 0.043735786639598276]
[0.37360674108696645, 0.043735786639598276], 1, -1.0, [0.41625516768535603, 0.0426484265983896]
[0.41625516768535603, 0.0426484265983896], 1, -1.0, [0.4581123601826525, 0.041857192497296455]
[0.4581123601826525, 0.041857192497296455], 1, -1.0, [0.4994815578842463, 0.04136919770159382]
[0.4994815578842463, 0.04136919770159382], 1, -1.0, [0.5406700342215449, 0.0411884763372986]
