[-0.5799604140597405, 0.0], 2, -1.0, [-0.5785397130974899, 0.0014207009622507105]
[-0.5785397130974899, 0.0014207009622507105], 2, -1.0, [-0.5757088182667185, 0.002830894830771408]
[-0.5757088182667185, 0.002830894830771408], 2, -1.0, [-0.5714886880755908, 0.0042201301911276206]
[-0.5714886880755908, 0.0042201301911276206], 2, -1.0, [-0.5659106178855021, 0.005578070190088754]
[-0.5659106178855021, 0.005578070190088754], 2, -1.0, [-0.5590160603856861, 0.006894557499816085]
[-0.5590160603856861, 0.006894557499816085], 2, -1.0, [-0.550856372770288, 0.008159687615398129]
[-0.550856372770288, 0.008159687615398129], 2, -1.0, [-0.5414924809322046, 0.00936389183808334]
[-0.5414924809322046, 0.00936389183808334], 2, -1.0, [-0.5309944507493489, 0.010498030182855615]
[-0.5309944507493489, 0.010498030182855615], 2, -1.0, [-0.5194409575535301, 0.011553493195818797]
[-0.5194409575535301, 0.011553493195818797], 2, -1.0, [-0.506918647184425, 0.012522310369105087]
[-0.506918647184425, 0.012522310369105087], 2, -1.0, [-0.49352138557532116, 0.013397261609103848]
[-0.49352138557532116, 0.013397261609103848], 2, -1.0, [-0.47934939840918794, 0.014171987166133217]
[-0.47934939840918794, 0.014171987166133217], 0, -1.0, [-0.4665083077235996, 0.012841090685588353]
[-0.4665083077235996, 0.012841090685588353], 0, -1.0, [-0.4550933052580989, 0.01141500246550068]
[-0.4550933052580989, 0.01141500246550068], 0, -1.0, [-0.4451884846191504, 0.0099048206389485]
[-0.4451884846191504, 0.0099048206389485], 0, -1.0, [-0.43686633274657083, 0.008322151872579554]
[-0.43686633274657083, 0.008322151872579554], 0, -1.0, [-0.43018735898205096, 0.006678973764519868]
[-0.43018735898205096, 0.006678973764519868], 0, -1.0, [-0.4251998371377083, 0.004987521844342661]
[-0.4251998371377083, 0.004987521844342661], 0, -1.0, [-0.42193963568804127, 0.0032602014496670214]
[-0.42193963568804127, 0.0032602014496670214], 0, -1.0, [-0.4204301133309035, 0.0015095223571377266]
[-0.4204301133309035, 0.0015095223571377266], 0, -1.0, [-0.42068206130848007, -0.00025194797757652795]
[-0.42068206130848007, -0.00025194797757652795], 0, -1.0, [-0.42269367958000115, -0.002011618271521057]
[-0.42269367958000115, -0.002011618271521057], 0, -1.0, [-0.4264505806710915, -0.0037569010910903566]
[-0.4264505806710915, -0.0037569010910903566], 0, -1.0, [-0.4319258222391242, -0.0054752415680326795]
[-0.4319258222391242, -0.0054752415680326795], 0, -1.0, [-0.439079976527961, -0.0071541542888368176]
[-0.439079976527961, -0.0071541542888368176], 0, -1.0, [-0.4478612513789199, -0.0087812748509589]
[-0.4478612513789199, -0.0087812748509589], 0, -1.0, [-0.45820568277251555, -0.010344431393595652]
[-0.45820568277251555, -0.010344431393595652], 0, -1.0, [-0.47003742248701347, -0.01183173971449789]
[-0.47003742248701347, -0.01183173971449789], 0, -1.0, [-0.48326914592982123, -0.013231723442807777]
[-0.48326914592982123, -0.013231723442807777], 0, -1.0, [-0.4978026041879791, -0.014533458258157862]
[-0.4978026041879791, -0.014533458258157862], 0, -1.0, [-0.5135293406735224, -0.015726736485543277]
[-0.5135293406735224, -0.015726736485543277], 0, -1.0, [-0.5303315864355518, -0.016802245762029367]
[-0.5303315864355518, -0.016802245762029367], 0, -1.0, [-0.548083339549769, -0.017751753114217162]
[-0.548083339549769, -0.017751753114217162], 0, -1.0, [-0.5666516235212009, -0.018568283971432]
[-0.5666516235212009, -0.018568283971432], 0, -1.0, [-0.5858979081404071, -0.019246284619206144]
[-0.5858979081404071, -0.019246284619206144], 0, -1.0, [-0.6056796647041051, -0.019781756563697954]
[-0.6056796647041051, -0.019781756563697954], 0, -1.0, [-0.6258520170299404, -0.020172352325835308]
[-0.6258520170299404, -0.020172352325835308], 0, -1.0, [-0.6462694413131487, -0.0204174242832083]
[-0.6462694413131487, -0.0204174242832083], 0, -1.0, [-0.6667874624734055, -0.0205180211602568]
[-0.6667874624734055, -0.0205180211602568], 0, -1.0, [-0.6872642928157536, -0.0204768303423481]
[-0.6872642928157536, -0.0204768303423481], 0, -1.0, [-0.7075623607965993, -0.0202980679808457]
[-0.7075623607965993, -0.0202980679808457], 0, -1.0, [-0.7275496832544743, -0.019987322457875]
[-0.7275496832544743, -0.019987322457875], 0, -1.0, [-0.7471010430705158, -0.019551359816041558]
[-0.7471010430705158, -0.019551359816041558], 2, -1.0, [-0.7640989450115966, -0.016997901941080733]
[-0.7640989450115966, -0.016997901941080733], 2, -1.0, [-0.7784455669028545, -0.01434662189125789]
[-0.7784455669028545, -0.01434662189125789], 2, -1.0, [-0.7900616753959273, -0.011616108493072812]
[-0.7900616753959273, -0.011616108493072812], 2, -1.0, [-0.7988854587398556, -0.008823783343928283]
[-0.7988854587398556, -0.008823783343928283], 2, -1.0, [-0.804871414326195, -0.005985955586339415]
[-0.804871414326195, -0.005985955586339415], 2, -1.0, [-0.8079894049031042, -0.003117990576909234]
[-0.8079894049031042, -0.003117990576909234], 2, -1.0, [-0.8082239704426909, -0.00023456553958663877]
[-0.8082239704426909, -0.00023456553958663877], 2, -1.0, [-0.8055739545396717, 0.002650015903019161]
[-0.8055739545396717, 0.002650015903019161], 2, -1.0, [-0.8000524758879834, 0.005521478651688326]
[-0.8000524758879834, 0.005521478651688326], 2, -1.0, [-0.7916872471288106, 0.008365228759172871]
[-0.7916872471288106, 0.008365228759172871], 2, -1.0, [-0.7805212151217391, 0.011166032007071456]
[-0.7805212151217391, 0.011166032007071456], 2, -1.0, [-0.766613468365099, 0.013907746756640083]
[-0.766613468365099, 0.013907746756640083], 2, -1.0, [-0.7500403291033518, 0.016573139261747215]
[-0.7500403291033518, 0.016573139261747215], 2, -1.0, [-0.7308965204538345, 0.01914380864951733]
[-0.7308965204538345, 0.01914380864951733], 2, -1.0, [-0.7092962743514888, 0.021600246102345688]
[-0.7092962743514888, 0.021600246102345688], 2, -1.0, [-0.685374226852201, 0.02392204749928786]
[-0.685374226852201, 0.02392204749928786], 2, -1.0, [-0.6592859367238784, 0.026088290128322613]
[-0.6592859367238784, 0.026088290128322613], 2, -1.0, [-0.6312078650052835, 0.028078071718594843]
[-0.6312078650052835, 0.028078071718594843], 2, -1.0, [-0.6013366706793437, 0.029871194325939765]
[-0.6013366706793437, 0.029871194325939765], 2, -1.0, [-0.5698877128578402, 0.03144895782150351]
[-0.5698877128578402, 0.03144895782150351], 2, -1.0, [-0.5370927027258714, 0.03279501013196884]
[-0.5370927027258714, 0.03279501013196884], 2, -1.0, [-0.5031965157800626, 0.033896186945808794]
[-0.5031965157800626, 0.033896186945808794], 2, -1.0, [-0.4684532502603215, 0.03474326551974117]
[-0.4684532502603215, 0.03474326551974117], 2, -1.0, [-0.4331216921453736, 0.035331558114947884]
[-0.4331216921453736, 0.035331558114947884], 2, -1.0, [-0.39746041043158187, 0.03566128171379176]
[-0.39746041043158187, 0.03566128171379176], 2, -1.0, [-0.36172274911630964, 0.03573766131527225]
[-0.36172274911630964, 0.03573766131527225], 2, -1.0, [-0.3261519975850579, 0.0355707515312517]
[-0.3261519975850579, 0.0355707515312517], 2, -1.0, [-0.2909770064944423, 0.035174991090615636]
[-0.2909770064944423, 0.035174991090615636], 2, -1.0, [-0.25640847419790497, 0.03456853229653732]
[-0.25640847419790497, 0.03456853229653732], 2, -1.0, [-0.2226360660634229, 0.033772408134482054]
[-0.2226360660634229, 0.033772408134482054], 2, -1.0, [-0.1898264552531583, 0.0328096108102646]
[-0.1898264552531583, 0.0328096108102646], 2, -1.0, [-0.15812229897281518, 0.03170415628034313]
[-0.15812229897281518, 0.03170415628034313], 2, -1.0, [-0.12764209790687486, 0.030480201065940335]
[-0.12764209790687486, 0.030480201065940335], 2, -1.0, [-0.09848083493773406, 0.029161262969140803]
[-0.09848083493773406, 0.029161262969140803], 2, -1.0, [-0.07071125545575872, 0.027769579481975334]
[-0.07071125545575872, 0.027769579481975334], 2, -1.0, [-0.044385635683463445, 0.02632561977229528]
[-0.044385635683463445, 0.02632561977229528], 2, -1.0, [-0.019537885187358474, 0.02484775049610497]
[-0.019537885187358474, 0.02484775049610497], 2, -1.0, [0.0038141585301730632, 0.023352043717531537]
[0.0038141585301730632, 0.023352043717531537], 2, -1.0, [0.025666365908728457, 0.021852207378555394]
[0.025666365908728457, 0.021852207378555394], 1, -1.0, [0.045025980702717246, 0.01935961479398879]
[0.045025980702717246, 0.01935961479398879], 1, -1.0, [0.061908368401850704, 0.016882387699133458]
[0.061908368401850704, 0.016882387699133458], 1, -1.0, [0.07633374957185912, 0.01442538117000842]
[0.07633374957185912, 0.01442538117000842], 0, -1.0, [0.08732439673638283, 0.010990647164523703]
[0.08732439673638283, 0.010990647164523703], 0, -1.0, [0.09490034183009026, 0.007575945093707435]
[0.09490034183009026, 0.007575945093707435], 0, -1.0, [0.09907692275210453, 0.004176580922014272]
[0.09907692275210453, 0.004176580922014272], 0, -1.0, [0.09986312570174069, 0.0007862029496361598]
[0.09986312570174069, 0.0007862029496361598], 0, -1.0, [0.09726068426151505, -0.0026024414402256507]
[0.09726068426151505, -0.0026024414402256507], 0, -1.0, [0.09126391089061321, -0.005996773370901829]
[0.09126391089061321, -0.005996773370901829], 0, -1.0, [0.08186025602892782, -0.009403654861685384]
[0.08186025602892782, -0.009403654861685384], 0, -1.0, [0.06903161043624668, -0.012828645592681142]
[0.06903161043624668, -0.012828645592681142], 0, -1.0, [0.05275638384917403, -0.01627522658707266]
[0.05275638384917403, -0.01627522658707266], 0, -1.0, [0.03301240336179141, -0.019743980487382615]
[0.03301240336179141, -0.019743980487382615], 0, -1.0, [0.009780673317650868, -0.023231730044140544]
[0.009780673317650868, -0.023231730044140544], 0, -1.0, [-0.016949980611031524, -0.02673065392868239]
[-0.016949980611031524, -0.02673065392868239], 0, -1.0, [-0.04717740309037442, -0.0302274224793429]
[-0.04717740309037442, -0.0302274224793429], 0, -1.0, [-0.08087982813145408, -0.033702425041079655]
[-0.08087982813145408, -0.033702425041079655], 0, -1.0, [-0.11800902112156633, -0.03712919299011225]
[-0.11800902112156633, -0.03712919299011225], 1, -1.0, [-0.1574831746826178, -0.039474153561051474]
[-0.1574831746826178, -0.039474153561051474], 0, -1.0, [-0.2001834688903675, -0.0427002942077497]
[-0.2001834688903675, -0.0427002942077497], 2, -1.0, [-0.24394632486542855, -0.04376285597506106]
[-0.24394632486542855, -0.04376285597506106], 0, -1.0, [-0.29056904780722204, -0.046622722941793496]
[-0.29056904780722204, -0.046622722941793496], 0, -1.0, [-0.3398005727218548, -0.04923152491463277]
[-0.3398005727218548, -0.04923152491463277], 0, -1.0, [-0.3913417867822492, -0.05154121406039438]
[-0.3913417867822492, -0.05154121406039438], 0, -1.0, [-0.44484910629379354, -0.05350731951154434]
[-0.44484910629379354, -0.05350731951154434], 0, -1.0, [-0.4999415695095504, -0.05509246321575685]
[-0.4999415695095504, -0.05509246321575685], 0, -1.0, [-0.556211312857667, -0.056269743348116595]
[-0.556211312857667, -0.056269743348116595], 0, -1.0, [-0.6132368522067104, -0.057025539349043385]
[-0.6132368522067104, -0.057025539349043385], 0, -1.0, [-0.6705981794408152, -0.057361327234104774]
[-0.6705981794408152, -0.057361327234104774], 0, -1.0, [-0.7278924007093021, -0.05729422126848679]
[-0.7278924007093021, -0.05729422126848679], 0, -1.0, [-0.7847485560194091, -0.05685615531010701]
[-0.7847485560194091, -0.05685615531010701], 1, -1.0, [-0.8398403927946417, -0.055091836775232675]
[-0.8398403927946417, -0.055091836775232675], 0, -1.0, [-0.8939005467913368, -0.05406015399669508]
[-0.8939005467913368, -0.05406015399669508], 0, -1.0, [-0.9467204485963312, -0.052819901804994435]
[-0.9467204485963312, -0.052819901804994435], 0, -1.0, [-0.9981530690755209, -0.05143262047918976]
[-0.9981530690755209, -0.05143262047918976], 0, -1.0, [-1.0481127010863502, -0.04995963201082938]
[-1.0481127010863502, -0.04995963201082938], 0, -1.0, [-1.096572342519041, -0.048459641432690825]
[-1.096572342519041, -0.048459641432690825], 0, -1.0, [-1.14355935988026, -0.04698701736121891]
[-1.14355935988026, -0.04698701736121891], 0, -1.0, [-1.1891501147435475, -0.04559075486328736]
[-1.1891501147435475, -0.04559075486328736], 2, -1.0, [-1.2, 0.0]
[-1.2, 0.0], 2, -1.0, [-1.1967581039591646, 0.003241896040835368]
[-1.1967581039591646, 0.003241896040835368], 2, -1.0, [-1.1902636585360942, 0.006494445423070332]
[-1.1902636585360942, 0.006494445423070332], 2, -1.0, [-1.1804959639787937, 0.009767694557300442]
[-1.1804959639787937, 0.009767694557300442], 2, -1.0, [-1.1674255149588486, 0.013070449019945182]
[-1.1674255149588486, 0.013070449019945182], 2, -1.0, [-1.1510159267200155, 0.016409588238833067]
[-1.1510159267200155, 0.016409588238833067], 2, -1.0, [-1.1312266168239755, 0.019789309896040046]
[-1.1312266168239755, 0.019789309896040046], 2, -1.0, [-1.108016322100852, 0.02321029472312345]
[-1.108016322100852, 0.02321029472312345], 2, -1.0, [-1.081347524946184, 0.02666879715466819]
[-1.081347524946184, 0.02666879715466819], 2, -1.0, [-1.0511918363028878, 0.03015568864329602]
[-1.0511918363028878, 0.03015568864329602], 2, -1.0, [-1.0175363271434712, 0.0336555091594167]
[-1.0175363271434712, 0.0336555091594167], 2, -1.0, [-0.9803907090723114, 0.03714561807115983]
[-0.9803907090723114, 0.03714561807115983], 2, -1.0, [-0.9397951336374217, 0.04059557543488971]
[-0.9397951336374217, 0.04059557543488971], 2, -1.0, [-0.8958282112564235, 0.043966922380998245]
[-0.8958282112564235, 0.043966922380998245], 2, -1.0, [-0.8486146572192776, 0.04721355403714586]
[-0.8486146572192776, 0.04721355403714586], 2, -1.0, [-0.7983317816221248, 0.05028287559715283]
[-0.7983317816221248, 0.05028287559715283], 2, -1.0, [-0.7452138959379592, 0.0531178856841656]
[-0.7452138959379592, 0.0531178856841656], 2, -1.0, [-0.6895536666604415, 0.0556602292775177]
[-0.6895536666604415, 0.0556602292775177], 2, -1.0, [-0.6316995610792892, 0.057854105581152386]
[-0.6316995610792892, 0.057854105581152386], 2, -1.0, [-0.5720488365336812, 0.05965072454560789]
[-0.5720488365336812, 0.05965072454560789], 2, -1.0, [-0.5110360146660762, 0.061012821867605024]
[-0.5110360146660762, 0.061012821867605024], 2, -1.0, [-0.44911739120176025, 0.061918623464315904]
[-0.44911739120176025, 0.061918623464315904], 2, -1.0, [-0.38675274139346727, 0.06236464980829299]
[-0.38675274139346727, 0.06236464980829299], 2, -1.0, [-0.3243858485235833, 0.06236689286988392]
[-0.3243858485235833, 0.06236689286988392], 2, -1.0, [-0.2624256859117381, 0.061960162611845254]
[-0.2624256859117381, 0.061960162611845254], 2, -1.0, [-0.20122996568717166, 0.061195720224566416]
[-0.20122996568717166, 0.061195720224566416], 2, -1.0, [-0.14109236178367496, 0.06013760390349669]
[-0.14109236178367496, 0.06013760390349669], 2, -1.0, [-0.08223412731502394, 0.05885823446865101]
[-0.08223412731502394, 0.05885823446865101], 1, -1.0, [-0.025800200336085106, 0.056433926978938835]
[-0.025800200336085106, 0.056433926978938835], 1, -1.0, [0.02814121147132076, 0.053941411807405866]
[0.02814121147132076, 0.053941411807405866], 1, -1.0, [0.07959152717596835, 0.05145031570464758]
[0.07959152717596835, 0.05145031570464758], 1, -1.0, [0.12861277155395726, 0.049021244377988916]
[0.12861277155395726, 0.049021244377988916], 1, -1.0, [0.17531780775615718, 0.04670503620219993]
[0.17531780775615718, 0.04670503620219993], 1, -1.0, [0.21986072975771304, 0.04454292200155585]
[0.21986072975771304, 0.04454292200155585], 1, -1.0, [0.2624280309359322, 0.04256730117821917]
[0.2624280309359322, 0.04256730117821917], 1, -1.0, [0.3032309021866297, 0.040802871250697474]
[0.3032309021866297, 0.040802871250697474], 1, -1.0, [0.3424988026127587, 0.03926790042612906]
[0.3424988026127587, 0.03926790042612906], 1, -1.0, [0.38047429414808104, 0.037975491535322294]
[0.38047429414808104, 0.037975491535322294], 1, -1.0, [0.4174090326758657, 0.03693473852778465]
[0.4174090326758657, 0.03693473852778465], 1, -1.0, [0.45356075095271364, 0.036151718276847905]
[0.45356075095271364, 0.036151718276847905], 1, -1.0, [0.48919104056374596, 0.03563028961103231]
[0.48919104056374596, 0.03563028961103231], 1, -1.0, [0.5245637301872518, 0.035372689623505794]
