[-0.48982643094863665, 0.0], 0, -1.0, [-0.4910792904085082, -0.0012528594598715055]
[-0.4910792904085082, -0.0012528594598715055], 0, -1.0, [-0.4935756593049346, -0.002496368896426392]
[-0.4935756593049346, -0.002496368896426392], 0, -1.0, [-0.4972968972443322, -0.0037212379393976184]
[-0.4972968972443322, -0.0037212379393976184], 0, -1.0, [-0.5022151946374673, -0.004918297393135125]
[-0.5022151946374673, -0.004918297393135125], 0, -1.0, [-0.5082937589101513, -0.006078564272683926]
[-0.5082937589101513, -0.006078564272683926], 0, -1.0, [-0.5154870704798588, -0.00719331156970746]
[-0.5154870704798588, -0.00719331156970746], 0, -1.0, [-0.5237412138334645, -0.00825414335360575]
[-0.5237412138334645, -0.00825414335360575], 0, -1.0, [-0.5329942889003391, -0.00925307506687452]
[-0.5329942889003391, -0.00925307506687452], 0, -1.0, [-0.543176906947774, -0.010182618047434951]
[-0.543176906947774, -0.010182618047434951], 0, -1.0, [-0.5542127734195875, -0.011035866471813512]
[-0.5542127734195875, -0.011035866471813512], 0, -1.0, [-0.5660193575561288, -0.011806584136541237]
[-0.5660193575561288, -0.011806584136541237], 1, -1.0, [-0.577508645413757, -0.011489287857628296]
[-0.577508645413757, -0.011489287857628296], 0, -1.0, [-0.5895953695586506, -0.012086724144893549]
[-0.5895953695586506, -0.012086724144893549], 0, -1.0, [-0.602190346745743, -0.01259497718709243]
[-0.602190346745743, -0.01259497718709243], 1, -1.0, [-0.614201333094095, -0.012010986348351958]
[-0.614201333094095, -0.012010986348351958], 1, -1.0, [-0.625541136487254, -0.011339803393159023]
[-0.625541136487254, -0.011339803393159023], 2, -1.0, [-0.6351282349236868, -0.00958709843643278]
[-0.6351282349236868, -0.00958709843643278], 2, -1.0, [-0.6428943823552451, -0.00776614743155834]
[-0.6428943823552451, -0.00776614743155834], 2, -1.0, [-0.6487847904617894, -0.005890408106544341]
[-0.6487847904617894, -0.005890408106544341], 2, -1.0, [-0.6527582192264019, -0.003973428764612479]
[-0.6527582192264019, -0.003973428764612479], 2, -1.0, [-0.6547870107554878, -0.0020287915290859633]
[-0.6547870107554878, -0.0020287915290859633], 2, -1.0, [-0.6548570947321273, -7.008397663946968e-05]
[-0.6548570947321273, -7.008397663946968e-05], 2, -1.0, [-0.6529679857331793, 0.0018891089989480142]
[-0.6529679857331793, 0.0018891089989480142], 2, -1.0, [-0.6491327830701178, 0.0038352026630614705]
[-0.6491327830701178, 0.0038352026630614705], 2, -1.0, [-0.6433781735258018, 0.0057546095443159005]
[-0.6433781735258018, 0.0057546095443159005], 2, -1.0, [-0.6357444270468919, 0.007633746478909941]
[-0.6357444270468919, 0.007633746478909941], 2, -1.0, [-0.6262853658067868, 0.009459061240105092]
[-0.6262853658067868, 0.009459061240105092], 2, -1.0, [-0.6150682787720788, 0.011217087034708043]
[-0.6150682787720788, 0.011217087034708043], 2, -1.0, [-0.6021737476770042, 0.012894531095074664]
[-0.6021737476770042, 0.012894531095074664], 2, -1.0, [-0.5876953467926629, 0.014478400884341297]
[-0.5876953467926629, 0.014478400884341297], 2, -1.0, [-0.5717391786423861, 0.015956168150276735]
[-0.5717391786423861, 0.015956168150276735], 2, -1.0, [-0.5544232112707138, 0.017315967371672264]
[-0.5544232112707138, 0.017315967371672264], 2, -1.0, [-0.535876389977378, 0.018546821293335895]
[-0.535876389977378, 0.018546821293335895], 2, -1.0, [-0.5162375073954465, 0.01963888258193144]
[-0.5162375073954465, 0.01963888258193144], 2, -1.0, [-0.49565382983758405, 0.02058367755786246]
[-0.49565382983758405, 0.02058367755786246], 2, -1.0, [-0.47427949395305957, 0.021374335884524462]
[-0.47427949395305957, 0.021374335884524462], 2, -1.0, [-0.4522737045645471, 0.022005789388512498]
[-0.4522737045645471, 0.022005789388512498], 2, -1.0, [-0.4297987804856331, 0.022474924078914018]
[-0.4297987804856331, 0.022474924078914018], 2, -1.0, [-0.4070181085087801, 0.02278067197685296]
[-0.4070181085087801, 0.02278067197685296], 2, -1.0, [-0.3840940751296213, 0.02292403337915881]
[-0.3840940751296213, 0.02292403337915881], 0, -1.0, [-0.3631860498650632, 0.020908025264558105]
[-0.3631860498650632, 0.020908025264558105], 0, -1.0, [-0.34443521729594934, 0.01875083256911386]
[-0.34443521729594934, 0.01875083256911386], 0, -1.0, [-0.32796433999011754, 0.01647087730583177]
[-0.32796433999011754, 0.01647087730583177], 0, -1.0, [-0.313877925661993, 0.014086414328124542]
[-0.313877925661993, 0.014086414328124542], 0, -1.0, [-0.302262681005468, 0.011615244656525019]
[-0.302262681005468, 0.011615244656525019], 0, -1.0, [-0.2931881324271332, 0.009074548578334802]
[-0.2931881324271332, 0.009074548578334802], 0, -1.0, [-0.2867073008980217, 0.006480831529111515]
[-0.2867073008980217, 0.006480831529111515], 0, -1.0, [-0.2828573320695764, 0.0038499688284452925]
[-0.2828573320695764, 0.0038499688284452925], 0, -1.0, [-0.28166000150080667, 0.00119733056876975]
[-0.28166000150080667, 0.00119733056876975], 0, -1.0, [-0.28312203652805884, -0.0014620350272521688]
[-0.28312203652805884, -0.0014620350272521688], 0, -1.0, [-0.28723521966207416, -0.004113183134015331]
[-0.28723521966207416, -0.004113183134015331], 0, -1.0, [-0.2939762625429752, -0.006741042880901044]
[-0.2939762625429752, -0.006741042880901044], 0, -1.0, [-0.3033064638447117, -0.009330201301736481]
[-0.3033064638447117, -0.009330201301736481], 0, -1.0, [-0.31517118861689825, -0.011864724772186527]
[-0.31517118861689825, -0.011864724772186527], 0, -1.0, [-0.32949922978469587, -0.014328041167797602]
[-0.32949922978469587, -0.014328041167797602], 0, -1.0, [-0.3462021339816381, -0.016702904196942286]
[-0.3462021339816381, -0.016702904196942286], 0, -1.0, [-0.36517359220390166, -0.018971458222263555]
[-0.36517359220390166, -0.018971458222263555], 0, -1.0, [-0.3862890091126298, -0.02111541690872814]
[-0.3862890091126298, -0.02111541690872814], 0, -1.0, [-0.40940537098571134, -0.0231163618730815]
[-0.40940537098571134, -0.0231163618730815], 0, -1.0, [-0.4343615290787434, -0.024956158093032095]
[-0.4343615290787434, -0.024956158093032095], 0, -1.0, [-0.46097900062546565, -0.026617471546722213]
[-0.46097900062546565, -0.026617471546722213], 0, -1.0, [-0.48906336295184827, -0.028084362326382603]
[-0.48906336295184827, -0.028084362326382603], 0, -1.0, [-0.5184062777319217, -0.029342914780073438]
[-0.5184062777319217, -0.029342914780073438], 0, -1.0, [-0.5487881346710086, -0.03038185693908695]
[-0.5487881346710086, -0.03038185693908695], 0, -1.0, [-0.5799812511715914, -0.031193116500582777]
[-0.5799812511715914, -0.031193116500582777], 0, -1.0, [-0.6117535126610654, -0.03177226148947403]
[-0.6117535126610654, -0.03177226148947403], 0, -1.0, [-0.6438722937884971, -0.03211878112743169]
[-0.6438722937884971, -0.03211878112743169], 0, -1.0, [-0.6761084697434029, -0.03223617595490583]
[-0.6761084697434029, -0.03223617595490583], 0, -1.0, [-0.7082403139930179, -0.03213184424961502]
[-0.7082403139930179, -0.03213184424961502], 0, -1.0, [-0.7400570856784864, -0.03181677168546853]
[-0.7400570856784864, -0.03181677168546853], 0, -1.0, [-0.7713621356648721, -0.03130504998638568]
[-0.7713621356648721, -0.03130504998638568], 0, -1.0, [-0.801975400954824, -0.030613265289951855]
[-0.801975400954824, -0.030613265289951855], 0, -1.0, [-0.8317352070562892, -0.02975980610146523]
[-0.8317352070562892, -0.02975980610146523], 0, -1.0, [-0.8604993503657364, -0.028764143309447203]
[-0.8604993503657364, -0.028764143309447203], 2, -1.0, [-0.8861454815359741, -0.025646131170237625]
[-0.8861454815359741, -0.025646131170237625], 2, -1.0, [-0.9085777801170805, -0.02243229858110636]
[-0.9085777801170805, -0.02243229858110636], 2, -1.0, [-0.92772315490763, -0.019145374790549584]
[-0.92772315490763, -0.019145374790549584], 2, -1.0, [-0.9435274018734167, -0.015804246965786622]
[-0.9435274018734167, -0.015804246965786622], 2, -1.0, [-0.955951586744479, -0.012424184871062356]
[-0.955951586744479, -0.012424184871062356], 2, -1.0, [-0.9649688537350397, -0.00901726699056072]
[-0.9649688537350397, -0.00901726699056072], 2, -1.0, [-0.9705618032911272, -0.005592949556087452]
[-0.9705618032911272, -0.005592949556087452], 2, -1.0, [-0.9727205340043031, -0.00215873071317598]
[-0.9727205340043031, -0.00215873071317598], 2, -1.0, [-0.971441407343668, 0.0012791266606351644]
[-0.971441407343668, 0.0012791266606351644], 2, -1.0, [-0.9667265669381518, 0.004714840405516124]
[-0.9667265669381518, 0.004714840405516124], 2, -1.0, [-0.9585842236757072, 0.008142343262444625]
[-0.9585842236757072, 0.008142343262444625], 2, -1.0, [-0.9470297000102164, 0.011554523665490812]
[-0.9470297000102164, 0.011554523665490812], 2, -1.0, [-0.9320872074503268, 0.014942492559889609]
[-0.9320872074503268, 0.014942492559889609], 2, -1.0, [-0.9137923062719842, 0.018294901178342638]
[-0.9137923062719842, 0.018294901178342638], 2, -1.0, [-0.8921949626899122, 0.02159734358207202]
[-0.8921949626899122, 0.02159734358207202], 2, -1.0, [-0.8673630738994813, 0.0248318887904308]
[-0.8673630738994813, 0.0248318887904308], 2, -1.0, [-0.8393862754111919, 0.02797679848828941]
[-0.8393862754111919, 0.02797679848828941], 2, -1.0, [-0.8083797807032295, 0.03100649470796248]
[-0.8083797807032295, 0.03100649470796248], 2, -1.0, [-0.7744879369257488, 0.033891843777480626]
[-0.7744879369257488, 0.033891843777480626], 2, -1.0, [-0.7378871228958742, 0.0366008140298746]
[-0.7378871228958742, 0.0366008140298746], 2, -1.0, [-0.6987875813031508, 0.03909954159272345]
[-0.6987875813031508, 0.03909954159272345], 2, -1.0, [-0.6574337820640871, 0.041353799239063675]
[-0.6574337820640871, 0.041353799239063675], 2, -1.0, [-0.6141029725364858, 0.04333080952760127]
[-0.6141029725364858, 0.04333080952760127], 2, -1.0, [-0.569101690703868, 0.04500128183261785]
[-0.569101690703868, 0.04500128183261785], 2, -1.0, [-0.5227601959337547, 0.046341494770113255]
[-0.5227601959337547, 0.046341494770113255], 2, -1.0, [-0.47542499050449133, 0.047335205429263325]
[-0.47542499050449133, 0.047335205429263325], 2, -1.0, [-0.42744983205373077, 0.04797515845076057]
[-0.42744983205373077, 0.04797515845076057], 2, -1.0, [-0.37918583251738047, 0.04826399953635029]
[-0.37918583251738047, 0.04826399953635029], 2, -1.0, [-0.3309713644701409, 0.048214468047239535]
[-0.3309713644701409, 0.048214468047239535], 2, -1.0, [-0.28312252461418974, 0.04784883985595117]
[-0.28312252461418974, 0.04784883985595117], 2, -1.0, [-0.23592483011636037, 0.047197694497829366]
[-0.23592483011636037, 0.047197694497829366], 2, -1.0, [-0.18962666226627925, 0.04629816785008112]
[-0.18962666226627925, 0.04629816785008112], 2, -1.0, [-0.14443475652120208, 0.04519190574507718]
[-0.14443475652120208, 0.04519190574507718], 2, -1.0, [-0.10051180911749441, 0.04392294740370766]
[-0.10051180911749441, 0.04392294740370766], 2, -1.0, [-0.05797606574722416, 0.04253574337027025]
[-0.05797606574722416, 0.04253574337027025], 2, -1.0, [-0.016902603834062863, 0.041073461913161295]
[-0.016902603834062863, 0.041073461913161295], 2, -1.0, [0.022674071493144564, 0.039576675327207426]
[0.022674071493144564, 0.039576675327207426], 2, -1.0, [0.060756528367635794, 0.03808245687449123]
[0.060756528367635794, 0.03808245687449123], 2, -1.0, [0.09738039815115791, 0.03662386978352212]
[0.09738039815115791, 0.03662386978352212], 2, -1.0, [0.1326101944346147, 0.03522979628345679]
[0.1326101944346147, 0.03522979628345679], 2, -1.0, [0.16653523162665074, 0.03392503719203604]
[0.16653523162665074, 0.03392503719203604], 2, -1.0, [0.19926583998466607, 0.03273060835801533]
[0.19926583998466607, 0.03273060835801533], 2, -1.0, [0.23093000527801144, 0.03166416529334538]
[0.23093000527801144, 0.03166416529334538], 2, -1.0, [0.26167050290454774, 0.030740497626536297]
[0.26167050290454774, 0.030740497626536297], 2, -1.0, [0.29164255019490465, 0.029972047290356928]
[0.29164255019490465, 0.029972047290356928], 2, -1.0, [0.3210119665157385, 0.029369416320833824]
[0.3210119665157385, 0.029369416320833824], 2, -1.0, [0.3499538069275557, 0.02894184041181718]
[0.3499538069275557, 0.02894184041181718], 2, -1.0, [0.37865141921450957, 0.028697612286953895]
[0.37865141921450957, 0.028697612286953895], 2, -1.0, [0.4072958635680724, 0.028644444353562837]
[0.4072958635680724, 0.028644444353562837], 2, -1.0, [0.43608562667176304, 0.02878976310369062]
[0.43608562667176304, 0.02878976310369062], 2, -1.0, [0.46522655523484485, 0.029140928563081814]
[0.46522655523484485, 0.029140928563081814], 2, -1.0, [0.49493192625872595, 0.029705371023881107]
[0.49493192625872595, 0.029705371023881107], 2, -1.0, [0.5254225608429686, 0.030490634584242615]
