[-0.44613528358366605, 0.0], 0, -1.0, [-0.44771104457400646, -0.0015757609903404245]
[-0.44771104457400646, -0.0015757609903404245], 0, -1.0, [-0.45085105964628447, -0.0031400150722780216]
[-0.45085105964628447, -0.0031400150722780216], 0, -1.0, [-0.4555323616676893, -0.004681302021404815]
[-0.4555323616676893, -0.004681302021404815], 0, -1.0, [-0.46172062144810383, -0.006188259780414527]
[-0.46172062144810383, -0.006188259780414527], 0, -1.0, [-0.4693703065600318, -0.007649685111927998]
[-0.4693703065600318, -0.007649685111927998], 0, -1.0, [-0.4784249135123207, -0.0090546069522889]
[-0.4784249135123207, -0.0090546069522889], 0, -1.0, [-0.4888172882975932, -0.010392374785272506]
[-0.4888172882975932, -0.010392374785272506], 0, -1.0, [-0.5004700511293487, -0.011652762831755582]
[-0.5004700511293487, -0.011652762831755582], 0, -1.0, [-0.5132961402382727, -0.012826089108923997]
[-0.5132961402382727, -0.012826089108923997], 0, -1.0, [-0.5271994868103674, -0.013903346572094643]
[-0.5271994868103674, -0.013903346572094643], 0, -1.0, [-0.5420758285735596, -0.01487634176319221]
[-0.5420758285735596, -0.01487634176319221], 0, -1.0, [-0.5578136633945858, -0.015737834821026232]
[-0.5578136633945858, -0.015737834821026232], 0, -1.0, [-0.5742953369267682, -0.016481673532182366]
[-0.5742953369267682, -0.016481673532182366], 0, -1.0, [-0.5913982503995129, -0.0171029134727447]
[-0.5913982503995129, -0.0171029134727447], 0, -1.0, [-0.6089961667239685, -0.017597916324455627]
[-0.6089961667239685, -0.017597916324455627], 0, -1.0, [-0.6269605859196121, -0.017964419195643594]
[-0.6269605859196121, -0.017964419195643594], 0, -1.0, [-0.6451621551299933, -0.018201569210381133]
[-0.6451621551299933, -0.018201569210381133], 0, -1.0, [-0.6634720747692633, -0.018309919639269978]
[-0.6634720747692633, -0.018309919639269978], 0, -1.0, [-0.6817634610179468, -0.018291386248683532]
[-0.6817634610179468, -0.018291386248683532], 0, -1.0, [-0.6999126261251875, -0.01814916510724067]
[-0.6999126261251875, -0.01814916510724067], 0, -1.0, [-0.7178002416788841, -0.017887615553696636]
[-0.7178002416788841, -0.017887615553696636], 0, -1.0, [-0.7353123558386012, -0.017512114159717065]
[-0.7353123558386012, -0.017512114159717065], 0, -1.0, [-0.7523412429611893, -0.017028887122588147]
[-0.7523412429611893, -0.017028887122588147], 2, -1.0, [-0.7667860724381081, -0.014444829476918851]
[-0.7667860724381081, -0.014444829476918851], 2, -1.0, [-0.7785645441574162, -0.01177847171930799]
[-0.7785645441574162, -0.01177847171930799], 2, -1.0, [-0.7876118585941262, -0.009047314436710056]
[-0.7876118585941262, -0.009047314436710056], 2, -1.0, [-0.7938797052551971, -0.006267846661070997]
[-0.7938797052551971, -0.006267846661070997], 2, -1.0, [-0.7973353818693986, -0.0034556766142014375]
[-0.7973353818693986, -0.0034556766142014375], 2, -1.0, [-0.797961131837345, -0.000625749967946428]
[-0.797961131837345, -0.000625749967946428], 2, -1.0, [-0.7957537607897306, 0.002207371047614335]
[-0.7957537607897306, 0.002207371047614335], 2, -1.0, [-0.7907245657819101, 0.0050291950078204745]
[-0.7907245657819101, 0.0050291950078204745], 2, -1.0, [-0.7828995831905039, 0.007824982591406238]
[-0.7828995831905039, 0.007824982591406238], 2, -1.0, [-0.7723201339063618, 0.010579449284142067]
[-0.7723201339063618, 0.010579449284142067], 2, -1.0, [-0.7590436170014523, 0.013276516904909497]
[-0.7590436170014523, 0.013276516904909497], 2, -1.0, [-0.7431444759934714, 0.01589914100798083]
[-0.7431444759934714, 0.01589914100798083], 2, -1.0, [-0.7247152359769884, 0.01842924001648308]
[-0.7247152359769884, 0.01842924001648308], 2, -1.0, [-0.703867486799032, 0.0208477491779564]
[-0.703867486799032, 0.0208477491779564], 2, -1.0, [-0.6807326694902976, 0.023134817308734366]
[-0.6807326694902976, 0.023134817308734366], 2, -1.0, [-0.6554625133440459, 0.02527015614625171]
[-0.6554625133440459, 0.02527015614625171], 2, -1.0, [-0.6282289726745152, 0.02723354066953081]
[-0.6282289726745152, 0.02723354066953081], 2, -1.0, [-0.5992235283576286, 0.029005444316886543]
[-0.5992235283576286, 0.029005444316886543], 2, -1.0, [-0.5686557515779477, 0.030567776779680957]
[-0.5686557515779477, 0.030567776779680957], 2, -1.0, [-0.5367510755938601, 0.03190467598408757]
[-0.5367510755938601, 0.03190467598408757], 2, -1.0, [-0.5037477829529613, 0.03300329264089882]
[-0.5037477829529613, 0.03300329264089882], 2, -1.0, [-0.469893284769156, 0.0338544981838053]
[-0.469893284769156, 0.0338544981838053], 2, -1.0, [-0.4354398373833258, 0.034453447385830144]
[-0.4354398373833258, 0.034453447385830144], 2, -1.0, [-0.400639900772657, 0.03479993661066885]
[-0.400639900772657, 0.03479993661066885], 2, -1.0, [-0.36574138378771653, 0.034898516984940474]
[-0.36574138378771653, 0.034898516984940474], 2, -1.0, [-0.3309830373713513, 0.034758346416365195]
[-0.3309830373713513, 0.034758346416365195], 2, -1.0, [-0.29659024581440174, 0.03439279155694956]
[-0.29659024581440174, 0.03439279155694956], 2, -1.0, [-0.26277142966616823, 0.0338188161482335]
[-0.26277142966616823, 0.0338188161482335], 2, -1.0, [-0.22971521793138622, 0.033056211734782]
[-0.22971521793138622, 0.033056211734782], 2, -1.0, [-0.19758848008807514, 0.03212673784331107]
[-0.19758848008807514, 0.03212673784331107], 2, -1.0, [-0.16653523954604715, 0.03105324054202798]
[-0.16653523954604715, 0.03105324054202798], 2, -1.0, [-0.13667642780958472, 0.029858811736462425]
[-0.13667642780958472, 0.029858811736462425], 2, -1.0, [-0.10811038894756111, 0.02856603886202361]
[-0.10811038894756111, 0.02856603886202361], 2, -1.0, [-0.08091401028239328, 0.027196378665167827]
[-0.08091401028239328, 0.027196378665167827], 2, -1.0, [-0.05514433795752907, 0.025769672324864216]
[-0.05514433795752907, 0.025769672324864216], 2, -1.0, [-0.030840533480998425, 0.024303804476530647]
[-0.030840533480998425, 0.024303804476530647], 2, -1.0, [-0.008026036327210752, 0.022814497153787673]
[-0.008026036327210752, 0.022814497153787673], 2, -1.0, [0.013289185485730652, 0.021315221812941404]
[0.013289185485730652, 0.021315221812941404], 2, -1.0, [0.03310639381310599, 0.019817208327375338]
[0.03310639381310599, 0.019817208327375338], 0, -1.0, [0.04943592238268964, 0.016329528569583647]
[0.04943592238268964, 0.016329528569583647], 0, -1.0, [0.06229289458681169, 0.012856972204122052]
[0.06229289458681169, 0.012856972204122052], 0, -1.0, [0.07169339444379572, 0.009400499856984029]
[0.07169339444379572, 0.009400499856984029], 0, -1.0, [0.07765149609038308, 0.005958101646587361]
[0.07765149609038308, 0.005958101646587361], 0, -1.0, [0.08017712626321652, 0.002525630172833442]
[0.08017712626321652, 0.002525630172833442], 0, -1.0, [0.07927472761707773, -0.0009023986461387935]
[0.07927472761707773, -0.0009023986461387935], 0, -1.0, [0.07494269678931093, -0.004332030827766804]
[0.07494269678931093, -0.004332030827766804], 0, -1.0, [0.06717358484455069, -0.0077691119447602375]
[0.06717358484455069, -0.0077691119447602375], 0, -1.0, [0.055955064606352474, -0.011218520238198216]
[0.055955064606352474, -0.011218520238198216], 0, -1.0, [0.04127168513737968, -0.014683379468972798]
[0.04127168513737968, -0.014683379468972798], 0, -1.0, [0.023107443910216453, -0.018164241227163227]
[0.023107443910216453, -0.018164241227163227], 0, -1.0, [0.0014492072599453266, -0.021658236650271126]
[0.0014492072599453266, -0.021658236650271126], 0, -1.0, [-0.02370900576309409, -0.025158213023039416]
[-0.02370900576309409, -0.025158213023039416], 0, -1.0, [-0.0523608976359914, -0.028651891872897312]
[-0.0523608976359914, -0.028651891872897312], 0, -1.0, [-0.08448200916355197, -0.03212111152756058]
[-0.08448200916355197, -0.03212111152756058], 0, -1.0, [-0.12002325596508812, -0.03554124680153614]
[-0.12002325596508812, -0.03554124680153614], 0, -1.0, [-0.15890418337654522, -0.038880927411457086]
[-0.15890418337654522, -0.038880927411457086], 0, -1.0, [-0.2010063812952974, -0.04210219791875221]
[-0.2010063812952974, -0.04210219791875221], 0, -1.0, [-0.24616764701172267, -0.045161265716425245]
[-0.24616764701172267, -0.045161265716425245], 0, -1.0, [-0.29417760567713075, -0.04800995866540808]
[-0.29417760567713075, -0.04800995866540808], 0, -1.0, [-0.3447755567475731, -0.05059795107044237]
[-0.3447755567475731, -0.05059795107044237], 0, -1.0, [-0.3976512697875178, -0.05287571303994471]
[-0.3976512697875178, -0.05287571303994471], 0, -1.0, [-0.4524492729023068, -0.054798003114788975]
[-0.4524492729023068, -0.054798003114788975], 0, -1.0, [-0.5087768545199906, -0.056327581617683725]
[-0.5087768545199906, -0.056327581617683725], 0, -1.0, [-0.566215563916929, -0.05743870939693845]
[-0.566215563916929, -0.05743870939693845], 0, -1.0, [-0.6243355174424897, -0.05811995352556081]
[-0.6243355174424897, -0.05811995352556081], 0, -1.0, [-0.6827113934874992, -0.05837587604500951]
[-0.6827113934874992, -0.05837587604500951], 0, -1.0, [-0.7409387289531808, -0.05822733546568155]
[-0.7409387289531808, -0.05822733546568155], 0, -1.0, [-0.7986490815488982, -0.057710352595717454]
[-0.7986490815488982, -0.057710352595717454], 0, -1.0, [-0.8555228086940141, -0.0568737271451158]
[-0.8555228086940141, -0.0568737271451158], 0, -1.0, [-0.911298588023098, -0.055775779329083904]
[-0.911298588023098, -0.055775779329083904], 0, -1.0, [-0.9657792762747409, -0.0544806882516429]
[-0.9657792762747409, -0.0544806882516429], 0, -1.0, [-1.0188341700199584, -0.05305489374521739]
[-1.0188341700199584, -0.05305489374521739], 0, -1.0, [-1.0703981087214827, -0.05156393870152431]
[-1.0703981087214827, -0.05156393870152431], 0, -1.0, [-1.1204681004698351, -0.0500699917483524]
[-1.1204681004698351, -0.0500699917483524], 0, -1.0, [-1.1690982458780752, -0.04863014540824005]
[-1.1690982458780752, -0.04863014540824005], 0, -1.0, [-1.2, 0.0]
[-1.2, 0.0], 2, -1.0, [-1.1967581039591646, 0.003241896040835368]
[-1.1967581039591646, 0.003241896040835368], 2, -1.0, [-1.1902636585360942, 0.006494445423070332]
[-1.1902636585360942, 0.006494445423070332], 2, -1.0, [-1.1804959639787937, 0.009767694557300442]
[-1.1804959639787937, 0.009767694557300442], 2, -1.0, [-1.1674255149588486, 0.013070449019945182]
[-1.1674255149588486, 0.013070449019945182], 2, -1.0, [-1.1510159267200155, 0.016409588238833067]
[-1.1510159267200155, 0.016409588238833067], 2, -1.0, [-1.1312266168239755, 0.019789309896040046]
[-1.1312266168239755, 0.019789309896040046], 2, -1.0, [-1.108016322100852, 0.02321029472312345]
[-1.108016322100852, 0.02321029472312345], 2, -1.0, [-1.081347524946184, 0.02666879715466819]
[-1.081347524946184, 0.02666879715466819], 2, -1.0, [-1.0511918363028878, 0.03015568864329602]
[-1.0511918363028878, 0.03015568864329602], 2, -1.0, [-1.0175363271434712, 0.0336555091594167]
[-1.0175363271434712, 0.0336555091594167], 2, -1.0, [-0.9803907090723114, 0.03714561807115983]
[-0.9803907090723114, 0.03714561807115983], 2, -1.0, [-0.9397951336374217, 0.04059557543488971]
[-0.9397951336374217, 0.04059557543488971], 2, -1.0, [-0.8958282112564235, 0.043966922380998245]
[-0.8958282112564235, 0.043966922380998245], 2, -1.0, [-0.8486146572192776, 0.04721355403714586]
[-0.8486146572192776, 0.04721355403714586], 2, -1.0, [-0.7983317816221248, 0.05028287559715283]
[-0.7983317816221248, 0.05028287559715283], 2, -1.0, [-0.7452138959379592, 0.0531178856841656]
[-0.7452138959379592, 0.0531178856841656], 2, -1.0, [-0.6895536666604415, 0.0556602292775177]
[-0.6895536666604415, 0.0556602292775177], 2, -1.0, [-0.6316995610792892, 0.057854105581152386]
[-0.6316995610792892, 0.057854105581152386], 2, -1.0, [-0.5720488365336812, 0.05965072454560789]
[-0.5720488365336812, 0.05965072454560789], 2, -1.0, [-0.5110360146660762, 0.061012821867605024]
[-0.5110360146660762, 0.061012821867605024], 2, -1.0, [-0.44911739120176025, 0.061918623464315904]
[-0.44911739120176025, 0.061918623464315904], 2, -1.0, [-0.38675274139346727, 0.06236464980829299]
[-0.38675274139346727, 0.06236464980829299], 2, -1.0, [-0.3243858485235833, 0.06236689286988392]
[-0.3243858485235833, 0.06236689286988392], 2, -1.0, [-0.2624256859117381, 0.061960162611845254]
[-0.2624256859117381, 0.061960162611845254], 2, -1.0, [-0.20122996568717166, 0.061195720224566416]
[-0.20122996568717166, 0.061195720224566416], 2, -1.0, [-0.14109236178367496, 0.06013760390349669]
[-0.14109236178367496, 0.06013760390349669], 2, -1.0, [-0.08223412731502394, 0.05885823446865101]
[-0.08223412731502394, 0.05885823446865101], 2, -1.0, [-0.024800200336085113, 0.05743392697893883]
[-0.024800200336085113, 0.05743392697893883], 2, -1.0, [0.03114064276343887, 0.05594084309952398]
[0.03114064276343887, 0.05594084309952398], 2, -1.0, [0.08559238750154527, 0.0544517447381064]
[0.08559238750154527, 0.0544517447381064], 2, -1.0, [0.13862609852276647, 0.05303371102122119]
[0.13862609852276647, 0.05303371102122119], 1, -1.0, [0.18937290492486428, 0.0507468064020978]
[0.18937290492486428, 0.0507468064020978], 1, -1.0, [0.2380124246106571, 0.048639519685792824]
[0.2380124246106571, 0.048639519685792824], 1, -1.0, [0.28476263411837144, 0.04675020950771431]
[0.28476263411837144, 0.04675020950771431], 1, -1.0, [0.3298709544473682, 0.04510832032899673]
[0.3298709544473682, 0.04510832032899673], 1, -1.0, [0.37360674108696645, 0.043735786639598276]
[0.37360674108696645, 0.043735786639598276], 1, -1.0, [0.41625516768535603, 0.0426484265983896]
[0.41625516768535603, 0.0426484265983896], 1, -1.0, [0.4581123601826525, 0.041857192497296455]
[0.4581123601826525, 0.041857192497296455], 1, -1.0, [0.4994815578842463, 0.04136919770159382]
[0.4994815578842463, 0.04136919770159382], 1, -1.0, [0.5406700342215449, 0.0411884763372986]
