[-0.4968833496270854, 0.0], 0, -1.0, [-0.4980835008850544, -0.0012001512579689687]
[-0.4980835008850544, -0.0012001512579689687], 0, -1.0, [-0.5004748298822252, -0.002391328997170925]
[-0.5004748298822252, -0.002391328997170925], 0, -1.0, [-0.504039449402142, -0.003564619519916687]
[-0.504039449402142, -0.003564619519916687], 0, -1.0, [-0.5087506797019994, -0.004711230299857417]
[-0.5087506797019994, -0.004711230299857417], 0, -1.0, [-0.514573233897862, -0.005822554195862647]
[-0.514573233897862, -0.005822554195862647], 0, -1.0, [-0.5214634713855082, -0.006890237487646148]
[-0.5214634713855082, -0.006890237487646148], 0, -1.0, [-0.5293697235452208, -0.00790625215971263]
[-0.5293697235452208, -0.00790625215971263], 0, -1.0, [-0.5382326957574898, -0.008862972212269003]
[-0.5382326957574898, -0.008862972212269003], 0, -1.0, [-0.5479859488212915, -0.009753253063801755]
[-0.5479859488212915, -0.009753253063801755], 0, -1.0, [-0.5585564612109793, -0.010570512389687868]
[-0.5585564612109793, -0.010570512389687868], 0, -1.0, [-0.5698652712907815, -0.011308810079802115]
[-0.5698652712907815, -0.011308810079802115], 0, -1.0, [-0.5818281957524004, -0.011962924461618929]
[-0.5818281957524004, -0.011962924461618929], 0, -1.0, [-0.594356617336663, -0.012528421584262615]
[-0.594356617336663, -0.012528421584262615], 0, -1.0, [-0.6073583315781242, -0.013001714241461201]
[-0.6073583315781242, -0.013001714241461201], 0, -1.0, [-0.6207384391347979, -0.013380107556673604]
[-0.6207384391347979, -0.013380107556673604], 0, -1.0, [-0.6344002675019159, -0.01366182836711806]
[-0.6344002675019159, -0.01366182836711806], 0, -1.0, [-0.6482463038057541, -0.013846036303838237]
[-0.6482463038057541, -0.013846036303838237], 1, -1.0, [-0.6611791191310139, -0.012932815325259844]
[-0.6611791191310139, -0.012932815325259844], 2, -1.0, [-0.67210913024715, -0.010930011116136066]
[-0.67210913024715, -0.010930011116136066], 2, -1.0, [-0.6809617984543866, -0.008852668207236663]
[-0.6809617984543866, -0.008852668207236663], 2, -1.0, [-0.6876775970539555, -0.006715798599568807]
[-0.6876775970539555, -0.006715798599568807], 2, -1.0, [-0.6922119006146672, -0.004534303560711722]
[-0.6922119006146672, -0.004534303560711722], 2, -1.0, [-0.6945348495018244, -0.0023229488871572817]
[-0.6945348495018244, -0.0023229488871572817], 2, -1.0, [-0.694631232941913, -9.638344008851578e-05]
[-0.694631232941913, -9.638344008851578e-05], 2, -1.0, [-0.692500421093816, 0.0021308118480969913]
[-0.692500421093816, 0.0021308118480969913], 2, -1.0, [-0.6881563621124015, 0.004344058981414552]
[-0.6881563621124015, 0.004344058981414552], 2, -1.0, [-0.6816276448731354, 0.006528717239266093]
[-0.6816276448731354, 0.006528717239266093], 2, -1.0, [-0.6729576126751121, 0.008670032198023338]
[-0.6729576126751121, 0.008670032198023338], 2, -1.0, [-0.6622044986504743, 0.010753114024637894]
[-0.6622044986504743, 0.010753114024637894], 2, -1.0, [-0.6494415406245464, 0.012762958025927897]
[-0.6494415406245464, 0.012762958025927897], 2, -1.0, [-0.6347570227142086, 0.014684517910337713]
[-0.6347570227142086, 0.014684517910337713], 2, -1.0, [-0.6182541840088464, 0.016502838705362326]
[-0.6182541840088464, 0.016502838705362326], 2, -1.0, [-0.6000509322353985, 0.01820325177344787]
[-0.6000509322353985, 0.01820325177344787], 2, -1.0, [-0.5802793032300742, 0.019771629005324413]
[-0.5802793032300742, 0.019771629005324413], 2, -1.0, [-0.5590846158937774, 0.021194687336296692]
[-0.5590846158937774, 0.021194687336296692], 2, -1.0, [-0.5366242871807986, 0.02246032871297882]
[-0.5366242871807986, 0.02246032871297882], 2, -1.0, [-0.5130662919911003, 0.023557995189698255]
[-0.5130662919911003, 0.023557995189698255], 2, -1.0, [-0.4885872772845872, 0.024479014706513147]
[-0.4885872772845872, 0.024479014706513147], 2, -1.0, [-0.46337036626239636, 0.025216911022190817]
[-0.46337036626239636, 0.025216911022190817], 2, -1.0, [-0.43760271446169563, 0.025767651800700737]
[-0.43760271446169563, 0.025767651800700737], 2, -1.0, [-0.41147290224489125, 0.026129812216804396]
[-0.41147290224489125, 0.026129812216804396], 2, -1.0, [-0.3851682647682741, 0.026304637476617133]
[-0.3851682647682741, 0.026304637476617133], 2, -1.0, [-0.35887226904012615, 0.02629599572814795]
[-0.35887226904012615, 0.02629599572814795], 2, -1.0, [-0.3327620470480925, 0.026110221992033673]
[-0.3327620470480925, 0.026110221992033673], 0, -1.0, [-0.3090061842414168, 0.023755862806675684]
[-0.3090061842414168, 0.023755862806675684], 0, -1.0, [-0.287750874707881, 0.021255309533535775]
[-0.287750874707881, 0.021255309533535775], 0, -1.0, [-0.2691204877849943, 0.018630386922886728]
[-0.2691204877849943, 0.018630386922886728], 0, -1.0, [-0.2532186185843217, 0.01590186920067263]
[-0.2532186185843217, 0.01590186920067263], 0, -1.0, [-0.24012943202406195, 0.013089186560259761]
[-0.24012943202406195, 0.013089186560259761], 0, -1.0, [-0.22991911955378425, 0.010210312470277698]
[-0.22991911955378425, 0.010210312470277698], 0, -1.0, [-0.2226373081898218, 0.00728181136396245]
[-0.2226373081898218, 0.00728181136396245], 0, -1.0, [-0.2183182883802771, 0.004319019809544711]
[-0.2183182883802771, 0.004319019809544711], 0, -1.0, [-0.2169819571247587, 0.0013363312555183908]
[-0.2169819571247587, 0.0013363312555183908], 0, -1.0, [-0.2186344034042902, -0.0016524462795314797]
[-0.2186344034042902, -0.0016524462795314797], 0, -1.0, [-0.22326809319843888, -0.004633689794148691]
[-0.22326809319843888, -0.004633689794148691], 0, -1.0, [-0.23086164096882766, -0.0075935477703887805]
[-0.23086164096882766, -0.0075935477703887805], 0, -1.0, [-0.24137918384077084, -0.010517542871943184]
[-0.24137918384077084, -0.010517542871943184], 0, -1.0, [-0.2547694043719012, -0.013390220531130356]
[-0.2547694043719012, -0.013390220531130356], 0, -1.0, [-0.27096427808501966, -0.016194873713118473]
[-0.27096427808501966, -0.016194873713118473], 0, -1.0, [-0.2898776525683811, -0.018913374483361462]
[-0.2898776525683811, -0.018913374483361462], 0, -1.0, [-0.3114037946638557, -0.02152614209547457]
[-0.3114037946638557, -0.02152614209547457], 0, -1.0, [-0.3354160686627536, -0.024012273998897868]
[-0.3354160686627536, -0.024012273998897868], 0, -1.0, [-0.3617659279350118, -0.02634985927225818]
[-0.3617659279350118, -0.02634985927225818], 0, -1.0, [-0.39028241058223917, -0.02851648264722739]
[-0.39028241058223917, -0.02851648264722739], 0, -1.0, [-0.420772321867563, -0.030489911285323874]
[-0.420772321867563, -0.030489911285323874], 0, -1.0, [-0.4530212584751801, -0.03224893660761707]
[-0.4530212584751801, -0.03224893660761707], 0, -1.0, [-0.4867955802701182, -0.0337743217949381]
[-0.4867955802701182, -0.0337743217949381], 0, -1.0, [-0.5218453655703176, -0.03504978530019941]
[-0.5218453655703176, -0.03504978530019941], 0, -1.0, [-0.5579083013850809, -0.03606293581476323]
[-0.5579083013850809, -0.03606293581476323], 0, -1.0, [-0.5947143698722445, -0.036806068487163654]
[-0.5947143698722445, -0.036806068487163654], 0, -1.0, [-0.6319911084010926, -0.03727673852884813]
[-0.6319911084010926, -0.03727673852884813], 0, -1.0, [-0.6694691556461291, -0.03747804724503643]
[-0.6694691556461291, -0.03747804724503643], 0, -1.0, [-0.7068877605740409, -0.03741860492791185]
[-0.7068877605740409, -0.03741860492791185], 0, -1.0, [-0.7439999310016581, -0.03711217042761717]
[-0.7439999310016581, -0.03711217042761717], 0, -1.0, [-0.7805769335875183, -0.03657700258586023]
[-0.7805769335875183, -0.03657700258586023], 0, -1.0, [-0.8164119216648424, -0.03583498807732405]
[-0.8164119216648424, -0.03583498807732405], 0, -1.0, [-0.8513225506745281, -0.03491062900968561]
[-0.8513225506745281, -0.03491062900968561], 0, -1.0, [-0.8851525304569442, -0.03382997978241611]
[-0.8851525304569442, -0.03382997978241611], 0, -1.0, [-0.9177721472297738, -0.03261961677282967]
[-0.9177721472297738, -0.03261961677282967], 2, -1.0, [-0.9470778563785028, -0.029305709148729004]
[-0.9470778563785028, -0.029305709148729004], 2, -1.0, [-0.9729954897501708, -0.025917633371667956]
[-0.9729954897501708, -0.025917633371667956], 2, -1.0, [-0.9954748096490725, -0.022479319898901683]
[-0.9954748096490725, -0.022479319898901683], 2, -1.0, [-1.0144841656823311, -0.019009356033258665]
[-1.0144841656823311, -0.019009356033258665], 2, -1.0, [-1.0300055514185154, -0.015521385736184319]
[-1.0300055514185154, -0.015521385736184319], 2, -1.0, [-1.0420302615223112, -0.012024710103795775]
[-1.0420302615223112, -0.012024710103795775], 2, -1.0, [-1.0505552720050206, -0.008525010482709419]
[-1.0505552720050206, -0.008525010482709419], 2, -1.0, [-1.055580409322409, -0.005025137317388493]
[-1.055580409322409, -0.005025137317388493], 2, -1.0, [-1.0571063371616238, -0.0015259278392148507]
[-1.0571063371616238, -0.0015259278392148507], 2, -1.0, [-1.0551333694899447, 0.0019729676716790114]
[-1.0551333694899447, 0.0019729676716790114], 2, -1.0, [-1.049661110278437, 0.005472259211507763]
[-1.049661110278437, 0.005472259211507763], 2, -1.0, [-1.0406889193442561, 0.008972190934180866]
[-1.0406889193442561, 0.008972190934180866], 2, -1.0, [-1.0282172049706804, 0.012471714373575674]
[-1.0282172049706804, 0.012471714373575674], 2, -1.0, [-1.0122495423545392, 0.01596766261614102]
[-1.0122495423545392, 0.01596766261614102], 2, -1.0, [-0.9927956074939238, 0.019453934860615432]
[-0.9927956074939238, 0.019453934860615432], 2, -1.0, [-0.9698748939734326, 0.022920713520491184]
[-0.9698748939734326, 0.022920713520491184], 2, -1.0, [-0.9435211408116274, 0.026353753161805212]
[-0.9435211408116274, 0.026353753161805212], 2, -1.0, [-0.9137873399256297, 0.029733800885997783]
[-0.9137873399256297, 0.029733800885997783], 2, -1.0, [-0.8807511111484567, 0.03303622877717294]
[-0.8807511111484567, 0.03303622877717294], 2, -1.0, [-0.8445201345784551, 0.03623097657000164]
[-0.8445201345784551, 0.03623097657000164], 2, -1.0, [-0.8052372237827252, 0.03928291079572993]
[-0.8052372237827252, 0.03928291079572993], 2, -1.0, [-0.7630845256844286, 0.04215269809829658]
[-0.7630845256844286, 0.04215269809829658], 2, -1.0, [-0.7182862674870214, 0.044798258197407265]
[-0.7182862674870214, 0.044798258197407265], 2, -1.0, [-0.6711094655036179, 0.04717680198340345]
[-0.6711094655036179, 0.04717680198340345], 2, -1.0, [-0.6218620910415235, 0.049247374462094484]
[-0.6218620910415235, 0.049247374462094484], 2, -1.0, [-0.5708883694196558, 0.05097372162186763]
[-0.5708883694196558, 0.05097372162186763], 2, -1.0, [-0.518561164379788, 0.052327205039867805]
[-0.518561164379788, 0.052327205039867805], 2, -1.0, [-0.4652717399858517, 0.05328942439393633]
[-0.4652717399858517, 0.05328942439393633], 2, -1.0, [-0.411417539424325, 0.053854200561526705]
[-0.411417539424325, 0.053854200561526705], 2, -1.0, [-0.3573889055423076, 0.054028633882017375]
[-0.3573889055423076, 0.054028633882017375], 2, -1.0, [-0.3035558278067606, 0.05383307773554705]
[-0.3035558278067606, 0.05383307773554705], 2, -1.0, [-0.25025579665158637, 0.053300031155174246]
[-0.25025579665158637, 0.053300031155174246], 2, -1.0, [-0.19778367942327912, 0.052472117228307254]
[-0.19778367942327912, 0.052472117228307254], 2, -1.0, [-0.1463842412699912, 0.05139943815328793]
[-0.1463842412699912, 0.05139943815328793], 2, -1.0, [-0.09624758368368769, 0.05013665758630351]
[-0.09624758368368769, 0.05013665758630351], 2, -1.0, [-0.04750743267542547, 0.04874015100826222]
[-0.04750743267542547, 0.04874015100826222], 2, -1.0, [-0.00024193386064837175, 0.047265498814777096]
[-0.00024193386064837175, 0.047265498814777096], 2, -1.0, [0.045523565612613615, 0.045765499473261986]
[0.045523565612613615, 0.045765499473261986], 2, -1.0, [0.08981234331488772, 0.0442887777022741]
[0.08981234331488772, 0.0442887777022741], 2, -1.0, [0.13269131875355397, 0.04287897543866626]
[0.13269131875355397, 0.04287897543866626], 1, -1.0, [0.1732657708874816, 0.04057445213392763]
[0.1732657708874816, 0.04057445213392763], 1, -1.0, [0.2116704233385011, 0.038404652451019525]
[0.2116704233385011, 0.038404652451019525], 1, -1.0, [0.24806241326126427, 0.03639198992276314]
[0.24806241326126427, 0.03639198992276314], 1, -1.0, [0.28261530646391725, 0.03455289320265299]
[0.28261530646391725, 0.03455289320265299], 1, -1.0, [0.3155141998365594, 0.03289889337264212]
[0.3155141998365594, 0.03289889337264212], 1, -1.0, [0.3469518634331495, 0.031437663596590094]
[0.3469518634331495, 0.031437663596590094], 1, -1.0, [0.37712582151137364, 0.030173958078224174]
[0.37712582151137364, 0.030173958078224174], 2, -1.0, [0.40723624557001004, 0.03011042405863641]
[0.40723624557001004, 0.03011042405863641], 1, -1.0, [0.43649156819897805, 0.029255322628968013]
[0.43649156819897805, 0.029255322628968013], 1, -1.0, [0.46510099700432617, 0.0286094288053481]
[0.46510099700432617, 0.0286094288053481], 1, -1.0, [0.49327394101661504, 0.02817294401228885]
[0.49327394101661504, 0.02817294401228885], 1, -1.0, [0.5212197623638146, 0.027945821347199622]
