[-0.5833508138426958, 0.0], 0, -1.0, [-0.5839050696998682, -0.0005542558571723982]
[-0.5839050696998682, -0.0005542558571723982], 0, -1.0, [-0.5850094917213476, -0.001104422021479457]
[-0.5850094917213476, -0.001104422021479457], 0, -1.0, [-0.5866559344173969, -0.0016464426960493153]
[-0.5866559344173969, -0.0016464426960493153], 0, -1.0, [-0.5888322640718949, -0.0021763296544979557]
[-0.5888322640718949, -0.0021763296544979557], 0, -1.0, [-0.5915224595330455, -0.002690195461150599]
[-0.5915224595330455, -0.002690195461150599], 0, -1.0, [-0.594706745516066, -0.003184285983020416]
[-0.594706745516066, -0.003184285983020416], 0, -1.0, [-0.5983617574271218, -0.003655011911055933]
[-0.5983617574271218, -0.003655011911055933], 0, -1.0, [-0.6024607364030792, -0.00409897897595734]
[-0.6024607364030792, -0.00409897897595734], 0, -1.0, [-0.6069737529153993, -0.004513016512320158]
[-0.6069737529153993, -0.004513016512320158], 0, -1.0, [-0.6118679569141121, -0.004894203998712776]
[-0.6118679569141121, -0.004894203998712776], 0, -1.0, [-0.6171078520993071, -0.005239895185194967]
[-0.6171078520993071, -0.005239895185194967], 0, -1.0, [-0.6226555915172212, -0.005547739417914119]
[-0.6226555915172212, -0.005547739417914119], 1, -1.0, [-0.6274712913032805, -0.004815699786059299]
[-0.6274712913032805, -0.004815699786059299], 1, -1.0, [-0.6315204943865809, -0.0040492030833004095]
[-0.6315204943865809, -0.0040492030833004095], 2, -1.0, [-0.6337743516142829, -0.002253857227702033]
[-0.6337743516142829, -0.002253857227702033], 2, -1.0, [-0.6342168556158422, -0.00044250400155935706]
[-0.6342168556158422, -0.00044250400155935706], 2, -1.0, [-0.6328448679675733, 0.0013719876482688963]
[-0.6328448679675733, 0.0013719876482688963], 2, -1.0, [-0.6296681240298274, 0.0031767439377459235]
[-0.6296681240298274, 0.0031767439377459235], 2, -1.0, [-0.6247092174180815, 0.004958906611745951]
[-0.6247092174180815, 0.004958906611745951], 2, -1.0, [-0.6180035580619775, 0.006705659356103972]
[-0.6180035580619775, 0.006705659356103972], 2, -1.0, [-0.6095992902518004, 0.008404267810177106]
[-0.6095992902518004, 0.008404267810177106], 0, -1.0, [-0.6015571505618184, 0.008042139689982073]
[-0.6015571505618184, 0.008042139689982073], 2, -1.0, [-0.5919356386687019, 0.00962151189311647]
[-0.5919356386687019, 0.00962151189311647], 2, -1.0, [-0.5808051829571431, 0.011130455711558762]
[-0.5808051829571431, 0.011130455711558762], 2, -1.0, [-0.5682477822275978, 0.01255740072954534]
[-0.5682477822275978, 0.01255740072954534], 2, -1.0, [-0.5543565144050757, 0.013891267822522087]
[-0.5543565144050757, 0.013891267822522087], 1, -1.0, [-0.5402348907547274, 0.014121623650348332]
[-0.5402348907547274, 0.014121623650348332], 0, -1.0, [-0.5269885480316929, 0.01324634272303449]
[-0.5269885480316929, 0.01324634272303449], 0, -1.0, [-0.5147167824535974, 0.012271765578095504]
[-0.5147167824535974, 0.012271765578095504], 0, -1.0, [-0.5035116239415068, 0.011205158512090582]
[-0.5035116239415068, 0.011205158512090582], 0, -1.0, [-0.4934570279017151, 0.010054596039791735]
[-0.4934570279017151, 0.010054596039791735], 0, -1.0, [-0.4846281870196139, 0.00882884088210115]
[-0.4846281870196139, 0.00882884088210115], 0, -1.0, [-0.47709096017665537, 0.007537226842958534]
[-0.47709096017665537, 0.007537226842958534], 0, -1.0, [-0.47090141135290986, 0.006189548823745496]
[-0.47090141135290986, 0.006189548823745496], 0, -1.0, [-0.4661054484783747, 0.004795962874535163]
[-0.4661054484783747, 0.004795962874535163], 0, -1.0, [-0.4627385507492157, 0.003366897729158981]
[-0.4627385507492157, 0.003366897729158981], 0, -1.0, [-0.4608255729071231, 0.0019129778420926048]
[-0.4608255729071231, 0.0019129778420926048], 0, -1.0, [-0.46038061625783716, 0.0004449566492859419]
[-0.46038061625783716, 0.0004449566492859419], 0, -1.0, [-0.4614069585577098, -0.0010263422998726213]
[-0.4614069585577098, -0.0010263422998726213], 0, -1.0, [-0.46389703803914306, -0.0024900794814332865]
[-0.46389703803914306, -0.0024900794814332865], 0, -1.0, [-0.46783249044810166, -0.003935452408958617]
[-0.46783249044810166, -0.003935452408958617], 0, -1.0, [-0.47318424167753775, -0.005351751229436073]
[-0.47318424167753775, -0.005351751229436073], 0, -1.0, [-0.47991266204211197, -0.006728420364574218]
[-0.47991266204211197, -0.006728420364574218], 0, -1.0, [-0.4879677911069379, -0.008055129064825925]
[-0.4879677911069379, -0.008055129064825925], 0, -1.0, [-0.4972896439419636, -0.009321852835025759]
[-0.4972896439419636, -0.009321852835025759], 0, -1.0, [-0.5078086104611866, -0.010518966519223042]
[-0.5078086104611866, -0.010518966519223042], 0, -1.0, [-0.5194459589332077, -0.01163734847202105]
[-0.5194459589332077, -0.01163734847202105], 0, -1.0, [-0.5321144527245094, -0.012668493791301694]
[-0.5321144527245094, -0.012668493791301694], 0, -1.0, [-0.5457190858843424, -0.013604633159832905]
[-0.5457190858843424, -0.013604633159832905], 0, -1.0, [-0.5601579384562567, -0.014438852571914369]
[-0.5601579384562567, -0.014438852571914369], 0, -1.0, [-0.575323146695834, -0.015165208239577234]
[-0.575323146695834, -0.015165208239577234], 0, -1.0, [-0.5911019770981455, -0.01577883040231157]
[-0.5911019770981455, -0.01577883040231157], 0, -1.0, [-0.6073779867952419, -0.016276009697096364]
[-0.6073779867952419, -0.016276009697096364], 0, -1.0, [-0.6240322470240022, -0.016654260228760216]
[-0.6240322470240022, -0.016654260228760216], 0, -1.0, [-0.640944601528644, -0.016912354504641777]
[-0.640944601528644, -0.016912354504641777], 0, -1.0, [-0.6579949284197036, -0.01705032689105963]
[-0.6579949284197036, -0.01705032689105963], 0, -1.0, [-0.6750643725042852, -0.01706944408458155]
[-0.6750643725042852, -0.01706944408458155], 0, -1.0, [-0.6920365156026239, -0.01697214309833873]
[-0.6920365156026239, -0.01697214309833873], 0, -1.0, [-0.7087984548540943, -0.016761939251470435]
[-0.7087984548540943, -0.016761939251470435], 0, -1.0, [-0.7252417632853415, -0.01644330843124723]
[-0.7252417632853415, -0.01644330843124723], 0, -1.0, [-0.7412633125996071, -0.01602154931426558]
[-0.7412633125996071, -0.01602154931426558], 2, -1.0, [-0.7547659447747568, -0.013502632175149742]
[-0.7547659447747568, -0.013502632175149742], 2, -1.0, [-0.76567049245419, -0.010904547679433265]
[-0.76567049245419, -0.010904547679433265], 2, -1.0, [-0.7739149289027554, -0.008244436448565269]
[-0.7739149289027554, -0.008244436448565269], 2, -1.0, [-0.7794535342741019, -0.005538605371346544]
[-0.7794535342741019, -0.005538605371346544], 2, -1.0, [-0.7822561782876218, -0.0028026440135199204]
[-0.7822561782876218, -0.0028026440135199204], 2, -1.0, [-0.7823077965250201, -5.161823739830568e-05]
[-0.7823077965250201, -5.161823739830568e-05], 2, -1.0, [-0.7796081126921217, 0.002699683832898403]
[-0.7796081126921217, 0.002699683832898403], 2, -1.0, [-0.7741716334235742, 0.00543647926854756]
[-0.7741716334235742, 0.00543647926854756], 2, -1.0, [-0.7660279161203293, 0.008143717303244905]
[-0.7660279161203293, 0.008143717303244905], 2, -1.0, [-0.7552220842170091, 0.010805831903320205]
[-0.7552220842170091, 0.010805831903320205], 2, -1.0, [-0.7418155384882231, 0.013406545728785933]
[-0.7418155384882231, 0.013406545728785933], 2, -1.0, [-0.7258867880888379, 0.01592875039938522]
[-0.7258867880888379, 0.01592875039938522], 2, -1.0, [-0.7075323020344995, 0.018354486054338422]
[-0.7075323020344995, 0.018354486054338422], 2, -1.0, [-0.6868672624331174, 0.020665039601382162]
[-0.6868672624331174, 0.020665039601382162], 2, -1.0, [-0.6640260872550415, 0.022841175178075816]
[-0.6640260872550415, 0.022841175178075816], 2, -1.0, [-0.6391625854811295, 0.02486350177391202]
[-0.6391625854811295, 0.02486350177391202], 2, -1.0, [-0.6124496138181382, 0.02671297166299126]
[-0.6124496138181382, 0.02671297166299126], 2, -1.0, [-0.5840781239747397, 0.028371489843398538]
[-0.5840781239747397, 0.028371489843398538], 2, -1.0, [-0.5542555236327051, 0.029822600342034586]
[-0.5542555236327051, 0.029822600342034586], 2, -1.0, [-0.5232033216819711, 0.031052201950734014]
[-0.5232033216819711, 0.031052201950734014], 2, -1.0, [-0.49115408563491386, 0.03204923604705728]
[-0.49115408563491386, 0.03204923604705728], 2, -1.0, [-0.45834780072150233, 0.032806284913411525]
[-0.45834780072150233, 0.032806284913411525], 2, -1.0, [-0.42502777864540064, 0.033320022076101685]
[-0.42502777864540064, 0.033320022076101685], 2, -1.0, [-0.39143631148766705, 0.033591467157733604]
[-0.39143631148766705, 0.033591467157733604], 2, -1.0, [-0.357810295881563, 0.033626015606104044]
[-0.357810295881563, 0.033626015606104044], 2, -1.0, [-0.3243770598574459, 0.033433236024117054]
[-0.3243770598574459, 0.033433236024117054], 2, -1.0, [-0.2913506085806014, 0.033026451276844504]
[-0.2913506085806014, 0.033026451276844504], 2, -1.0, [-0.258928468141022, 0.032422140439579396]
[-0.258928468141022, 0.032422140439579396], 2, -1.0, [-0.22728925425113075, 0.03163921388989125]
[-0.22728925425113075, 0.03163921388989125], 2, -1.0, [-0.1965910326786106, 0.030698221572520154]
[-0.1965910326786106, 0.030698221572520154], 2, -1.0, [-0.16697047834888468, 0.029620554329725948]
[-0.16697047834888468, 0.029620554329725948], 2, -1.0, [-0.13854278709966564, 0.028427691249219046]
[-0.13854278709966564, 0.028427691249219046], 2, -1.0, [-0.11140225282770058, 0.027140534271965056]
[-0.11140225282770058, 0.027140534271965056], 2, -1.0, [-0.08562339557031974, 0.02577885725738084]
[-0.08562339557031974, 0.02577885725738084], 0, -1.0, [-0.06326251295719933, 0.022360882613120414]
[-0.06326251295719933, 0.022360882613120414], 0, -1.0, [-0.04435674118939691, 0.018905771767802414]
[-0.04435674118939691, 0.018905771767802414], 0, -1.0, [-0.02892886745953799, 0.015427873729858921]
[-0.02892886745953799, 0.015427873729858921], 0, -1.0, [-0.01699158474460239, 0.011937282714935602]
[-0.01699158474460239, 0.011937282714935602], 0, -1.0, [-0.008551054700958486, 0.008440530043643904]
[-0.008551054700958486, 0.008440530043643904], 0, -1.0, [-0.0036097020963900273, 0.004941352604568459]
[-0.0036097020963900273, 0.004941352604568459], 0, -1.0, [-0.0021682029063253, 0.0014414991900647271]
[-0.0021682029063253, 0.0014414991900647271], 0, -1.0, [-0.004226650829028811, -0.002058447922703511]
[-0.004226650829028811, -0.002058447922703511], 0, -1.0, [-0.009784897777931234, -0.005558246948902423]
[-0.009784897777931234, -0.005558246948902423], 0, -1.0, [-0.018842067681651732, -0.009057169903720496]
[-0.018842067681651732, -0.009057169903720496], 0, -1.0, [-0.031395244634197426, -0.012553176952545694]
[-0.031395244634197426, -0.012553176952545694], 0, -1.0, [-0.04743734109100172, -0.016042096456804295]
[-0.04743734109100172, -0.016042096456804295], 0, -1.0, [-0.0669541643552979, -0.019516823264296178]
[-0.0669541643552979, -0.019516823264296178], 0, -1.0, [-0.0899207247756174, -0.022966560420319495]
[-0.0899207247756174, -0.022966560420319495], 0, -1.0, [-0.11629687095766895, -0.026376146182051557]
[-0.11629687095766895, -0.026376146182051557], 0, -1.0, [-0.14602239849252346, -0.029725527534854513]
[-0.14602239849252346, -0.029725527534854513], 0, -1.0, [-0.17901185910356998, -0.032989460611046524]
[-0.17901185910356998, -0.032989460611046524], 0, -1.0, [-0.2151493922817324, -0.03613753317816244]
[-0.2151493922817324, -0.03613753317816244], 0, -1.0, [-0.25428400106858956, -0.03913460878685714]
[-0.25428400106858956, -0.03913460878685714], 0, -1.0, [-0.2962257805038383, -0.04194177943524872]
[-0.2962257805038383, -0.04194177943524872], 0, -1.0, [-0.34074365812974305, -0.04451787762590475]
[-0.34074365812974305, -0.04451787762590475], 0, -1.0, [-0.3875651948036343, -0.04682153667389128]
[-0.3875651948036343, -0.04682153667389128], 0, -1.0, [-0.4363788983810171, -0.04881370357738279]
[-0.4363788983810171, -0.04881370357738279], 0, -1.0, [-0.48683931207965814, -0.05046041369864103]
[-0.48683931207965814, -0.05046041369864103], 0, -1.0, [-0.5385748632897249, -0.05173555121006676]
[-0.5385748632897249, -0.05173555121006676], 0, -1.0, [-0.5911981316257476, -0.05262326833602268]
[-0.5911981316257476, -0.05262326833602268], 0, -1.0, [-0.6443178728554758, -0.05311974122972816]
[-0.6443178728554758, -0.05311974122972816], 0, -1.0, [-0.6975518830489535, -0.053234010193477684]
[-0.6975518830489535, -0.053234010193477684], 0, -1.0, [-0.7505396611583427, -0.052987778109389115]
[-0.7505396611583427, -0.052987778109389115], 0, -1.0, [-0.8029538580513181, -0.05241419689297548]
[-0.8029538580513181, -0.05241419689297548], 0, -1.0, [-0.8545096790652621, -0.05155582101394391]
[-0.8545096790652621, -0.05155582101394391], 0, -1.0, [-0.9049716944151386, -0.05046201534987646]
[-0.9049716944151386, -0.05046201534987646], 0, -1.0, [-0.9541578453794624, -0.04918615096432373]
[-0.9541578453794624, -0.04918615096432373], 0, -1.0, [-1.0019407500880864, -0.04778290470862398]
[-1.0019407500880864, -0.04778290470862398], 0, -1.0, [-1.0482466614258825, -0.04630591133779618]
[-1.0482466614258825, -0.04630591133779618], 0, -1.0, [-1.0930525851457815, -0.04480592371989903]
[-1.0930525851457815, -0.04480592371989903], 0, -1.0, [-1.1363821267812075, -0.04332954163542595]
[-1.1363821267812075, -0.04332954163542595], 0, -1.0, [-1.1783006171417092, -0.04191849036050173]
[-1.1783006171417092, -0.04191849036050173], 0, -1.0, [-1.2, 0.0]
[-1.2, 0.0], 2, -1.0, [-1.1967581039591646, 0.003241896040835368]
[-1.1967581039591646, 0.003241896040835368], 2, -1.0, [-1.1902636585360942, 0.006494445423070332]
[-1.1902636585360942, 0.006494445423070332], 2, -1.0, [-1.1804959639787937, 0.009767694557300442]
[-1.1804959639787937, 0.009767694557300442], 2, -1.0, [-1.1674255149588486, 0.013070449019945182]
[-1.1674255149588486, 0.013070449019945182], 2, -1.0, [-1.1510159267200155, 0.016409588238833067]
[-1.1510159267200155, 0.016409588238833067], 2, -1.0, [-1.1312266168239755, 0.019789309896040046]
[-1.1312266168239755, 0.019789309896040046], 2, -1.0, [-1.108016322100852, 0.02321029472312345]
[-1.108016322100852, 0.02321029472312345], 2, -1.0, [-1.081347524946184, 0.02666879715466819]
[-1.081347524946184, 0.02666879715466819], 2, -1.0, [-1.0511918363028878, 0.03015568864329602]
[-1.0511918363028878, 0.03015568864329602], 2, -1.0, [-1.0175363271434712, 0.0336555091594167]
[-1.0175363271434712, 0.0336555091594167], 2, -1.0, [-0.9803907090723114, 0.03714561807115983]
[-0.9803907090723114, 0.03714561807115983], 2, -1.0, [-0.9397951336374217, 0.04059557543488971]
[-0.9397951336374217, 0.04059557543488971], 2, -1.0, [-0.8958282112564235, 0.043966922380998245]
[-0.8958282112564235, 0.043966922380998245], 2, -1.0, [-0.8486146572192776, 0.04721355403714586]
[-0.8486146572192776, 0.04721355403714586], 2, -1.0, [-0.7983317816221248, 0.05028287559715283]
[-0.7983317816221248, 0.05028287559715283], 2, -1.0, [-0.7452138959379592, 0.0531178856841656]
[-0.7452138959379592, 0.0531178856841656], 2, -1.0, [-0.6895536666604415, 0.0556602292775177]
[-0.6895536666604415, 0.0556602292775177], 2, -1.0, [-0.6316995610792892, 0.057854105581152386]
[-0.6316995610792892, 0.057854105581152386], 2, -1.0, [-0.5720488365336812, 0.05965072454560789]
[-0.5720488365336812, 0.05965072454560789], 2, -1.0, [-0.5110360146660762, 0.061012821867605024]
[-0.5110360146660762, 0.061012821867605024], 2, -1.0, [-0.44911739120176025, 0.061918623464315904]
[-0.44911739120176025, 0.061918623464315904], 2, -1.0, [-0.38675274139346727, 0.06236464980829299]
[-0.38675274139346727, 0.06236464980829299], 2, -1.0, [-0.3243858485235833, 0.06236689286988392]
[-0.3243858485235833, 0.06236689286988392], 2, -1.0, [-0.2624256859117381, 0.061960162611845254]
[-0.2624256859117381, 0.061960162611845254], 2, -1.0, [-0.20122996568717166, 0.061195720224566416]
[-0.20122996568717166, 0.061195720224566416], 2, -1.0, [-0.14109236178367496, 0.06013760390349669]
[-0.14109236178367496, 0.06013760390349669], 2, -1.0, [-0.08223412731502394, 0.05885823446865101]
[-0.08223412731502394, 0.05885823446865101], 2, -1.0, [-0.024800200336085113, 0.05743392697893883]
[-0.024800200336085113, 0.05743392697893883], 2, -1.0, [0.03114064276343887, 0.05594084309952398]
[0.03114064276343887, 0.05594084309952398], 2, -1.0, [0.08559238750154527, 0.0544517447381064]
[0.08559238750154527, 0.0544517447381064], 2, -1.0, [0.13862609852276647, 0.05303371102122119]
[0.13862609852276647, 0.05303371102122119], 1, -1.0, [0.18937290492486428, 0.0507468064020978]
[0.18937290492486428, 0.0507468064020978], 1, -1.0, [0.2380124246106571, 0.048639519685792824]
[0.2380124246106571, 0.048639519685792824], 1, -1.0, [0.28476263411837144, 0.04675020950771431]
[0.28476263411837144, 0.04675020950771431], 1, -1.0, [0.3298709544473682, 0.04510832032899673]
[0.3298709544473682, 0.04510832032899673], 1, -1.0, [0.37360674108696645, 0.043735786639598276]
[0.37360674108696645, 0.043735786639598276], 1, -1.0, [0.41625516768535603, 0.0426484265983896]
[0.41625516768535603, 0.0426484265983896], 1, -1.0, [0.4581123601826525, 0.041857192497296455]
[0.4581123601826525, 0.041857192497296455], 1, -1.0, [0.4994815578842463, 0.04136919770159382]
[0.4994815578842463, 0.04136919770159382], 1, -1.0, [0.5406700342215449, 0.0411884763372986]
