[-0.49215057404040474, 0.0], 0, -1.0, [-0.4933860858109801, -0.0012355117705753623]
[-0.4933860858109801, -0.0012355117705753623], 0, -1.0, [-0.4958478826260143, -0.0024617968150342185]
[-0.4958478826260143, -0.0024617968150342185], 0, -1.0, [-0.49951757079455156, -0.003669688168537251]
[-0.49951757079455156, -0.003669688168537251], 0, -1.0, [-0.5043677109361405, -0.0048501401415889135]
[-0.5043677109361405, -0.0048501401415889135], 0, -1.0, [-0.5103620040626511, -0.005994293126510521]
[-0.5103620040626511, -0.005994293126510521], 0, -1.0, [-0.5174555468862545, -0.007093542823603364]
[-0.5174555468862545, -0.007093542823603364], 0, -1.0, [-0.5255951613170323, -0.008139614430777872]
[-0.5255951613170323, -0.008139614430777872], 0, -1.0, [-0.5347198029444324, -0.009124641627400162]
[-0.5347198029444324, -0.009124641627400162], 0, -1.0, [-0.5447610523393287, -0.010041249394896309]
[-0.5447610523393287, -0.010041249394896309], 0, -1.0, [-0.5556436912574308, -0.010882638918102146]
[-0.5556436912574308, -0.010882638918102146], 2, -1.0, [-0.5652863633315274, -0.009642672074096484]
[-0.5652863633315274, -0.009642672074096484], 0, -1.0, [-0.575617192889024, -0.010330829557496628]
[-0.575617192889024, -0.010330829557496628], 0, -1.0, [-0.5865594659111213, -0.010942273022097253]
[-0.5865594659111213, -0.010942273022097253], 0, -1.0, [-0.5980323365179246, -0.011472870606803404]
[-0.5980323365179246, -0.011472870606803404], 0, -1.0, [-0.6099515832338116, -0.011919246715886952]
[-0.6099515832338116, -0.011919246715886952], 0, -1.0, [-0.622230403681198, -0.01227882044738637]
[-0.622230403681198, -0.01227882044738637], 0, -1.0, [-0.6347802342266823, -0.012549830545484303]
[-0.6347802342266823, -0.012549830545484303], 0, -1.0, [-0.6475115794830828, -0.012731345256400494]
[-0.6475115794830828, -0.012731345256400494], 0, -1.0, [-0.6603348356058395, -0.012823256122756664]
[-0.6603348356058395, -0.012823256122756664], 2, -1.0, [-0.6711610911146486, -0.010826255508809075]
[-0.6711610911146486, -0.010826255508809075], 2, -1.0, [-0.6799164242636395, -0.008755333148990898]
[-0.6799164242636395, -0.008755333148990898], 2, -1.0, [-0.6865418761197577, -0.006625451856118222]
[-0.6865418761197577, -0.006625451856118222], 2, -1.0, [-0.6909933464253627, -0.004451470305605013]
[-0.6909933464253627, -0.004451470305605013], 2, -1.0, [-0.6932414647760154, -0.0022481183506527823]
[-0.6932414647760154, -0.0022481183506527823], 2, -1.0, [-0.6932714795181141, -3.001474209857625e-05]
[-0.6932714795181141, -3.001474209857625e-05], 2, -1.0, [-0.6910831940749012, 0.002188285443212954]
[-0.6910831940749012, 0.002188285443212954], 2, -1.0, [-0.6866909660618677, 0.004392228013033425]
[-0.6866909660618677, 0.004392228013033425], 2, -1.0, [-0.6801237693982263, 0.006567196663641471]
[-0.6801237693982263, 0.006567196663641471], 2, -1.0, [-0.6714253044561355, 0.008698464942090863]
[-0.6714253044561355, 0.008698464942090863], 2, -1.0, [-0.6606541269092454, 0.010771177546890089]
[-0.6606541269092454, 0.010771177546890089], 2, -1.0, [-0.6478837531896215, 0.012770373719623902]
[-0.6478837531896215, 0.012770373719623902], 2, -1.0, [-0.6332026902536316, 0.014681062935989874]
[-0.6332026902536316, 0.014681062935989874], 2, -1.0, [-0.6167143306692177, 0.016488359584413997]
[-0.6167143306692177, 0.016488359584413997], 2, -1.0, [-0.5985366518381092, 0.018177678831108414]
[-0.5985366518381092, 0.018177678831108414], 2, -1.0, [-0.5788016612954207, 0.01973499054268855]
[-0.5788016612954207, 0.01973499054268855], 2, -1.0, [-0.5576545390250929, 0.02114712227032781]
[-0.5576545390250929, 0.02114712227032781], 2, -1.0, [-0.5352524426463927, 0.022402096378700154]
[-0.5352524426463927, 0.022402096378700154], 2, -1.0, [-0.5117629615686766, 0.0234894810777161]
[-0.5117629615686766, 0.0234894810777161], 2, -1.0, [-0.4873622304444345, 0.024400731124242098]
[-0.4873622304444345, 0.024400731124242098], 2, -1.0, [-0.46223273843043966, 0.025129492013994833]
[-0.46223273843043966, 0.025129492013994833], 2, -1.0, [-0.4365608963162942, 0.02567184211414546]
[-0.4365608963162942, 0.02567184211414546], 2, -1.0, [-0.4105344457039215, 0.02602645061237268]
[-0.4105344457039215, 0.02602645061237268], 2, -1.0, [-0.3843398105187681, 0.026194635185153428]
[-0.3843398105187681, 0.026194635185153428], 2, -1.0, [-0.3581594992204782, 0.026180311298289887]
[-0.3581594992204782, 0.026180311298289887], 0, -1.0, [-0.3341696651393139, 0.02398983408116428]
[-0.3341696651393139, 0.02398983408116428], 0, -1.0, [-0.3125253044597039, 0.02164436067961001]
[-0.3125253044597039, 0.02164436067961001], 0, -1.0, [-0.2933603034827102, 0.019165000976993682]
[-0.2933603034827102, 0.019165000976993682], 0, -1.0, [-0.276788024458929, 0.016572279023781156]
[-0.276788024458929, 0.016572279023781156], 0, -1.0, [-0.2629022630706076, 0.013885761388321434]
[-0.2629022630706076, 0.013885761388321434], 0, -1.0, [-0.25177841009068164, 0.011123852979925984]
[-0.25177841009068164, 0.011123852979925984], 0, -1.0, [-0.24347466154265274, 0.008303748548028907]
[-0.24347466154265274, 0.008303748548028907], 0, -1.0, [-0.2380331419768785, 0.0054415195657742345]
[-0.2380331419768785, 0.0054415195657742345], 0, -1.0, [-0.23548083082853838, 0.0025523111483401113]
[-0.23548083082853838, 0.0025523111483401113], 0, -1.0, [-0.23583020961965342, -0.0003493787911150567]
[-0.23583020961965342, -0.0003493787911150567], 0, -1.0, [-0.23907957635938829, -0.0032493667397348624]
[-0.23907957635938829, -0.0032493667397348624], 0, -1.0, [-0.2452130021002096, -0.006133425740821324]
[-0.2452130021002096, -0.006133425740821324], 0, -1.0, [-0.25419993307242694, -0.008986930972217318]
[-0.25419993307242694, -0.008986930972217318], 0, -1.0, [-0.2659944703090412, -0.011794537236614291]
[-0.2659944703090412, -0.011794537236614291], 0, -1.0, [-0.2805343873061473, -0.014539916997106092]
[-0.2805343873061473, -0.014539916997106092], 0, -1.0, [-0.2977399747660724, -0.017205587459925075]
[-0.2977399747660724, -0.017205587459925075], 0, -1.0, [-0.3175128288656335, -0.01977285409956108]
[-0.3175128288656335, -0.01977285409956108], 0, -1.0, [-0.3397347238981144, -0.022221895032480888]
[-0.3397347238981144, -0.022221895032480888], 0, -1.0, [-0.3642667287234163, -0.02453200482530194]
[-0.3642667287234163, -0.02453200482530194], 0, -1.0, [-0.39094873564000143, -0.026682006916585097]
[-0.39094873564000143, -0.026682006916585097], 0, -1.0, [-0.4195995662086765, -0.028650830568675092]
[-0.4195995662086765, -0.028650830568675092], 0, -1.0, [-0.45001779786453333, -0.030418231655856855]
[-0.45001779786453333, -0.030418231655856855], 0, -1.0, [-0.4819834159939013, -0.03196561812936798]
[-0.4819834159939013, -0.03196561812936798], 0, -1.0, [-0.5152603391524355, -0.033276923158534144]
[-0.5152603391524355, -0.033276923158534144], 0, -1.0, [-0.5495997940621333, -0.03433945490969778]
[-0.5495997940621333, -0.03433945490969778], 0, -1.0, [-0.584744439026437, -0.035144644964303653]
[-0.584744439026437, -0.035144644964303653], 0, -1.0, [-0.620433059064357, -0.03568862003792]
[-0.620433059064357, -0.03568862003792], 0, -1.0, [-0.6564055939966615, -0.03597253493230462]
[-0.6564055939966615, -0.03597253493230462], 0, -1.0, [-0.6924082214289319, -0.03600262743227039]
[-0.6924082214289319, -0.03600262743227039], 0, -1.0, [-0.7281982063839688, -0.03578998495503693]
[-0.7281982063839688, -0.03578998495503693], 0, -1.0, [-0.763548249881419, -0.03535004349745021]
[-0.763548249881419, -0.03535004349745021], 0, -1.0, [-0.7982501166093023, -0.03470186672788331]
[-0.7982501166093023, -0.03470186672788331], 0, -1.0, [-0.832117389273194, -0.03386727266389166]
[-0.832117389273194, -0.03386727266389166], 0, -1.0, [-0.864987274026667, -0.03286988475347297]
[-0.864987274026667, -0.03286988475347297], 0, -1.0, [-0.8967214570265271, -0.03173418299986008]
[-0.8967214570265271, -0.03173418299986008], 0, -1.0, [-0.9272060777002692, -0.03048462067374213]
[-0.9272060777002692, -0.03048462067374213], 2, -1.0, [-0.9543509337880753, -0.027144856087806177]
[-0.9543509337880753, -0.027144856087806177], 2, -1.0, [-0.9780921450415002, -0.023741211253424866]
[-0.9780921450415002, -0.023741211253424866], 2, -1.0, [-0.9983868891632723, -0.020294744121772085]
[-0.9983868891632723, -0.020294744121772085], 2, -1.0, [-1.015208388334395, -0.016821499171122578]
[-1.015208388334395, -0.016821499171122578], 2, -1.0, [-1.0285413908714305, -0.01333300253703547]
[-1.0285413908714305, -0.01333300253703547], 2, -1.0, [-1.0383783079750288, -0.009836917103598311]
[-1.0383783079750288, -0.009836917103598311], 2, -1.0, [-1.0447161000419087, -0.006337792066879927]
[-1.0447161000419087, -0.006337792066879927], 2, -1.0, [-1.0475539613814668, -0.0028378613395581335]
[-1.0475539613814668, -0.0028378613395581335], 2, -1.0, [-1.0468918241500924, 0.000662137231374529]
[-1.0468918241500924, 0.000662137231374529], 2, -1.0, [-1.0427296879702443, 0.00416213617984805]
[-1.0427296879702443, 0.00416213617984805], 2, -1.0, [-1.0350677763573046, 0.007661911612939795]
[-1.0350677763573046, 0.007661911612939795], 2, -1.0, [-1.0239075197903944, 0.01116025656691028]
[-1.0239075197903944, 0.01116025656691028], 2, -1.0, [-1.009253363028943, 0.014654156761451275]
[-1.009253363028943, 0.014654156761451275], 2, -1.0, [-0.9911153861007683, 0.01813797692817474]
[-0.9911153861007683, 0.01813797692817474], 2, -1.0, [-0.9695127093886517, 0.02160267671211654]
[-0.9695127093886517, 0.02160267671211654], 2, -1.0, [-0.9444776189496972, 0.025035090438954546]
[-0.9444776189496972, 0.025035090438954546], 2, -1.0, [-0.9160602951932428, 0.028417323756454393]
[-0.9160602951932428, 0.028417323756454393], 2, -1.0, [-0.8843339550251352, 0.03172634016810763]
[-0.8843339550251352, 0.03172634016810763], 2, -1.0, [-0.8494001268727888, 0.03493382815234644]
[-0.8494001268727888, 0.03493382815234644], 2, -1.0, [-0.8113936772873609, 0.03800644958542785]
[-0.8113936772873609, 0.03800644958542785], 2, -1.0, [-0.7704871113867362, 0.04090656590062464]
[-0.7704871113867362, 0.04090656590062464], 2, -1.0, [-0.7268935983622972, 0.043593513024439076]
[-0.7268935983622972, 0.043593513024439076], 2, -1.0, [-0.680868153435503, 0.046025444926794154]
[-0.680868153435503, 0.046025444926794154], 2, -1.0, [-0.6327064644620102, 0.04816168897349285]
[-0.6327064644620102, 0.04816168897349285], 2, -1.0, [-0.5827410020434601, 0.049965462418550065]
[-0.5827410020434601, 0.049965462418550065], 2, -1.0, [-0.5313342965295351, 0.05140670551392501]
[-0.5313342965295351, 0.05140670551392501], 2, -1.0, [-0.47886957981588896, 0.05246471671364614]
[-0.47886957981588896, 0.05246471671364614], 2, -1.0, [-0.4257393262169954, 0.05313025359889358]
[-0.4257393262169954, 0.05313025359889358], 2, -1.0, [-0.37233252091118696, 0.05340680530580843]
[-0.37233252091118696, 0.05340680530580843], 2, -1.0, [-0.3190216730393062, 0.05331084787188078]
[-0.3190216730393062, 0.05331084787188078], 2, -1.0, [-0.2661506297275034, 0.05287104331180277]
[-0.2661506297275034, 0.05287104331180277], 2, -1.0, [-0.21402412746757063, 0.052126502259932796]
[-0.21402412746757063, 0.052126502259932796], 2, -1.0, [-0.16289976625523583, 0.05112436121233479]
[-0.16289976625523583, 0.05112436121233479], 2, -1.0, [-0.11298276568223964, 0.0499170005729962]
[-0.11298276568223964, 0.0499170005729962], 2, -1.0, [-0.06442352729285045, 0.048559238389389185]
[-0.06442352729285045, 0.048559238389389185], 2, -1.0, [-0.0173177421675573, 0.04710578512529315]
[-0.0173177421675573, 0.04710578512529315], 2, -1.0, [0.028291416121094114, 0.04560915828865141]
[0.028291416121094114, 0.04560915828865141], 2, -1.0, [0.07240957355312894, 0.044118157432034816]
[0.07240957355312894, 0.044118157432034816], 2, -1.0, [0.11508648479425396, 0.04267691124112502]
[0.11508648479425396, 0.04267691124112502], 2, -1.0, [0.15641092684957308, 0.04132444205531912]
[0.15641092684957308, 0.04132444205531912], 2, -1.0, [0.19650558018257067, 0.040094653332997575]
[0.19650558018257067, 0.040094653332997575], 1, -1.0, [0.234522209893608, 0.03801662971103735]
[0.234522209893608, 0.03801662971103735], 1, -1.0, [0.27063249050085403, 0.036110280607246054]
[0.27063249050085403, 0.036110280607246054], 1, -1.0, [0.30502246391242677, 0.03438997341157272]
[0.30502246391242677, 0.03438997341157272], 1, -1.0, [0.3378880944193042, 0.03286563050687739]
[0.3378880944193042, 0.03286563050687739], 1, -1.0, [0.36943183961135045, 0.03154374519204627]
[0.36943183961135045, 0.03154374519204627], 1, -1.0, [0.3998601158743594, 0.030428276263008903]
[0.3998601158743594, 0.030428276263008903], 1, -1.0, [0.42938151999992846, 0.02952140412556907]
[0.42938151999992846, 0.02952140412556907], 1, -1.0, [0.45820566620342407, 0.02882414620349563]
[0.45820566620342407, 0.02882414620349563], 1, -1.0, [0.4865425039641329, 0.028336837760708857]
[0.4865425039641329, 0.028336837760708857], 1, -1.0, [0.5146019917841248, 0.02805948781999194]
