[-0.46277918840001714, 0.0], 0, -1.0, [-0.4642328085673008, -0.0014536201672836493]
[-0.4642328085673008, -0.0014536201672836493], 0, -1.0, [-0.4671293234412817, -0.002896514873980907]
[-0.4671293234412817, -0.002896514873980907], 0, -1.0, [-0.4714473363268651, -0.004318012885583342]
[-0.4714473363268651, -0.004318012885583342], 0, -1.0, [-0.4771548912581848, -0.00570755493131968]
[-0.4771548912581848, -0.00570755493131968], 0, -1.0, [-0.4842096493786473, -0.007054758120462518]
[-0.4842096493786473, -0.007054758120462518], 0, -1.0, [-0.49255913891157727, -0.008349489532929983]
[-0.49255913891157727, -0.008349489532929983], 0, -1.0, [-0.5021410894295307, -0.009581950517953488]
[-0.5021410894295307, -0.009581950517953488], 0, -1.0, [-0.5128838614688953, -0.010742772039364547]
[-0.5128838614688953, -0.010742772039364547], 0, -1.0, [-0.5247069815255025, -0.011823120056607192]
[-0.5247069815255025, -0.011823120056607192], 0, -1.0, [-0.5375217900529671, -0.012814808527464522]
[-0.5375217900529671, -0.012814808527464522], 0, -1.0, [-0.5512322063329089, -0.013710416279941814]
[-0.5512322063329089, -0.013710416279941814], 0, -1.0, [-0.5657356091877885, -0.014503402854879575]
[-0.5657356091877885, -0.014503402854879575], 0, -1.0, [-0.5809238267814872, -0.015188217593698749]
[-0.5809238267814872, -0.015188217593698749], 0, -1.0, [-0.5966842226275801, -0.015760395846092845]
[-0.5966842226275801, -0.015760395846092845], 0, -1.0, [-0.6129008589037515, -0.01621663627617132]
[-0.6129008589037515, -0.01621663627617132], 0, -1.0, [-0.6294557127846195, -0.01655485388086812]
[-0.6294557127846195, -0.01655485388086812], 0, -1.0, [-0.6462299172578447, -0.01677420447322522]
[-0.6462299172578447, -0.01677420447322522], 0, -1.0, [-0.6631049951971775, -0.01687507793933269]
[-0.6631049951971775, -0.01687507793933269], 0, -1.0, [-0.6799640546117709, -0.016859059414593435]
[-0.6799640546117709, -0.016859059414593435], 0, -1.0, [-0.6966929140829966, -0.016728859471225665]
[-0.6966929140829966, -0.016728859471225665], 0, -1.0, [-0.7131811303633808, -0.016488216280384254]
[-0.7131811303633808, -0.016488216280384254], 0, -1.0, [-0.7293229046996444, -0.01614177433626362]
[-0.7293229046996444, -0.01614177433626362], 0, -1.0, [-0.7450178502665428, -0.015694945566898346]
[-0.7450178502665428, -0.015694945566898346], 0, -1.0, [-0.7601716096842841, -0.015153759417741296]
[-0.7601716096842841, -0.015153759417741296], 0, -1.0, [-0.7746963184319188, -0.014524708747634698]
[-0.7746963184319188, -0.014524708747634698], 2, -1.0, [-0.7865109165787113, -0.01181459814679249]
[-0.7865109165787113, -0.01181459814679249], 2, -1.0, [-0.7955518563685638, -0.009040939789852567]
[-0.7955518563685638, -0.009040939789852567], 2, -1.0, [-0.8017720095158379, -0.006220153147274052]
[-0.8017720095158379, -0.006220153147274052], 2, -1.0, [-0.8051397275111827, -0.0033677179953447503]
[-0.8051397275111827, -0.0033677179953447503], 2, -1.0, [-0.805638143665173, -0.000498416153990283]
[-0.805638143665173, -0.000498416153990283], 2, -1.0, [-0.8032647779061263, 0.0023733657590466954]
[-0.8032647779061263, 0.0023733657590466954], 2, -1.0, [-0.7980314772642163, 0.005233300641909959]
[-0.7980314772642163, 0.005233300641909959], 2, -1.0, [-0.7899646969065399, 0.00806678035767639]
[-0.7899646969065399, 0.00806678035767639], 2, -1.0, [-0.7791060985361558, 0.010858598370384135]
[-0.7791060985361558, 0.010858598370384135], 2, -1.0, [-0.7655134148720272, 0.013592683664128632]
[-0.7655134148720272, 0.013592683664128632], 2, -1.0, [-0.749261501004956, 0.01625191386707118]
[-0.749261501004956, 0.01625191386707118], 2, -1.0, [-0.7304434664787861, 0.01881803452616995]
[-0.7304434664787861, 0.01881803452616995], 2, -1.0, [-0.709171757582945, 0.021271708895841075]
[-0.709171757582945, 0.021271708895841075], 2, -1.0, [-0.6855790400523349, 0.023592717530610062]
[-0.6855790400523349, 0.023592717530610062], 2, -1.0, [-0.6598187213984075, 0.025760318653927503]
[-0.6598187213984075, 0.025760318653927503], 2, -1.0, [-0.63206495304606, 0.027753768352347403]
[-0.63206495304606, 0.027753768352347403], 2, -1.0, [-0.6025119686188276, 0.029552984427232462]
[-0.6025119686188276, 0.029552984427232462], 2, -1.0, [-0.5713726481967518, 0.031139320422075806]
[-0.5713726481967518, 0.031139320422075806], 2, -1.0, [-0.5388762491299978, 0.03249639906675406]
[-0.5388762491299978, 0.03249639906675406], 2, -1.0, [-0.5052653091225748, 0.03361094000742296]
[-0.5052653091225748, 0.03361094000742296], 2, -1.0, [-0.4707918007997775, 0.034473508322797324]
[-0.4707918007997775, 0.034473508322797324], 1, -1.0, [-0.4367126902322666, 0.034079110567510916]
[-0.4367126902322666, 0.034079110567510916], 2, -1.0, [-0.40227787123537023, 0.03443481899689636]
[-0.40227787123537023, 0.03443481899689636], 2, -1.0, [-0.36773300260914255, 0.034544868626227715]
[-0.36773300260914255, 0.034544868626227715], 2, -1.0, [-0.33331499104790807, 0.03441801156123449]
[-0.33331499104790807, 0.03441801156123449], 2, -1.0, [-0.29924785100805623, 0.03406714003985186]
[-0.29924785100805623, 0.03406714003985186], 2, -1.0, [-0.2657391507680236, 0.03350870024003261]
[-0.2657391507680236, 0.03350870024003261], 2, -1.0, [-0.23297720074589148, 0.03276195002213214]
[-0.23297720074589148, 0.03276195002213214], 0, -1.0, [-0.20312907580217293, 0.029848124943718562]
[-0.20312907580217293, 0.029848124943718562], 0, -1.0, [-0.17633094811199898, 0.026798127690173958]
[-0.17633094811199898, 0.026798127690173958], 0, -1.0, [-0.15269110988081772, 0.02363983823118127]
[-0.15269110988081772, 0.02363983823118127], 0, -1.0, [-0.13229353708852426, 0.02039757279229347]
[-0.13229353708852426, 0.02039757279229347], 0, -1.0, [-0.11520164244121785, 0.017091894647306417]
[-0.11520164244121785, 0.017091894647306417], 0, -1.0, [-0.10146192453396384, 0.013739717907254007]
[-0.10146192453396384, 0.013739717907254007], 0, -1.0, [-0.09110728467826149, 0.010354639855702357]
[-0.09110728467826149, 0.010354639855702357], 0, -1.0, [-0.08415984366664148, 0.006947441011620013]
[-0.08415984366664148, 0.006947441011620013], 0, -1.0, [-0.0806331426502256, 0.003526701016415873]
[-0.0806331426502256, 0.003526701016415873], 0, -1.0, [-0.08053365344356472, 9.948920666087973e-05]
[-0.08053365344356472, 9.948920666087973e-05], 0, -1.0, [-0.0838615546812386, -0.003327901237673878]
[-0.0838615546812386, -0.003327901237673878], 0, -1.0, [-0.09061075380183586, -0.006749199120597273]
[-0.09061075380183586, -0.006749199120597273], 0, -1.0, [-0.10076815431529722, -0.010157400513461354]
[-0.10076815431529722, -0.010157400513461354], 0, -1.0, [-0.11431218717296515, -0.013544032857667938]
[-0.11431218717296515, -0.013544032857667938], 0, -1.0, [-0.13121064827239476, -0.01689846109942962]
[-0.13121064827239476, -0.01689846109942962], 0, -1.0, [-0.1514179147200931, -0.020207266447698345]
[-0.1514179147200931, -0.020207266447698345], 0, -1.0, [-0.17487165299115737, -0.023453738271064253]
[-0.17487165299115737, -0.023453738271064253], 0, -1.0, [-0.20148918342482916, -0.026617530433671786]
[-0.20148918342482916, -0.026617530433671786], 0, -1.0, [-0.23116372590409762, -0.029674542479268467]
[-0.23116372590409762, -0.029674542479268467], 0, -1.0, [-0.26376081602085416, -0.03259709011675652]
[-0.26376081602085416, -0.03259709011675652], 0, -1.0, [-0.2991152405024266, -0.035354424481572465]
[-0.2991152405024266, -0.035354424481572465], 0, -1.0, [-0.33702888234379424, -0.03791364184136766]
[-0.33702888234379424, -0.03791364184136766], 0, -1.0, [-0.3772698746857479, -0.040240992341953684]
[-0.3772698746857479, -0.040240992341953684], 0, -1.0, [-0.4195734231881222, -0.04230354850237429]
[-0.4195734231881222, -0.04230354850237429], 0, -1.0, [-0.46364455938203064, -0.044071136193908435]
[-0.46364455938203064, -0.044071136193908435], 0, -1.0, [-0.5091629316746314, -0.045518372292600806]
[-0.5091629316746314, -0.045518372292600806], 0, -1.0, [-0.5557895389560383, -0.046626607281406905]
[-0.5557895389560383, -0.046626607281406905], 0, -1.0, [-0.6031750906094694, -0.047385551653431064]
[-0.6031750906094694, -0.047385551653431064], 0, -1.0, [-0.6509694727359289, -0.04779438212645948]
[-0.6509694727359289, -0.04779438212645948], 0, -1.0, [-0.6988316521993081, -0.04786217946337923]
[-0.6988316521993081, -0.04786217946337923], 0, -1.0, [-0.7464392881041808, -0.04760763590487275]
[-0.7464392881041808, -0.04760763590487275], 0, -1.0, [-0.7934973578644499, -0.047058069760269036]
[-0.7934973578644499, -0.047058069760269036], 0, -1.0, [-0.8397452342278587, -0.046247876363408894]
[-0.8397452342278587, -0.046247876363408894], 0, -1.0, [-0.8849618437763991, -0.04521660954854038]
[-0.8849618437763991, -0.04521660954854038], 0, -1.0, [-0.9289687588605953, -0.0440069150841962]
[-0.9289687588605953, -0.0440069150841962], 0, -1.0, [-0.9716312853072047, -0.04266252644660937]
[-0.9716312853072047, -0.04266252644660937], 0, -1.0, [-1.0128577775335688, -0.04122649222636414]
[-1.0128577775335688, -0.04122649222636414], 0, -1.0, [-1.0525975242568546, -0.03973974672328587]
[-1.0525975242568546, -0.03973974672328587], 0, -1.0, [-1.090837599019693, -0.03824007476283845]
[-1.090837599019693, -0.03824007476283845], 0, -1.0, [-1.1275990683026265, -0.03676146928293335]
[-1.1275990683026265, -0.03676146928293335], 0, -1.0, [-1.1629329102224826, -0.03533384191985601]
[-1.1629329102224826, -0.03533384191985601], 0, -1.0, [-1.196915934454155, -0.033983024231672376]
[-1.196915934454155, -0.033983024231672376], 0, -1.0, [-1.2, 0.0]
[-1.2, 0.0], 2, -1.0, [-1.1967581039591646, 0.003241896040835368]
[-1.1967581039591646, 0.003241896040835368], 2, -1.0, [-1.1902636585360942, 0.006494445423070332]
[-1.1902636585360942, 0.006494445423070332], 2, -1.0, [-1.1804959639787937, 0.009767694557300442]
[-1.1804959639787937, 0.009767694557300442], 2, -1.0, [-1.1674255149588486, 0.013070449019945182]
[-1.1674255149588486, 0.013070449019945182], 2, -1.0, [-1.1510159267200155, 0.016409588238833067]
[-1.1510159267200155, 0.016409588238833067], 2, -1.0, [-1.1312266168239755, 0.019789309896040046]
[-1.1312266168239755, 0.019789309896040046], 2, -1.0, [-1.108016322100852, 0.02321029472312345]
[-1.108016322100852, 0.02321029472312345], 2, -1.0, [-1.081347524946184, 0.02666879715466819]
[-1.081347524946184, 0.02666879715466819], 2, -1.0, [-1.0511918363028878, 0.03015568864329602]
[-1.0511918363028878, 0.03015568864329602], 2, -1.0, [-1.0175363271434712, 0.0336555091594167]
[-1.0175363271434712, 0.0336555091594167], 2, -1.0, [-0.9803907090723114, 0.03714561807115983]
[-0.9803907090723114, 0.03714561807115983], 2, -1.0, [-0.9397951336374217, 0.04059557543488971]
[-0.9397951336374217, 0.04059557543488971], 2, -1.0, [-0.8958282112564235, 0.043966922380998245]
[-0.8958282112564235, 0.043966922380998245], 2, -1.0, [-0.8486146572192776, 0.04721355403714586]
[-0.8486146572192776, 0.04721355403714586], 2, -1.0, [-0.7983317816221248, 0.05028287559715283]
[-0.7983317816221248, 0.05028287559715283], 2, -1.0, [-0.7452138959379592, 0.0531178856841656]
[-0.7452138959379592, 0.0531178856841656], 2, -1.0, [-0.6895536666604415, 0.0556602292775177]
[-0.6895536666604415, 0.0556602292775177], 2, -1.0, [-0.6316995610792892, 0.057854105581152386]
[-0.6316995610792892, 0.057854105581152386], 2, -1.0, [-0.5720488365336812, 0.05965072454560789]
[-0.5720488365336812, 0.05965072454560789], 2, -1.0, [-0.5110360146660762, 0.061012821867605024]
[-0.5110360146660762, 0.061012821867605024], 2, -1.0, [-0.44911739120176025, 0.061918623464315904]
[-0.44911739120176025, 0.061918623464315904], 1, -1.0, [-0.38775274139346727, 0.061364649808292995]
[-0.38775274139346727, 0.061364649808292995], 2, -1.0, [-0.3263789672475157, 0.06137377414595155]
[-0.3263789672475157, 0.06137377414595155], 2, -1.0, [-0.26539954095165597, 0.06097942629585973]
[-0.26539954095165597, 0.06097942629585973], 2, -1.0, [-0.20516868618070963, 0.060230854770946335]
[-0.20516868618070963, 0.060230854770946335], 2, -1.0, [-0.14597903482861013, 0.059189651352099505]
[-0.14597903482861013, 0.059189651352099505], 2, -1.0, [-0.08805345449177748, 0.057925580336832656]
[-0.08805345449177748, 0.057925580336832656], 2, -1.0, [-0.03154115432807773, 0.05651230016369975]
[-0.03154115432807773, 0.05651230016369975], 2, -1.0, [0.023482329487074037, 0.05502348381515177]
[0.023482329487074037, 0.05502348381515177], 2, -1.0, [0.077012014209841, 0.05352968472276695]
[0.077012014209841, 0.05352968472276695], 2, -1.0, [0.12910812473746897, 0.05209611052762796]
[0.12910812473746897, 0.05209611052762796], 2, -1.0, [0.17988942779041306, 0.0507813030529441]
[0.17988942779041306, 0.0507813030529441], 1, -1.0, [0.2285260328892842, 0.048636605098871126]
[0.2285260328892842, 0.048636605098871126], 1, -1.0, [0.2752275050624491, 0.046701472173164886]
[0.2752275050624491, 0.046701472173164886], 1, -1.0, [0.32023383856661275, 0.04500633350416368]
[0.32023383856661275, 0.04500633350416368], 1, -1.0, [0.36380780914764715, 0.04357397058103442]
[0.36380780914764715, 0.04357397058103442], 1, -1.0, [0.4062287226044603, 0.04242091345681312]
[0.4062287226044603, 0.04242091345681312], 1, -1.0, [0.44778743789045095, 0.04155871528599067]
[0.44778743789045095, 0.04155871528599067], 1, -1.0, [0.4887824572750647, 0.04099501938461374]
[0.4887824572750647, 0.04099501938461374], 1, -1.0, [0.5295168288027787, 0.04073437152771407]
