[-0.4338687514877144, 0.0], 0, -1.0, [-0.4355336283991488, -0.0016648769114343473]
[-0.4355336283991488, -0.0016648769114343473], 0, -1.0, [-0.43885133708604235, -0.003317708686893548]
[-0.43885133708604235, -0.003317708686893548], 0, -1.0, [-0.4437978261550722, -0.00494648906902981]
[-0.4437978261550722, -0.00494648906902981], 0, -1.0, [-0.4503371215940677, -0.006539295438995501]
[-0.4503371215940677, -0.006539295438995501], 0, -1.0, [-0.45842146644059706, -0.008084344846529378]
[-0.45842146644059706, -0.008084344846529378], 0, -1.0, [-0.46799153217145856, -0.009570065730861525]
[-0.46799153217145856, -0.009570065730861525], 0, -1.0, [-0.4789767205163991, -0.010985188344940533]
[-0.4789767205163991, -0.010985188344940533], 0, -1.0, [-0.4912955756272579, -0.012318855110858767]
[-0.4912955756272579, -0.012318855110858767], 0, -1.0, [-0.5048563256977413, -0.01356075007048337]
[-0.5048563256977413, -0.01356075007048337], 0, -1.0, [-0.5195575700860191, -0.01470124438827784]
[-0.5195575700860191, -0.01470124438827784], 0, -1.0, [-0.5352891227731635, -0.015731552687144414]
[-0.5352891227731635, -0.015731552687144414], 0, -1.0, [-0.5519330158289778, -0.016643893055814225]
[-0.5519330158289778, -0.016643893055814225], 0, -1.0, [-0.5693646579006132, -0.017431642071635337]
[-0.5693646579006132, -0.017431642071635337], 0, -1.0, [-0.5874541332344493, -0.018089475333836126]
[-0.5874541332344493, -0.018089475333836126], 0, -1.0, [-0.6060676171858346, -0.0186134839513853]
[-0.6060676171858346, -0.0186134839513853], 0, -1.0, [-0.6250688754380562, -0.019001258252221702]
[-0.6250688754380562, -0.019001258252221702], 0, -1.0, [-0.6443208070927219, -0.019251931654665655]
[-0.6443208070927219, -0.019251931654665655], 0, -1.0, [-0.6636869871318687, -0.019366180039146755]
[-0.6636869871318687, -0.019366180039146755], 0, -1.0, [-0.6830331619867508, -0.01934617485488213]
[-0.6830331619867508, -0.01934617485488213], 0, -1.0, [-0.7022286532859688, -0.019195491299218086]
[-0.7022286532859688, -0.019195491299218086], 0, -1.0, [-0.7211476291827186, -0.018918975896749703]
[-0.7211476291827186, -0.018918975896749703], 2, -1.0, [-0.7376702095622657, -0.016522580379547125]
[-0.7376702095622657, -0.016522580379547125], 2, -1.0, [-0.7516953647968092, -0.01402515523454346]
[-0.7516953647968092, -0.01402515523454346], 2, -1.0, [-0.7631402129451249, -0.011444848148315695]
[-0.7631402129451249, -0.011444848148315695], 2, -1.0, [-0.771939186597791, -0.008798973652666083]
[-0.771939186597791, -0.008798973652666083], 2, -1.0, [-0.7780431917043992, -0.006104005106608091]
[-0.7780431917043992, -0.006104005106608091], 2, -1.0, [-0.7814188626312376, -0.0033756709268384566]
[-0.7814188626312376, -0.0033756709268384566], 2, -1.0, [-0.7820479954968724, -0.0006291328656347905]
[-0.7820479954968724, -0.0006291328656347905], 2, -1.0, [-0.7799272173413709, 0.002120778155501542]
[-0.7799272173413709, 0.002120778155501542], 2, -1.0, [-0.7750679230994942, 0.004859294241876675]
[-0.7750679230994942, 0.004859294241876675], 2, -1.0, [-0.7674964863435936, 0.007571436755900658]
[-0.7674964863435936, 0.007571436755900658], 2, -1.0, [-0.7572547236943264, 0.010241762649267083]
[-0.7572547236943264, 0.010241762649267083], 2, -1.0, [-0.7444005669612149, 0.012854156733111513]
[-0.7444005669612149, 0.012854156733111513], 2, -1.0, [-0.729008871969872, 0.015391694991343002]
[-0.729008871969872, 0.015391694991343002], 2, -1.0, [-0.7111722695963605, 0.017836602373511496]
[-0.7111722695963605, 0.017836602373511496], 2, -1.0, [-0.6910019442936177, 0.020170325302742726]
[-0.6910019442936177, 0.020170325302742726], 2, -1.0, [-0.6686282105139236, 0.022373733779694066]
[-0.6686282105139236, 0.022373733779694066], 2, -1.0, [-0.644200750532597, 0.024427459981326706]
[-0.644200750532597, 0.024427459981326706], 2, -1.0, [-0.6178883810082801, 0.026312369524316835]
[-0.6178883810082801, 0.026312369524316835], 2, -1.0, [-0.589878232486453, 0.028010148521827132]
[-0.589878232486453, 0.028010148521827132], 2, -1.0, [-0.5603742571573183, 0.02950397532913472]
[-0.5603742571573183, 0.02950397532913472], 2, -1.0, [-0.5295950249115348, 0.03077923224578346]
[-0.5295950249115348, 0.03077923224578346], 2, -1.0, [-0.49777082322130856, 0.031824201690226206]
[-0.49777082322130856, 0.031824201690226206], 2, -1.0, [-0.46514013740143645, 0.0326306858198721]
[-0.46514013740143645, 0.0326306858198721], 2, -1.0, [-0.43194564732745644, 0.03319449007398004]
[-0.43194564732745644, 0.03319449007398004], 2, -1.0, [-0.3984299268726072, 0.033515720454849234]
[-0.3984299268726072, 0.033515720454849234], 2, -1.0, [-0.36483106598564236, 0.03359886088696485]
[-0.36483106598564236, 0.03359886088696485], 2, -1.0, [-0.33137844740249883, 0.033452618583143544]
[-0.33137844740249883, 0.033452618583143544], 2, -1.0, [-0.29828889863270125, 0.033089548769797576]
[-0.29828889863270125, 0.033089548769797576], 2, -1.0, [-0.2657634069026635, 0.03252549173003779]
[-0.2657634069026635, 0.03252549173003779], 2, -1.0, [-0.2339845352369375, 0.03177887166572598]
[-0.2339845352369375, 0.03177887166572598], 2, -1.0, [-0.20311461902419609, 0.03086991621274142]
[-0.20311461902419609, 0.03086991621274142], 2, -1.0, [-0.17329476212223446, 0.02981985690196162]
[-0.17329476212223446, 0.02981985690196162], 2, -1.0, [-0.14464459689445708, 0.028650165227777396]
[-0.14464459689445708, 0.028650165227777396], 2, -1.0, [-0.11726272876279054, 0.02738186813166655]
[-0.11726272876279054, 0.02738186813166655], 2, -1.0, [-0.09122775574648165, 0.02603497301630888]
[-0.09122775574648165, 0.02603497301630888], 2, -1.0, [-0.06659973752505699, 0.02462801822142465]
[-0.06659973752505699, 0.02462801822142465], 0, -1.0, [-0.04542198542460313, 0.02117775210045386]
[-0.04542198542460313, 0.02117775210045386], 0, -1.0, [-0.02772105870357396, 0.01770092672102917]
[-0.02772105870357396, 0.01770092672102917], 0, -1.0, [-0.01351149182163596, 0.014209566881938]
[-0.01351149182163596, 0.014209566881938], 0, -1.0, [-0.0027998714162636024, 0.010711620405372357]
[-0.0027998714162636024, 0.010711620405372357], 0, -1.0, [0.004411837180489646, 0.007211708596753248]
[0.004411837180489646, 0.007211708596753248], 0, -1.0, [0.008123764747503493, 0.003711927567013847]
[0.008123764747503493, 0.003711927567013847], 0, -1.0, [0.008336434727748088, 0.0002126699802445951]
[0.008336434727748088, 0.0002126699802445951], 0, -1.0, [0.0050498864988624825, -0.0032865482288856047]
[0.0050498864988624825, -0.0032865482288856047], 0, -1.0, [-0.0017363748452815693, -0.006786261344144052]
[-0.0017363748452815693, -0.006786261344144052], 0, -1.0, [-0.012022602270779283, -0.010286227425497714]
[-0.012022602270779283, -0.010286227425497714], 0, -1.0, [-0.025807203764190934, -0.013784601493411649]
[-0.025807203764190934, -0.013784601493411649], 0, -1.0, [-0.043084316367121935, -0.017277112602931]
[-0.043084316367121935, -0.017277112602931], 0, -1.0, [-0.06384057512085443, -0.0207562587537325]
[-0.06384057512085443, -0.0207562587537325], 0, -1.0, [-0.0880511231417616, -0.02421054802090716]
[-0.0880511231417616, -0.02421054802090716], 0, -1.0, [-0.11567495590108869, -0.027623832759327085]
[-0.11567495590108869, -0.027623832759327085], 0, -1.0, [-0.14664976046116418, -0.030974804560075495]
[-0.14664976046116418, -0.030974804560075495], 0, -1.0, [-0.18088649818403132, -0.03423673772286714]
[-0.18088649818403132, -0.03423673772286714], 0, -1.0, [-0.21826408167654826, -0.03737758349251694]
[-0.21826408167654826, -0.03737758349251694], 0, -1.0, [-0.25862460133618137, -0.040360519659633116]
[-0.25862460133618137, -0.040360519659633116], 0, -1.0, [-0.30176964436251474, -0.04314504302633336]
[-0.30176964436251474, -0.04314504302633336], 0, -1.0, [-0.34745829388312355, -0.0456886495206088]
[-0.34745829388312355, -0.0456886495206088], 0, -1.0, [-0.3954073702128024, -0.047949076329678895]
[-0.3954073702128024, -0.047949076329678895], 0, -1.0, [-0.44529435775977555, -0.04988698754697312]
[-0.44529435775977555, -0.04988698754697312], 0, -1.0, [-0.4967632418628394, -0.05146888410306384]
[-0.4967632418628394, -0.05146888410306384], 0, -1.0, [-0.5494331751275023, -0.052669933264662995]
[-0.5494331751275023, -0.052669933264662995], 0, -1.0, [-0.6029095443132848, -0.05347636918578243]
[-0.6029095443132848, -0.05347636918578243], 0, -1.0, [-0.6567966792736553, -0.053887134960370495]
[-0.6567966792736553, -0.053887134960370495], 0, -1.0, [-0.7107112040008958, -0.053914524727240544]
[-0.7107112040008958, -0.053914524727240544], 0, -1.0, [-0.7642949318672817, -0.05358372786638587]
[-0.7642949318672817, -0.05358372786638587], 0, -1.0, [-0.8172262763446049, -0.05293134447732316]
[-0.8172262763446049, -0.05293134447732316], 0, -1.0, [-0.8692293686569089, -0.052003092312304065]
[-0.8692293686569089, -0.052003092312304065], 0, -1.0, [-0.9200803944202739, -0.05085102576336502]
[-0.9200803944202739, -0.05085102576336502], 0, -1.0, [-0.9696110139345628, -0.04953061951428898]
[-0.9696110139345628, -0.04953061951428898], 0, -1.0, [-1.0177090495516319, -0.04809803561706911]
[-1.0177090495516319, -0.04809803561706911], 0, -1.0, [-1.0643168614722616, -0.04660781192062974]
[-1.0643168614722616, -0.04660781192062974], 0, -1.0, [-1.1094279697145777, -0.045111108242316025]
[-1.1094279697145777, -0.045111108242316025], 0, -1.0, [-1.153082518595859, -0.043654548881281396]
[-1.153082518595859, -0.043654548881281396], 0, -1.0, [-1.1953621412356277, -0.04227962263976869]
[-1.1953621412356277, -0.04227962263976869], 0, -1.0, [-1.2, 0.0]
[-1.2, 0.0], 0, -1.0, [-1.1987581039591646, 0.0012418960408353678]
[-1.1987581039591646, 0.0012418960408353678], 1, -1.0, [-1.195270205713714, 0.0034878982454506955]
[-1.195270205713714, 0.0034878982454506955], 1, -1.0, [-1.189524939910503, 0.005745265803210865]
[-1.189524939910503, 0.005745265803210865], 1, -1.0, [-1.1815041249686196, 0.008020814941883456]
[-1.1815041249686196, 0.008020814941883456], 2, -1.0, [-1.170183509835065, 0.011320615133554599]
[-1.170183509835065, 0.011320615133554599], 2, -1.0, [-1.155531135482949, 0.014652374352116086]
[-1.155531135482949, 0.014652374352116086], 2, -1.0, [-1.1375096349157827, 0.018021500567166178]
[-1.1375096349157827, 0.018021500567166178], 2, -1.0, [-1.1160793324826628, 0.021430302433120024]
[-1.1160793324826628, 0.021430302433120024], 2, -1.0, [-1.0912022182458951, 0.02487711423676761]
[-1.0912022182458951, 0.02487711423676761], 2, -1.0, [-1.0628468570101453, 0.028355361235749964]
[-1.0628468570101453, 0.028355361235749964], 2, -1.0, [-1.0309942504020717, 0.03185260660807355]
[-1.0309942504020717, 0.03185260660807355], 2, -1.0, [-0.9956445968657016, 0.03534965353637007]
[-0.9956445968657016, 0.03534965353637007], 2, -1.0, [-0.95682478298421, 0.03881981388149163]
[-0.95682478298421, 0.03881981388149163], 2, -1.0, [-0.9145962890857756, 0.04222849389843444]
[-0.9145962890857756, 0.04222849389843444], 1, -1.0, [-0.8700630101425907, 0.0445332789431849]
[-0.8700630101425907, 0.0445332789431849], 2, -1.0, [-0.8223744895931361, 0.047688520549454626]
[-0.8223744895931361, 0.047688520549454626], 2, -1.0, [-0.7717333726783897, 0.05064111691474634]
[-0.7717333726783897, 0.05064111691474634], 2, -1.0, [-0.7183984222032995, 0.05333495047509016]
[-0.7183984222032995, 0.05333495047509016], 2, -1.0, [-0.6626842262995285, 0.05571419590377107]
[-0.6626842262995285, 0.05571419590377107], 2, -1.0, [-0.604956896078448, 0.05772733022108046]
[-0.604956896078448, 0.05772733022108046], 2, -1.0, [-0.5456254202961456, 0.05933147578230249]
[-0.5456254202961456, 0.05933147578230249], 2, -1.0, [-0.48512886487813184, 0.06049655541801376]
[-0.48512886487813184, 0.06049655541801376], 2, -1.0, [-0.4239201937214721, 0.06120867115665971]
[-0.4239201937214721, 0.06120867115665971], 0, -1.0, [-0.36444801976989927, 0.05947217395157283]
[-0.36444801976989927, 0.05947217395157283], 2, -1.0, [-0.30512464045205423, 0.05932337931784505]
[-0.30512464045205423, 0.05932337931784505], 2, -1.0, [-0.24632499657604026, 0.058799643876013975]
[-0.24632499657604026, 0.058799643876013975], 2, -1.0, [-0.18837325100680047, 0.05795174556923978]
[-0.18837325100680047, 0.05795174556923978], 2, -1.0, [-0.13153281662932653, 0.056840434377473936]
[-0.13153281662932653, 0.056840434377473936], 2, -1.0, [-0.07600025977614548, 0.05553255685318105]
[-0.07600025977614548, 0.05553255685318105], 2, -1.0, [-0.021903003488626026, 0.054097256287519456]
[-0.021903003488626026, 0.054097256287519456], 2, -1.0, [0.030699647949836185, 0.05260265143846221]
[0.030699647949836185, 0.05260265143846221], 1, -1.0, [0.08081289466515869, 0.0501132467153225]
[0.08081289466515869, 0.0501132467153225], 1, -1.0, [0.12849925286678973, 0.04768635820163105]
[0.12849925286678973, 0.04768635820163105], 1, -1.0, [0.17386908261822784, 0.045369829751438114]
[0.17386908261822784, 0.045369829751438114], 0, -1.0, [0.21607136374568828, 0.04220228112746043]
[0.21607136374568828, 0.04220228112746043], 0, -1.0, [0.25528073653280536, 0.0392093727871171]
[0.25528073653280536, 0.0392093727871171], 0, -1.0, [0.2916881122190381, 0.03640737568623276]
[0.2916881122190381, 0.03640737568623276], 0, -1.0, [0.32549311921613683, 0.033805006997098694]
[0.32549311921613683, 0.033805006997098694], 0, -1.0, [0.3568982687811872, 0.031405149565050354]
[0.3568982687811872, 0.031405149565050354], 2, -1.0, [0.3881046317744594, 0.03120636299327225]
[0.3881046317744594, 0.03120636299327225], 2, -1.0, [0.4193225426846254, 0.031217910910165982]
[0.4193225426846254, 0.031217910910165982], 0, -1.0, [0.44877107540190886, 0.029448532717283486]
[0.44877107540190886, 0.029448532717283486], 2, -1.0, [0.4786631019645693, 0.029892026562660427]
[0.4786631019645693, 0.029892026562660427], 2, -1.0, [0.5092191308140885, 0.030556028849519194]
