[-0.5864393053483664, 0.0], 2, -1.0, [-0.5849707881396324, 0.001468517208733938]
[-0.5849707881396324, 0.001468517208733938], 2, -1.0, [-0.5820445769731217, 0.0029262111665106757]
[-0.5820445769731217, 0.0029262111665106757], 2, -1.0, [-0.5776822648604295, 0.004362312112692232]
[-0.5776822648604295, 0.004362312112692232], 2, -1.0, [-0.5719161039364967, 0.005766160923932805]
[-0.5719161039364967, 0.005766160923932805], 2, -1.0, [-0.564788830716483, 0.007127273220013693]
[-0.564788830716483, 0.007127273220013693], 2, -1.0, [-0.5563534176769075, 0.008435413039575462]
[-0.5563534176769075, 0.008435413039575462], 2, -1.0, [-0.5466727399712284, 0.00968067770567904]
[-0.5466727399712284, 0.00968067770567904], 2, -1.0, [-0.5358191457031876, 0.010853594268040898]
[-0.5358191457031876, 0.010853594268040898], 2, -1.0, [-0.5238739191887675, 0.011945226514420112]
[-0.5238739191887675, 0.011945226514420112], 2, -1.0, [-0.5109266290976532, 0.012947290091114295]
[-0.5109266290976532, 0.012947290091114295], 2, -1.0, [-0.4970743572139285, 0.013852271883724676]
[-0.4970743572139285, 0.013852271883724676], 2, -1.0, [-0.4824208085969885, 0.014653548616940001]
[-0.4824208085969885, 0.014653548616940001], 0, -1.0, [-0.4690753098298278, 0.013345498767160692]
[-0.4690753098298278, 0.013345498767160692], 0, -1.0, [-0.4571369160058811, 0.011938393823946755]
[-0.4571369160058811, 0.011938393823946755], 0, -1.0, [-0.44669368998100345, 0.010443226024877631]
[-0.44669368998100345, 0.010443226024877631], 0, -1.0, [-0.43782214867292707, 0.008871541308076358]
[-0.43782214867292707, 0.008871541308076358], 0, -1.0, [-0.43058685552002035, 0.007235293152906734]
[-0.43058685552002035, 0.007235293152906734], 0, -1.0, [-0.4250401344480276, 0.0055467210719927496]
[-0.4250401344480276, 0.0055467210719927496], 0, -1.0, [-0.4212218796476965, 0.003818254800331097]
[-0.4212218796476965, 0.003818254800331097], 0, -1.0, [-0.41915943695273034, 0.0020624426949661127]
[-0.41915943695273034, 0.0020624426949661127], 0, -1.0, [-0.41886753628121093, 0.00029190067151939987]
[-0.41886753628121093, 0.00029190067151939987], 0, -1.0, [-0.4203482600110764, -0.0014807237298654443]
[-0.4203482600110764, -0.0014807237298654443], 1, -1.0, [-0.4225910387826193, -0.0022427787715429016]
[-0.4225910387826193, -0.0022427787715429016], 0, -1.0, [-0.4265798351417101, -0.003988796359090805]
[-0.4265798351417101, -0.003988796359090805], 0, -1.0, [-0.4322860433953897, -0.005706208253679555]
[-0.4322860433953897, -0.005706208253679555], 0, -1.0, [-0.43966856384340636, -0.007382520448016709]
[-0.43966856384340636, -0.007382520448016709], 0, -1.0, [-0.44867393061753125, -0.0090053667741249]
[-0.44867393061753125, -0.0090053667741249], 0, -1.0, [-0.4592365138277893, -0.010562583210258063]
[-0.4592365138277893, -0.010562583210258063], 0, -1.0, [-0.47127882010471117, -0.012042306276921901]
[-0.47127882010471117, -0.012042306276921901], 0, -1.0, [-0.4847119168122343, -0.013433096707523127]
[-0.4847119168122343, -0.013433096707523127], 0, -1.0, [-0.4994360038630598, -0.014724087050825523]
[-0.4994360038630598, -0.014724087050825523], 0, -1.0, [-0.5153411530377991, -0.015905149174739317]
[-0.5153411530377991, -0.015905149174739317], 0, -1.0, [-0.5323082280473598, -0.016967075009560618]
[-0.5323082280473598, -0.016967075009560618], 0, -1.0, [-0.5502099895956304, -0.017901761548270594]
[-0.5502099895956304, -0.017901761548270594], 0, -1.0, [-0.5689123789766063, -0.01870238938097589]
[-0.5689123789766063, -0.01870238938097589], 0, -1.0, [-0.5882759621042812, -0.019363583127674906]
[-0.5882759621042812, -0.019363583127674906], 0, -1.0, [-0.6081575043370353, -0.019881542232754058]
[-0.6081575043370353, -0.019881542232754058], 0, -1.0, [-0.62841163611486, -0.02025413177782461]
[-0.62841163611486, -0.02025413177782461], 0, -1.0, [-0.6488925613231835, -0.020480925208323616]
[-0.6488925613231835, -0.020480925208323616], 0, -1.0, [-0.669455755290782, -0.020563193967598568]
[-0.669455755290782, -0.020563193967598568], 0, -1.0, [-0.6899595979740684, -0.02050384268328636]
[-0.6899595979740684, -0.02050384268328636], 0, -1.0, [-0.7102668903421997, -0.020307292368131374]
[-0.7102668903421997, -0.020307292368131374], 0, -1.0, [-0.7302462080138601, -0.019979317671660415]
[-0.7302462080138601, -0.019979317671660415], 0, -1.0, [-0.749773055194165, -0.019526847180304896]
[-0.749773055194165, -0.019526847180304896], 2, -1.0, [-0.7667307930290662, -0.016957737834901142]
[-0.7667307930290662, -0.016957737834901142], 2, -1.0, [-0.7810224821963733, -0.014291689167307053]
[-0.7810224821963733, -0.014291689167307053], 2, -1.0, [-0.7925697616061025, -0.011547279409729263]
[-0.7925697616061025, -0.011547279409729263], 2, -1.0, [-0.8013116529758764, -0.008741891369773928]
[-0.8013116529758764, -0.008741891369773928], 2, -1.0, [-0.80720342954641, -0.005891776570533617]
[-0.80720342954641, -0.005891776570533617], 2, -1.0, [-0.8102156627236804, -0.0030122331772704206]
[-0.8102156627236804, -0.0030122331772704206], 2, -1.0, [-0.8103335331001226, -0.0001178703764422198]
[-0.8103335331001226, -0.0001178703764422198], 2, -1.0, [-0.8075564639212666, 0.0027770691788560043]
[-0.8075564639212666, 0.0027770691788560043], 2, -1.0, [-0.8018981065478037, 0.00565835737346289]
[-0.8018981065478037, 0.00565835737346289], 2, -1.0, [-0.7933866790669726, 0.008511427480831158]
[-0.7933866790669726, 0.008511427480831158], 2, -1.0, [-0.7820656308183845, 0.011321048248587998]
[-0.7820656308183845, 0.011321048248587998], 2, -1.0, [-0.7679945770904555, 0.014071053727929099]
[-0.7679945770904555, 0.014071053727929099], 2, -1.0, [-0.7512504198233669, 0.016744157267088534]
[-0.7512504198233669, 0.016744157267088534], 2, -1.0, [-0.7319285426799844, 0.01932187714338254]
[-0.7319285426799844, 0.01932187714338254], 2, -1.0, [-0.7101439440450736, 0.021784598634910772]
[-0.7101439440450736, 0.021784598634910772], 2, -1.0, [-0.6860321520534662, 0.02411179199160738]
[-0.6860321520534662, 0.02411179199160738], 2, -1.0, [-0.6597497550837976, 0.026282396969668578]
[-0.6597497550837976, 0.026282396969668578], 2, -1.0, [-0.6314743830911813, 0.02827537199261633]
[-0.6314743830911813, 0.02827537199261633], 2, -1.0, [-0.6014039931172064, 0.03007038997397493]
[-0.6014039931172064, 0.03007038997397493], 2, -1.0, [-0.5697553484099549, 0.03164864470725153]
[-0.5697553484099549, 0.03164864470725153], 2, -1.0, [-0.5367616345962961, 0.032993713813658836]
[-0.5367616345962961, 0.032993713813658836], 2, -1.0, [-0.5026692249949946, 0.03409240960130154]
[-0.5026692249949946, 0.03409240960130154], 2, -1.0, [-0.4677336839023347, 0.03493554109265986]
[-0.4677336839023347, 0.03493554109265986], 2, -1.0, [-0.43221517231453466, 0.035518511587800033]
[-0.43221517231453466, 0.035518511587800033], 2, -1.0, [-0.39637348461960503, 0.03584168769492964]
[-0.39637348461960503, 0.03584168769492964], 2, -1.0, [-0.3604629876040246, 0.035910497015580384]
[-0.3604629876040246, 0.035910497015580384], 2, -1.0, [-0.32472774784675573, 0.03573523975726887]
[-0.32472774784675573, 0.03573523975726887], 2, -1.0, [-0.2893971178323943, 0.03533063001436144]
[-0.2893971178323943, 0.03533063001436144], 2, -1.0, [-0.2546820075496993, 0.03471511028269505]
[-0.2546820075496993, 0.03471511028269505], 2, -1.0, [-0.22077200400123545, 0.03391000354846383]
[-0.22077200400123545, 0.03391000354846383], 2, -1.0, [-0.1878334257729083, 0.032938578228327166]
[-0.1878334257729083, 0.032938578228327166], 2, -1.0, [-0.1560083241084682, 0.03182510166444008]
[-0.1560083241084682, 0.03182510166444008], 2, -1.0, [-0.125414374973218, 0.03059394913525022]
[-0.125414374973218, 0.03059394913525022], 2, -1.0, [-0.09614555478931018, 0.029268820183907817]
[-0.09614555478931018, 0.029268820183907817], 2, -1.0, [-0.06827345896452894, 0.027872095824781236]
[-0.06827345896452894, 0.027872095824781236], 2, -1.0, [-0.041849106974973946, 0.026424351989554992]
[-0.041849106974973946, 0.026424351989554992], 2, -1.0, [-0.016905078189246168, 0.024944028785727778]
[-0.016905078189246168, 0.024944028785727778], 2, -1.0, [0.006542164951211831, 0.023447243140458]
[0.006542164951211831, 0.023447243140458], 1, -1.0, [0.027489889575339235, 0.020947724624127403]
[0.027489889575339235, 0.020947724624127403], 1, -1.0, [0.04594611093995124, 0.01845622136461201]
[0.04594611093995124, 0.01845622136461201], 1, -1.0, [0.06192604398404668, 0.015979933044095434]
[0.06192604398404668, 0.015979933044095434], 0, -1.0, [0.07444899498216521, 0.012522950998118537]
[0.07444899498216521, 0.012522950998118537], 0, -1.0, [0.08353404204707356, 0.009085047064908345]
[0.08353404204707356, 0.009085047064908345], 0, -1.0, [0.08919718091776718, 0.0056631388706936195]
[0.08919718091776718, 0.0056631388706936195], 0, -1.0, [0.09144929350908304, 0.0022521125913158584]
[0.09144929350908304, 0.0022521125913158584], 0, -1.0, [0.09029490091534721, -0.0011543925937358228]
[0.09029490091534721, -0.0011543925937358228], 0, -1.0, [0.08573167196863396, -0.0045632289467132485]
[0.08573167196863396, -0.0045632289467132485], 0, -1.0, [0.07775067481616266, -0.00798099715247131]
[0.07775067481616266, -0.00798099715247131], 0, -1.0, [0.06633737801555983, -0.01141329680060283]
[0.06633737801555983, -0.01141329680060283], 0, -1.0, [0.05147342531929711, -0.014863952696262719]
[0.05147342531929711, -0.014863952696262719], 0, -1.0, [0.03313922046653696, -0.018334204852760154]
[0.03313922046653696, -0.018334204852760154], 0, -1.0, [0.011317360280239722, -0.021821860186297237]
[0.011317360280239722, -0.021821860186297237], 0, -1.0, [-0.014003059114728995, -0.025320419394968718]
[-0.014003059114728995, -0.025320419394968718], 0, -1.0, [-0.04282127287037061, -0.028818213755641614]
[-0.04282127287037061, -0.028818213755641614], 0, -1.0, [-0.0751188862890714, -0.032297613418700785]
[-0.0751188862890714, -0.032297613418700785], 0, -1.0, [-0.11085328588829377, -0.03573439959922237]
[-0.11085328588829377, -0.03573439959922237], 0, -1.0, [-0.1499507098394141, -0.03909742395112034]
[-0.1499507098394141, -0.03909742395112034], 0, -1.0, [-0.19229941231821213, -0.04234870247879803]
[-0.19229941231821213, -0.04234870247879803], 0, -1.0, [-0.23774351095653987, -0.04544409863832774]
[-0.23774351095653987, -0.04544409863832774], 0, -1.0, [-0.28607823997479687, -0.04833472901825701]
[-0.28607823997479687, -0.04833472901825701], 0, -1.0, [-0.3370474046312512, -0.050969164656454326]
[-0.3370474046312512, -0.050969164656454326], 0, -1.0, [-0.390343802066554, -0.0532963974353028]
[-0.390343802066554, -0.0532963974353028], 0, -1.0, [-0.4456132040245577, -0.05526940195800365]
[-0.4456132040245577, -0.05526940195800365], 1, -1.0, [-0.5014621766052675, -0.05584897258070985]
[-0.5014621766052675, -0.05584897258070985], 0, -1.0, [-0.5584770516701049, -0.05701487506483738]
[-0.5584770516701049, -0.05701487506483738], 0, -1.0, [-0.6162308167318797, -0.05775376506177483]
[-0.6162308167318797, -0.05775376506177483], 0, -1.0, [-0.674298749052673, -0.05806793232079319]
[-0.674298749052673, -0.05806793232079319], 0, -1.0, [-0.7322745427712117, -0.05797579371853873]
[-0.7322745427712117, -0.05797579371853873], 0, -1.0, [-0.7897855113205067, -0.057510968549294925]
[-0.7897855113205067, -0.057510968549294925], 0, -1.0, [-0.8465055992838557, -0.05672008796334908]
[-0.8465055992838557, -0.05672008796334908], 0, -1.0, [-0.9021652829442672, -0.055659683660411484]
[-0.9021652829442672, -0.055659683660411484], 0, -1.0, [-0.956557893495882, -0.05439261055161476]
[-0.956557893495882, -0.05439261055161476], 0, -1.0, [-1.0095423608682337, -0.0529844673723516]
[-1.0095423608682337, -0.0529844673723516], 0, -1.0, [-1.061042762809674, -0.05150040194144014]
[-1.061042762809674, -0.05150040194144014], 0, -1.0, [-1.1110453209522977, -0.050002558142623804]
[-1.1110453209522977, -0.050002558142623804], 0, -1.0, [-1.1595936000997218, -0.04854827914742417]
[-1.1595936000997218, -0.04854827914742417], 1, -1.0, [-1.2, 0.0]
[-1.2, 0.0], 1, -1.0, [-1.1977581039591645, 0.002241896040835368]
[-1.1977581039591645, 0.002241896040835368], 1, -1.0, [-1.193266922003125, 0.004491181956039541]
[-1.193266922003125, 0.004491181956039541], 1, -1.0, [-1.186511956432252, 0.006754965570873073]
[-1.186511956432252, 0.006754965570873073], 2, -1.0, [-1.1764721766522073, 0.010039779780044672]
[-1.1764721766522073, 0.010039779780044672], 2, -1.0, [-1.1631180613565615, 0.01335411529564586]
[-1.1631180613565615, 0.01335411529564586], 2, -1.0, [-1.1464136012483683, 0.01670446010819315]
[-1.1464136012483683, 0.01670446010819315], 2, -1.0, [-1.1263190689762732, 0.02009453227209504]
[-1.1263190689762732, 0.02009453227209504], 2, -1.0, [-1.1027946340705044, 0.02352443490576893]
[-1.1027946340705044, 0.02352443490576893], 2, -1.0, [-1.0758048927741213, 0.026989741296383013]
[-1.0758048927741213, 0.026989741296383013], 2, -1.0, [-1.0453243526030567, 0.030480540171064587]
[-1.0453243526030567, 0.030480540171064587], 2, -1.0, [-1.011343851906709, 0.033980500696347546]
[-1.011343851906709, 0.033980500696347546], 2, -1.0, [-0.9738777990101665, 0.03746605289654257]
[-0.9738777990101665, 0.03746605289654257], 2, -1.0, [-0.9329719802637582, 0.04090581874640833]
[-0.9329719802637582, 0.04090581874640833], 2, -1.0, [-0.8887115149170789, 0.04426046534667924]
[-0.8887115149170789, 0.04426046534667924], 2, -1.0, [-0.8412283417765734, 0.047483173140505486]
[-0.8412283417765734, 0.047483173140505486], 2, -1.0, [-0.7907074375967228, 0.05052090417985056]
[-0.7907074375967228, 0.05052090417985056], 2, -1.0, [-0.7373908352085556, 0.05331660238816713]
[-0.7373908352085556, 0.05331660238816713], 2, -1.0, [-0.6815784860636095, 0.055812349144946115]
[-0.6815784860636095, 0.055812349144946115], 2, -1.0, [-0.623625150000479, 0.057953336063130495]
[-0.623625150000479, 0.057953336063130495], 2, -1.0, [-0.5639328244497921, 0.05969232555068688]
[-0.5639328244497921, 0.05969232555068688], 2, -1.0, [-0.5029387311821985, 0.06099409326759368]
[-0.5029387311821985, 0.06099409326759368], 2, -1.0, [-0.44109948905887514, 0.061839242123323306]
[-0.44109948905887514, 0.061839242123323306], 2, -1.0, [-0.3788726940166171, 0.06222679504225802]
[-0.3788726940166171, 0.06222679504225802], 2, -1.0, [-0.31669756155921497, 0.06217513245740216]
[-0.31669756155921497, 0.06217513245740216], 2, -1.0, [-0.25497644834134203, 0.061721113217872964]
[-0.25497644834134203, 0.061721113217872964], 2, -1.0, [-0.19405891334052144, 0.0609175350008206]
[-0.19405891334052144, 0.0609175350008206], 2, -1.0, [-0.13422954774859974, 0.059829365591921715]
[-0.13422954774859974, 0.059829365591921715], 1, -1.0, [-0.07670020880464422, 0.057529338943955524]
[-0.07670020880464422, 0.057529338943955524], 2, -1.0, [-0.020604978484476816, 0.0560952303201674]
[-0.020604978484476816, 0.0560952303201674], 1, -1.0, [0.03299502667278442, 0.05360000515726124]
[0.03299502667278442, 0.05360000515726124], 1, -1.0, [0.08410726939071618, 0.05111224271793176]
[0.08410726939071618, 0.05111224271793176], 1, -1.0, [0.1327986736434223, 0.048691404252706114]
[0.1327986736434223, 0.048691404252706114], 1, -1.0, [0.17918586682668733, 0.046387193183265035]
[0.17918586682668733, 0.046387193183265035], 1, -1.0, [0.22342565539154133, 0.04423978856485399]
[0.22342565539154133, 0.04423978856485399], 1, -1.0, [0.26570631984712995, 0.04228066445558864]
[0.26570631984712995, 0.04228066445558864], 1, -1.0, [0.306240057935366, 0.04053373808823608]
[0.306240057935366, 0.04053373808823608], 1, -1.0, [0.3452567012935879, 0.03901664335822185]
[0.3452567012935879, 0.03901664335822185], 1, -1.0, [0.38299868565680023, 0.03774198436321236]
[0.38299868565680023, 0.03774198436321236], 1, -1.0, [0.4197171610253422, 0.03671847536854196]
[0.4197171610253422, 0.03671847536854196], 1, -1.0, [0.4556690747364887, 0.03595191371114654]
[0.4556690747364887, 0.03595191371114654], 1, -1.0, [0.49111503477629226, 0.03544596003980357]
[0.49111503477629226, 0.03544596003980357], 1, -1.0, [0.5263177521889512, 0.0352027174126589]
