[-0.47161068093088454, 0.0], 0, -1.0, [-0.47299901280858947, -0.0013883318777049563]
[-0.47299901280858947, -0.0013883318777049563], 0, -1.0, [-0.4757653871210834, -0.002766374312493925]
[-0.4757653871210834, -0.002766374312493925], 0, -1.0, [-0.4798892818650414, -0.004123894743957981]
[-0.4798892818650414, -0.004123894743957981], 0, -1.0, [-0.4853400591559871, -0.005450777290945716]
[-0.4853400591559871, -0.005450777290945716], 0, -1.0, [-0.4920771472305066, -0.00673708807451948]
[-0.4920771472305066, -0.00673708807451948], 0, -1.0, [-0.5000502953219059, -0.007973148091399278]
[-0.5000502953219059, -0.007973148091399278], 0, -1.0, [-0.5091999101454769, -0.009149614823571028]
[-0.5091999101454769, -0.009149614823571028], 0, -1.0, [-0.5194574828786968, -0.010257572733219774]
[-0.5194574828786968, -0.010257572733219774], 0, -1.0, [-0.5307461145082948, -0.011288631629598065]
[-0.5307461145082948, -0.011288631629598065], 0, -1.0, [-0.5429811452035499, -0.012235030695255071]
[-0.5429811452035499, -0.012235030695255071], 0, -1.0, [-0.5560708900297479, -0.013089744826197946]
[-0.5560708900297479, -0.013089744826197946], 0, -1.0, [-0.5699174790131578, -0.013846588983409907]
[-0.5699174790131578, -0.013846588983409907], 2, -1.0, [-0.5824177945903992, -0.012500315577241402]
[-0.5824177945903992, -0.012500315577241402], 0, -1.0, [-0.5954792532802854, -0.013061458689886132]
[-0.5954792532802854, -0.013061458689886132], 0, -1.0, [-0.6090057768468897, -0.013526523566604295]
[-0.6090057768468897, -0.013526523566604295], 0, -1.0, [-0.6228987335614454, -0.013892956714555663]
[-0.6228987335614454, -0.013892956714555663], 0, -1.0, [-0.6370579072026739, -0.01415917364122841]
[-0.6370579072026739, -0.01415917364122841], 0, -1.0, [-0.6513824736961412, -0.01432456649346733]
[-0.6513824736961412, -0.01432456649346733], 0, -1.0, [-0.6657719641304491, -0.014389490434307983]
[-0.6657719641304491, -0.014389490434307983], 0, -1.0, [-0.6801271928440431, -0.014355228713593935]
[-0.6801271928440431, -0.014355228713593935], 0, -1.0, [-0.6943511303825393, -0.014223937538496106]
[-0.6943511303825393, -0.014223937538496106], 0, -1.0, [-0.7083497033153907, -0.013998572932851465]
[-0.7083497033153907, -0.013998572932851465], 0, -1.0, [-0.7220325060151702, -0.01368280269977953]
[-0.7220325060151702, -0.01368280269977953], 0, -1.0, [-0.7353134133145661, -0.013280907299395957]
[-0.7353134133145661, -0.013280907299395957], 0, -1.0, [-0.748111087192423, -0.012797673877856918]
[-0.748111087192423, -0.012797673877856918], 2, -1.0, [-0.7583493750124427, -0.010238287820019643]
[-0.7583493750124427, -0.010238287820019643], 2, -1.0, [-0.7659690033097108, -0.0076196282972681465]
[-0.7659690033097108, -0.0076196282972681465], 2, -1.0, [-0.7709268470833086, -0.004957843773597802]
[-0.7709268470833086, -0.004957843773597802], 2, -1.0, [-0.7731953111986962, -0.00226846411538762]
[-0.7731953111986962, -0.00226846411538762], 2, -1.0, [-0.772761893739856, 0.00043341745884014314]
[-0.772761893739856, 0.00043341745884014314], 2, -1.0, [-0.769628977275435, 0.0031329164644210193]
[-0.769628977275435, 0.0031329164644210193], 2, -1.0, [-0.7638138691730665, 0.005815108102368569]
[-0.7638138691730665, 0.005815108102368569], 2, -1.0, [-0.7553490869196889, 0.008464782253377502]
[-0.7553490869196889, 0.008464782253377502], 2, -1.0, [-0.744282859290993, 0.011066227628695906]
[-0.744282859290993, 0.011066227628695906], 2, -1.0, [-0.7306797896070424, 0.013603069683950668]
[-0.7306797896070424, 0.013603069683950668], 2, -1.0, [-0.7146216039318206, 0.0160581856752218]
[-0.7146216039318206, 0.0160581856752218], 2, -1.0, [-0.6962078860948078, 0.018413717837012844]
[-0.6962078860948078, 0.018413717837012844], 2, -1.0, [-0.6755566845498833, 0.02065120154492447]
[-0.6755566845498833, 0.02065120154492447], 2, -1.0, [-0.6528048655530927, 0.02275181899679058]
[-0.6528048655530927, 0.02275181899679058], 2, -1.0, [-0.6281080854185769, 0.0246967801345158]
[-0.6281080854185769, 0.0246967801345158], 2, -1.0, [-0.6016402640422857, 0.026467821376291206]
[-0.6016402640422857, 0.026467821376291206], 2, -1.0, [-0.5735924641001043, 0.02804779994218129]
[-0.5735924641001043, 0.02804779994218129], 2, -1.0, [-0.5441711156315076, 0.029421348468596772]
[-0.5441711156315076, 0.029421348468596772], 2, -1.0, [-0.5135955725438204, 0.030575543087687156]
[-0.5135955725438204, 0.030575543087687156], 2, -1.0, [-0.4820950422187351, 0.03150053032508529]
[-0.4820950422187351, 0.03150053032508529], 2, -1.0, [-0.4499049862247209, 0.032190055994014206]
[-0.4499049862247209, 0.032190055994014206], 2, -1.0, [-0.41726314222988636, 0.03264184399483458]
[-0.41726314222988636, 0.03264184399483458], 2, -1.0, [-0.38440535753519445, 0.032857784694691944]
[-0.38440535753519445, 0.032857784694691944], 2, -1.0, [-0.35156144738631456, 0.032843910148879905]
[-0.35156144738631456, 0.032843910148879905], 2, -1.0, [-0.31895129297858615, 0.03261015440772844]
[-0.31895129297858615, 0.03261015440772844], 0, -1.0, [-0.28878137461910547, 0.0301699183594807]
[-0.28878137461910547, 0.0301699183594807], 0, -1.0, [-0.26123049756901023, 0.027550877050095214]
[-0.26123049756901023, 0.027550877050095214], 0, -1.0, [-0.23645040189195415, 0.02478009567705608]
[-0.23645040189195415, 0.02478009567705608], 0, -1.0, [-0.21456726777090204, 0.02188313412105211]
[-0.21456726777090204, 0.02188313412105211], 0, -1.0, [-0.19568383256779454, 0.018883435203107514]
[-0.19568383256779454, 0.018883435203107514], 0, -1.0, [-0.17988184110598557, 0.015801991461808978]
[-0.17988184110598557, 0.015801991461808978], 0, -1.0, [-0.16722457683590985, 0.012657264270075713]
[-0.16722457683590985, 0.012657264270075713], 0, -1.0, [-0.15775925982557604, 0.009465317010333813]
[-0.15775925982557604, 0.009465317010333813], 0, -1.0, [-0.15151914041537592, 0.006240119410200103]
[-0.15151914041537592, 0.006240119410200103], 0, -1.0, [-0.14852515959737972, 0.002993980817996194]
[-0.14852515959737972, 0.002993980817996194], 0, -1.0, [-0.14878708577080194, -0.0002619261734222167]
[-0.14878708577080194, -0.0002619261734222167], 0, -1.0, [-0.15230407160762793, -0.003516985836826004]
[-0.15230407160762793, -0.003516985836826004], 0, -1.0, [-0.15906460504461764, -0.006760533436989699]
[-0.15906460504461764, -0.006760533436989699], 0, -1.0, [-0.16904585664764998, -0.009981251603032346]
[-0.16904585664764998, -0.009981251603032346], 0, -1.0, [-0.18221245400954733, -0.013166597361897351]
[-0.18221245400954733, -0.013166597361897351], 0, -1.0, [-0.19851474463840738, -0.016302290628860037]
[-0.19851474463840738, -0.016302290628860037], 0, -1.0, [-0.2178866435881069, -0.01937189894969952]
[-0.2178866435881069, -0.01937189894969952], 0, -1.0, [-0.24024320136617405, -0.02235655777806715]
[-0.24024320136617405, -0.02235655777806715], 0, -1.0, [-0.2654780702425487, -0.02523486887637464]
[-0.2654780702425487, -0.02523486887637464], 0, -1.0, [-0.2934610896572305, -0.027983019414681804]
[-0.2934610896572305, -0.027983019414681804], 0, -1.0, [-0.32403624831468997, -0.03057515865745946]
[-0.32403624831468997, -0.03057515865745946], 0, -1.0, [-0.3570203039771097, -0.03298405566241973]
[-0.3570203039771097, -0.03298405566241973], 0, -1.0, [-0.3922023429558391, -0.03518203897872943]
[-0.3922023429558391, -0.03518203897872943], 0, -1.0, [-0.42934453140258655, -0.037142188446747465]
[-0.42934453140258655, -0.037142188446747465], 0, -1.0, [-0.46818424417357385, -0.03883971277098728]
[-0.46818424417357385, -0.03883971277098728], 0, -1.0, [-0.5084376542142678, -0.0402534100406939]
[-0.5084376542142678, -0.0402534100406939], 0, -1.0, [-0.5498047334639421, -0.04136707924967436]
[-0.5498047334639421, -0.04136707924967436], 0, -1.0, [-0.5919754704333128, -0.04217073696937072]
[-0.5919754704333128, -0.04217073696937072], 0, -1.0, [-0.6346369711055695, -0.042661500672256686]
[-0.6346369711055695, -0.042661500672256686], 0, -1.0, [-0.6774810018211996, -0.042844030715630164]
[-0.6774810018211996, -0.042844030715630164], 0, -1.0, [-0.7202114749994831, -0.04273047317828351]
[-0.7202114749994831, -0.04273047317828351], 0, -1.0, [-0.7625513819656842, -0.0423399069662011]
[-0.7625513819656842, -0.0423399069662011], 0, -1.0, [-0.8042487411541132, -0.04169735918842898]
[-0.8042487411541132, -0.04169735918842898], 0, -1.0, [-0.8450812423748331, -0.04083250122071988]
[-0.8450812423748331, -0.04083250122071988], 0, -1.0, [-0.8848594082672165, -0.03977816589238347]
[-0.8848594082672165, -0.03977816589238347], 0, -1.0, [-0.9234282391315195, -0.038568830864303]
[-0.9234282391315195, -0.038568830864303], 0, -1.0, [-0.9606674360499127, -0.037239196918393155]
[-0.9606674360499127, -0.037239196918393155], 0, -1.0, [-0.9964903949401467, -0.03582295889023401]
[-0.9964903949401467, -0.03582295889023401], 0, -1.0, [-1.0308422242683872, -0.034351829328240435]
[-1.0308422242683872, -0.034351829328240435], 0, -1.0, [-1.063697062331023, -0.03285483806263578]
[-1.063697062331023, -0.03285483806263578], 0, -1.0, [-1.0950549623994073, -0.03135790006838428]
[-1.0950549623994073, -0.03135790006838428], 0, -1.0, [-1.1249385844711035, -0.02988362207169625]
[-1.1249385844711035, -0.02988362207169625], 0, -1.0, [-1.153389890181396, -0.02845130571029247]
[-1.153389890181396, -0.02845130571029247], 0, -1.0, [-1.180466990692264, -0.027077100510868098]
[-1.180466990692264, -0.027077100510868098], 0, -1.0, [-1.2, 0.0]
[-1.2, 0.0], 2, -1.0, [-1.1967581039591646, 0.003241896040835368]
[-1.1967581039591646, 0.003241896040835368], 2, -1.0, [-1.1902636585360942, 0.006494445423070332]
[-1.1902636585360942, 0.006494445423070332], 2, -1.0, [-1.1804959639787937, 0.009767694557300442]
[-1.1804959639787937, 0.009767694557300442], 2, -1.0, [-1.1674255149588486, 0.013070449019945182]
[-1.1674255149588486, 0.013070449019945182], 2, -1.0, [-1.1510159267200155, 0.016409588238833067]
[-1.1510159267200155, 0.016409588238833067], 2, -1.0, [-1.1312266168239755, 0.019789309896040046]
[-1.1312266168239755, 0.019789309896040046], 2, -1.0, [-1.108016322100852, 0.02321029472312345]
[-1.108016322100852, 0.02321029472312345], 2, -1.0, [-1.081347524946184, 0.02666879715466819]
[-1.081347524946184, 0.02666879715466819], 2, -1.0, [-1.0511918363028878, 0.03015568864329602]
[-1.0511918363028878, 0.03015568864329602], 2, -1.0, [-1.0175363271434712, 0.0336555091594167]
[-1.0175363271434712, 0.0336555091594167], 2, -1.0, [-0.9803907090723114, 0.03714561807115983]
[-0.9803907090723114, 0.03714561807115983], 2, -1.0, [-0.9397951336374217, 0.04059557543488971]
[-0.9397951336374217, 0.04059557543488971], 2, -1.0, [-0.8958282112564235, 0.043966922380998245]
[-0.8958282112564235, 0.043966922380998245], 2, -1.0, [-0.8486146572192776, 0.04721355403714586]
[-0.8486146572192776, 0.04721355403714586], 2, -1.0, [-0.7983317816221248, 0.05028287559715283]
[-0.7983317816221248, 0.05028287559715283], 2, -1.0, [-0.7452138959379592, 0.0531178856841656]
[-0.7452138959379592, 0.0531178856841656], 2, -1.0, [-0.6895536666604415, 0.0556602292775177]
[-0.6895536666604415, 0.0556602292775177], 2, -1.0, [-0.6316995610792892, 0.057854105581152386]
[-0.6316995610792892, 0.057854105581152386], 2, -1.0, [-0.5720488365336812, 0.05965072454560789]
[-0.5720488365336812, 0.05965072454560789], 2, -1.0, [-0.5110360146660762, 0.061012821867605024]
[-0.5110360146660762, 0.061012821867605024], 2, -1.0, [-0.44911739120176025, 0.061918623464315904]
[-0.44911739120176025, 0.061918623464315904], 2, -1.0, [-0.38675274139346727, 0.06236464980829299]
[-0.38675274139346727, 0.06236464980829299], 2, -1.0, [-0.3243858485235833, 0.06236689286988392]
[-0.3243858485235833, 0.06236689286988392], 2, -1.0, [-0.2624256859117381, 0.061960162611845254]
[-0.2624256859117381, 0.061960162611845254], 2, -1.0, [-0.20122996568717166, 0.061195720224566416]
[-0.20122996568717166, 0.061195720224566416], 2, -1.0, [-0.14109236178367496, 0.06013760390349669]
[-0.14109236178367496, 0.06013760390349669], 2, -1.0, [-0.08223412731502394, 0.05885823446865101]
[-0.08223412731502394, 0.05885823446865101], 2, -1.0, [-0.024800200336085113, 0.05743392697893883]
[-0.024800200336085113, 0.05743392697893883], 2, -1.0, [0.03114064276343887, 0.05594084309952398]
[0.03114064276343887, 0.05594084309952398], 2, -1.0, [0.08559238750154527, 0.0544517447381064]
[0.08559238750154527, 0.0544517447381064], 2, -1.0, [0.13862609852276647, 0.05303371102122119]
[0.13862609852276647, 0.05303371102122119], 1, -1.0, [0.18937290492486428, 0.0507468064020978]
[0.18937290492486428, 0.0507468064020978], 1, -1.0, [0.2380124246106571, 0.048639519685792824]
[0.2380124246106571, 0.048639519685792824], 1, -1.0, [0.28476263411837144, 0.04675020950771431]
[0.28476263411837144, 0.04675020950771431], 1, -1.0, [0.3298709544473682, 0.04510832032899673]
[0.3298709544473682, 0.04510832032899673], 1, -1.0, [0.37360674108696645, 0.043735786639598276]
[0.37360674108696645, 0.043735786639598276], 1, -1.0, [0.41625516768535603, 0.0426484265983896]
[0.41625516768535603, 0.0426484265983896], 1, -1.0, [0.4581123601826525, 0.041857192497296455]
[0.4581123601826525, 0.041857192497296455], 1, -1.0, [0.4994815578842463, 0.04136919770159382]
[0.4994815578842463, 0.04136919770159382], 1, -1.0, [0.5406700342215449, 0.0411884763372986]
