[-0.45758134950194973, 0.0], 0, -1.0, [-0.45907324964748053, -0.0014919001455307957]
[-0.45907324964748053, -0.0014919001455307957], 0, -1.0, [-0.4620460745283994, -0.0029728248809188715]
[-0.4620460745283994, -0.0029728248809188715], 0, -1.0, [-0.46647792555940415, -0.004431851031004766]
[-0.46647792555940415, -0.004431851031004766], 0, -1.0, [-0.4723360893410177, -0.005858163781613539]
[-0.4723360893410177, -0.005858163781613539], 0, -1.0, [-0.4795772095583797, -0.0072411202173619914]
[-0.4795772095583797, -0.0072411202173619914], 0, -1.0, [-0.48814753262781424, -0.008570323069434534]
[-0.48814753262781424, -0.008570323069434534], 0, -1.0, [-0.4979832390615444, -0.009835706433730182]
[-0.4979832390615444, -0.009835706433730182], 0, -1.0, [-0.5090108729875924, -0.011027633926047947]
[-0.5090108729875924, -0.011027633926047947], 0, -1.0, [-0.5211478812619933, -0.01213700827440092]
[-0.5211478812619933, -0.01213700827440092], 0, -1.0, [-0.5343032710782918, -0.013155389816298508]
[-0.5343032710782918, -0.013155389816298508], 0, -1.0, [-0.5483783909768906, -0.014075119898598797]
[-0.5483783909768906, -0.014075119898598797], 0, -1.0, [-0.5632678348862306, -0.014889443909340007]
[-0.5632678348862306, -0.014889443909340007], 0, -1.0, [-0.5788604626304199, -0.015592627744189371]
[-0.5788604626304199, -0.015592627744189371], 0, -1.0, [-0.5950405236771833, -0.01618006104676341]
[-0.5950405236771833, -0.01618006104676341], 0, -1.0, [-0.6116888643256214, -0.016648340648438117]
[-0.6116888643256214, -0.016648340648438117], 0, -1.0, [-0.6286841926294551, -0.016995328303833695]
[-0.6286841926294551, -0.016995328303833695], 0, -1.0, [-0.645904370674127, -0.017220178044671925]
[-0.645904370674127, -0.017220178044671925], 0, -1.0, [-0.663227700838101, -0.017323330163973975]
[-0.663227700838101, -0.017323330163973975], 0, -1.0, [-0.6805341716825036, -0.01730647084440261]
[-0.6805341716825036, -0.01730647084440261], 0, -1.0, [-0.6977066302518882, -0.01717245856938456]
[-0.6977066302518882, -0.01717245856938456], 0, -1.0, [-0.7146318507510605, -0.016925220499172347]
[-0.7146318507510605, -0.016925220499172347], 0, -1.0, [-0.7312014745155876, -0.016569623764527044]
[-0.7312014745155876, -0.016569623764527044], 0, -1.0, [-0.7473128024897739, -0.016111327974186306]
[-0.7473128024897739, -0.016111327974186306], 0, -1.0, [-0.7628694285403907, -0.015556626050616812]
[-0.7628694285403907, -0.015556626050616812], 0, -1.0, [-0.777781709308546, -0.014912280768155223]
[-0.777781709308546, -0.014912280768155223], 2, -1.0, [-0.7899670734061887, -0.012185364097642709]
[-0.7899670734061887, -0.012185364097642709], 2, -1.0, [-0.7993606070617139, -0.009393533655525216]
[-0.7993606070617139, -0.009393533655525216], 2, -1.0, [-0.8059138989657737, -0.0065532919040598115]
[-0.8059138989657737, -0.0065532919040598115], 2, -1.0, [-0.8095940386222864, -0.0036801396565127225]
[-0.8095940386222864, -0.0036801396565127225], 2, -1.0, [-0.8103828610792861, -0.0007888224569996966]
[-0.8103828610792861, -0.0007888224569996966], 2, -1.0, [-0.8082765026833508, 0.0021063583959353505]
[-0.8082765026833508, 0.0021063583959353505], 2, -1.0, [-0.8032853039893798, 0.004991198693971068]
[-0.8032853039893798, 0.004991198693971068], 2, -1.0, [-0.795434067548279, 0.007851236441100855]
[-0.795434067548279, 0.007851236441100855], 2, -1.0, [-0.7847626499328657, 0.010671417615413292]
[-0.7847626499328657, 0.010671417615413292], 2, -1.0, [-0.7713268388943706, 0.01343581103849511]
[-0.7713268388943706, 0.01343581103849511], 2, -1.0, [-0.7551994380722494, 0.016127400822121114]
[-0.7551994380722494, 0.016127400822121114], 2, -1.0, [-0.7364714538934182, 0.018727984178831272]
[-0.7364714538934182, 0.018727984178831272], 2, -1.0, [-0.715253253706864, 0.021218200186554154]
[-0.715253253706864, 0.021218200186554154], 2, -1.0, [-0.6916755432585906, 0.023577710448273337]
[-0.6916755432585906, 0.023577710448273337], 2, -1.0, [-0.6658899986155812, 0.025785544643009417]
[-0.6658899986155812, 0.025785544643009417], 2, -1.0, [-0.6380693863673973, 0.027820612248183937]
[-0.6380693863673973, 0.027820612248183937], 2, -1.0, [-0.6084070199548804, 0.02966236641251684]
[-0.6084070199548804, 0.02966236641251684], 2, -1.0, [-0.57711543178678, 0.031291588168100355]
[-0.57711543178678, 0.031291588168100355], 2, -1.0, [-0.5444241908025158, 0.03269124098426425]
[-0.5444241908025158, 0.03269124098426425], 2, -1.0, [-0.5105768607937076, 0.03384733000880825]
[-0.5105768607937076, 0.03384733000880825], 2, -1.0, [-0.47582717030637184, 0.03474969048733571]
[-0.47582717030637184, 0.03474969048733571], 2, -1.0, [-0.44043454163325696, 0.03539262867311489]
[-0.44043454163325696, 0.03539262867311489], 2, -1.0, [-0.4046591939601556, 0.035775347673101365]
[-0.4046591939601556, 0.035775347673101365], 2, -1.0, [-0.3687570841100377, 0.03590210985011786]
[-0.3687570841100377, 0.03590210985011786], 2, -1.0, [-0.3329749698904307, 0.03578211421960705]
[-0.3329749698904307, 0.03578211421960705], 2, -1.0, [-0.29754587229773777, 0.035429097592692894]
[-0.29754587229773777, 0.035429097592692894], 2, -1.0, [-0.26268517525996, 0.034860697037777756]
[-0.26268517525996, 0.034860697037777756], 2, -1.0, [-0.22858754134166998, 0.03409763391829001]
[-0.22858754134166998, 0.03409763391829001], 2, -1.0, [-0.19542474824913217, 0.03316279309253781]
[-0.19542474824913217, 0.03316279309253781], 2, -1.0, [-0.16334447458675955, 0.03208027366237262]
[-0.16334447458675955, 0.03208027366237262], 1, -1.0, [-0.13346999374446294, 0.0298744808422966]
[-0.13346999374446294, 0.0298744808422966], 1, -1.0, [-0.10589776605813381, 0.027572227686329137]
[-0.10589776605813381, 0.027572227686329137], 0, -1.0, [-0.08170043463010224, 0.024197331428031578]
[-0.08170043463010224, 0.024197331428031578], 1, -1.0, [-0.059928385072309034, 0.0217720495577932]
[-0.059928385072309034, 0.0217720495577932], 1, -1.0, [-0.0406160408486444, 0.019312344223664638]
[-0.0406160408486444, 0.019312344223664638], 2, -1.0, [-0.02278516086911417, 0.01783087997953023]
[-0.02278516086911417, 0.01783087997953023], 2, -1.0, [-0.006448442573392773, 0.016336718295721395]
[-0.006448442573392773, 0.016336718295721395], 2, -1.0, [0.0083887435098703, 0.014837186083263072]
[0.0083887435098703, 0.014837186083263072], 2, -1.0, [0.021726721225299915, 0.013337977715429616]
[0.021726721225299915, 0.013337977715429616], 2, -1.0, [0.033570007628025214, 0.011843286402725296]
[0.033570007628025214, 0.011843286402725296], 2, -1.0, [0.04392596145458398, 0.010355953826558769]
[0.04392596145458398, 0.010355953826558769], 2, -1.0, [0.052803590650590426, 0.008877629196006442]
[0.052803590650590426, 0.008877629196006442], 2, -1.0, [0.06021252177275027, 0.0074089311221598435]
[0.06021252177275027, 0.0074089311221598435], 2, -1.0, [0.06616212952044057, 0.005949607747690291]
[0.06616212952044057, 0.005949607747690291], 2, -1.0, [0.07066082186007491, 0.004498692339634347]
[0.07066082186007491, 0.004498692339634347], 2, -1.0, [0.07371547487844575, 0.003054653018370835]
[0.07371547487844575, 0.003054653018370835], 2, -1.0, [0.07533101133615769, 0.001615536457711936]
[0.07533101133615769, 0.001615536457711936], 0, -1.0, [0.07351011760819463, -0.0018208937279630515]
[0.07351011760819463, -0.0018208937279630515], 0, -1.0, [0.06824976994675239, -0.005260347661442247]
[0.06824976994675239, -0.005260347661442247], 0, -1.0, [0.059541642320215166, -0.008708127626537221]
[0.059541642320215166, -0.008708127626537221], 1, -1.0, [0.04837329234039844, -0.011168349979816729]
[0.04837329234039844, -0.011168349979816729], 0, -1.0, [0.03373122091698039, -0.014642071423418054]
[0.03373122091698039, -0.014642071423418054], 0, -1.0, [0.015601938771013867, -0.01812928214596652]
[0.015601938771013867, -0.01812928214596652], 0, -1.0, [-0.0060246053943169495, -0.021626544165330816]
[-0.0060246053943169495, -0.021626544165330816], 0, -1.0, [-0.031150741242223855, -0.025126135847906905]
[-0.031150741242223855, -0.025126135847906905], 1, -1.0, [-0.05876596838504868, -0.027615227142824827]
[-0.05876596838504868, -0.027615227142824827], 0, -1.0, [-0.08984244486213545, -0.03107647647708677]
[-0.08984244486213545, -0.03107647647708677], 1, -1.0, [-0.12332866349778912, -0.033486218635653674]
[-0.12332866349778912, -0.033486218635653674], 0, -1.0, [-0.16014571316236365, -0.03681704966457451]
[-0.16014571316236365, -0.03681704966457451], 0, -1.0, [-0.2001797452672517, -0.040034032104888075]
[-0.2001797452672517, -0.040034032104888075], 0, -1.0, [-0.2432763549208748, -0.04309660965362309]
[-0.2432763549208748, -0.04309660965362309], 0, -1.0, [-0.28923618553194064, -0.045959830611065844]
[-0.28923618553194064, -0.045959830611065844], 0, -1.0, [-0.3378124568162812, -0.04857627128434056]
[-0.3378124568162812, -0.04857627128434056], 0, -1.0, [-0.3887110948762406, -0.05089863805995941]
[-0.3887110948762406, -0.05089863805995941], 1, -1.0, [-0.4405940055343382, -0.05188291065809758]
[-0.4405940055343382, -0.05188291065809758], 0, -1.0, [-0.49409303817274386, -0.053499032638405664]
[-0.49409303817274386, -0.053499032638405664], 0, -1.0, [-0.5488130749722683, -0.054720036799524405]
[-0.5488130749722683, -0.054720036799524405], 1, -1.0, [-0.6033441848153875, -0.05453110984311932]
[-0.6033441848153875, -0.05453110984311932], 0, -1.0, [-0.6582828929683041, -0.05493870815291657]
[-0.6582828929683041, -0.05493870815291657], 0, -1.0, [-0.7132387321258902, -0.05495583915758611]
[-0.7132387321258902, -0.05495583915758611], 0, -1.0, [-0.7678477653553017, -0.054609033229411526]
[-0.7678477653553017, -0.054609033229411526], 0, -1.0, [-0.8217845133657886, -0.053936748010486854]
[-0.8217845133657886, -0.053936748010486854], 0, -1.0, [-0.8747714312930641, -0.05298691792727553]
[-0.8747714312930641, -0.05298691792727553], 0, -1.0, [-0.9265854284880833, -0.051813997195019175]
[-0.9265854284880833, -0.051813997195019175], 0, -1.0, [-0.9770613048310263, -0.05047587634294297]
[-0.9770613048310263, -0.05047587634294297], 0, -1.0, [-1.0260923171056775, -0.04903101227465123]
[-1.0260923171056775, -0.04903101227465123], 0, -1.0, [-1.0736283388041719, -0.04753602169849445]
[-1.0736283388041719, -0.04753602169849445], 0, -1.0, [-1.1196722154843364, -0.04604387668016455]
[-1.1196722154843364, -0.04604387668016455], 1, -1.0, [-1.163274951234899, -0.043602735750562546]
[-1.163274951234899, -0.043602735750562546], 1, -1.0, [-1.2, 0.0]
[-1.2, 0.0], 2, -1.0, [-1.1967581039591646, 0.003241896040835368]
[-1.1967581039591646, 0.003241896040835368], 2, -1.0, [-1.1902636585360942, 0.006494445423070332]
[-1.1902636585360942, 0.006494445423070332], 2, -1.0, [-1.1804959639787937, 0.009767694557300442]
[-1.1804959639787937, 0.009767694557300442], 2, -1.0, [-1.1674255149588486, 0.013070449019945182]
[-1.1674255149588486, 0.013070449019945182], 2, -1.0, [-1.1510159267200155, 0.016409588238833067]
[-1.1510159267200155, 0.016409588238833067], 2, -1.0, [-1.1312266168239755, 0.019789309896040046]
[-1.1312266168239755, 0.019789309896040046], 2, -1.0, [-1.108016322100852, 0.02321029472312345]
[-1.108016322100852, 0.02321029472312345], 2, -1.0, [-1.081347524946184, 0.02666879715466819]
[-1.081347524946184, 0.02666879715466819], 2, -1.0, [-1.0511918363028878, 0.03015568864329602]
[-1.0511918363028878, 0.03015568864329602], 2, -1.0, [-1.0175363271434712, 0.0336555091594167]
[-1.0175363271434712, 0.0336555091594167], 2, -1.0, [-0.9803907090723114, 0.03714561807115983]
[-0.9803907090723114, 0.03714561807115983], 2, -1.0, [-0.9397951336374217, 0.04059557543488971]
[-0.9397951336374217, 0.04059557543488971], 2, -1.0, [-0.8958282112564235, 0.043966922380998245]
[-0.8958282112564235, 0.043966922380998245], 2, -1.0, [-0.8486146572192776, 0.04721355403714586]
[-0.8486146572192776, 0.04721355403714586], 2, -1.0, [-0.7983317816221248, 0.05028287559715283]
[-0.7983317816221248, 0.05028287559715283], 2, -1.0, [-0.7452138959379592, 0.0531178856841656]
[-0.7452138959379592, 0.0531178856841656], 2, -1.0, [-0.6895536666604415, 0.0556602292775177]
[-0.6895536666604415, 0.0556602292775177], 2, -1.0, [-0.6316995610792892, 0.057854105581152386]
[-0.6316995610792892, 0.057854105581152386], 2, -1.0, [-0.5720488365336812, 0.05965072454560789]
[-0.5720488365336812, 0.05965072454560789], 2, -1.0, [-0.5110360146660762, 0.061012821867605024]
[-0.5110360146660762, 0.061012821867605024], 2, -1.0, [-0.44911739120176025, 0.061918623464315904]
[-0.44911739120176025, 0.061918623464315904], 2, -1.0, [-0.38675274139346727, 0.06236464980829299]
[-0.38675274139346727, 0.06236464980829299], 2, -1.0, [-0.3243858485235833, 0.06236689286988392]
[-0.3243858485235833, 0.06236689286988392], 2, -1.0, [-0.2624256859117381, 0.061960162611845254]
[-0.2624256859117381, 0.061960162611845254], 2, -1.0, [-0.20122996568717166, 0.061195720224566416]
[-0.20122996568717166, 0.061195720224566416], 2, -1.0, [-0.14109236178367496, 0.06013760390349669]
[-0.14109236178367496, 0.06013760390349669], 2, -1.0, [-0.08223412731502394, 0.05885823446865101]
[-0.08223412731502394, 0.05885823446865101], 2, -1.0, [-0.024800200336085113, 0.05743392697893883]
[-0.024800200336085113, 0.05743392697893883], 2, -1.0, [0.03114064276343887, 0.05594084309952398]
[0.03114064276343887, 0.05594084309952398], 2, -1.0, [0.08559238750154527, 0.0544517447381064]
[0.08559238750154527, 0.0544517447381064], 2, -1.0, [0.13862609852276647, 0.05303371102122119]
[0.13862609852276647, 0.05303371102122119], 2, -1.0, [0.19037290492486428, 0.0517468064020978]
[0.19037290492486428, 0.0517468064020978], 2, -1.0, [0.24101646944167865, 0.050643564516814364]
[0.24101646944167865, 0.050643564516814364], 2, -1.0, [0.29078555519931315, 0.04976908575763451]
[0.29078555519931315, 0.04976908575763451], 2, -1.0, [0.33994708223056147, 0.04916152703124832]
[0.33994708223056147, 0.04916152703124832], 2, -1.0, [0.388799856212751, 0.04885277398218953]
[0.388799856212751, 0.04885277398218953], 2, -1.0, [0.4376689695757199, 0.0488691133629689]
[0.4376689695757199, 0.0488691133629689], 2, -1.0, [0.4869007238355066, 0.04923175425978669]
[0.4869007238355066, 0.04923175425978669], 2, -1.0, [0.5368577983788596, 0.04995707454335301]
