[-0.5482386234251244, 0.0], 2, -1.0, [-0.5470539928136576, 0.0011846306114667309]
[-0.5470539928136576, 0.0011846306114667309], 2, -1.0, [-0.5446935932051434, 0.0023603996085141653]
[-0.5446935932051434, 0.0023603996085141653], 2, -1.0, [-0.5411750880473063, 0.0035185051578371703]
[-0.5411750880473063, 0.0035185051578371703], 2, -1.0, [-0.5365248216227843, 0.004650266424522033]
[-0.5365248216227843, 0.004650266424522033], 2, -1.0, [-0.5307776341480819, 0.005747187474702349]
[-0.5307776341480819, 0.005747187474702349], 1, -1.0, [-0.5249766093963191, 0.005801024751762822]
[-0.5249766093963191, 0.005801024751762822], 1, -1.0, [-0.5191652509204979, 0.0058113584758212]
[-0.5191652509204979, 0.0058113584758212], 1, -1.0, [-0.5133871428993766, 0.00577810802112137]
[-0.5133871428993766, 0.00577810802112137], 0, -1.0, [-0.5086856101445761, 0.004701532754800409]
[-0.5086856101445761, 0.004701532754800409], 0, -1.0, [-0.5050958888212528, 0.003589721323323368]
[-0.5050958888212528, 0.003589721323323368], 0, -1.0, [-0.502644867895604, 0.0024510209256487694]
[-0.502644867895604, 0.0024510209256487694], 0, -1.0, [-0.501350897796445, 0.001293970099159038]
[-0.501350897796445, 0.001293970099159038], 0, -1.0, [-0.5012236629235136, 0.0001272348729314482]
[-0.5012236629235136, 0.0001272348729314482], 0, -1.0, [-0.5022641154014955, -0.0010404524779819252]
[-0.5022641154014955, -0.0010404524779819252], 0, -1.0, [-0.5044644686062794, -0.0022003532047837893]
[-0.5044644686062794, -0.0022003532047837893], 0, -1.0, [-0.5078082503147797, -0.0033437817085003488]
[-0.5078082503147797, -0.0033437817085003488], 0, -1.0, [-0.5122704166741461, -0.004462166359366322]
[-0.5122704166741461, -0.004462166359366322], 0, -1.0, [-0.5178175293712759, -0.005547112697129872]
[-0.5178175293712759, -0.005547112697129872], 0, -1.0, [-0.5244079992413545, -0.006590469870078563]
[-0.5244079992413545, -0.006590469870078563], 0, -1.0, [-0.5319923999400716, -0.007584400698717181]
[-0.5319923999400716, -0.007584400698717181], 0, -1.0, [-0.5405138551087632, -0.008521455168691499]
[-0.5405138551087632, -0.008521455168691499], 0, -1.0, [-0.5499085016212037, -0.009394646512440647]
[-0.5499085016212037, -0.009394646512440647], 0, -1.0, [-0.5601060300055758, -0.010197528384372047]
[-0.5601060300055758, -0.010197528384372047], 0, -1.0, [-0.5710303010350988, -0.010924271029522934]
[-0.5710303010350988, -0.010924271029522934], 0, -1.0, [-0.5826000348859597, -0.011569733850860926]
[-0.5826000348859597, -0.011569733850860926], 0, -1.0, [-0.5947295663368706, -0.012129531450910905]
[-0.5947295663368706, -0.012129531450910905], 0, -1.0, [-0.6073296564405646, -0.01260009010369402]
[-0.6073296564405646, -0.01260009010369402], 0, -1.0, [-0.620308348171293, -0.012978691730728402]
[-0.620308348171293, -0.012978691730728402], 0, -1.0, [-0.6335718509877676, -0.013263502816474614]
[-0.6335718509877676, -0.013263502816474614], 0, -1.0, [-0.6470254372745599, -0.013453586286792316]
[-0.6470254372745599, -0.013453586286792316], 0, -1.0, [-0.6605743324226361, -0.013548895148076223]
[-0.6605743324226361, -0.013548895148076223], 2, -1.0, [-0.672124580006955, -0.011550247584318836]
[-0.672124580006955, -0.011550247584318836], 2, -1.0, [-0.6815973801216503, -0.00947280011469528]
[-0.6815973801216503, -0.00947280011469528], 2, -1.0, [-0.6889290672337007, -0.007331687112050506]
[-0.6889290672337007, -0.007331687112050506], 2, -1.0, [-0.6940709959536507, -0.005141928719949968]
[-0.6940709959536507, -0.005141928719949968], 2, -1.0, [-0.6969893918241867, -0.0029183958705359773]
[-0.6969893918241867, -0.0029183958705359773], 2, -1.0, [-0.6976652145345114, -0.0006758227103245843]
[-0.6976652145345114, -0.0006758227103245843], 2, -1.0, [-0.6960940683850583, 0.0015711461494530678]
[-0.6960940683850583, 0.0015711461494530678], 2, -1.0, [-0.6922861803185498, 0.00380788806650844]
[-0.6922861803185498, 0.00380788806650844], 2, -1.0, [-0.6862664502772181, 0.006019730041331762]
[-0.6862664502772181, 0.006019730041331762], 2, -1.0, [-0.6780745628523244, 0.008191887424893796]
[-0.6780745628523244, 0.008191887424893796], 2, -1.0, [-0.6677651339535916, 0.010309428898732747]
[-0.6677651339535916, 0.010309428898732747], 2, -1.0, [-0.6554078523749872, 0.012357281578604436]
[-0.6554078523749872, 0.012357281578604436], 2, -1.0, [-0.6410875645818718, 0.014320287793115408]
[-0.6410875645818718, 0.014320287793115408], 2, -1.0, [-0.6249042427887498, 0.016183321793122006]
[-0.6249042427887498, 0.016183321793122006], 2, -1.0, [-0.6069727724654962, 0.01793147032325356]
[-0.6069727724654962, 0.01793147032325356], 2, -1.0, [-0.5874224967531863, 0.01955027571230993]
[-0.5874224967531863, 0.01955027571230993], 2, -1.0, [-0.566396462593795, 0.02102603415939126]
[-0.566396462593795, 0.02102603415939126], 2, -1.0, [-0.5440503269433035, 0.02234613565049147]
[-0.5440503269433035, 0.02234613565049147], 2, -1.0, [-0.5205509008742234, 0.023499426069080107]
[-0.5205509008742234, 0.023499426069080107], 2, -1.0, [-0.49607433354704994, 0.024476567327173456]
[-0.49607433354704994, 0.024476567327173456], 2, -1.0, [-0.47080396502597993, 0.02527036852107]
[-0.47080396502597993, 0.02527036852107], 2, -1.0, [-0.44492790417067446, 0.025876060855305458]
[-0.44492790417067446, 0.025876060855305458], 2, -1.0, [-0.4186364124350672, 0.026291491735607214]
[-0.4186364124350672, 0.026291491735607214], 2, -1.0, [-0.39211919348533153, 0.026517218949735716]
[-0.39211919348533153, 0.026517218949735716], 2, -1.0, [-0.36556269976816114, 0.026556493717170383]
[-0.36556269976816114, 0.026556493717170383], 0, -1.0, [-0.34114756909756794, 0.02441513067059317]
[-0.34114756909756794, 0.02441513067059317], 0, -1.0, [-0.31903351166952604, 0.02211405742804189]
[-0.31903351166952604, 0.02211405742804189], 0, -1.0, [-0.2993591862146288, 0.0196743254548972]
[-0.2993591862146288, 0.0196743254548972], 0, -1.0, [-0.28224264755653855, 0.01711653865809025]
[-0.28224264755653855, 0.01711653865809025], 0, -1.0, [-0.2677822035010738, 0.014460444055464768]
[-0.2677822035010738, 0.014460444055464768], 0, -1.0, [-0.2560575146978969, 0.011724688803176895]
[-0.2560575146978969, 0.011724688803176895], 0, -1.0, [-0.24713077996119787, 0.00892673473669904]
[-0.24713077996119787, 0.00892673473669904], 0, -1.0, [-0.24104786773769699, 0.006082912223500884]
[-0.24104786773769699, 0.006082912223500884], 0, -1.0, [-0.23783927844925054, 0.0032085892884464434]
[-0.23783927844925054, 0.0032085892884464434], 0, -1.0, [-0.23752084952184754, 0.0003184289274029985]
[-0.23752084952184754, 0.0003184289274029985], 0, -1.0, [-0.2400941431748811, -0.00257329365303354]
[-0.2400941431748811, -0.00257329365303354], 0, -1.0, [-0.24554648550156333, -0.005452342326682232]
[-0.24554648550156333, -0.005452342326682232], 0, -1.0, [-0.2538506537244153, -0.008304168222851951]
[-0.2538506537244153, -0.008304168222851951], 0, -1.0, [-0.2649642368445723, -0.01111358312015703]
[-0.2649642368445723, -0.01111358312015703], 0, -1.0, [-0.27882872334486825, -0.013864486500295946]
[-0.27882872334486825, -0.013864486500295946], 0, -1.0, [-0.29536839796813297, -0.016539674623264722]
[-0.29536839796813297, -0.016539674623264722], 0, -1.0, [-0.31448915706332126, -0.019120759095188268]
[-0.31448915706332126, -0.019120759095188268], 0, -1.0, [-0.3360773769099663, -0.021588219846645048]
[-0.3360773769099663, -0.021588219846645048], 0, -1.0, [-0.3599989892002644, -0.02392161229029808]
[-0.3599989892002644, -0.02392161229029808], 0, -1.0, [-0.3860989290871118, -0.026099939886847397]
[-0.3860989290871118, -0.026099939886847397], 0, -1.0, [-0.41420112012435023, -0.028102191037238426]
[-0.41420112012435023, -0.028102191037238426], 0, -1.0, [-0.44410914358654874, -0.029908023462198494]
[-0.44410914358654874, -0.029908023462198494], 0, -1.0, [-0.47560770487115517, -0.03149856128460644]
[-0.47560770487115517, -0.03149856128460644], 0, -1.0, [-0.5084649570085361, -0.03285725213738098]
[-0.5084649570085361, -0.03285725213738098], 0, -1.0, [-0.5424356737953315, -0.033970716786795405]
[-0.5424356737953315, -0.033970716786795405], 0, -1.0, [-0.577265189027212, -0.03482951523188045]
[-0.577265189027212, -0.03482951523188045], 0, -1.0, [-0.6126939427486282, -0.03542875372141622]
[-0.6126939427486282, -0.03542875372141622], 0, -1.0, [-0.6484624107138022, -0.03576846796517394]
[-0.6484624107138022, -0.03576846796517394], 0, -1.0, [-0.6843161490970908, -0.03585373838328866]
[-0.6843161490970908, -0.03585373838328866], 0, -1.0, [-0.7200106699188085, -0.0356945208217177]
[-0.7200106699188085, -0.0356945208217177], 0, -1.0, [-0.7553158763446561, -0.035305206425847724]
[-0.7553158763446561, -0.035305206425847724], 0, -1.0, [-0.79001982866939, -0.03470395232473387]
[-0.79001982866939, -0.03470395232473387], 0, -1.0, [-0.8239316746584051, -0.03391184598901506]
[-0.8239316746584051, -0.03391184598901506], 0, -1.0, [-0.8568836523499119, -0.032951977691506804]
[-0.8568836523499119, -0.032951977691506804], 0, -1.0, [-0.8887321489606475, -0.031848496610735494]
[-0.8887321489606475, -0.031848496610735494], 0, -1.0, [-0.9193578669432156, -0.03062571798256824]
[-0.9193578669432156, -0.03062571798256824], 2, -1.0, [-0.9466652009272647, -0.027307333984049033]
[-0.9466652009272647, -0.027307333984049033], 2, -1.0, [-0.9705853766357768, -0.02392017570851214]
[-0.9705853766357768, -0.02392017570851214], 2, -1.0, [-0.9910712932169868, -0.020485916581209986]
[-0.9910712932169868, -0.020485916581209986], 2, -1.0, [-1.0080925654122457, -0.017021272195258914]
[-1.0080925654122457, -0.017021272195258914], 1, -1.0, [-1.0226310213848855, -0.014538455972639867]
[-1.0226310213848855, -0.014538455972639867], 2, -1.0, [-1.033676263821748, -0.011045242436862482]
[-1.033676263821748, -0.011045242436862482], 2, -1.0, [-1.0412235627602402, -0.007547298938492096]
[-1.0412235627602402, -0.007547298938492096], 2, -1.0, [-1.0452712631840364, -0.00404770042379628]
[-1.0452712631840364, -0.00404770042379628], 2, -1.0, [-1.0458190053518035, -0.0005477421677670662]
[-1.0458190053518035, -0.0005477421677670662], 2, -1.0, [-1.0428667688989124, 0.0029522364528911356]
[-1.0428667688989124, 0.0029522364528911356], 2, -1.0, [-1.0364147434444004, 0.006452025454511987]
[-1.0364147434444004, 0.006452025454511987], 2, -1.0, [-1.0264640259014393, 0.00995071754296109]
[-1.0264640259014393, 0.00995071754296109], 2, -1.0, [-1.0130181429390135, 0.0134458829624258]
[-1.0130181429390135, 0.0134458829624258], 2, -1.0, [-0.996085391074835, 0.016932751864178558]
[-0.996085391074835, 0.016932751864178558], 2, -1.0, [-0.9756819717658526, 0.020403419308982387]
[-0.9756819717658526, 0.020403419308982387], 2, -1.0, [-0.9518358699667071, 0.023846101799145435]
[-0.9518358699667071, 0.023846101799145435], 2, -1.0, [-0.92459137811835, 0.027244491848357057]
[-0.92459137811835, 0.027244491848357057], 2, -1.0, [-0.894014101310784, 0.030577276807566087]
[-0.894014101310784, 0.030577276807566087], 2, -1.0, [-0.8601961944323359, 0.03381790687844807]
[-0.8601961944323359, 0.03381790687844807], 2, -1.0, [-0.8232614842145412, 0.036934710217794695]
[-0.8232614842145412, 0.036934710217794695], 2, -1.0, [-0.783370030202607, 0.03989145401193411]
[-0.783370030202607, 0.03989145401193411], 2, -1.0, [-0.7407215976930508, 0.042648432509556196]
[-0.7407215976930508, 0.042648432509556196], 2, -1.0, [-0.6955574770520756, 0.04516412064097514]
[-0.6955574770520756, 0.04516412064097514], 2, -1.0, [-0.6481601135931918, 0.04739736345888384]
[-0.6481601135931918, 0.04739736345888384], 2, -1.0, [-0.5988501309411504, 0.04930998265204148]
[-0.5988501309411504, 0.04930998265204148], 2, -1.0, [-0.5479805448947284, 0.050869586046421944]
[-0.5479805448947284, 0.050869586046421944], 2, -1.0, [-0.49592825859524503, 0.05205228629948335]
[-0.49592825859524503, 0.05205228629948335], 2, -1.0, [-0.44308326291132577, 0.05284499568391926]
[-0.44308326291132577, 0.05284499568391926], 2, -1.0, [-0.38983627860918224, 0.053246984302143516]
[-0.38983627860918224, 0.053246984302143516], 2, -1.0, [-0.33656580399937597, 0.0532704746098063]
[-0.33656580399937597, 0.0532704746098063], 2, -1.0, [-0.2836256217350141, 0.052940182264361854]
[-0.2836256217350141, 0.052940182264361854], 2, -1.0, [-0.23133374977213936, 0.052291871962874735]
[-0.23133374977213936, 0.052291871962874735], 2, -1.0, [-0.179963610069298, 0.051370139702841364]
[-0.179963610069298, 0.051370139702841364], 2, -1.0, [-0.12973788237738648, 0.05022572769191154]
[-0.12973788237738648, 0.05022572769191154], 2, -1.0, [-0.08082517402576975, 0.04891270835161673]
[-0.08082517402576975, 0.04891270835161673], 2, -1.0, [-0.03333933207683721, 0.04748584194893254]
[-0.03333933207683721, 0.04748584194893254], 2, -1.0, [0.01265900395086602, 0.04599833602770323]
[0.01265900395086602, 0.04599833602770323], 2, -1.0, [0.057159142578689676, 0.044500138627823656]
[0.057159142578689676, 0.044500138627823656], 2, -1.0, [0.10019594686490808, 0.04303680428621841]
[0.10019594686490808, 0.04303680428621841], 2, -1.0, [0.14184484463787606, 0.04164889777296796]
[0.14184484463787606, 0.04164889777296796], 2, -1.0, [0.18221669690242043, 0.04037185226454436]
[0.18221669690242043, 0.04037185226454436], 2, -1.0, [0.22145287244165138, 0.03923617553923096]
[0.22145287244165138, 0.03923617553923096], 2, -1.0, [0.2597207669951802, 0.03826789455352884]
[0.2597207669951802, 0.03826789455352884], 1, -1.0, [0.2962099054862549, 0.03648913849107474]
[0.2962099054862549, 0.03648913849107474], 1, -1.0, [0.33112285336745384, 0.03491294788119895]
[0.33112285336745384, 0.03491294788119895], 1, -1.0, [0.3646711248758816, 0.033548271508427784]
[0.3646711248758816, 0.033548271508427784], 1, -1.0, [0.39707208816980033, 0.03240096329391875]
[0.39707208816980033, 0.03240096329391875], 1, -1.0, [0.4285467253251832, 0.03147463715538285]
[0.4285467253251832, 0.03147463715538285], 1, -1.0, [0.4593180942310153, 0.030771368905832097]
[0.4593180942310153, 0.030771368905832097], 1, -1.0, [0.4896103405672539, 0.030292246336238626]
[0.4896103405672539, 0.030292246336238626], 1, -1.0, [0.5196481151301368, 0.030037774562882914]
