[-0.45871676503083847, 0.0], 0, -1.0, [-0.46020031318848187, -0.0014835481576433783]
[-0.46020031318848187, -0.0014835481576433783], 0, -1.0, [-0.4631564882522681, -0.0029561750637862125]
[-0.4631564882522681, -0.0029561750637862125], 0, -1.0, [-0.4675635004167887, -0.004407012164520632]
[-0.4675635004167887, -0.004407012164520632], 0, -1.0, [-0.47338880052428395, -0.005825300107495263]
[-0.47338880052428395, -0.005825300107495263], 0, -1.0, [-0.4805892530183399, -0.00720045249405594]
[-0.4805892530183399, -0.00720045249405594], 0, -1.0, [-0.4891113826283786, -0.008522129610038738]
[-0.4891113826283786, -0.008522129610038738], 0, -1.0, [-0.4988917064730816, -0.009780323844703016]
[-0.4988917064730816, -0.009780323844703016], 0, -1.0, [-0.5098571637084693, -0.0109654572353877]
[-0.5098571637084693, -0.0109654572353877], 0, -1.0, [-0.5219256538433965, -0.01206849013492714]
[-0.5219256538433965, -0.01206849013492714], 0, -1.0, [-0.5350066923387946, -0.01308103849539813]
[-0.5350066923387946, -0.01308103849539813], 0, -1.0, [-0.5490021881597791, -0.01399549582098444]
[-0.5490021881597791, -0.01399549582098444], 0, -1.0, [-0.5638073427617873, -0.01480515460200823]
[-0.5638073427617873, -0.01480515460200823], 0, -1.0, [-0.5793116638996512, -0.015504321137863777]
[-0.5793116638996512, -0.015504321137863777], 0, -1.0, [-0.5954000811073552, -0.016088417207704077]
[-0.5954000811073552, -0.016088417207704077], 0, -1.0, [-0.6119541432455626, -0.01655406213820742]
[-0.6119541432455626, -0.01655406213820742], 0, -1.0, [-0.6288532727261934, -0.01689912948063075]
[-0.6288532727261934, -0.01689912948063075], 0, -1.0, [-0.6459760464425716, -0.01712277371637812]
[-0.6459760464425716, -0.01712277371637812], 0, -1.0, [-0.6632014705124251, -0.01722542406985351]
[-0.6632014705124251, -0.01722542406985351], 0, -1.0, [-0.6804102149846963, -0.0172087444722713]
[-0.6804102149846963, -0.0172087444722713], 0, -1.0, [-0.6974857757895923, -0.01707556080489596]
[-0.6974857757895923, -0.01707556080489596], 0, -1.0, [-0.7143155343447143, -0.016829758555122063]
[-0.7143155343447143, -0.016829758555122063], 0, -1.0, [-0.7307916901011938, -0.016476155756479583]
[-0.7307916901011938, -0.016476155756479583], 0, -1.0, [-0.746812047504576, -0.016020357403382156]
[-0.746812047504576, -0.016020357403382156], 0, -1.0, [-0.7622806458416624, -0.015468598337086468]
[-0.7622806458416624, -0.015468598337086468], 0, -1.0, [-0.7771082276993622, -0.014827581857699754]
[-0.7771082276993622, -0.014827581857699754], 2, -1.0, [-0.7892125487555419, -0.01210432105617975]
[-0.7892125487555419, -0.01210432105617975], 2, -1.0, [-0.7985289902066713, -0.009316441451129401]
[-0.7985289902066713, -0.009316441451129401], 2, -1.0, [-0.8050094173926526, -0.0064804271859813115]
[-0.8050094173926526, -0.0064804271859813115], 2, -1.0, [-0.8086211918375188, -0.003611774444866143]
[-0.8086211918375188, -0.003611774444866143], 2, -1.0, [-0.8093464286716809, -0.0007252368341621289]
[-0.8093464286716809, -0.0007252368341621289], 2, -1.0, [-0.8071815632853794, 0.0021648653863016037]
[-0.8071815632853794, 0.0021648653863016037], 2, -1.0, [-0.8021372626447644, 0.005044300640614985]
[-0.8021372626447644, 0.005044300640614985], 2, -1.0, [-0.7942386883664394, 0.007898574278324957]
[-0.7942386883664394, 0.007898574278324957], 2, -1.0, [-0.7835260903494448, 0.01071259801699464]
[-0.7835260903494448, 0.01071259801699464], 0, -1.0, [-0.7720556813732014, 0.011470408976243372]
[-0.7720556813732014, 0.011470408976243372], 2, -1.0, [-0.7578896617127511, 0.014166019660450332]
[-0.7578896617127511, 0.014166019660450332], 2, -1.0, [-0.741107611661269, 0.016782050051482065]
[-0.741107611661269, 0.016782050051482065], 2, -1.0, [-0.7218075721490189, 0.019300039512250174]
[-0.7218075721490189, 0.019300039512250174], 2, -1.0, [-0.7001070343604238, 0.02170053778859519]
[-0.7001070343604238, 0.02170053778859519], 2, -1.0, [-0.6761436884274389, 0.02396334593298488]
[-0.6761436884274389, 0.02396334593298488], 2, -1.0, [-0.6500757738228761, 0.02606791460456285]
[-0.6500757738228761, 0.02606791460456285], 2, -1.0, [-0.6220818792326341, 0.027993894590241906]
[-0.6220818792326341, 0.027993894590241906], 2, -1.0, [-0.5923600603364012, 0.029721818896232956]
[-0.5923600603364012, 0.029721818896232956], 2, -1.0, [-0.561126181531762, 0.03123387880463927]
[-0.561126181531762, 0.03123387880463927], 2, -1.0, [-0.528611441369319, 0.03251474016244297]
[-0.528611441369319, 0.03251474016244297], 2, -1.0, [-0.49505910763054123, 0.033552333738777806]
[-0.49505910763054123, 0.033552333738777806], 2, -1.0, [-0.4607205599807529, 0.03433854764978835]
[-0.4607205599807529, 0.03433854764978835], 2, -1.0, [-0.42585080717292856, 0.03486975280782433]
[-0.42585080717292856, 0.03486975280782433], 2, -1.0, [-0.3907037022838334, 0.035147104889095164]
[-0.3907037022838334, 0.035147104889095164], 2, -1.0, [-0.35552711492835926, 0.03517658735547412]
[-0.35552711492835926, 0.03517658735547412], 2, -1.0, [-0.32055832823191915, 0.0349687866964401]
[-0.32055832823191915, 0.0349687866964401], 2, -1.0, [-0.28601990915759945, 0.03453841907431973]
[-0.28601990915759945, 0.03453841907431973], 2, -1.0, [-0.25211625673389165, 0.03390365242370782]
[-0.25211625673389165, 0.03390365242370782], 0, -1.0, [-0.2210309707704296, 0.03108528596346206]
[-0.2210309707704296, 0.03108528596346206], 0, -1.0, [-0.1929159151551903, 0.028115055615239293]
[-0.1929159151551903, 0.028115055615239293], 0, -1.0, [-0.16789373018832568, 0.025022184966864612]
[-0.16789373018832568, 0.025022184966864612], 0, -1.0, [-0.14606107462891393, 0.021832655559411752]
[-0.14606107462891393, 0.021832655559411752], 0, -1.0, [-0.12749222908523894, 0.018568845543674994]
[-0.12749222908523894, 0.018568845543674994], 0, -1.0, [-0.11224274137734548, 0.015249487707893462]
[-0.11224274137734548, 0.015249487707893462], 0, -1.0, [-0.1003528554513014, 0.01188988592604407]
[-0.1003528554513014, 0.01188988592604407], 0, -1.0, [-0.09185052734070528, 0.008502328110596123]
[-0.09185052734070528, 0.008502328110596123], 0, -1.0, [-0.08675388740716371, 0.005096639933541578]
[-0.08675388740716371, 0.005096639933541578], 0, -1.0, [-0.08507305416558214, 0.0016808332415815725]
[-0.08507305416558214, 0.0016808332415815725], 0, -1.0, [-0.0868112408982905, -0.0017381867327083541]
[-0.0868112408982905, -0.0017381867327083541], 0, -1.0, [-0.09196512359492845, -0.005153882696637949]
[-0.09196512359492845, -0.005153882696637949], 0, -1.0, [-0.10052446048327622, -0.008559336888347775]
[-0.10052446048327622, -0.008559336888347775], 0, -1.0, [-0.11247097322368599, -0.01194651274040977]
[-0.11247097322368599, -0.01194651274040977], 0, -1.0, [-0.127776521632952, -0.015305548409266002]
[-0.127776521632952, -0.015305548409266002], 0, -1.0, [-0.1464006312584648, -0.0186241096255128]
[-0.1464006312584648, -0.0186241096255128], 0, -1.0, [-0.16828746918390466, -0.021886837925439866]
[-0.16828746918390466, -0.021886837925439866], 0, -1.0, [-0.1933624096953244, -0.025074940511419723]
[-0.1933624096953244, -0.025074940511419723], 2, -1.0, [-0.21952838731450877, -0.026165977619184384]
[-0.21952838731450877, -0.026165977619184384], 0, -1.0, [-0.24867151218762626, -0.029143124873117494]
[-0.24867151218762626, -0.029143124873117494], 0, -1.0, [-0.2806506363032482, -0.031979124115621975]
[-0.2806506363032482, -0.031979124115621975], 0, -1.0, [-0.31529478061818206, -0.03464414431493384]
[-0.31529478061818206, -0.03464414431493384], 0, -1.0, [-0.35240148966738327, -0.0371067090492012]
[-0.35240148966738327, -0.0371067090492012], 0, -1.0, [-0.3917364708796128, -0.03933498121222952]
[-0.3917364708796128, -0.03933498121222952], 0, -1.0, [-0.43303482669746646, -0.04129835581785368]
[-0.43303482669746646, -0.04129835581785368], 0, -1.0, [-0.4760040865322834, -0.042969259834816934]
[-0.4760040865322834, -0.042969259834816934], 0, -1.0, [-0.5203290948624898, -0.04432500833020644]
[-0.5203290948624898, -0.04432500833020644], 0, -1.0, [-0.5656786254049668, -0.04534953054247705]
[-0.5656786254049668, -0.04534953054247705], 0, -1.0, [-0.6117133946591116, -0.04603476925414468]
[-0.6117133946591116, -0.04603476925414468], 0, -1.0, [-0.6580949739799983, -0.0463815793208867]
[-0.6580949739799983, -0.0463815793208867], 0, -1.0, [-0.704494980363292, -0.04640000638329371]
[-0.704494980363292, -0.04640000638329371], 0, -1.0, [-0.750603886300476, -0.04610890593718407]
[-0.750603886300476, -0.04610890593718407], 0, -1.0, [-0.7961388367518646, -0.04553495045138852]
[-0.7961388367518646, -0.04553495045138852], 0, -1.0, [-0.8408499867044635, -0.044711149952598936]
[-0.8408499867044635, -0.044711149952598936], 0, -1.0, [-0.8845250508760786, -0.04367506417161504]
[-0.8845250508760786, -0.04367506417161504], 0, -1.0, [-0.9269919546990616, -0.042466903822983064]
[-0.9269919546990616, -0.042466903822983064], 0, -1.0, [-0.9681196601054826, -0.04112770540642097]
[-0.9681196601054826, -0.04112770540642097], 0, -1.0, [-1.007817385960575, -0.03969772585509244]
[-1.007817385960575, -0.03969772585509244], 0, -1.0, [-1.046032538004057, -0.03821515204348191]
[-1.046032538004057, -0.03821515204348191], 0, -1.0, [-1.0827477053166503, -0.03671516731259342]
[-1.0827477053166503, -0.03671516731259342], 0, -1.0, [-1.117977077059173, -0.03522937174252264]
[-1.117977077059173, -0.03522937174252264], 0, -1.0, [-1.1517625969488925, -0.03378551988971941]
[-1.1517625969488925, -0.03378551988971941], 0, -1.0, [-1.1841701172452987, -0.032407520296406284]
[-1.1841701172452987, -0.032407520296406284], 0, -1.0, [-1.2, 0.0]
[-1.2, 0.0], 2, -1.0, [-1.1967581039591646, 0.003241896040835368]
[-1.1967581039591646, 0.003241896040835368], 2, -1.0, [-1.1902636585360942, 0.006494445423070332]
[-1.1902636585360942, 0.006494445423070332], 0, -1.0, [-1.1824959639787938, 0.007767694557300442]
[-1.1824959639787938, 0.007767694557300442], 2, -1.0, [-1.1714313962009901, 0.011064567777803617]
[-1.1714313962009901, 0.011064567777803617], 2, -1.0, [-1.1570384608535682, 0.014392935347421896]
[-1.1570384608535682, 0.014392935347421896], 2, -1.0, [-1.1392800332758368, 0.017758427577731332]
[-1.1392800332758368, 0.017758427577731332], 2, -1.0, [-1.1181163914263912, 0.021163641849445712]
[-1.1181163914263912, 0.021163641849445712], 2, -1.0, [-1.0935091181377223, 0.024607273288668803]
[-1.0935091181377223, 0.024607273288668803], 2, -1.0, [-1.0654259346253778, 0.028083183512344526]
[-1.0654259346253778, 0.028083183512344526], 2, -1.0, [-1.0338464882636529, 0.03157944636172488]
[-1.0338464882636529, 0.03157944636172488], 2, -1.0, [-0.9987690469562707, 0.03507744130738222]
[-0.9987690469562707, 0.03507744130738222], 2, -1.0, [-0.9602179441211005, 0.03855110283517011]
[-0.9602179441211005, 0.03855110283517011], 2, -1.0, [-0.9182514707869054, 0.04196647333419513]
[-0.9182514707869054, 0.04196647333419513], 2, -1.0, [-0.8729697312054934, 0.04528173958141196]
[-0.8729697312054934, 0.04528173958141196], 1, -1.0, [-0.8255217848771967, 0.047447946328296575]
[-0.8255217848771967, 0.047447946328296575], 2, -1.0, [-0.7751065886994908, 0.05041519617770592]
[-0.7751065886994908, 0.05041519617770592], 2, -1.0, [-0.7219790387086379, 0.053127549990852924]
[-0.7219790387086379, 0.053127549990852924], 2, -1.0, [-0.666449925359244, 0.05552911334939391]
[-0.666449925359244, 0.05552911334939391], 2, -1.0, [-0.6088819232556555, 0.05756800210358848]
[-0.6088819232556555, 0.05756800210358848], 2, -1.0, [-0.5496812529212742, 0.05920067033438129]
[-0.5496812529212742, 0.05920067033438129], 2, -1.0, [-0.4892851635635656, 0.060396089357708634]
[-0.4892851635635656, 0.060396089357708634], 2, -1.0, [-0.4281459720180993, 0.061139191545466334]
[-0.4281459720180993, 0.061139191545466334], 2, -1.0, [-0.36671293248809206, 0.061433039530007214]
[-0.36671293248809206, 0.061433039530007214], 2, -1.0, [-0.3054135740074225, 0.06129935848066959]
[-0.3054135740074225, 0.06129935848066959], 2, -1.0, [-0.24463623241794324, 0.06077734158947924]
[-0.24463623241794324, 0.06077734158947924], 2, -1.0, [-0.18471529614127158, 0.05992093627667168]
[-0.18471529614127158, 0.05992093627667168], 2, -1.0, [-0.1259202353610595, 0.05879506078021207]
[-0.1259202353610595, 0.05879506078021207], 2, -1.0, [-0.06844890684701951, 0.05747132851403999]
[-0.06844890684701951, 0.05747132851403999], 2, -1.0, [-0.012425054194869826, 0.05602385265214969]
[-0.012425054194869826, 0.05602385265214969], 2, -1.0, [0.04210053505337368, 0.05452558924824351]
[0.04210053505337368, 0.05452558924824351], 2, -1.0, [0.09514603792781663, 0.05304550287444295]
[0.09514603792781663, 0.05304550287444295], 2, -1.0, [0.1467926948482443, 0.05164665692042767]
[0.1467926948482443, 0.05164665692042767], 1, -1.0, [0.1961778753750998, 0.04938518052685546]
[0.1961778753750998, 0.04938518052685546], 1, -1.0, [0.2434836668551783, 0.04730579148007851]
[0.2434836668551783, 0.04730579148007851], 1, -1.0, [0.2889272744152874, 0.04544360756010915]
[0.2889272744152874, 0.04544360756010915], 0, -1.0, [0.3317526746016727, 0.04282540018638523]
[0.3317526746016727, 0.04282540018638523], 1, -1.0, [0.37321735865907346, 0.04146468405740081]
[0.37321735865907346, 0.04146468405740081], 1, -1.0, [0.4135920537503062, 0.040374695091232767]
[0.4135920537503062, 0.040374695091232767], 1, -1.0, [0.45315659357707033, 0.039564539826764104]
[0.45315659357707033, 0.039564539826764104], 1, -1.0, [0.49219674060606017, 0.03904014702898982]
[0.49219674060606017, 0.03904014702898982], 1, -1.0, [0.5310017205761517, 0.03880497997009154]
