[-0.562045064731494, 0.0], 2, -1.0, [-0.5607573564542282, 0.0012877082772657462]
[-0.5607573564542282, 0.0012877082772657462], 2, -1.0, [-0.558191535666736, 0.0025658207874921833]
[-0.558191535666736, 0.0025658207874921833], 2, -1.0, [-0.5543667346300838, 0.0038248010366522074]
[-0.5543667346300838, 0.0038248010366522074], 2, -1.0, [-0.5493115014401141, 0.005055233189969679]
[-0.5493115014401141, 0.005055233189969679], 2, -1.0, [-0.5430636139974301, 0.006247887442684041]
[-0.5430636139974301, 0.006247887442684041], 2, -1.0, [-0.535669823219521, 0.007393790777909182]
[-0.535669823219521, 0.007393790777909182], 2, -1.0, [-0.527185519370495, 0.008484303849025937]
[-0.527185519370495, 0.008484303849025937], 2, -1.0, [-0.5176743154622776, 0.009511203908217362]
[-0.5176743154622776, 0.009511203908217362], 2, -1.0, [-0.5072075426657476, 0.010466772796529989]
[-0.5072075426657476, 0.010466772796529989], 2, -1.0, [-0.495863654578621, 0.011343888087126608]
[-0.495863654578621, 0.011343888087126608], 2, -1.0, [-0.48372753996481677, 0.012136114613804242]
[-0.48372753996481677, 0.012136114613804242], 0, -1.0, [-0.47288974705911596, 0.01083779290570079]
[-0.47288974705911596, 0.01083779290570079], 0, -1.0, [-0.46343080663731706, 0.009458940421798895]
[-0.46343080663731706, 0.009458940421798895], 0, -1.0, [-0.45542067950622717, 0.008010127131089907]
[-0.45542067950622717, 0.008010127131089907], 0, -1.0, [-0.4489183303193045, 0.006502349186922676]
[-0.4489183303193045, 0.006502349186922676], 0, -1.0, [-0.4439714105313234, 0.004946919787981107]
[-0.4439714105313234, 0.004946919787981107], 0, -1.0, [-0.440616032280192, 0.003355378251131357]
[-0.440616032280192, 0.003355378251131357], 0, -1.0, [-0.43887661590290755, 0.0017394163772844876]
[-0.43887661590290755, 0.0017394163772844876], 0, -1.0, [-0.43876579640939467, 0.00011081949351290357]
[-0.43876579640939467, 0.00011081949351290357], 0, -1.0, [-0.44028437820904254, -0.0015185817996478746]
[-0.44028437820904254, -0.0015185817996478746], 0, -1.0, [-0.44342133230129305, -0.0031369540922505023]
[-0.44342133230129305, -0.0031369540922505023], 0, -1.0, [-0.4481538355559473, -0.004732503254654263]
[-0.4481538355559473, -0.004732503254654263], 0, -1.0, [-0.4544473571550514, -0.006293521599104099]
[-0.4544473571550514, -0.006293521599104099], 0, -1.0, [-0.462255802279286, -0.007808445124234545]
[-0.462255802279286, -0.007808445124234545], 0, -1.0, [-0.4715217272464483, -0.00926592496716232]
[-0.4715217272464483, -0.00926592496716232], 0, -1.0, [-0.48217664313235176, -0.010654915885903463]
[-0.48217664313235176, -0.010654915885903463], 0, -1.0, [-0.4941414260710345, -0.011964782938682732]
[-0.4941414260710345, -0.011964782938682732], 0, -1.0, [-0.5073268516800943, -0.013185425609059734]
[-0.5073268516800943, -0.013185425609059734], 0, -1.0, [-0.5216342682547375, -0.014307416574643173]
[-0.5216342682547375, -0.014307416574643173], 0, -1.0, [-0.5369564185491644, -0.015322150294427012]
[-0.5369564185491644, -0.015322150294427012], 0, -1.0, [-0.5531784133320976, -0.016221994782933215]
[-0.5531784133320976, -0.016221994782933215], 0, -1.0, [-0.5701788518769844, -0.017000438544886788]
[-0.5701788518769844, -0.017000438544886788], 0, -1.0, [-0.5878310757209287, -0.01765222384394434]
[-0.5878310757209287, -0.01765222384394434], 0, -1.0, [-0.6060045331335269, -0.018173457412598154]
[-0.6060045331335269, -0.018173457412598154], 0, -1.0, [-0.6245662235818722, -0.018561690448345342]
[-0.6245662235818722, -0.018561690448345342], 0, -1.0, [-0.6433821848472736, -0.01881596126540145]
[-0.6433821848472736, -0.01881596126540145], 0, -1.0, [-0.6623189810147643, -0.018936796167490638]
[-0.6623189810147643, -0.018936796167490638], 0, -1.0, [-0.6812451477885939, -0.018926166773829682]
[-0.6812451477885939, -0.018926166773829682], 0, -1.0, [-0.7000325526908491, -0.018787404902255122]
[-0.7000325526908491, -0.018787404902255122], 1, -1.0, [-0.7175576315892159, -0.017525078898366894]
[-0.7175576315892159, -0.017525078898366894], 2, -1.0, [-0.7327087288626954, -0.015151097273479505]
[-0.7327087288626954, -0.015151097273479505], 2, -1.0, [-0.7453923633522461, -0.012683634489550665]
[-0.7453923633522461, -0.012683634489550665], 2, -1.0, [-0.755532601049317, -0.010140237697070838]
[-0.755532601049317, -0.010140237697070838], 2, -1.0, [-0.763070336719726, -0.007537735670409015]
[-0.763070336719726, -0.007537735670409015], 2, -1.0, [-0.7679625924057616, -0.004892255686035621]
[-0.7679625924057616, -0.004892255686035621], 2, -1.0, [-0.770181922805799, -0.002219330400037446]
[-0.770181922805799, -0.002219330400037446], 2, -1.0, [-0.7697159960533854, 0.00046592675241365934]
[-0.7697159960533854, 0.00046592675241365934], 2, -1.0, [-0.7665673949262299, 0.0031486011271554455]
[-0.7665673949262299, 0.0031486011271554455], 2, -1.0, [-0.760753659025642, 0.005813735900587945]
[-0.760753659025642, 0.005813735900587945], 2, -1.0, [-0.7523075636090464, 0.00844609541659554]
[-0.7523075636090464, 0.00844609541659554], 2, -1.0, [-0.7412776059730567, 0.01102995763598973]
[-0.7412776059730567, 0.01102995763598973], 2, -1.0, [-0.7277286460535209, 0.013548959919535735]
[-0.7277286460535209, 0.013548959919535735], 2, -1.0, [-0.7117426249768591, 0.015986021076661847]
[-0.7117426249768591, 0.015986021076661847], 0, -1.0, [-0.6954192648462821, 0.016323360130577044]
[-0.6954192648462821, 0.016323360130577044], 2, -1.0, [-0.6768635636942107, 0.018555701152071374]
[-0.6768635636942107, 0.018555701152071374], 2, -1.0, [-0.6561984529491722, 0.02066511074503852]
[-0.6561984529491722, 0.02066511074503852], 2, -1.0, [-0.6335648667666374, 0.0226335861825349]
[-0.6335648667666374, 0.0226335861825349], 2, -1.0, [-0.6091214136112357, 0.02444345315540159]
[-0.6091214136112357, 0.02444345315540159], 2, -1.0, [-0.5830435546787726, 0.0260778589324632]
[-0.5830435546787726, 0.0260778589324632], 2, -1.0, [-0.5555222193112304, 0.027521335367542154]
[-0.5555222193112304, 0.027521335367542154], 2, -1.0, [-0.5267618239485702, 0.028760395362660132]
[-0.5267618239485702, 0.028760395362660132], 2, -1.0, [-0.4969777060792978, 0.02978411786927236]
[-0.4969777060792978, 0.02978411786927236], 2, -1.0, [-0.4663930340582208, 0.03058467202107703]
[-0.4663930340582208, 0.03058467202107703], 2, -1.0, [-0.4352353021348477, 0.031157731923373125]
[-0.4352353021348477, 0.031157731923373125], 2, -1.0, [-0.40373256153927306, 0.03150274059557463]
[-0.40373256153927306, 0.03150274059557463], 2, -1.0, [-0.3721095673821983, 0.03162299415707476]
[-0.3721095673821983, 0.03162299415707476], 2, -1.0, [-0.34058403332392523, 0.031525534058273075]
[-0.34058403332392523, 0.031525534058273075], 2, -1.0, [-0.3093631796912669, 0.031220853632658304]
[-0.3093631796912669, 0.031220853632658304], 2, -1.0, [-0.27864073694342184, 0.030722442747845073]
[-0.27864073694342184, 0.030722442747845073], 2, -1.0, [-0.24859452860976683, 0.03004620833365501]
[-0.24859452860976683, 0.03004620833365501], 2, -1.0, [-0.2193847113452566, 0.029209817264510232]
[-0.2193847113452566, 0.029209817264510232], 2, -1.0, [-0.19115270062210912, 0.028232010723147478]
[-0.19115270062210912, 0.028232010723147478], 2, -1.0, [-0.16402076450488304, 0.027131936117226075]
[-0.16402076450488304, 0.027131936117226075], 0, -1.0, [-0.14009222942334917, 0.023928535081533874]
[-0.14009222942334917, 0.023928535081533874], 0, -1.0, [-0.1194461345488853, 0.020646094874463884]
[-0.1194461345488853, 0.020646094874463884], 0, -1.0, [-0.10214124184699731, 0.017304892701887977]
[-0.10214124184699731, 0.017304892701887977], 0, -1.0, [-0.08821989527242877, 0.013921346574568548]
[-0.08821989527242877, 0.013921346574568548], 0, -1.0, [-0.07771150263894186, 0.010508392633486902]
[-0.07771150263894186, 0.010508392633486902], 0, -1.0, [-0.070635477544512, 0.0070760250944298594]
[-0.070635477544512, 0.0070760250944298594], 0, -1.0, [-0.06700353175730722, 0.00363194578720477]
[-0.06700353175730722, 0.00363194578720477], 0, -1.0, [-0.06682124922789423, 0.0001822825294129941]
[-0.06682124922789423, 0.0001822825294129941], 0, -1.0, [-0.07008890254851892, -0.0032676533206246906]
[-0.07008890254851892, -0.0032676533206246906], 0, -1.0, [-0.07680149407437012, -0.006712591525851205]
[-0.07680149407437012, -0.006712591525851205], 0, -1.0, [-0.08694802085648029, -0.010146526782110164]
[-0.08694802085648029, -0.010146526782110164], 0, -1.0, [-0.10050997924319269, -0.0135619583867124]
[-0.10050997924319269, -0.0135619583867124], 0, -1.0, [-0.1174591457391691, -0.016949166495976418]
[-0.1174591457391691, -0.016949166495976418], 0, -1.0, [-0.13775469933725176, -0.020295553598082657]
[-0.13775469933725176, -0.020295553598082657], 0, -1.0, [-0.16133979003423385, -0.023585090696982086]
[-0.16133979003423385, -0.023585090696982086], 0, -1.0, [-0.18813770998502527, -0.026797919950791435]
[-0.18813770998502527, -0.026797919950791435], 0, -1.0, [-0.21804788662197724, -0.029910176636951967]
[-0.21804788662197724, -0.029910176636951967], 0, -1.0, [-0.2509419864708484, -0.032894099848871206]
[-0.2509419864708484, -0.032894099848871206], 0, -1.0, [-0.2866604854855174, -0.035718499014668996]
[-0.2866604854855174, -0.035718499014668996], 0, -1.0, [-0.3250101133030323, -0.038349627817514914]
[-0.3250101133030323, -0.038349627817514914], 0, -1.0, [-0.36576259847277476, -0.04075248516974246]
[-0.36576259847277476, -0.04075248516974246], 0, -1.0, [-0.40865511260954135, -0.04289251413676656]
[-0.40865511260954135, -0.04289251413676656], 0, -1.0, [-0.453392720797016, -0.04473760818747466]
[-0.453392720797016, -0.04473760818747466], 0, -1.0, [-0.49965299009418024, -0.04626026929716426]
[-0.49965299009418024, -0.04626026929716426], 0, -1.0, [-0.5470926983540289, -0.04743970825984862]
[-0.5470926983540289, -0.04743970825984862], 0, -1.0, [-0.5953563480448303, -0.04826364969080143]
[-0.5953563480448303, -0.04826364969080143], 0, -1.0, [-0.6440859630887149, -0.04872961504388462]
[-0.6440859630887149, -0.04872961504388462], 0, -1.0, [-0.6929314738120879, -0.048845510723372905]
[-0.6929314738120879, -0.048845510723372905], 0, -1.0, [-0.7415609117406409, -0.048629437928552996]
[-0.7415609117406409, -0.048629437928552996], 0, -1.0, [-0.7896696603334006, -0.04810874859275975]
[-0.7896696603334006, -0.04810874859275975], 0, -1.0, [-0.8369881347013576, -0.04731847436795704]
[-0.8369881347013576, -0.04731847436795704], 0, -1.0, [-0.8832874660218593, -0.04629933132050172]
[-0.8832874660218593, -0.04629933132050172], 0, -1.0, [-0.9283830042543189, -0.04509553823245963]
[-0.9283830042543189, -0.04509553823245963], 0, -1.0, [-0.9721356831960846, -0.04375267894176571]
[-0.9721356831960846, -0.04375267894176571], 0, -1.0, [-1.014451480435737, -0.04231579723965237]
[-1.014451480435737, -0.04231579723965237], 0, -1.0, [-1.0552793314096893, -0.04082785097395245]
[-1.0552793314096893, -0.04082785097395245], 0, -1.0, [-1.0946079171433258, -0.039328585733636574]
[-1.0946079171433258, -0.039328585733636574], 0, -1.0, [-1.1324617473830052, -0.037853830239679406]
[-1.1324617473830052, -0.037853830239679406], 0, -1.0, [-1.1688969199603267, -0.036435172577321616]
[-1.1688969199603267, -0.036435172577321616], 0, -1.0, [-1.2, 0.0]
[-1.2, 0.0], 0, -1.0, [-1.1987581039591646, 0.0012418960408353678]
[-1.1987581039591646, 0.0012418960408353678], 0, -1.0, [-1.196270205713714, 0.0024878982454506955]
[-1.196270205713714, 0.0024878982454506955], 0, -1.0, [-1.192528173202872, 0.003742032510841902]
[-1.192528173202872, 0.003742032510841902], 2, -1.0, [-1.1855200116579745, 0.007008161544897544]
[-1.1855200116579745, 0.007008161544897544], 2, -1.0, [-1.175224026434314, 0.010295985223660698]
[-1.175224026434314, 0.010295985223660698], 2, -1.0, [-1.1616101817856583, 0.01361384464865556]
[-1.1616101817856583, 0.01361384464865556], 2, -1.0, [-1.1446421623109624, 0.016968019474696002]
[-1.1446421623109624, 0.016968019474696002], 2, -1.0, [-1.124280208082238, 0.020361954228724416]
[-1.124280208082238, 0.020361954228724416], 2, -1.0, [-1.1004848010344874, 0.02379540704775071]
[-1.1004848010344874, 0.02379540704775071], 2, -1.0, [-1.0732212707373352, 0.02726353029715213]
[-1.0732212707373352, 0.02726353029715213], 2, -1.0, [-1.0424653554534056, 0.030755915283929673]
[-1.0424653554534056, 0.030755915283929673], 2, -1.0, [-1.008209692094106, 0.034255663359299644]
[-1.008209692094106, 0.034255663359299644], 2, -1.0, [-0.9704711098463515, 0.03773858224775443]
[-0.9704711098463515, 0.03773858224775443], 2, -1.0, [-0.9292984638548535, 0.041172645991498044]
[-0.9292984638548535, 0.041172645991498044], 2, -1.0, [-0.8847805715828364, 0.04451789227201707]
[-0.8847805715828364, 0.04451789227201707], 2, -1.0, [-0.8370536210550978, 0.04772695052773857]
[-0.8370536210550978, 0.04772695052773857], 2, -1.0, [-0.7863072379125358, 0.05074638314256209]
[-0.7863072379125358, 0.05074638314256209], 2, -1.0, [-0.7327882733014257, 0.05351896461111006]
[-0.7327882733014257, 0.05351896461111006], 2, -1.0, [-0.6768013629556996, 0.055986910345726136]
[-0.6768013629556996, 0.055986910345726136], 2, -1.0, [-0.6187054610923512, 0.0580959018633483]
[-0.6187054610923512, 0.0580959018633483], 2, -1.0, [-0.5589058977719472, 0.05979956332040409]
[-0.5589058977719472, 0.05979956332040409], 2, -1.0, [-0.49784202591062904, 0.061063871861318175]
[-0.49784202591062904, 0.061063871861318175], 2, -1.0, [-0.4359711374973436, 0.06187088841328541]
[-0.4359711374973436, 0.06187088841328541], 0, -1.0, [-0.37574991283205955, 0.06022122466528408]
[-0.37574991283205955, 0.06022122466528408], 2, -1.0, [-0.3156015520697986, 0.06014836076226095]
[-0.3156015520697986, 0.06014836076226095], 2, -1.0, [-0.2559138894517105, 0.05968766261808812]
[-0.2559138894517105, 0.05968766261808812], 2, -1.0, [-0.1970249291881712, 0.05888896026353932]
[-0.1970249291881712, 0.05888896026353932], 2, -1.0, [-0.13921182449805278, 0.05781310469011842]
[-0.13921182449805278, 0.05781310469011842], 2, -1.0, [-0.08268384617613636, 0.05652797832191642]
[-0.08268384617613636, 0.05652797832191642], 2, -1.0, [-0.027579349452344214, 0.05510449672379215]
[-0.027579349452344214, 0.05510449672379215], 2, -1.0, [0.02603369937190772, 0.053613048824251934]
[0.02603369937190772, 0.053613048824251934], 1, -1.0, [0.07715436904809218, 0.05112066967618446]
[0.07715436904809218, 0.05112066967618446], 1, -1.0, [0.12584170923071206, 0.04868734018261988]
[0.12584170923071206, 0.04868734018261988], 1, -1.0, [0.17220509998481479, 0.04636339075410273]
[0.17220509998481479, 0.04636339075410273], 1, -1.0, [0.21639475074955794, 0.04418965076474316]
[0.21639475074955794, 0.04418965076474316], 0, -1.0, [0.25759295848162816, 0.04119820773207021]
[0.25759295848162816, 0.04119820773207021], 0, -1.0, [0.29600123264601086, 0.03840827416438267]
[0.29600123264601086, 0.03840827416438267], 0, -1.0, [0.33183210170713767, 0.035830869061126834]
[0.33183210170713767, 0.035830869061126834], 0, -1.0, [0.3653027544130577, 0.033470652705920055]
[0.3653027544130577, 0.033470652705920055], 0, -1.0, [0.3966303098688557, 0.031327555455798024]
[0.3966303098688557, 0.031327555455798024], 0, -1.0, [0.4260284625056084, 0.029398152636752668]
[0.4260284625056084, 0.029398152636752668], 2, -1.0, [0.455705242862049, 0.029676780356440603]
[0.455705242862049, 0.029676780356440603], 2, -1.0, [0.48587633519779994, 0.030171092335750917]
[0.48587633519779994, 0.030171092335750917], 1, -1.0, [0.5157651127256694, 0.029888777527869476]
