[-0.458247879146479, 0.0], 0, -1.0, [-0.45973487706110144, -0.0014869979146224014]
[-0.45973487706110144, -0.0014869979146224014], 0, -1.0, [-0.4626979292430029, -0.002963052181901475]
[-0.4626979292430029, -0.002963052181901475], 0, -1.0, [-0.46711520090593783, -0.004417271662934955]
[-0.46711520090593783, -0.004417271662934955], 0, -1.0, [-0.47295407498284847, -0.005838874076910611]
[-0.47295407498284847, -0.005838874076910611], 0, -1.0, [-0.4801713246491178, -0.007217249666269377]
[-0.4801713246491178, -0.007217249666269377], 0, -1.0, [-0.4887133595848191, -0.008542034935701277]
[-0.4887133595848191, -0.008542034935701277], 0, -1.0, [-0.49851655778021065, -0.009803198195391554]
[-0.49851655778021065, -0.009803198195391554], 0, -1.0, [-0.509507695138246, -0.010991137358035318]
[-0.509507695138246, -0.010991137358035318], 0, -1.0, [-0.5216044841261186, -0.012096788987872618]
[-0.5216044841261186, -0.012096788987872618], 0, -1.0, [-0.5347162302108012, -0.013111746084682584]
[-0.5347162302108012, -0.013111746084682584], 0, -1.0, [-0.5487446108435753, -0.014028380632774165]
[-0.5487446108435753, -0.014028380632774165], 0, -1.0, [-0.5635845765365614, -0.01483996569298602]
[-0.5635845765365614, -0.01483996569298602], 0, -1.0, [-0.5791253674387299, -0.01554079090216857]
[-0.5791253674387299, -0.01554079090216857], 0, -1.0, [-0.5952516322285175, -0.016126264789787653]
[-0.5952516322285175, -0.016126264789787653], 0, -1.0, [-0.611844629638608, -0.016592997410090515]
[-0.611844629638608, -0.016592997410090515], 0, -1.0, [-0.6287834870929383, -0.016938857454330342]
[-0.6287834870929383, -0.016938857454330342], 0, -1.0, [-0.6459464863155324, -0.017162999222594143]
[-0.6459464863155324, -0.017162999222594143], 0, -1.0, [-0.6632123428220844, -0.01726585650655204]
[-0.6632123428220844, -0.01726585650655204], 1, -1.0, [-0.6794614452366243, -0.016249102414539886]
[-0.6794614452366243, -0.016249102414539886], 1, -1.0, [-0.6945837113628555, -0.015122266126231111]
[-0.6945837113628555, -0.015122266126231111], 2, -1.0, [-0.7074790927294399, -0.012895381366584465]
[-0.7074790927294399, -0.012895381366584465], 2, -1.0, [-0.7180642604063248, -0.010585167676884905]
[-0.7180642604063248, -0.010585167676884905], 2, -1.0, [-0.7262722736391468, -0.00820801323282206]
[-0.7262722736391468, -0.00820801323282206], 2, -1.0, [-0.7320521772701757, -0.005779903631028822]
[-0.7320521772701757, -0.005779903631028822], 2, -1.0, [-0.7353686075313051, -0.0033164302611293633]
[-0.7353686075313051, -0.0033164302611293633], 2, -1.0, [-0.7362014711618088, -0.0008328636305037071]
[-0.7362014711618088, -0.0008328636305037071], 2, -1.0, [-0.7345457450828233, 0.0016557260789854056]
[-0.7345457450828233, 0.0016557260789854056], 2, -1.0, [-0.7304114242298081, 0.004134320853015282]
[-0.7304114242298081, 0.004134320853015282], 2, -1.0, [-0.7238236245279569, 0.006587799701851197]
[-0.7238236245279569, 0.006587799701851197], 2, -1.0, [-0.7148228271451513, 0.009000797382805563]
[-0.7148228271451513, 0.009000797382805563], 2, -1.0, [-0.7034652297774227, 0.011357597367728635]
[-0.7034652297774227, 0.011357597367728635], 2, -1.0, [-0.6898231516092679, 0.01364207816815476]
[-0.6898231516092679, 0.01364207816815476], 2, -1.0, [-0.673985421748088, 0.015837729861179883]
[-0.673985421748088, 0.015837729861179883], 2, -1.0, [-0.6560576676257107, 0.017927754122377217]
[-0.6560576676257107, 0.017927754122377217], 2, -1.0, [-0.6361624115938576, 0.019895256031853194]
[-0.6361624115938576, 0.019895256031853194], 2, -1.0, [-0.6144388823176391, 0.0217235292762185]
[-0.6144388823176391, 0.0217235292762185], 2, -1.0, [-0.5910424540459338, 0.02339642827170529]
[-0.5910424540459338, 0.02339642827170529], 2, -1.0, [-0.5661436423772276, 0.024898811668706212]
[-0.5661436423772276, 0.024898811668706212], 2, -1.0, [-0.5399266098535749, 0.026217032523652657]
[-0.5399266098535749, 0.026217032523652657], 2, -1.0, [-0.512587167538054, 0.027339442315520882]
[-0.512587167538054, 0.027339442315520882], 2, -1.0, [-0.48433029726260013, 0.028256870275453892]
[-0.48433029726260013, 0.028256870275453892], 2, -1.0, [-0.455367259831364, 0.028963037431236124]
[-0.455367259831364, 0.028963037431236124], 2, -1.0, [-0.42591239263410907, 0.029454867197254913]
[-0.42591239263410907, 0.029454867197254913], 2, -1.0, [-0.39617973116984856, 0.029732661464260533]
[-0.39617973116984856, 0.029732661464260533], 2, -1.0, [-0.36637960881218384, 0.029800122357664705]
[-0.36637960881218384, 0.029800122357664705], 2, -1.0, [-0.33671539504789616, 0.029664213764287697]
[-0.33671539504789616, 0.029664213764287697], 2, -1.0, [-0.3073805235872509, 0.029334871460645312]
[-0.3073805235872509, 0.029334871460645312], 2, -1.0, [-0.27855593945544244, 0.02882458413180844]
[-0.27855593945544244, 0.02882458413180844], 2, -1.0, [-0.2504080615276461, 0.02814787792779632]
[-0.2504080615276461, 0.02814787792779632], 2, -1.0, [-0.223087318272741, 0.027320743254905112]
[-0.223087318272741, 0.027320743254905112], 0, -1.0, [-0.19872727443802818, 0.024360043834712828]
[-0.19872727443802818, 0.024360043834712828], 0, -1.0, [-0.17743594434916513, 0.021291330088863046]
[-0.17743594434916513, 0.021291330088863046], 0, -1.0, [-0.15929870947856326, 0.018137234870601864]
[-0.15929870947856326, 0.018137234870601864], 0, -1.0, [-0.14438138581570575, 0.01491732366285751]
[-0.14438138581570575, 0.01491732366285751], 0, -1.0, [-0.13273318853161573, 0.011648197284090023]
[-0.13273318853161573, 0.011648197284090023], 0, -1.0, [-0.12438939280494292, 0.008343795726672803]
[-0.12438939280494292, 0.008343795726672803], 0, -1.0, [-0.1193735395939463, 0.005015853210996622]
[-0.1193735395939463, 0.005015853210996622], 0, -1.0, [-0.11769907945304475, 0.0016744601409015383]
[-0.11769907945304475, 0.0016744601409015383], 0, -1.0, [-0.11937038474379083, -0.0016713052907460827]
[-0.11937038474379083, -0.0016713052907460827], 0, -1.0, [-0.12438309139818743, -0.005012706654396591]
[-0.12438309139818743, -0.005012706654396591], 0, -1.0, [-0.13272375779749992, -0.008340666399312484]
[-0.13272375779749992, -0.008340666399312484], 0, -1.0, [-0.14436885317972603, -0.011645095382226092]
[-0.14436885317972603, -0.011645095382226092], 0, -1.0, [-0.1592831143912274, -0.014914261211501365]
[-0.1592831143912274, -0.014914261211501365], 0, -1.0, [-0.17741734060080577, -0.0181342262095784]
[-0.17741734060080577, -0.0181342262095784], 0, -1.0, [-0.19870573283904577, -0.021288392238239997]
[-0.19870573283904577, -0.021288392238239997], 0, -1.0, [-0.22306292953378826, -0.024357196694742497]
[-0.22306292953378826, -0.024357196694742497], 0, -1.0, [-0.25038093912561654, -0.027318009591828264]
[-0.25038093912561654, -0.027318009591828264], 0, -1.0, [-0.28052622222399326, -0.030145283098376694]
[-0.28052622222399326, -0.030145283098376694], 0, -1.0, [-0.31333722145070037, -0.03281099922670711]
[-0.31333722145070037, -0.03281099922670711], 0, -1.0, [-0.34862266719077983, -0.03528544574007949]
[-0.34862266719077983, -0.03528544574007949], 0, -1.0, [-0.386160990384573, -0.0375383231937932]
[-0.386160990384573, -0.0375383231937932], 0, -1.0, [-0.4257011382936661, -0.03954014790909309]
[-0.4257011382936661, -0.03954014790909309], 0, -1.0, [-0.4669650086463525, -0.041263870352686347]
[-0.4669650086463525, -0.041263870352686347], 0, -1.0, [-0.5096515916787141, -0.042686583032361634]
[-0.5096515916787141, -0.042686583032361634], 0, -1.0, [-0.5534427480712062, -0.04379115639249214]
[-0.5534427480712062, -0.04379115639249214], 0, -1.0, [-0.5980103735855916, -0.04456762551438544]
[-0.5980103735855916, -0.04456762551438544], 0, -1.0, [-0.6430245358425087, -0.04501416225691713]
[-0.6430245358425087, -0.04501416225691713], 0, -1.0, [-0.6881620445398027, -0.04513750869729389]
[-0.6881620445398027, -0.04513750869729389], 0, -1.0, [-0.7331148574498929, -0.04495281291009023]
[-0.7331148574498929, -0.04495281291009023], 0, -1.0, [-0.7775977426600099, -0.044482885210116986]
[-0.7775977426600099, -0.044482885210116986], 0, -1.0, [-0.8213547091289733, -0.04375696646896348]
[-0.8213547091289733, -0.04375696646896348], 0, -1.0, [-0.8641638646282502, -0.04280915549927692]
[-0.8641638646282502, -0.04280915549927692], 0, -1.0, [-0.9058405350221568, -0.04167667039390651]
[-0.9058405350221568, -0.04167667039390651], 0, -1.0, [-0.9462386520015452, -0.04039811697938847]
[-0.9462386520015452, -0.04039811697938847], 0, -1.0, [-0.9852505629430701, -0.03901191094152486]
[-0.9852505629430701, -0.03901191094152486], 0, -1.0, [-1.0228055208582973, -0.03755495791522731]
[-1.0228055208582973, -0.03755495791522731], 0, -1.0, [-1.0588671692126317, -0.03606164835433444]
[-1.0588671692126317, -0.03606164835433444], 0, -1.0, [-1.0934303494353264, -0.034563180222694695]
[-1.0934303494353264, -0.034563180222694695], 0, -1.0, [-1.1265175376894796, -0.03308718825415328]
[-1.1265175376894796, -0.03308718825415328], 0, -1.0, [-1.158175173752968, -0.03165763606348836]
[-1.158175173752968, -0.03165763606348836], 0, -1.0, [-1.188470090064506, -0.030294916311537995]
[-1.188470090064506, -0.030294916311537995], 0, -1.0, [-1.2, 0.0]
[-1.2, 0.0], 1, -1.0, [-1.1977581039591645, 0.002241896040835368]
[-1.1977581039591645, 0.002241896040835368], 1, -1.0, [-1.193266922003125, 0.004491181956039541]
[-1.193266922003125, 0.004491181956039541], 2, -1.0, [-1.1855119564322518, 0.007754965570873074]
[-1.1855119564322518, 0.007754965570873074], 2, -1.0, [-1.1744691428266927, 0.011042813605559074]
[-1.1744691428266927, 0.011042813605559074], 2, -1.0, [-1.1601063542972423, 0.014362788529450343]
[-1.1601063542972423, 0.014362788529450343], 2, -1.0, [-1.142385619200586, 0.01772073509665632]
[-1.142385619200586, 0.01772073509665632], 2, -1.0, [-1.1212661269295268, 0.021119492271059068]
[-1.1212661269295268, 0.021119492271059068], 2, -1.0, [-1.096708100356661, 0.0245580265728658]
[-1.096708100356661, 0.0245580265728658], 2, -1.0, [-1.068677600184317, 0.028030500172344066]
[-1.068677600184317, 0.028030500172344066], 2, -1.0, [-1.0371522888816966, 0.031525311302620346]
[-1.0371522888816966, 0.031525311302620346], 2, -1.0, [-1.0021281127002344, 0.03502417618146228]
[-1.0021281127002344, 0.03502417618146228], 2, -1.0, [-0.963626753337627, 0.03850135936260737]
[-0.963626753337627, 0.03850135936260737], 2, -1.0, [-0.9217035541578439, 0.04192319917978319]
[-0.9217035541578439, 0.04192319917978319], 2, -1.0, [-0.8764554455089579, 0.04524810864888594]
[-0.8764554455089579, 0.04524810864888594], 2, -1.0, [-0.8280281980892312, 0.0484272474197267]
[-0.8280281980892312, 0.0484272474197267], 2, -1.0, [-0.7766221565997377, 0.05140604148949353]
[-0.7766221565997377, 0.05140604148949353], 2, -1.0, [-0.7224954972263943, 0.05412665937334334]
[-0.7224954972263943, 0.05412665937334334], 2, -1.0, [-0.6659640687011672, 0.05653142852522712]
[-0.6659640687011672, 0.05653142852522712], 2, -1.0, [-0.6073970669210083, 0.05856700178015897]
[-0.6073970669210083, 0.05856700178015897], 2, -1.0, [-0.5472081770687316, 0.06018888985227669]
[-0.5472081770687316, 0.06018888985227669], 2, -1.0, [-0.48584236471796916, 0.061365812350762446]
[-0.48584236471796916, 0.061365812350762446], 2, -1.0, [-0.42375912032250607, 0.06208324439546307]
[-0.42375912032250607, 0.06208324439546307], 1, -1.0, [-0.36241352748451966, 0.06134559283798642]
[-0.36241352748451966, 0.06134559283798642], 2, -1.0, [-0.3012302600886972, 0.061183267395822485]
[-0.3012302600886972, 0.061183267395822485], 2, -1.0, [-0.24059377932686848, 0.06063648076182869]
[-0.24059377932686848, 0.06063648076182869], 2, -1.0, [-0.18083387344004123, 0.059759905886827246]
[-0.18083387344004123, 0.059759905886827246], 2, -1.0, [-0.12221501711783284, 0.0586188563222084]
[-0.12221501711783284, 0.0586188563222084], 2, -1.0, [-0.06492999903949882, 0.05728501807833401]
[-0.06492999903949882, 0.05728501807833401], 2, -1.0, [-0.00909770180978297, 0.05583229722971585]
[-0.00909770180978297, 0.05583229722971585], 1, -1.0, [0.0442355265041376, 0.053333228313920567]
[0.0442355265041376, 0.053333228313920567], 1, -1.0, [0.09509073632517938, 0.05085520982104178]
[0.09509073632517938, 0.05085520982104178], 1, -1.0, [0.14354698343741568, 0.048456247112236304]
[0.14354698343741568, 0.048456247112236304], 1, -1.0, [0.18973148462587006, 0.04618450118845437]
[0.18973148462587006, 0.04618450118845437], 1, -1.0, [0.23381014731316704, 0.04407866268729698]
[0.23381014731316704, 0.04407866268729698], 0, -1.0, [0.2749790102777026, 0.04116886296453558]
[0.2749790102777026, 0.04116886296453558], 0, -1.0, [0.3134513651968871, 0.03847235491918452]
[0.3134513651968871, 0.03847235491918452], 0, -1.0, [0.34944996502782255, 0.03599859983093547]
[0.34944996502782255, 0.03599859983093547], 0, -1.0, [0.38320106058584086, 0.03375109555801831]
[0.38320106058584086, 0.03375109555801831], 0, -1.0, [0.41493003211861906, 0.0317289715327782]
[0.41493003211861906, 0.0317289715327782], 0, -1.0, [0.4448583482037658, 0.02992831608514676]
[0.4448583482037658, 0.02992831608514676], 2, -1.0, [0.4752015879738891, 0.030343239770123306]
[0.4752015879738891, 0.030343239770123306], 1, -1.0, [0.5051831227948809, 0.0299815348209918]
