[-0.49801058970802037, 0.0], 0, -1.0, [-0.49920231267523274, -0.0011917229672123858]
[-0.49920231267523274, -0.0011917229672123858], 0, -1.0, [-0.5015768458028563, -0.002374533127623548]
[-0.5015768458028563, -0.002374533127623548], 0, -1.0, [-0.5051164232815831, -0.003539577478726791]
[-0.5051164232815831, -0.003539577478726791], 0, -1.0, [-0.5097945473864743, -0.004678124104891208]
[-0.5097945473864743, -0.004678124104891208], 0, -1.0, [-0.5155761736124972, -0.005781626226022878]
[-0.5155761736124972, -0.005781626226022878], 0, -1.0, [-0.5224179635446234, -0.006841789932126284]
[-0.5224179635446234, -0.006841789932126284], 0, -1.0, [-0.53026860954863, -0.007850646004006565]
[-0.53026860954863, -0.007850646004006565], 0, -1.0, [-0.5390692351360288, -0.008800625587398773]
[-0.5390692351360288, -0.008800625587398773], 0, -1.0, [-0.5487538739269315, -0.009684638790902771]
[-0.5487538739269315, -0.009684638790902771], 0, -1.0, [-0.5592500285025794, -0.010496154575647915]
[-0.5592500285025794, -0.010496154575647915], 0, -1.0, [-0.5704793081630559, -0.011229279660476434]
[-0.5704793081630559, -0.011229279660476434], 0, -1.0, [-0.582358141808084, -0.011878833645028045]
[-0.582358141808084, -0.011878833645028045], 0, -1.0, [-0.5947985590214003, -0.012440417213316396]
[-0.5947985590214003, -0.012440417213316396], 0, -1.0, [-0.6077090291903412, -0.01291047016894087]
[-0.6077090291903412, -0.01291047016894087], 0, -1.0, [-0.6209953453885974, -0.013286316198256197]
[-0.6209953453885974, -0.013286316198256197], 0, -1.0, [-0.6345615370531626, -0.013566191664565276]
[-0.6345615370531626, -0.013566191664565276], 0, -1.0, [-0.6483107934369977, -0.013749256383835081]
[-0.6483107934369977, -0.013749256383835081], 0, -1.0, [-0.662146378611572, -0.0138355851745743]
[-0.662146378611572, -0.0138355851745743], 0, -1.0, [-0.6759725185559246, -0.013826139944352597]
[-0.6759725185559246, -0.013826139944352597], 0, -1.0, [-0.6896952416480254, -0.013722723092100843]
[-0.6896952416480254, -0.013722723092100843], 0, -1.0, [-0.7032231556312656, -0.013527913983240155]
[-0.7032231556312656, -0.013527913983240155], 0, -1.0, [-0.716468146744732, -0.013244991113466408]
[-0.716468146744732, -0.013244991113466408], 0, -1.0, [-0.7293459899952226, -0.01287784325049053]
[-0.7293459899952226, -0.01287784325049053], 2, -1.0, [-0.7397768632812374, -0.010430873286014743]
[-0.7397768632812374, -0.010430873286014743], 2, -1.0, [-0.7476976893006833, -0.00792082601944587]
[-0.7476976893006833, -0.00792082601944587], 2, -1.0, [-0.7530615538625326, -0.0053638645618493425]
[-0.7530615538625326, -0.0053638645618493425], 2, -1.0, [-0.7558371850101315, -0.0027756311475989207]
[-0.7558371850101315, -0.0027756311475989207], 2, -1.0, [-0.7560085614470514, -0.0001713764369199234]
[-0.7560085614470514, -0.0001713764369199234], 2, -1.0, [-0.7535746976013202, 0.0024338638457311874]
[-0.7535746976013202, 0.0024338638457311874], 2, -1.0, [-0.7485496300796297, 0.005025067521690472]
[-0.7485496300796297, 0.005025067521690472], 2, -1.0, [-0.740962607044959, 0.007587023034670787]
[-0.740962607044959, 0.007587023034670787], 2, -1.0, [-0.7308584587962049, 0.010104148248754056]
[-0.7308584587962049, 0.010104148248754056], 2, -1.0, [-0.7182981051214054, 0.012560353674799577]
[-0.7182981051214054, 0.012560353674799577], 2, -1.0, [-0.7033591335967074, 0.014938971524697944]
[-0.7033591335967074, 0.014938971524697944], 2, -1.0, [-0.6861363639975997, 0.017222769599107714]
[-0.6861363639975997, 0.017222769599107714], 2, -1.0, [-0.6667422988648851, 0.019394065132714543]
[-0.6667422988648851, 0.019394065132714543], 2, -1.0, [-0.645307350876363, 0.021434947988522038]
[-0.645307350876363, 0.021434947988522038], 2, -1.0, [-0.6219797360499796, 0.023327614826383458]
[-0.6219797360499796, 0.023327614826383458], 2, -1.0, [-0.596924929832741, 0.02505480621723856]
[-0.596924929832741, 0.02505480621723856], 2, -1.0, [-0.5703246021034091, 0.02660032772933198]
[-0.5703246021034091, 0.02660032772933198], 2, -1.0, [-0.5423749772353255, 0.027949624868083632]
[-0.5423749772353255, 0.027949624868083632], 2, -1.0, [-0.5132846053121889, 0.02909037192313657]
[-0.5132846053121889, 0.02909037192313657], 2, -1.0, [-0.48327157732280324, 0.030013027989385654]
[-0.48327157732280324, 0.030013027989385654], 2, -1.0, [-0.45256026604661764, 0.030711311276185618]
[-0.45256026604661764, 0.030711311276185618], 2, -1.0, [-0.4213777196868017, 0.031182546359815957]
[-0.4213777196868017, 0.031182546359815957], 1, -1.0, [-0.39094987124355735, 0.03042784844324439]
[-0.39094987124355735, 0.03042784844324439], 0, -1.0, [-0.36249083860091397, 0.02845903264264339]
[-0.36249083860091397, 0.02845903264264339], 0, -1.0, [-0.33619361801523623, 0.02629722058567773]
[-0.33619361801523623, 0.02629722058567773], 0, -1.0, [-0.31222905233800885, 0.023964565677227365]
[-0.31222905233800885, 0.023964565677227365], 0, -1.0, [-0.2907456369030026, 0.021483415435006252]
[-0.2907456369030026, 0.021483415435006252], 0, -1.0, [-0.2718700094674973, 0.018875627435505304]
[-0.2718700094674973, 0.018875627435505304], 0, -1.0, [-0.2557079428634475, 0.016162066604049778]
[-0.2557079428634475, 0.016162066604049778], 0, -1.0, [-0.2423456510136843, 0.013362291849763203]
[-0.2423456510136843, 0.013362291849763203], 0, -1.0, [-0.23185122689971033, 0.010494424113973982]
[-0.23185122689971033, 0.010494424113973982], 0, -1.0, [-0.22427605032329673, 0.007575176576413597]
[-0.22427605032329673, 0.007575176576413597], 0, -1.0, [-0.2196560294754535, 0.004620020847843227]
[-0.2196560294754535, 0.004620020847843227], 0, -1.0, [-0.2180125698604913, 0.001643459614962207]
[-0.2180125698604913, 0.001643459614962207], 0, -1.0, [-0.21935319461785938, -0.0013406247573680705]
[-0.21935319461785938, -0.0013406247573680705], 0, -1.0, [-0.22367177048859052, -0.004318575870731157]
[-0.22367177048859052, -0.004318575870731157], 0, -1.0, [-0.23094832327880246, -0.007276552790211947]
[-0.23094832327880246, -0.007276552790211947], 0, -1.0, [-0.24114845598697154, -0.01020013270816909]
[-0.24114845598697154, -0.01020013270816909], 1, -1.0, [-0.25322241231673953, -0.01207395632976799]
[-0.25322241231673953, -0.01207395632976799], 0, -1.0, [-0.26810903169202455, -0.014886619375285019]
[-0.26810903169202455, -0.014886619375285019], 0, -1.0, [-0.2857296413886933, -0.017620609696668753]
[-0.2857296413886933, -0.017620609696668753], 0, -1.0, [-0.305986664186477, -0.02025702279778373]
[-0.305986664186477, -0.02025702279778373], 0, -1.0, [-0.3287622918046182, -0.022775627618141184]
[-0.3287622918046182, -0.022775627618141184], 0, -1.0, [-0.35391739527174493, -0.025155103467126752]
[-0.35391739527174493, -0.025155103467126752], 0, -1.0, [-0.3812908557470824, -0.027373460475337463]
[-0.3812908557470824, -0.027373460475337463], 0, -1.0, [-0.41069949781531995, -0.02940864206823757]
[-0.41069949781531995, -0.02940864206823757], 0, -1.0, [-0.4419387878487213, -0.03123929003340135]
[-0.4419387878487213, -0.03123929003340135], 0, -1.0, [-0.47478442009797167, -0.03284563224925037]
[-0.47478442009797167, -0.03284563224925037], 0, -1.0, [-0.5089948528512015, -0.0342104327532298]
[-0.5089948528512015, -0.0342104327532298], 0, -1.0, [-0.5443147799886389, -0.03531992713743735]
[-0.5443147799886389, -0.03531992713743735], 0, -1.0, [-0.5804794370900712, -0.03616465710143239]
[-0.5804794370900712, -0.03616465710143239], 0, -1.0, [-0.6172195565808055, -0.036740119490734274]
[-0.6172195565808055, -0.036740119490734274], 0, -1.0, [-0.6542667153088225, -0.037047158728017046]
[-0.6542667153088225, -0.037047158728017046], 0, -1.0, [-0.6913587715341679, -0.03709205622534542]
[-0.6913587715341679, -0.03709205622534542], 0, -1.0, [-0.728245074222909, -0.036886302688741]
[-0.728245074222909, -0.036886302688741], 0, -1.0, [-0.7646911481217437, -0.03644607389883473]
[-0.7646911481217437, -0.03644607389883473], 0, -1.0, [-0.8004826098140823, -0.03579146169233855]
[-0.8004826098140823, -0.03579146169233855], 0, -1.0, [-0.8354281442618868, -0.034945534447804565]
[-0.8354281442618868, -0.034945534447804565], 0, -1.0, [-0.869361456638229, -0.033933312376342166]
[-0.869361456638229, -0.033933312376342166], 0, -1.0, [-0.902142198489441, -0.032780741851212054]
[-0.902142198489441, -0.032780741851212054], 0, -1.0, [-0.9336559402127119, -0.031513741723270976]
[-0.9336559402127119, -0.031513741723270976], 0, -1.0, [-0.9638133166665218, -0.030157376453809892]
[-0.9638133166665218, -0.030157376453809892], 0, -1.0, [-0.9925485065429787, -0.028735189876456794]
[-0.9925485065429787, -0.028735189876456794], 2, -1.0, [-1.0178172195587356, -0.025268713015756897]
[-1.0178172195587356, -0.025268713015756897], 2, -1.0, [-1.0395956373328927, -0.021778417774157174]
[-1.0395956373328927, -0.021778417774157174], 2, -1.0, [-1.0578747052061845, -0.018279067873291862]
[-1.0578747052061845, -0.018279067873291862], 2, -1.0, [-1.072655055488023, -0.014780350281838375]
[-1.072655055488023, -0.014780350281838375], 2, -1.0, [-1.0839426931775893, -0.011287637689566397]
[-1.0839426931775893, -0.011287637689566397], 2, -1.0, [-1.0917455053027763, -0.007802812125187025]
[-1.0917455053027763, -0.007802812125187025], 2, -1.0, [-1.0960706100705806, -0.004325104767804334]
[-1.0960706100705806, -0.004325104767804334], 2, -1.0, [-1.0969225382131336, -0.00085192814255293]
[-1.0969225382131336, -0.00085192814255293], 2, -1.0, [-1.0943022312714887, 0.0026203069416448383]
[-1.0943022312714887, 0.0026203069416448383], 2, -1.0, [-1.0882068448896038, 0.006095386381884796]
[-1.0882068448896038, 0.006095386381884796], 2, -1.0, [-1.0786303544801756, 0.009576490409428193]
[-1.0786303544801756, 0.009576490409428193], 2, -1.0, [-1.0655649710742467, 0.013065383405928903]
[-1.0655649710742467, 0.013065383405928903], 2, -1.0, [-1.049003382031887, 0.016561589042359732]
[-1.049003382031887, 0.016561589042359732], 2, -1.0, [-1.0289418296759687, 0.020061552355918146]
[-1.0289418296759687, 0.020061552355918146], 2, -1.0, [-1.0053840256858855, 0.023557803990083247]
[-1.0053840256858855, 0.023557803990083247], 2, -1.0, [-0.9783458650903701, 0.02703816059551533]
[-0.9783458650903701, 0.02703816059551533], 2, -1.0, [-0.9478608463897145, 0.030485018700655706]
[-0.9478608463897145, 0.030485018700655706], 2, -1.0, [-0.9139860210672105, 0.03387482532250395]
[-0.9139860210672105, 0.03387482532250395], 2, -1.0, [-0.8768081876704239, 0.03717783339678662]
[-0.8768081876704239, 0.03717783339678662], 2, -1.0, [-0.83644992008081, 0.04035826758961393]
[-0.83644992008081, 0.04035826758961393], 2, -1.0, [-0.7930748922708386, 0.04337502780997136]
[-0.7930748922708386, 0.04337502780997136], 2, -1.0, [-0.7468918578856385, 0.04618303438520007]
[-0.7468918578856385, 0.04618303438520007], 2, -1.0, [-0.6981565951664794, 0.048735262719159116]
[-0.6981565951664794, 0.048735262719159116], 2, -1.0, [-0.6471711707571384, 0.05098542440934108]
[-0.6471711707571384, 0.05098542440934108], 2, -1.0, [-0.5942800363714474, 0.05289113438569089]
[-0.5942800363714474, 0.05289113438569089], 2, -1.0, [-0.5398627561223247, 0.05441728024912277]
[-0.5398627561223247, 0.05441728024912277], 2, -1.0, [-0.48432354441214004, 0.05553921171018469]
[-0.48432354441214004, 0.05553921171018469], 2, -1.0, [-0.4280782158414593, 0.056245328570680785]
[-0.4280782158414593, 0.056245328570680785], 2, -1.0, [-0.37153952674964486, 0.05653868909181445]
[-0.37153952674964486, 0.05653868909181445], 2, -1.0, [-0.3151021374893264, 0.056437389260318424]
[-0.3151021374893264, 0.056437389260318424], 2, -1.0, [-0.2591284844919056, 0.0559736529974208]
[-0.2591284844919056, 0.0559736529974208], 2, -1.0, [-0.20393670615155834, 0.05519177834034727]
[-0.20393670615155834, 0.05519177834034727], 2, -1.0, [-0.1497914521053369, 0.05414525404622145]
[-0.1497914521053369, 0.05414525404622145], 2, -1.0, [-0.09689799570797317, 0.05289345639736373]
[-0.09689799570797317, 0.05289345639736373], 2, -1.0, [-0.045399652304640804, 0.05149834340333236]
[-0.045399652304640804, 0.05149834340333236], 2, -1.0, [0.0046218429710661035, 0.05002149527570691]
[0.0046218429710661035, 0.05002149527570691], 2, -1.0, [0.053143578559037966, 0.04852173558797186]
[0.053143578559037966, 0.04852173558797186], 2, -1.0, [0.10019701960305887, 0.0470534410440209]
[0.10019701960305887, 0.0470534410440209], 2, -1.0, [0.14586255651597801, 0.04566553691291916]
[0.14586255651597801, 0.04566553691291916], 2, -1.0, [0.1902636520877996, 0.04440109557182159]
[0.1902636520877996, 0.04440109557182159], 2, -1.0, [0.2335610629433554, 0.04329741085555581]
[0.2335610629433554, 0.04329741085555581], 1, -1.0, [0.27494746908266926, 0.04138640613931383]
[0.27494746908266926, 0.04138640613931383], 1, -1.0, [0.31463719343047386, 0.0396897243478046]
[0.31463719343047386, 0.0396897243478046], 1, -1.0, [0.3528603560464579, 0.03822316261598404]
[0.3528603560464579, 0.03822316261598404], 1, -1.0, [0.3898582451567086, 0.03699788911025072]
[0.3898582451567086, 0.03699788911025072], 1, -1.0, [0.42587977623799167, 0.03602153108128308]
[0.42587977623799167, 0.03602153108128308], 1, -1.0, [0.4611788673963599, 0.03529909115836823]
[0.4611788673963599, 0.03529909115836823], 1, -1.0, [0.4960125404866751, 0.03483367309031518]
[0.4960125404866751, 0.03483367309031518], 1, -1.0, [0.5306395529055583, 0.03462701241888323]
