[-0.5210076913315498, 0.0], 0, -1.0, [-0.5220271242678481, -0.0010194329362983668]
[-0.5220271242678481, -0.0010194329362983668], 0, -1.0, [-0.5240583445454511, -0.00203122027760298]
[-0.5240583445454511, -0.00203122027760298], 0, -1.0, [-0.5270861180570424, -0.0030277735115912924]
[-0.5270861180570424, -0.0030277735115912924], 0, -1.0, [-0.53108773697732, -0.0040016189202776555]
[-0.53108773697732, -0.0040016189202776555], 0, -1.0, [-0.5360331934123043, -0.00494545643498419]
[-0.5360331934123043, -0.00494545643498419], 0, -1.0, [-0.5418854133408026, -0.005852219928498365]
[-0.5418854133408026, -0.005852219928498365], 0, -1.0, [-0.5486005522704424, -0.0067151389296396715]
[-0.5486005522704424, -0.0067151389296396715], 0, -1.0, [-0.5561283536443209, -0.007527801373878514]
[-0.5561283536443209, -0.007527801373878514], 0, -1.0, [-0.5644125702452749, -0.00828421660095402]
[-0.5644125702452749, -0.00828421660095402], 0, -1.0, [-0.5733914476582849, -0.008978877413009984]
[-0.5733914476582849, -0.008978877413009984], 0, -1.0, [-0.5829982673113074, -0.009606819653022621]
[-0.5829982673113074, -0.009606819653022621], 0, -1.0, [-0.5931619448018469, -0.01016367749053949]
[-0.5931619448018469, -0.01016367749053949], 0, -1.0, [-0.6038076772445384, -0.010645732442691533]
[-0.6038076772445384, -0.010645732442691533], 0, -1.0, [-0.6148576313821965, -0.011049954137658132]
[-0.6148576313821965, -0.011049954137658132], 1, -1.0, [-0.6252316623408108, -0.010374030958614335]
[-0.6252316623408108, -0.010374030958614335], 1, -1.0, [-0.6348552020218394, -0.009623539681028534]
[-0.6348552020218394, -0.009623539681028534], 2, -1.0, [-0.6426597251632847, -0.007804523141445352]
[-0.6426597251632847, -0.007804523141445352], 2, -1.0, [-0.6485901576149278, -0.005930432451642992]
[-0.6485901576149278, -0.005930432451642992], 2, -1.0, [-0.6526049688874058, -0.004014811272477992]
[-0.6526049688874058, -0.004014811272477992], 2, -1.0, [-0.6546762071923944, -0.0020712383049886086]
[-0.6546762071923944, -0.0020712383049886086], 2, -1.0, [-0.6547895054908965, -0.00011329829850218387]
[-0.6547895054908965, -0.00011329829850218387], 2, -1.0, [-0.6529440789569212, 0.0018454265339753143]
[-0.6529440789569212, 0.0018454265339753143], 2, -1.0, [-0.6491527247269224, 0.0037913542299987868]
[-0.6491527247269224, 0.0037913542299987868], 2, -1.0, [-0.6434418245362755, 0.0057109001906469085]
[-0.6434418245362755, 0.0057109001906469085], 2, -1.0, [-0.6358513405350286, 0.007590484001246994]
[-0.6358513405350286, 0.007590484001246994], 2, -1.0, [-0.6264347849181453, 0.009416555616883267]
[-0.6264347849181453, 0.009416555616883267], 2, -1.0, [-0.6152591356953023, 0.011175649222842964]
[-0.6152591356953023, 0.011175649222842964], 2, -1.0, [-0.6024046646522022, 0.012854471043100089]
[-0.6024046646522022, 0.012854471043100089], 1, -1.0, [-0.5889646399773145, 0.013440024674887668]
[-0.5889646399773145, 0.013440024674887668], 2, -1.0, [-0.574037507279379, 0.014927132697935505]
[-0.574037507279379, 0.014927132697935505], 2, -1.0, [-0.5577335260358222, 0.016303981243556802]
[-0.5577335260358222, 0.016303981243556802], 2, -1.0, [-0.5401739813775831, 0.01755954465823905]
[-0.5401739813775831, 0.01755954465823905], 2, -1.0, [-0.5214901739002503, 0.018683807477332767]
[-0.5214901739002503, 0.018683807477332767], 2, -1.0, [-0.5018221808301814, 0.01966799307006895]
[-0.5018221808301814, 0.01966799307006895], 2, -1.0, [-0.4813173960680548, 0.020504784762126596]
[-0.4813173960680548, 0.020504784762126596], 2, -1.0, [-0.4601288719818184, 0.021188524086236376]
[-0.4601288719818184, 0.021188524086236376], 2, -1.0, [-0.43841350093784043, 0.021715371043977975]
[-0.43841350093784043, 0.021715371043977975], 1, -1.0, [-0.4173300879441323, 0.021083412993708125]
[-0.4173300879441323, 0.021083412993708125], 0, -1.0, [-0.39803025747381765, 0.01929983047031466]
[-0.39803025747381765, 0.01929983047031466], 0, -1.0, [-0.38065007457083516, 0.017380182902982485]
[-0.38065007457083516, 0.017380182902982485], 0, -1.0, [-0.3653094458487478, 0.01534062872208733]
[-0.3653094458487478, 0.01534062872208733], 0, -1.0, [-0.3521118697441454, 0.013197576104602414]
[-0.3521118697441454, 0.013197576104602414], 0, -1.0, [-0.34114445724918635, 0.010967412494959045]
[-0.34114445724918635, 0.010967412494959045], 0, -1.0, [-0.3324781379258881, 0.008666319323298265]
[-0.3324781379258881, 0.008666319323298265], 0, -1.0, [-0.32616796708176016, 0.006310170844127938]
[-0.32616796708176016, 0.006310170844127938], 0, -1.0, [-0.3222534573101063, 0.003914509771653879]
[-0.3222534573101063, 0.003914509771653879], 0, -1.0, [-0.32075886974579426, 0.0014945875643120358]
[-0.32075886974579426, 0.0014945875643120358], 0, -1.0, [-0.32169341598730705, -0.0009345462415128059]
[-0.32169341598730705, -0.0009345462415128059], 0, -1.0, [-0.3250513394956424, -0.0033579235083353396]
[-0.3250513394956424, -0.0033579235083353396], 0, -1.0, [-0.3308118644177314, -0.005760524922089026]
[-0.3308118644177314, -0.005760524922089026], 0, -1.0, [-0.33893901937961307, -0.008127154961881676]
[-0.33893901937961307, -0.008127154961881676], 0, -1.0, [-0.3493813631060603, -0.010442343726447239]
[-0.3493813631060603, -0.010442343726447239], 0, -1.0, [-0.36207165695770727, -0.012690293851646925]
[-0.36207165695770727, -0.012690293851646925], 0, -1.0, [-0.37692654569604517, -0.014854888738337893]
[-0.37692654569604517, -0.014854888738337893], 0, -1.0, [-0.3938463208469996, -0.016919775150954462]
[-0.3938463208469996, -0.016919775150954462], 0, -1.0, [-0.4127148495974993, -0.018868528750499738]
[-0.4127148495974993, -0.018868528750499738], 0, -1.0, [-0.4333997547990188, -0.02068490520151947]
[-0.4333997547990188, -0.02068490520151947], 0, -1.0, [-0.4557529270517241, -0.022353172252705264]
[-0.4557529270517241, -0.022353172252705264], 0, -1.0, [-0.47961143708122306, -0.023858510029498955]
[-0.47961143708122306, -0.023858510029498955], 0, -1.0, [-0.5047988954900056, -0.02518745840878253]
[-0.5047988954900056, -0.02518745840878253], 0, -1.0, [-0.5311272782603584, -0.026328382770352828]
[-0.5311272782603584, -0.026328382770352828], 0, -1.0, [-0.5583992020610336, -0.02727192380067512]
[-0.5583992020610336, -0.02727192380067512], 0, -1.0, [-0.5864105965444988, -0.028011394483465273]
[-0.5864105965444988, -0.028011394483465273], 0, -1.0, [-0.6149536853221074, -0.028543088777608635]
[-0.6149536853221074, -0.028543088777608635], 0, -1.0, [-0.643820157374441, -0.02886647205233366]
[-0.643820157374441, -0.02886647205233366], 0, -1.0, [-0.6728043901091731, -0.028984232734732197]
[-0.6728043901091731, -0.028984232734732197], 0, -1.0, [-0.7017065768573344, -0.02890218674816124]
[-0.7017065768573344, -0.02890218674816124], 0, -1.0, [-0.7303356164348214, -0.02862903957748692]
[-0.7303356164348214, -0.02862903957748692], 0, -1.0, [-0.7585116397938194, -0.028176023358998024]
[-0.7585116397938194, -0.028176023358998024], 0, -1.0, [-0.7860680763615905, -0.02755643656777111]
[-0.7860680763615905, -0.02755643656777111], 0, -1.0, [-0.8128531967988375, -0.026785120437246963]
[-0.8128531967988375, -0.026785120437246963], 2, -1.0, [-0.8367311054379465, -0.02387790863910901]
[-0.8367311054379465, -0.02387790863910901], 2, -1.0, [-0.8575910083139475, -0.02085990287600107]
[-0.8575910083139475, -0.02085990287600107], 2, -1.0, [-0.8753445678031362, -0.017753559489188657]
[-0.8753445678031362, -0.017753559489188657], 2, -1.0, [-0.8899230840825274, -0.014578516279391268]
[-0.8899230840825274, -0.014578516279391268], 2, -1.0, [-0.9012747478292863, -0.011351663746758892]
[-0.9012747478292863, -0.011351663746758892], 2, -1.0, [-0.9093621617465184, -0.008087413917232127]
[-0.9093621617465184, -0.008087413917232127], 2, -1.0, [-0.9141602816710166, -0.004798119924498237]
[-0.9141602816710166, -0.004798119924498237], 2, -1.0, [-0.9156548853238049, -0.001494603652788268]
[-0.9156548853238049, -0.001494603652788268], 2, -1.0, [-0.9138416398514488, 0.0018132454723560434]
[-0.9138416398514488, 0.0018132454723560434], 2, -1.0, [-0.9087258078415572, 0.005115832009891633]
[-0.9087258078415572, 0.005115832009891633], 2, -1.0, [-0.9003226037690955, 0.008403204072461739]
[-0.9003226037690955, 0.008403204072461739], 2, -1.0, [-0.8886581863425598, 0.011664417426535715]
[-0.8886581863425598, 0.011664417426535715], 2, -1.0, [-0.873771244232622, 0.014886942109937804]
[-0.873771244232622, 0.014886942109937804], 2, -1.0, [-0.8557151007335057, 0.01805614349911634]
[-0.8557151007335057, 0.01805614349911634], 2, -1.0, [-0.8345602254249053, 0.02115487530860042]
[-0.8345602254249053, 0.02115487530860042], 2, -1.0, [-0.8103969977010457, 0.02416322772385957]
[-0.8103969977010457, 0.02416322772385957], 2, -1.0, [-0.7833385199798006, 0.027058477721244985]
[-0.7833385199798006, 0.027058477721244985], 2, -1.0, [-0.7535232318906288, 0.02981528808917184]
[-0.7535232318906288, 0.02981528808917184], 2, -1.0, [-0.7211170378576415, 0.032406194032987244]
[-0.7211170378576415, 0.032406194032987244], 2, -1.0, [-0.686314638621658, 0.034802399235983494]
[-0.686314638621658, 0.034802399235983494], 2, -1.0, [-0.6493397627891345, 0.0369748758325235]
[-0.6493397627891345, 0.0369748758325235], 2, -1.0, [-0.6104440366938841, 0.03889572609525042]
[-0.6104440366938841, 0.03889572609525042], 2, -1.0, [-0.5699043148722165, 0.04053972182166768]
[-0.5699043148722165, 0.04053972182166768], 2, -1.0, [-0.528018417424051, 0.0418858974481655]
[-0.528018417424051, 0.0418858974481655], 2, -1.0, [-0.48509937363339517, 0.042919043790655836]
[-0.48509937363339517, 0.042919043790655836], 2, -1.0, [-0.44146843381591416, 0.04363093981748103]
[-0.44146843381591416, 0.04363093981748103], 2, -1.0, [-0.3974472579366714, 0.044021175879242765]
[-0.3974472579366714, 0.044021175879242765], 2, -1.0, [-0.35334979412003076, 0.04409746381664063]
[-0.35334979412003076, 0.04409746381664063], 2, -1.0, [-0.30947440280911986, 0.04387539131091087]
[-0.30947440280911986, 0.04387539131091087], 2, -1.0, [-0.2660967545635642, 0.043377648245555664]
[-0.2660967545635642, 0.043377648245555664], 2, -1.0, [-0.22346393676850668, 0.042632817795057495]
[-0.22346393676850668, 0.042632817795057495], 2, -1.0, [-0.18179006471598283, 0.041673872052523854]
[-0.18179006471598283, 0.041673872052523854], 2, -1.0, [-0.14125353095557575, 0.04053653376040707]
[-0.14125353095557575, 0.04053653376040707], 2, -1.0, [-0.10199586986117966, 0.03925766109439609]
[-0.10199586986117966, 0.03925766109439609], 2, -1.0, [-0.06412208355433391, 0.03787378630684575]
[-0.06412208355433391, 0.03787378630684575], 2, -1.0, [-0.027702183744636795, 0.036419899809697114]
[-0.027702183744636795, 0.036419899809697114], 2, -1.0, [0.007226344470767372, 0.03492852821540417]
[0.007226344470767372, 0.03492852821540417], 2, -1.0, [0.04065546013877551, 0.03342911566800814]
[0.04065546013877551, 0.03342911566800814], 2, -1.0, [0.072603147514675, 0.031947687375899494]
[0.072603147514675, 0.031947687375899494], 2, -1.0, [0.10310990201048764, 0.030506754495812638]
[0.10310990201048764, 0.030506754495812638], 2, -1.0, [0.13223531191906132, 0.029125409908573673]
[0.13223531191906132, 0.029125409908573673], 2, -1.0, [0.16005487491870288, 0.027819562999641556]
[0.16005487491870288, 0.027819562999641556], 2, -1.0, [0.18665714069215414, 0.026602265773451268]
[0.18665714069215414, 0.026602265773451268], 2, -1.0, [0.21214123073844043, 0.025484090046286302]
[0.21214123073844043, 0.025484090046286302], 2, -1.0, [0.23661475483810254, 0.024473524099662112]
[0.23661475483810254, 0.024473524099662112], 2, -1.0, [0.2601921204866583, 0.023577365648555768]
[0.2601921204866583, 0.023577365648555768], 2, -1.0, [0.28299321594320953, 0.022801095456551224]
[0.28299321594320953, 0.022801095456551224], 2, -1.0, [0.30514243796780177, 0.022149222024592248]
[0.30514243796780177, 0.022149222024592248], 2, -1.0, [0.3267680303755014, 0.021625592407699623]
[0.3267680303755014, 0.021625592407699623], 2, -1.0, [0.34800169784786394, 0.021233667472362557]
[0.34800169784786394, 0.021233667472362557], 2, -1.0, [0.36897845982825794, 0.020976761980394006]
[0.36897845982825794, 0.020976761980394006], 2, -1.0, [0.3898367108063865, 0.020858250978128563]
[0.3898367108063865, 0.020858250978128563], 2, -1.0, [0.4107184550761509, 0.020881744269764402]
[0.4107184550761509, 0.020881744269764402], 2, -1.0, [0.4317696854840691, 0.02105123040791817]
[0.4317696854840691, 0.02105123040791817], 2, -1.0, [0.45314087622709626, 0.021371190743027173]
[0.45314087622709626, 0.021371190743027173], 2, -1.0, [0.4749875589152249, 0.021846682688128605]
[0.4749875589152249, 0.021846682688128605], 2, -1.0, [0.497470948400721, 0.022483389485496125]
[0.497470948400721, 0.022483389485496125], 2, -1.0, [0.5207585797813408, 0.023287631380619806]
