[-0.49227060235255266, 0.0], 0, -1.0, [-0.4935052178989191, -0.0012346155463664656]
[-0.4935052178989191, -0.0012346155463664656], 0, -1.0, [-0.4959652286522689, -0.0024600107533497583]
[-0.4959652286522689, -0.0024600107533497583], 0, -1.0, [-0.4996322536992733, -0.0036670250470043813]
[-0.4996322536992733, -0.0036670250470043813], 0, -1.0, [-0.5044788728304527, -0.004846619131179433]
[-0.5044788728304527, -0.004846619131179433], 0, -1.0, [-0.5104688126114719, -0.005989939781019287]
[-0.5104688126114719, -0.005989939781019287], 0, -1.0, [-0.5175572016519061, -0.007088389040434207]
[-0.5175572016519061, -0.007088389040434207], 0, -1.0, [-0.5256909000161158, -0.008133698364209747]
[-0.5256909000161158, -0.008133698364209747], 0, -1.0, [-0.5348089075502103, -0.009118007534094376]
[-0.5348089075502103, -0.009118007534094376], 0, -1.0, [-0.5448428549421426, -0.010033947391932283]
[-0.5448428549421426, -0.010033947391932283], 0, -1.0, [-0.5557175795785457, -0.010874724636403108]
[-0.5557175795785457, -0.010874724636403108], 0, -1.0, [-0.5673517857732171, -0.011634206194671346]
[-0.5673517857732171, -0.011634206194671346], 0, -1.0, [-0.5796587858522986, -0.012307000079081426]
[-0.5796587858522986, -0.012307000079081426], 0, -1.0, [-0.5925473150916056, -0.012888529239307056]
[-0.5925473150916056, -0.012888529239307056], 0, -1.0, [-0.6059224098678656, -0.013375094776259946]
[-0.6059224098678656, -0.013375094776259946], 0, -1.0, [-0.6196863348970517, -0.013763925029186077]
[-0.6196863348970517, -0.013763925029186077], 0, -1.0, [-0.6337395423859038, -0.014053207488852061]
[-0.6337395423859038, -0.014053207488852061], 0, -1.0, [-0.6479816435909724, -0.014242101205068618]
[-0.6479816435909724, -0.014242101205068618], 0, -1.0, [-0.6623123718854645, -0.014330728294492152]
[-0.6623123718854645, -0.014330728294492152], 0, -1.0, [-0.676632516124184, -0.014320144238719442]
[-0.676632516124184, -0.014320144238719442], 0, -1.0, [-0.6908448039251217, -0.014212287800937777]
[-0.6908448039251217, -0.014212287800937777], 0, -1.0, [-0.704854716409188, -0.01400991248406628]
[-0.704854716409188, -0.01400991248406628], 0, -1.0, [-0.7185712188218564, -0.013716502412668408]
[-0.7185712188218564, -0.013716502412668408], 2, -1.0, [-0.7299073950915482, -0.011336176269691833]
[-0.7299073950915482, -0.011336176269691833], 2, -1.0, [-0.7387931698490667, -0.008885774757518504]
[-0.7387931698490667, -0.008885774757518504], 2, -1.0, [-0.7451747837129487, -0.006381613863881887]
[-0.7451747837129487, -0.006381613863881887], 2, -1.0, [-0.7490142848575814, -0.0038395011446327202]
[-0.7490142848575814, -0.0038395011446327202], 2, -1.0, [-0.7502891109925038, -0.001274826134922431]
[-0.7502891109925038, -0.001274826134922431], 2, -1.0, [-0.7489918165401669, 0.0012972944523369123]
[-0.7489918165401669, 0.0012972944523369123], 2, -1.0, [-0.7451299785090958, 0.0038618380310711234]
[-0.7451299785090958, 0.0038618380310711234], 2, -1.0, [-0.7387262922638441, 0.006403686245251696]
[-0.7387262922638441, 0.006403686245251696], 2, -1.0, [-0.7298188457932707, 0.008907446470573442]
[-0.7298188457932707, 0.008907446470573442], 2, -1.0, [-0.7184615387886153, 0.011357307004655405]
[-0.7184615387886153, 0.011357307004655405], 2, -1.0, [-0.7047245915650125, 0.013736947223602731]
[-0.7047245915650125, 0.013736947223602731], 2, -1.0, [-0.6886950695411126, 0.016029522023900004]
[-0.6886950695411126, 0.016029522023900004], 2, -1.0, [-0.6704773329211727, 0.018217736619939865]
[-0.6704773329211727, 0.018217736619939865], 2, -1.0, [-0.650193310040629, 0.02028402288054381]
[-0.650193310040629, 0.02028402288054381], 2, -1.0, [-0.6279824884081041, 0.02221082163252488]
[-0.6279824884081041, 0.02221082163252488], 2, -1.0, [-0.604001521646025, 0.023980966762079104]
[-0.604001521646025, 0.023980966762079104], 2, -1.0, [-0.5784233647333736, 0.025578156912651386]
[-0.5784233647333736, 0.025578156912651386], 2, -1.0, [-0.5514358747637689, 0.026987489969604716]
[-0.5514358747637689, 0.026987489969604716], 2, -1.0, [-0.5232398491404873, 0.028196025623281558]
[-0.5232398491404873, 0.028196025623281558], 2, -1.0, [-0.4940465154651191, 0.02919333367536817]
[-0.4940465154651191, 0.02919333367536817], 2, -1.0, [-0.4640745335029684, 0.029971981962150663]
[-0.4640745335029684, 0.029971981962150663], 2, -1.0, [-0.43354661448409204, 0.030527919018876384]
[-0.43354661448409204, 0.030527919018876384], 2, -1.0, [-0.4026859010840003, 0.030860713400091715]
[-0.4026859010840003, 0.030860713400091715], 2, -1.0, [-0.37171227762917947, 0.03097362345482084]
[-0.37171227762917947, 0.03097362345482084], 0, -1.0, [-0.3428387907140338, 0.028873486915145696]
[-0.3428387907140338, 0.028873486915145696], 0, -1.0, [-0.31625552927531103, 0.026583261438722725]
[-0.31625552927531103, 0.026583261438722725], 0, -1.0, [-0.2921289826449305, 0.024126546630380545]
[-0.2921289826449305, 0.024126546630380545], 0, -1.0, [-0.2706022652623269, 0.021526717382603602]
[-0.2706022652623269, 0.021526717382603602], 0, -1.0, [-0.2517960195527514, 0.01880624570957552]
[-0.2517960195527514, 0.01880624570957552], 0, -1.0, [-0.23580978773355848, 0.015986231819192884]
[-0.23580978773355848, 0.015986231819192884], 0, -1.0, [-0.2227236434051951, 0.013086144328363386]
[-0.2227236434051951, 0.013086144328363386], 0, -1.0, [-0.21259988952887446, 0.010123753876320639]
[-0.21259988952887446, 0.010123753876320639], 0, -1.0, [-0.20548465526019816, 0.0071152342686763]
[-0.20548465526019816, 0.0071152342686763], 0, -1.0, [-0.201409255256302, 0.004075400003896178]
[-0.201409255256302, 0.004075400003896178], 0, -1.0, [-0.20039120792711976, 0.0010180473291822398]
[-0.20039120792711976, 0.0010180473291822398], 0, -1.0, [-0.2024348415199912, -0.0020436335928714377]
[-0.2024348415199912, -0.0020436335928714377], 0, -1.0, [-0.20753144808419807, -0.005096606564206877]
[-0.20753144808419807, -0.005096606564206877], 0, -1.0, [-0.2156589754338339, -0.008127527349635809]
[-0.2156589754338339, -0.008127527349635809], 0, -1.0, [-0.2267812769864103, -0.011122301552576394]
[-0.2267812769864103, -0.011122301552576394], 0, -1.0, [-0.2408469697246976, -0.014065692738287304]
[-0.2408469697246976, -0.014065692738287304], 0, -1.0, [-0.2577879821316634, -0.016941012406965765]
[-0.2577879821316634, -0.016941012406965765], 0, -1.0, [-0.2775179066646737, -0.019729924533010333]
[-0.2775179066646737, -0.019729924533010333], 0, -1.0, [-0.2999303039262534, -0.02241239726157972]
[-0.2999303039262534, -0.02241239726157972], 0, -1.0, [-0.32489713553561295, -0.024966831609359516]
[-0.32489713553561295, -0.024966831609359516], 0, -1.0, [-0.35226752577037124, -0.027370390234758263]
[-0.35226752577037124, -0.027370390234758263], 0, -1.0, [-0.3818670631734475, -0.029599537403076262]
[-0.3818670631734475, -0.029599537403076262], 0, -1.0, [-0.4134978469552922, -0.03163078378184468]
[-0.4134978469552922, -0.03163078378184468], 0, -1.0, [-0.44693945439175276, -0.033441607436460546]
[-0.44693945439175276, -0.033441607436460546], 0, -1.0, [-0.48195095199670535, -0.03501149760495258]
[-0.48195095199670535, -0.03501149760495258], 0, -1.0, [-0.5182739962142839, -0.03632304421757865]
[-0.5182739962142839, -0.03632304421757865], 0, -1.0, [-0.5556369745787963, -0.03736297836451239]
[-0.5556369745787963, -0.03736297836451239], 0, -1.0, [-0.5937600362418403, -0.03812306166304391]
[-0.5937600362418403, -0.03812306166304391], 0, -1.0, [-0.632360765332091, -0.038600729090250696]
[-0.632360765332091, -0.038600729090250696], 0, -1.0, [-0.671160176494477, -0.03879941116238611]
[-0.671160176494477, -0.03879941116238611], 0, -1.0, [-0.7098886714954568, -0.038728495000979773]
[-0.7098886714954568, -0.038728495000979773], 0, -1.0, [-0.7482915960066339, -0.038402924511177064]
[-0.7482915960066339, -0.038402924511177064], 0, -1.0, [-0.7861340765184104, -0.037842480511776466]
[-0.7861340765184104, -0.037842480511776466], 0, -1.0, [-0.8232048916198507, -0.03707081510144032]
[-0.8232048916198507, -0.03707081510144032], 0, -1.0, [-0.8593192271305503, -0.036114335510699674]
[-0.8593192271305503, -0.036114335510699674], 0, -1.0, [-0.8943202659642261, -0.03500103883367575]
[-0.8943202659642261, -0.03500103883367575], 0, -1.0, [-0.928079657188438, -0.03375939122421195]
[-0.928079657188438, -0.03375939122421195], 0, -1.0, [-0.9604969839746864, -0.032417326786248375]
[-0.9604969839746864, -0.032417326786248375], 0, -1.0, [-0.9914984011918938, -0.03100141721720736]
[-0.9914984011918938, -0.03100141721720736], 0, -1.0, [-1.0210346392221703, -0.029536238030276482]
[-1.0210346392221703, -0.029536238030276482], 2, -1.0, [-1.0470785739020572, -0.026043934679886912]
[-1.0470785739020572, -0.026043934679886912], 2, -1.0, [-1.0696225087411946, -0.022543934839137372]
[-1.0696225087411946, -0.022543934839137372], 2, -1.0, [-1.0886720988325296, -0.019049590091334986]
[-1.0886720988325296, -0.019049590091334986], 2, -1.0, [-1.1042410155248787, -0.015568916692349161]
[-1.1042410155248787, -0.015568916692349161], 2, -1.0, [-1.1163464499804143, -0.012105434455535488]
[-1.1163464499804143, -0.012105434455535488], 2, -1.0, [-1.1250054844671928, -0.008659034486778433]
[-1.1250054844671928, -0.008659034486778433], 2, -1.0, [-1.1302323186032768, -0.005226834136083979]
[-1.1302323186032768, -0.005226834136083979], 2, -1.0, [-1.1320363186588827, -0.0018040000556059092]
[-1.1320363186588827, -0.0018040000556059092], 2, -1.0, [-1.130420855732021, 0.001615462926861629]
[-1.130420855732021, 0.001615462926861629], 2, -1.0, [-1.125382907721147, 0.005037948010874026]
[-1.125382907721147, 0.005037948010874026], 2, -1.0, [-1.1169134156813072, 0.008469492039839844]
[-1.1169134156813072, 0.008469492039839844], 2, -1.0, [-1.1049984030115456, 0.011915012669761612]
[-1.1049984030115456, 0.011915012669761612], 2, -1.0, [-1.089620881815643, 0.015377521195902603]
[-1.089620881815643, 0.015377521195902603], 2, -1.0, [-1.0707635803684539, 0.018857301447189015]
[-1.0707635803684539, 0.018857301447189015], 2, -1.0, [-1.0484125240938589, 0.02235105627459493]
[-1.0484125240938589, 0.02235105627459493], 2, -1.0, [-1.022561484426036, 0.02585103966782298]
[-1.022561484426036, 0.02585103966782298], 2, -1.0, [-0.9932172696782399, 0.029344214747796183]
[-0.9932172696782399, 0.029344214747796183], 2, -1.0, [-0.9604057643996579, 0.03281150527858204]
[-0.9604057643996579, 0.03281150527858204], 2, -1.0, [-0.9241785255905749, 0.036227238809083004]
[-0.9241785255905749, 0.036227238809083004], 2, -1.0, [-0.8846196170148388, 0.039558908575736094]
[-0.8846196170148388, 0.039558908575736094], 2, -1.0, [-0.8418522156310744, 0.042767401383764427]
[-0.8418522156310744, 0.042767401383764427], 2, -1.0, [-0.7960443760578361, 0.04580783957323831]
[-0.7960443760578361, 0.04580783957323831], 2, -1.0, [-0.7474132206135349, 0.048631155444301216]
[-0.7474132206135349, 0.048631155444301216], 2, -1.0, [-0.6962267735264841, 0.051186447087050814]
[-0.6962267735264841, 0.051186447087050814], 2, -1.0, [-0.6428027196493072, 0.053424053877176816]
[-0.6428027196493072, 0.053424053877176816], 2, -1.0, [-0.5875035703918132, 0.055299149257494025]
[-0.5875035703918132, 0.055299149257494025], 2, -1.0, [-0.530728065760981, 0.05677550463083229]
[-0.530728065760981, 0.05677550463083229], 2, -1.0, [-0.4728990955303724, 0.05782897023060858]
[-0.4728990955303724, 0.05782897023060858], 2, -1.0, [-0.4144489084797254, 0.058450187050647036]
[-0.4144489084797254, 0.058450187050647036], 2, -1.0, [-0.3558027944091444, 0.058646114070580985]
[-0.3558027944091444, 0.058646114070580985], 2, -1.0, [-0.2973626702926949, 0.0584401241164495]
[-0.2973626702926949, 0.0584401241164495], 2, -1.0, [-0.23949201647984378, 0.05787065381285114]
[-0.23949201647984378, 0.05787065381285114], 2, -1.0, [-0.18250338698045812, 0.05698862949938565]
[-0.18250338698045812, 0.05698862949938565], 2, -1.0, [-0.12664931569424062, 0.0558540712862175]
[-0.12664931569424062, 0.0558540712862175], 2, -1.0, [-0.07211695426255038, 0.05453236143169025]
[-0.07211695426255038, 0.05453236143169025], 2, -1.0, [-0.01902631108032231, 0.05309064318222807]
[-0.01902631108032231, 0.05309064318222807], 2, -1.0, [0.03256840350211386, 0.05159471458243617]
[0.03256840350211386, 0.05159471458243617], 2, -1.0, [0.08267504147985374, 0.05010663797773989]
[0.08267504147985374, 0.05010663797773989], 2, -1.0, [0.13135818164763746, 0.04868314016778373]
[0.13135818164763746, 0.04868314016778373], 2, -1.0, [0.17873294108607476, 0.047374759438437296]
[0.17873294108607476, 0.047374759438437296], 2, -1.0, [0.22495855851964722, 0.04622561743357245]
[0.22495855851964722, 0.04622561743357245], 1, -1.0, [0.2692322143654488, 0.04427365584580159]
[0.2692322143654488, 0.04427365584580159], 1, -1.0, [0.3117779579755256, 0.042545743610076785]
[0.3117779579755256, 0.042545743610076785], 0, -1.0, [0.35183982718903106, 0.04006186921350548]
[0.35183982718903106, 0.04006186921350548], 1, -1.0, [0.3906697569861734, 0.03882992979714236]
[0.3906697569861734, 0.03882992979714236], 1, -1.0, [0.4285289346319084, 0.03785917764573499]
[0.4285289346319084, 0.03785917764573499], 1, -1.0, [0.46568471598710803, 0.03715578135519967]
[0.46568471598710803, 0.03715578135519967], 1, -1.0, [0.5024083238665402, 0.03672360787943224]
