[-0.5259146814717761, 0.0], 0, -1.0, [-0.526897312317463, -0.0009826308456868124]
[-0.526897312317463, -0.0009826308456868124], 0, -1.0, [-0.5288552045415077, -0.001957892224044783]
[-0.5288552045415077, -0.001957892224044783], 0, -1.0, [-0.531773675182356, -0.0029184706408483087]
[-0.531773675182356, -0.0029184706408483087], 0, -1.0, [-0.5356308402222416, -0.0038571650398856057]
[-0.5356308402222416, -0.0038571650398856057], 0, -1.0, [-0.5403977843724219, -0.004766944150180283]
[-0.5403977843724219, -0.004766944150180283], 0, -1.0, [-0.5460387892839422, -0.0056410049115202705]
[-0.5460387892839422, -0.0056410049115202705], 0, -1.0, [-0.5525116211863563, -0.006472831902414115]
[-0.5525116211863563, -0.006472831902414115], 0, -1.0, [-0.5597678785544996, -0.0072562573681432836]
[-0.5597678785544996, -0.0072562573681432836], 0, -1.0, [-0.5677533996485535, -0.007985521094053889]
[-0.5677533996485535, -0.007985521094053889], 0, -1.0, [-0.5764087286716051, -0.008655329023051557]
[-0.5764087286716051, -0.008655329023051557], 0, -1.0, [-0.5856696378820381, -0.009260909210432992]
[-0.5856696378820381, -0.009260909210432992], 0, -1.0, [-0.5954677013585346, -0.009798063476496428]
[-0.5954677013585346, -0.009798063476496428], 0, -1.0, [-0.6057309143448579, -0.010263212986323397]
[-0.6057309143448579, -0.010263212986323397], 0, -1.0, [-0.6163843503227466, -0.010653435977888759]
[-0.6163843503227466, -0.010653435977888759], 0, -1.0, [-0.6273508463081957, -0.010966495985449074]
[-0.6273508463081957, -0.010966495985449074], 0, -1.0, [-0.6385517054726222, -0.011200859164426445]
[-0.6385517054726222, -0.011200859164426445], 0, -1.0, [-0.6499074051764064, -0.011355699703784262]
[-0.6499074051764064, -0.011355699703784262], 0, -1.0, [-0.6613382979639671, -0.01143089278756066]
[-0.6613382979639671, -0.01143089278756066], 0, -1.0, [-0.6727652930686219, -0.011426995104654699]
[-0.6727652930686219, -0.011426995104654699], 0, -1.0, [-0.6841105065334817, -0.01134521346485987]
[-0.6841105065334817, -0.01134521346485987], 0, -1.0, [-0.695297869150676, -0.011187362617194316]
[-0.695297869150676, -0.011187362617194316], 0, -1.0, [-0.706253682994487, -0.010955813843810969]
[-0.706253682994487, -0.010955813843810969], 0, -1.0, [-0.7169071192800298, -0.0106534362855428]
[-0.7169071192800298, -0.0106534362855428], 0, -1.0, [-0.7271906524992694, -0.010283533219239572]
[-0.7271906524992694, -0.010283533219239572], 2, -1.0, [-0.735040428138795, -0.007849775639525623]
[-0.735040428138795, -0.007849775639525623], 2, -1.0, [-0.7404086189739856, -0.005368190835190596]
[-0.7404086189739856, -0.005368190835190596], 2, -1.0, [-0.7432629890794927, -0.0028543701055071145]
[-0.7432629890794927, -0.0028543701055071145], 2, -1.0, [-0.7435865573480077, -0.0003235682685149631]
[-0.7435865573480077, -0.0003235682685149631], 2, -1.0, [-0.7413774058800399, 0.0022091514679678363]
[-0.7413774058800399, 0.0022091514679678363], 2, -1.0, [-0.7366486577066684, 0.004728748173371442]
[-0.7366486577066684, 0.004728748173371442], 2, -1.0, [-0.7294286266321649, 0.007220031074503572]
[-0.7294286266321649, 0.007220031074503572], 2, -1.0, [-0.7197611202249223, 0.009667506407242564]
[-0.7197611202249223, 0.009667506407242564], 2, -1.0, [-0.7077058558138709, 0.0120552644110514]
[-0.7077058558138709, 0.0120552644110514], 2, -1.0, [-0.6933389295689035, 0.014366926244967344]
[-0.6933389295689035, 0.014366926244967344], 2, -1.0, [-0.6767532614213383, 0.01658566814756527]
[-0.6767532614213383, 0.01658566814756527], 2, -1.0, [-0.6580589250917421, 0.018694336329596124]
[-0.6580589250917421, 0.018694336329596124], 2, -1.0, [-0.6373832644856651, 0.02067566060607704]
[-0.6373832644856651, 0.02067566060607704], 2, -1.0, [-0.614870696946316, 0.022512567539349]
[-0.614870696946316, 0.022512567539349], 2, -1.0, [-0.5906821118862473, 0.02418858506006867]
[-0.5906821118862473, 0.02418858506006867], 2, -1.0, [-0.5649937911582464, 0.02568832072800089]
[-0.5649937911582464, 0.02568832072800089], 2, -1.0, [-0.5379958051870198, 0.026997985971226587]
[-0.5379958051870198, 0.026997985971226587], 2, -1.0, [-0.5098898750622828, 0.028105930124737027]
[-0.5098898750622828, 0.028105930124737027], 2, -1.0, [-0.4808867327098783, 0.029003142352404476]
[-0.4808867327098783, 0.029003142352404476], 2, -1.0, [-0.45120305479428374, 0.029683677915594574]
[-0.45120305479428374, 0.029683677915594574], 0, -1.0, [-0.4230580861845676, 0.028144968609716155]
[-0.4230580861845676, 0.028144968609716155], 0, -1.0, [-0.3966557911703218, 0.026402295014245777]
[-0.3966557911703218, 0.026402295014245777], 0, -1.0, [-0.3721827215597826, 0.024473069610539168]
[-0.3721827215597826, 0.024473069610539168], 0, -1.0, [-0.34980661905672616, 0.02237610250305643]
[-0.34980661905672616, 0.02237610250305643], 0, -1.0, [-0.32967570203740865, 0.020130917019317494]
[-0.32967570203740865, 0.020130917019317494], 0, -1.0, [-0.3119185424314518, 0.017757159605956883]
[-0.3119185424314518, 0.017757159605956883], 0, -1.0, [-0.2966444085251961, 0.015274133906255719]
[-0.2966444085251961, 0.015274133906255719], 0, -1.0, [-0.2839439344031631, 0.01270047412203295]
[-0.2839439344031631, 0.01270047412203295], 0, -1.0, [-0.2738899748849048, 0.010053959518258309]
[-0.2738899748849048, 0.010053959518258309], 0, -1.0, [-0.2665385136120728, 0.0073514612728319845]
[-0.2665385136120728, 0.0073514612728319845], 0, -1.0, [-0.26192950846917457, 0.004609005142898223]
[-0.26192950846917457, 0.004609005142898223], 0, -1.0, [-0.26008758007551075, 0.0018419283936638043]
[-0.26008758007551075, 0.0018419283936638043], 0, -1.0, [-0.26102247351605307, -0.0009348934405423058]
[-0.26102247351605307, -0.0009348934405423058], 0, -1.0, [-0.26472924931444314, -0.0037067757983900605]
[-0.26472924931444314, -0.0037067757983900605], 0, -1.0, [-0.2711881860432106, -0.00645893672876745]
[-0.2711881860432106, -0.00645893672876745], 0, -1.0, [-0.2803644035076752, -0.009176217464464592]
[-0.2803644035076752, -0.009176217464464592], 0, -1.0, [-0.29220724191079817, -0.011842838403122957]
[-0.29220724191079817, -0.011842838403122957], 0, -1.0, [-0.3066494584908005, -0.014442216580002346]
[-0.3066494584908005, -0.014442216580002346], 0, -1.0, [-0.32360632814178775, -0.016956869650987225]
[-0.32360632814178775, -0.016956869650987225], 0, -1.0, [-0.3429747572255268, -0.019368429083739046]
[-0.3429747572255268, -0.019368429083739046], 0, -1.0, [-0.36463253822857694, -0.02165778100305018]
[-0.36463253822857694, -0.02165778100305018], 0, -1.0, [-0.3884378845632437, -0.023805346334666744]
[-0.3884378845632437, -0.023805346334666744], 0, -1.0, [-0.4142293867490695, -0.02579150218582582]
[-0.4142293867490695, -0.02579150218582582], 0, -1.0, [-0.44182652067246875, -0.02759713392339925]
[-0.44182652067246875, -0.02759713392339925], 0, -1.0, [-0.4710308136407387, -0.02920429296826993]
[-0.4710308136407387, -0.02920429296826993], 0, -1.0, [-0.5016277341143087, -0.030596920473570047]
[-0.5016277341143087, -0.030596920473570047], 0, -1.0, [-0.53338931810734, -0.03176158399303127]
[-0.53338931810734, -0.03176158399303127], 0, -1.0, [-0.5660774835888827, -0.0326881654815426]
[-0.5660774835888827, -0.0326881654815426], 0, -1.0, [-0.5994479203765181, -0.03337043678763539]
[-0.5994479203765181, -0.03337043678763539], 0, -1.0, [-0.6332543850153827, -0.03380646463886466]
[-0.6332543850153827, -0.03380646463886466], 0, -1.0, [-0.6672531860757537, -0.03399880106037103]
[-0.6672531860757537, -0.03399880106037103], 0, -1.0, [-0.7012076217529112, -0.03395443567715749]
[-0.7012076217529112, -0.03395443567715749], 0, -1.0, [-0.7348921322403267, -0.03368451048741549]
[-0.7348921322403267, -0.03368451048741549], 0, -1.0, [-0.7680959539313789, -0.033203821691052224]
[-0.7680959539313789, -0.033203821691052224], 0, -1.0, [-0.8006261072039684, -0.03253015327258952]
[-0.8006261072039684, -0.03253015327258952], 0, -1.0, [-0.832309607598835, -0.03168350039486651]
[-0.832309607598835, -0.03168350039486651], 0, -1.0, [-0.8629948534282308, -0.030685245829395837]
[-0.8629948534282308, -0.030685245829395837], 0, -1.0, [-0.8925522032400165, -0.029557349811785715]
[-0.8925522032400165, -0.029557349811785715], 0, -1.0, [-0.9208738076472994, -0.02832160440728294]
[-0.9208738076472994, -0.02832160440728294], 0, -1.0, [-0.947872797715366, -0.02699899006806662]
[-0.947872797715366, -0.02699899006806662], 0, -1.0, [-0.9734819548446331, -0.025609157129267018]
[-0.9734819548446331, -0.025609157129267018], 2, -1.0, [-0.9956519956130789, -0.02217004076844583]
[-0.9956519956130789, -0.02217004076844583], 2, -1.0, [-1.01435186748907, -0.01869987187599105]
[-1.01435186748907, -0.01869987187599105], 2, -1.0, [-1.0295638664859428, -0.015211998996872768]
[-1.0295638664859428, -0.015211998996872768], 2, -1.0, [-1.0412793628189976, -0.011715496333054755]
[-1.0412793628189976, -0.011715496333054755], 2, -1.0, [-1.0494952531724306, -0.008215890353433002]
[-1.0494952531724306, -0.008215890353433002], 2, -1.0, [-1.0542112029192652, -0.004715949746834488]
[-1.0542112029192652, -0.004715949746834488], 2, -1.0, [-1.055427706047926, -0.0012165031286608305]
[-1.055427706047926, -0.0012165031286608305], 2, -1.0, [-1.0531449711616754, 0.0022827348862505363]
[-1.0531449711616754, 0.0022827348862505363], 2, -1.0, [-1.047362634197666, 0.005782336964009414]
[-1.047362634197666, 0.005782336964009414], 2, -1.0, [-1.038080297540246, 0.00928233665741995]
[-1.038080297540246, 0.00928233665741995], 2, -1.0, [-1.0252988959730627, 0.012781401567183548]
[-1.0252988959730627, 0.012781401567183548], 2, -1.0, [-1.0090228874156744, 0.01627600855738829]
[-1.0090228874156744, 0.01627600855738829], 2, -1.0, [-0.9892632556278226, 0.019759631787851832]
[-0.9892632556278226, 0.019759631787851832], 2, -1.0, [-0.9660412881889077, 0.02322196743891487]
[-0.9660412881889077, 0.02322196743891487], 2, -1.0, [-0.9393930517688944, 0.02664823642001326]
[-0.9393930517688944, 0.02664823642001326], 2, -1.0, [-0.9093744250550638, 0.03001862671383057]
[-0.9093744250550638, 0.03001862671383057], 2, -1.0, [-0.8760664673925034, 0.03330795766256043]
[-0.8760664673925034, 0.03330795766256043], 2, -1.0, [-0.839580802284345, 0.036485665108158406]
[-0.839580802284345, 0.036485665108158406], 2, -1.0, [-0.800064589527685, 0.039516212756659924]
[-0.800064589527685, 0.039516212756659924], 2, -1.0, [-0.7577045653079235, 0.04236002421976152]
[-0.7577045653079235, 0.04236002421976152], 2, -1.0, [-0.7127295701443206, 0.0449749951636029]
[-0.7127295701443206, 0.0449749951636029], 2, -1.0, [-0.6654109878262003, 0.04731858231812022]
[-0.6654109878262003, 0.04731858231812022], 2, -1.0, [-0.6160606091696874, 0.04935037865651288]
[-0.6160606091696874, 0.04935037865651288], 2, -1.0, [-0.5650256254428222, 0.05103498372686517]
[-0.5650256254428222, 0.05103498372686517], 2, -1.0, [-0.5126807395556922, 0.05234488588713005]
[-0.5126807395556922, 0.05234488588713005], 2, -1.0, [-0.4594177242981494, 0.05326301525754271]
[-0.4594177242981494, 0.05326301525754271], 2, -1.0, [-0.40563309821423343, 0.05378462608391596]
[-0.40563309821423343, 0.05378462608391596], 2, -1.0, [-0.35171486203053565, 0.053918236183697794]
[-0.35171486203053565, 0.053918236183697794], 2, -1.0, [-0.29802938072078994, 0.053685481309745695]
[-0.29802938072078994, 0.053685481309745695], 2, -1.0, [-0.244909474401053, 0.05311990631973692]
[-0.244909474401053, 0.05311990631973692], 2, -1.0, [-0.19264460018620444, 0.05226487421484856]
[-0.19264460018620444, 0.05226487421484856], 2, -1.0, [-0.14147370894724923, 0.051170891238955206]
[-0.14147370894724923, 0.051170891238955206], 2, -1.0, [-0.09158101086262398, 0.04989269808462525]
[-0.09158101086262398, 0.04989269808462525], 2, -1.0, [-0.04309455013941268, 0.0484864607232113]
[-0.04309455013941268, 0.0484864607232113], 2, -1.0, [0.003912774327155172, 0.04700732446656785]
[0.003912774327155172, 0.04700732446656785], 2, -1.0, [0.04942027102702839, 0.045507496699873216]
[0.04942027102702839, 0.045507496699873216], 2, -1.0, [0.09345519401878292, 0.04403492299175454]
[0.09345519401878292, 0.04403492299175454], 2, -1.0, [0.13608773115197723, 0.04263253713319431]
[0.13608773115197723, 0.04263253713319431], 2, -1.0, [0.1774257389188911, 0.041338007766913876]
[0.1774257389188911, 0.041338007766913876], 2, -1.0, [0.21760961262235806, 0.04018387370346695]
[0.21760961262235806, 0.04018387370346695], 2, -1.0, [0.2568075647224421, 0.03919795210008402]
[0.2568075647224421, 0.03919795210008402], 2, -1.0, [0.29521147593957614, 0.038403911217134046]
[0.29521147593957614, 0.038403911217134046], 2, -1.0, [0.3330333912045224, 0.037821915264946285]
[0.3330333912045224, 0.037821915264946285], 2, -1.0, [0.3705026583074099, 0.037469267102887525]
[0.3705026583074099, 0.037469267102887525], 2, -1.0, [0.40786364960899674, 0.03736099130158684]
[0.40786364960899674, 0.03736099130158684], 2, -1.0, [0.4453739627101015, 0.03751031310110475]
[0.4453739627101015, 0.03751031310110475], 2, -1.0, [0.4833029599109292, 0.037928997200827735]
[0.4833029599109292, 0.037928997200827735], 1, -1.0, [0.5209304740489069, 0.03762751413797776]
