[-0.5634141466111506, 0.0], 2, -1.0, [-0.5621162408981628, 0.001297905712987821]
[-0.5621162408981628, 0.001297905712987821], 2, -1.0, [-0.5595300966400142, 0.0025861442581486082]
[-0.5595300966400142, 0.0025861442581486082], 2, -1.0, [-0.555674989052645, 0.003855107587369203]
[-0.555674989052645, 0.003855107587369203], 2, -1.0, [-0.5505796809727194, 0.005095308079925606]
[-0.5505796809727194, 0.005095308079925606], 2, -1.0, [-0.5442822369943948, 0.0062974439783245375]
[-0.5442822369943948, 0.0062974439783245375], 1, -1.0, [-0.5378297665820637, 0.0064524704123311285]
[-0.5378297665820637, 0.0064524704123311285], 1, -1.0, [-0.5312705961577547, 0.006559170424309005]
[-0.5312705961577547, 0.006559170424309005], 1, -1.0, [-0.5246538921589295, 0.006616703998825221]
[-0.5246538921589295, 0.006616703998825221], 1, -1.0, [-0.5180292747991142, 0.0066246173598153634]
[-0.5180292747991142, 0.0066246173598153634], 0, -1.0, [-0.5124464267517447, 0.005582848047369484]
[-0.5124464267517447, 0.005582848047369484], 0, -1.0, [-0.5079472057170366, 0.004499221034708142]
[-0.5079472057170366, 0.004499221034708142], 0, -1.0, [-0.5045653283265469, 0.0033818773904896876]
[-0.5045653283265469, 0.0033818773904896876], 0, -1.0, [-0.5023261242312593, 0.0022392040952875524]
[-0.5023261242312593, 0.0022392040952875524], 0, -1.0, [-0.5012463567460353, 0.0010797674852240236]
[-0.5012463567460353, 0.0010797674852240236], 0, -1.0, [-0.5013341067909761, -8.775004494076893e-05]
[-0.5013341067909761, -8.775004494076893e-05], 0, -1.0, [-0.5025887177140814, -0.0012546109231052552]
[-0.5025887177140814, -0.0012546109231052552], 0, -1.0, [-0.505000799756021, -0.0024120820419395034]
[-0.505000799756021, -0.0024120820419395034], 0, -1.0, [-0.5085522942595425, -0.0035514945035215705]
[-0.5085522942595425, -0.0035514945035215705], 0, -1.0, [-0.5132165990541963, -0.004664304794653767]
[-0.5132165990541963, -0.004664304794653767], 0, -1.0, [-0.5189587575837727, -0.005742158529576496]
[-0.5189587575837727, -0.005742158529576496], 0, -1.0, [-0.5257357151246108, -0.00677695754083812]
[-0.5257357151246108, -0.00677695754083812], 0, -1.0, [-0.5334966457287829, -0.007760930604172069]
[-0.5334966457287829, -0.007760930604172069], 0, -1.0, [-0.5421833532153154, -0.008686707486532531]
[-0.5421833532153154, -0.008686707486532531], 0, -1.0, [-0.5517307485707028, -0.009547395355387445]
[-0.5517307485707028, -0.009547395355387445], 0, -1.0, [-0.5620674045081018, -0.010336655937398954]
[-0.5620674045081018, -0.010336655937398954], 0, -1.0, [-0.573116185733774, -0.01104878122567222]
[-0.573116185733774, -0.01104878122567222], 0, -1.0, [-0.5847949508003009, -0.011678765066526828]
[-0.5847949508003009, -0.011678765066526828], 0, -1.0, [-0.5970173184633142, -0.012222367663013342]
[-0.5970173184633142, -0.012222367663013342], 0, -1.0, [-0.609693488418223, -0.012676169954908792]
[-0.609693488418223, -0.012676169954908792], 0, -1.0, [-0.6227311034159724, -0.013037614997749395]
[-0.6227311034159724, -0.013037614997749395], 0, -1.0, [-0.6360361372847128, -0.013305033868740362]
[-0.6360361372847128, -0.013305033868740362], 0, -1.0, [-0.6495137915381063, -0.013477654253393546]
[-0.6495137915381063, -0.013477654253393546], 0, -1.0, [-0.6630693822069671, -0.013555590668860775]
[-0.6630693822069671, -0.013555590668860775], 0, -1.0, [-0.6766091984016609, -0.013539816194693797]
[-0.6766091984016609, -0.013539816194693797], 0, -1.0, [-0.6900413149352767, -0.013432116533615798]
[-0.6900413149352767, -0.013432116533615798], 0, -1.0, [-0.703276343069976, -0.013235028134699345]
[-0.703276343069976, -0.013235028134699345], 0, -1.0, [-0.7162281059753829, -0.01295176290540686]
[-0.7162281059753829, -0.01295176290540686], 0, -1.0, [-0.7288142286324948, -0.012586122657111908]
[-0.7288142286324948, -0.012586122657111908], 2, -1.0, [-0.7389566354629069, -0.010142406830412143]
[-0.7389566354629069, -0.010142406830412143], 0, -1.0, [-0.7485939023205943, -0.009637266857687373]
[-0.7485939023205943, -0.009637266857687373], 2, -1.0, [-0.7556689544211427, -0.0070750521005484195]
[-0.7556689544211427, -0.0070750521005484195], 2, -1.0, [-0.7601407197039162, -0.004471765282773439]
[-0.7601407197039162, -0.004471765282773439], 2, -1.0, [-0.7619836100594566, -0.0018428903555404571]
[-0.7619836100594566, -0.0018428903555404571], 2, -1.0, [-0.7611871652316669, 0.0007964448277896991]
[-0.7611871652316669, 0.0007964448277896991], 2, -1.0, [-0.7577558997163447, 0.003431265515322113]
[-0.7577558997163447, 0.003431265515322113], 2, -1.0, [-0.7517093693814892, 0.006046530334855433]
[-0.7517093693814892, 0.006046530334855433], 2, -1.0, [-0.7430824505739962, 0.008626918807492993]
[-0.7430824505739962, 0.008626918807492993], 2, -1.0, [-0.7319258006698642, 0.011156649904132027]
[-0.7319258006698642, 0.011156649904132027], 2, -1.0, [-0.7183064459519003, 0.013619354717963932]
[-0.7183064459519003, 0.013619354717963932], 2, -1.0, [-0.7023084211994483, 0.015998024752452045]
[-0.7023084211994483, 0.015998024752452045], 2, -1.0, [-0.6840333666888885, 0.0182750545105598]
[-0.6840333666888885, 0.0182750545105598], 2, -1.0, [-0.6636009741207922, 0.020432392568096286]
[-0.6636009741207922, 0.020432392568096286], 2, -1.0, [-0.6411491653642198, 0.022451808756572343]
[-0.6411491653642198, 0.022451808756572343], 2, -1.0, [-0.6168338890187187, 0.024315276345501135]
[-0.6168338890187187, 0.024315276345501135], 2, -1.0, [-0.590828431542651, 0.02600545747606774]
[-0.590828431542651, 0.02600545747606774], 2, -1.0, [-0.5633221631976606, 0.027506268344990426]
[-0.5633221631976606, 0.027506268344990426], 2, -1.0, [-0.5345186741111092, 0.028803489086551348]
[-0.5345186741111092, 0.028803489086551348], 2, -1.0, [-0.5046333004339375, 0.029885373677171666]
[-0.5046333004339375, 0.029885373677171666], 2, -1.0, [-0.47389009108904745, 0.030743209344890055]
[-0.47389009108904745, 0.030743209344890055], 2, -1.0, [-0.4425183166004551, 0.03137177448859237]
[-0.4425183166004551, 0.03137177448859237], 2, -1.0, [-0.4107486667237761, 0.03176964987667903]
[-0.4107486667237761, 0.03176964987667903], 2, -1.0, [-0.3788093169867472, 0.031939349737028874]
[-0.3788093169867472, 0.031939349737028874], 0, -1.0, [-0.34892206104049467, 0.02988725594625251]
[-0.34892206104049467, 0.02988725594625251], 0, -1.0, [-0.32128573891719275, 0.027636322123301905]
[-0.32128573891719275, 0.027636322123301905], 0, -1.0, [-0.29607530661394876, 0.02521043230324401]
[-0.29607530661394876, 0.02521043230324401], 0, -1.0, [-0.27344184836802055, 0.02263345824592824]
[-0.27344184836802055, 0.02263345824592824], 0, -1.0, [-0.25351334799758185, 0.019928500370438678]
[-0.25351334799758185, 0.019928500370438678], 0, -1.0, [-0.23639600727007512, 0.017117340727506737]
[-0.23639600727007512, 0.017117340727506737], 0, -1.0, [-0.22217589379441974, 0.014220113475655376]
[-0.22217589379441974, 0.014220113475655376], 0, -1.0, [-0.2109207133124857, 0.011255180481934014]
[-0.2109207133124857, 0.011255180481934014], 0, -1.0, [-0.20268152564987435, 0.008239187662611357]
[-0.20268152564987435, 0.008239187662611357], 0, -1.0, [-0.19749425460809503, 0.0051872710417793354]
[-0.19749425460809503, 0.0051872710417793354], 0, -1.0, [-0.19538087558254616, 0.002113379025548859]
[-0.19538087558254616, 0.002113379025548859], 0, -1.0, [-0.19635019801698375, -0.0009693224344375878]
[-0.19635019801698375, -0.0009693224344375878], 0, -1.0, [-0.2003981917439029, -0.004047993726919146]
[-0.2003981917439029, -0.004047993726919146], 0, -1.0, [-0.20750783676651102, -0.007109645022608146]
[-0.20750783676651102, -0.007109645022608146], 0, -1.0, [-0.2176485058355609, -0.010140669069049854]
[-0.2176485058355609, -0.010140669069049854], 0, -1.0, [-0.23077491930594965, -0.013126413470388768]
[-0.23077491930594965, -0.013126413470388768], 0, -1.0, [-0.24682574311978164, -0.016050823813831994]
[-0.24682574311978164, -0.016050823813831994], 0, -1.0, [-0.26572193364526714, -0.01889619052548551]
[-0.26572193364526714, -0.01889619052548551], 0, -1.0, [-0.28736496676669293, -0.021643033121425792]
[-0.28736496676669293, -0.021643033121425792], 0, -1.0, [-0.3116351209707874, -0.02427015420409448]
[-0.3116351209707874, -0.02427015420409448], 0, -1.0, [-0.3383900115964525, -0.026754890625665096]
[-0.3383900115964525, -0.026754890625665096], 0, -1.0, [-0.36746359092880554, -0.029073579332353074]
[-0.36746359092880554, -0.029073579332353074], 0, -1.0, [-0.398665830643212, -0.031202239714406433]
[-0.398665830643212, -0.031202239714406433], 0, -1.0, [-0.43178328369758123, -0.033117453054369236]
[-0.43178328369758123, -0.033117453054369236], 0, -1.0, [-0.46658067827530686, -0.034797394577725634]
[-0.46658067827530686, -0.034797394577725634], 0, -1.0, [-0.5028036262254156, -0.03622294795010875]
[-0.5028036262254156, -0.03622294795010875], 0, -1.0, [-0.5401824366485564, -0.03737881042314076]
[-0.5401824366485564, -0.03737881042314076], 0, -1.0, [-0.5784369209164955, -0.03825448426793913]
[-0.5784369209164955, -0.03825448426793913], 0, -1.0, [-0.6172819718285367, -0.03884505091204131]
[-0.6172819718285367, -0.03884505091204131], 0, -1.0, [-0.6564336122178871, -0.03915164038935032]
[-0.6564336122178871, -0.03915164038935032], 0, -1.0, [-0.6956151514329352, -0.03918153921504807]
[-0.6956151514329352, -0.03918153921504807], 0, -1.0, [-0.7345630715833801, -0.03894792015044494]
[-0.7345630715833801, -0.03894792015044494], 0, -1.0, [-0.7730322921775441, -0.03846922059416403]
[-0.7730322921775441, -0.03846922059416403], 0, -1.0, [-0.8108005270030808, -0.03776823482553669]
[-0.8108005270030808, -0.03776823482553669], 0, -1.0, [-0.8476715395435647, -0.036871012540483875]
[-0.8476715395435647, -0.036871012540483875], 0, -1.0, [-0.8834772078788259, -0.035805668335261186]
[-0.8834772078788259, -0.035805668335261186], 0, -1.0, [-0.9180784115808576, -0.034601203702031694]
[-0.9180784115808576, -0.034601203702031694], 0, -1.0, [-0.9513648390128856, -0.03328642743202805]
[-0.9513648390128856, -0.03328642743202805], 0, -1.0, [-0.9832538757218883, -0.03188903670900263]
[-0.9832538757218883, -0.03188903670900263], 0, -1.0, [-1.0136887704720865, -0.030434894750198224]
[-1.0136887704720865, -0.030434894750198224], 0, -1.0, [-1.0426362865199925, -0.02894751604790593]
[-1.0426362865199925, -0.02894751604790593], 0, -1.0, [-1.0700840366220201, -0.02744775010202756]
[-1.0700840366220201, -0.02744775010202756], 0, -1.0, [-1.0960376770606923, -0.02595364043867229]
[-1.0960376770606923, -0.02595364043867229], 0, -1.0, [-1.1205181048012154, -0.024480427740523156]
[-1.1205181048012154, -0.024480427740523156], 0, -1.0, [-1.1435587680033397, -0.023040663202124372]
[-1.1435587680033397, -0.023040663202124372], 0, -1.0, [-1.1652031674420633, -0.02164439943872356]
[-1.1652031674420633, -0.02164439943872356], 0, -1.0, [-1.1855025974570046, -0.02029943001494117]
[-1.1855025974570046, -0.02029943001494117], 0, -1.0, [-1.2, 0.0]
[-1.2, 0.0], 2, -1.0, [-1.1967581039591646, 0.003241896040835368]
[-1.1967581039591646, 0.003241896040835368], 2, -1.0, [-1.1902636585360942, 0.006494445423070332]
[-1.1902636585360942, 0.006494445423070332], 2, -1.0, [-1.1804959639787937, 0.009767694557300442]
[-1.1804959639787937, 0.009767694557300442], 2, -1.0, [-1.1674255149588486, 0.013070449019945182]
[-1.1674255149588486, 0.013070449019945182], 0, -1.0, [-1.1530159267200155, 0.014409588238833069]
[-1.1530159267200155, 0.014409588238833069], 2, -1.0, [-1.13523125629244, 0.01778467042757557]
[-1.13523125629244, 0.01778467042757557], 2, -1.0, [-1.114033267021883, 0.02119798927055683]
[-1.114033267021883, 0.02119798927055683], 2, -1.0, [-1.089385363508426, 0.024647903513456988]
[-1.089385363508426, 0.024647903513456988], 2, -1.0, [-1.0612574561609838, 0.02812790734744229]
[-1.0612574561609838, 0.02812790734744229], 2, -1.0, [-1.029631772394278, 0.03162568376670566]
[-1.029631772394278, 0.03162568376670566], 2, -1.0, [-0.9945095590859168, 0.03512221330836128]
[-0.9945095590859168, 0.03512221330836128], 2, -1.0, [-0.9559185110854412, 0.03859104800047555]
[-0.9559185110854412, 0.03859104800047555], 2, -1.0, [-0.9139206122768905, 0.04199789880855074]
[-0.9139206122768905, 0.04199789880855074], 2, -1.0, [-0.8686198963086447, 0.045300715968245815]
[-0.8686198963086447, 0.045300715968245815], 2, -1.0, [-0.8201694435835039, 0.04845045272514078]
[-0.8201694435835039, 0.04845045272514078], 2, -1.0, [-0.7687767647405392, 0.05139267884296466]
[-0.7687767647405392, 0.05139267884296466], 2, -1.0, [-0.714706627963879, 0.05407013677666023]
[-0.714706627963879, 0.05407013677666023], 2, -1.0, [-0.6582804232643443, 0.05642620469953463]
[-0.6582804232643443, 0.05642620469953463], 2, -1.0, [-0.599871366600746, 0.058409056663598295]
[-0.599871366600746, 0.058409056663598295], 2, -1.0, [-0.5398952442626684, 0.05997612233807759]
[-0.5398952442626684, 0.05997612233807759], 2, -1.0, [-0.4787969470930346, 0.06109829716963383]
[-0.4787969470930346, 0.06109829716963383], 1, -1.0, [-0.4180336528785581, 0.06076329421447651]
[-0.4180336528785581, 0.06076329421447651], 2, -1.0, [-0.35704892860186566, 0.060984724276692416]
[-0.35704892860186566, 0.060984724276692416], 2, -1.0, [-0.29626199920630364, 0.060786929395562]
[-0.29626199920630364, 0.060786929395562], 2, -1.0, [-0.23605095713444044, 0.060211042071863195]
[-0.23605095713444044, 0.060211042071863195], 2, -1.0, [-0.17673882656853612, 0.059312130565904314]
[-0.17673882656853612, 0.059312130565904314], 2, -1.0, [-0.118583440034106, 0.05815538653443013]
[-0.118583440034106, 0.05815538653443013], 2, -1.0, [-0.061771517051843854, 0.05681192298226214]
[-0.061771517051843854, 0.05681192298226214], 2, -1.0, [-0.006416789923105362, 0.05535472712873849]
[-0.006416789923105362, 0.05535472712873849], 2, -1.0, [0.04743840041224872, 0.05385519033535408]
[0.04743840041224872, 0.05385519033535408], 2, -1.0, [0.09981886506696692, 0.052380464654718205]
[0.09981886506696692, 0.052380464654718205], 1, -1.0, [0.1498105873837697, 0.04999172231680279]
[0.1498105873837697, 0.04999172231680279], 1, -1.0, [0.19755057439846213, 0.04773998701469244]
[0.19755057439846213, 0.04773998701469244], 1, -1.0, [0.2432169053032415, 0.04566633090477936]
[0.2432169053032415, 0.04566633090477936], 1, -1.0, [0.2870197179984246, 0.043802812695183053]
[0.2870197179984246, 0.043802812695183053], 1, -1.0, [0.3291934446176542, 0.04217372661922965]
[0.3291934446176542, 0.04217372661922965], 1, -1.0, [0.3699903933465426, 0.04079694872888837]
[0.3699903933465426, 0.04079694872888837], 1, -1.0, [0.4096756237490368, 0.03968523040249421]
[0.4096756237490368, 0.03968523040249421], 1, -1.0, [0.4485229673223459, 0.0388473435733091]
[0.4485229673223459, 0.0388473435733091], 1, -1.0, [0.48681199077379983, 0.03828902345145392]
[0.48681199077379983, 0.03828902345145392], 1, -1.0, [0.5248256730496834, 0.038013682275883594]
