[-0.5048149262482048, 0.0], 0, -1.0, [-0.505955730570097, -0.0011408043218922596]
[-0.505955730570097, -0.0011408043218922596], 0, -1.0, [-0.5082287959547631, -0.002273065384666065]
[-0.5082287959547631, -0.002273065384666065], 0, -1.0, [-0.5116170953429472, -0.0033882993881841107]
[-0.5116170953429472, -0.0033882993881841107], 0, -1.0, [-0.5160952379831947, -0.00447814264024744]
[-0.5160952379831947, -0.00447814264024744], 0, -1.0, [-0.521629652402863, -0.00553441441966828]
[-0.521629652402863, -0.00553441441966828], 0, -1.0, [-0.5281788351606015, -0.006549182757738546]
[-0.5281788351606015, -0.006549182757738546], 0, -1.0, [-0.5356936685524637, -0.007514833391862252]
[-0.5356936685524637, -0.007514833391862252], 0, -1.0, [-0.5441178101506957, -0.008424141598232007]
[-0.5441178101506957, -0.008424141598232007], 0, -1.0, [-0.5533881561617547, -0.009270346011059015]
[-0.5533881561617547, -0.009270346011059015], 0, -1.0, [-0.5634353790970944, -0.01004722293533963]
[-0.5634353790970944, -0.01004722293533963], 0, -1.0, [-0.5741845382110504, -0.010749159113956009]
[-0.5741845382110504, -0.010749159113956009], 0, -1.0, [-0.5855557586844253, -0.011371220473374875]
[-0.5855557586844253, -0.011371220473374875], 0, -1.0, [-0.5974649727796708, -0.011909214095245441]
[-0.5974649727796708, -0.011909214095245441], 0, -1.0, [-0.6098247133624549, -0.012359740582784063]
[-0.6098247133624549, -0.012359740582784063], 0, -1.0, [-0.6225449474963144, -0.012720234133859433]
[-0.6225449474963144, -0.012720234133859433], 0, -1.0, [-0.6355339354963817, -0.01298898800006732]
[-0.6355339354963817, -0.01298898800006732], 0, -1.0, [-0.6486990990802821, -0.013165163583900356]
[-0.6486990990802821, -0.013165163583900356], 0, -1.0, [-0.6619478812447158, -0.013248782164433667]
[-0.6619478812447158, -0.013248782164433667], 0, -1.0, [-0.6751885803330555, -0.013240699088339653]
[-0.6751885803330555, -0.013240699088339653], 0, -1.0, [-0.6883311414816685, -0.01314256114861298]
[-0.6883311414816685, -0.01314256114861298], 0, -1.0, [-0.7012878902070645, -0.012956748725395938]
[-0.7012878902070645, -0.012956748725395938], 0, -1.0, [-0.7139741952204162, -0.012686305013351697]
[-0.7139741952204162, -0.012686305013351697], 0, -1.0, [-0.7263090504719658, -0.012334855251549596]
[-0.7263090504719658, -0.012334855251549596], 1, -1.0, [-0.7372155697376365, -0.010906519265670656]
[-0.7372155697376365, -0.010906519265670656], 2, -1.0, [-0.745627395719609, -0.008411825981972543]
[-0.745627395719609, -0.008411825981972543], 2, -1.0, [-0.7514944385752768, -0.00586704285566775]
[-0.7514944385752768, -0.00586704285566775], 2, -1.0, [-0.7547823423167841, -0.0032879037415073026]
[-0.7547823423167841, -0.0032879037415073026], 2, -1.0, [-0.7554720669901536, -0.0006897246733694852]
[-0.7554720669901536, -0.0006897246733694852], 2, -1.0, [-0.7535596381307138, 0.001912428859439813]
[-0.7535596381307138, 0.001912428859439813], 2, -1.0, [-0.7490560927113068, 0.004503545419407047]
[-0.7490560927113068, 0.004503545419407047], 2, -1.0, [-0.7419876277413194, 0.007068464969987389]
[-0.7419876277413194, 0.007068464969987389], 2, -1.0, [-0.732395934466056, 0.009591693275263456]
[-0.732395934466056, 0.009591693275263456], 2, -1.0, [-0.7203386783349212, 0.012057256131134845]
[-0.7203386783349212, 0.012057256131134845], 2, -1.0, [-0.7058900632688558, 0.014448615066065295]
[-0.7058900632688558, 0.014448615066065295], 2, -1.0, [-0.6891413992758142, 0.016748663993041646]
[-0.6891413992758142, 0.016748663993041646], 2, -1.0, [-0.6702015765407668, 0.018939822735047396]
[-0.6702015765407668, 0.018939822735047396], 2, -1.0, [-0.6491973385322483, 0.021004238008518594]
[-0.6491973385322483, 0.021004238008518594], 2, -1.0, [-0.6262732434242737, 0.022924095107974517]
[-0.6262732434242737, 0.022924095107974517], 2, -1.0, [-0.6015912091599859, 0.02468203426428781]
[-0.6015912091599859, 0.02468203426428781], 2, -1.0, [-0.5753295542102773, 0.026261654949708554]
[-0.5753295542102773, 0.026261654949708554], 2, -1.0, [-0.5476814739444233, 0.027648080265853955]
[-0.5476814739444233, 0.027648080265853955], 2, -1.0, [-0.5188529305331703, 0.02882854341125307]
[-0.5188529305331703, 0.02882854341125307], 2, -1.0, [-0.4890599797573954, 0.02979295077577486]
[-0.4890599797573954, 0.02979295077577486], 2, -1.0, [-0.458525606673193, 0.03053437308420241]
[-0.458525606673193, 0.03053437308420241], 2, -1.0, [-0.4274761882812479, 0.03104941839194511]
[-0.4274761882812479, 0.03104941839194511], 2, -1.0, [-0.39613773929622437, 0.03133844898502354]
[-0.39613773929622437, 0.03133844898502354], 0, -1.0, [-0.36673212161873925, 0.0294056176774851]
[-0.36673212161873925, 0.0294056176774851], 0, -1.0, [-0.33946005671844526, 0.027272064900293998]
[-0.33946005671844526, 0.027272064900293998], 0, -1.0, [-0.31449985565324245, 0.024960201065202782]
[-0.31449985565324245, 0.024960201065202782], 0, -1.0, [-0.29200705037703784, 0.022492805276204595]
[-0.29200705037703784, 0.022492805276204595], 0, -1.0, [-0.2721147769662944, 0.01989227341074344]
[-0.2721147769662944, 0.01989227341074344], 0, -1.0, [-0.2549347272305108, 0.017180049735783576]
[-0.2549347272305108, 0.017180049735783576], 0, -1.0, [-0.24055847238229902, 0.014376254848211789]
[-0.24055847238229902, 0.014376254848211789], 0, -1.0, [-0.22905896735934803, 0.011499505022950995]
[-0.22905896735934803, 0.011499505022950995], 0, -1.0, [-0.22049206220149384, 0.008566905157854195]
[-0.22049206220149384, 0.008566905157854195], 0, -1.0, [-0.21489787278412892, 0.005594189417364918]
[-0.21489787278412892, 0.005594189417364918], 0, -1.0, [-0.21230189318077042, 0.002595979603358491]
[-0.21230189318077042, 0.002595979603358491], 0, -1.0, [-0.21271576315003446, -0.00041386996926402785]
[-0.21271576315003446, -0.00041386996926402785], 0, -1.0, [-0.2161376351466356, -0.0034218719966011193]
[-0.2161376351466356, -0.0034218719966011193], 0, -1.0, [-0.22255211535219413, -0.006414480205558546]
[-0.22255211535219413, -0.006414480205558546], 0, -1.0, [-0.23192978277813464, -0.00937766742594052]
[-0.23192978277813464, -0.00937766742594052], 0, -1.0, [-0.24422632014254664, -0.01229653736441199]
[-0.24422632014254664, -0.01229653736441199], 0, -1.0, [-0.25938132053977414, -0.015155000397227492]
[-0.25938132053977414, -0.015155000397227492], 0, -1.0, [-0.2773168650028821, -0.017935544463107977]
[-0.2773168650028821, -0.017935544463107977], 0, -1.0, [-0.2979359971456015, -0.02061913214271935]
[-0.2979359971456015, -0.02061913214271935], 0, -1.0, [-0.32112125025752525, -0.023185253111923793]
[-0.32112125025752525, -0.023185253111923793], 0, -1.0, [-0.34673340634535826, -0.025612156087833036]
[-0.34673340634535826, -0.025612156087833036], 0, -1.0, [-0.37461068137655196, -0.02787727503119367]
[-0.37461068137655196, -0.02787727503119367], 0, -1.0, [-0.40456853148575517, -0.029957850109203193]
[-0.40456853148575517, -0.029957850109203193], 0, -1.0, [-0.43640025652484954, -0.03183172503909438]
[-0.43640025652484954, -0.03183172503909438], 0, -1.0, [-0.4698785369502116, -0.03347828042536205]
[-0.4698785369502116, -0.03347828042536205], 0, -1.0, [-0.504757977349283, -0.03487944039907139]
[-0.504757977349283, -0.03487944039907139], 0, -1.0, [-0.540778648506957, -0.03602067115767403]
[-0.540778648506957, -0.03602067115767403], 0, -1.0, [-0.5776705276545543, -0.036891879147597256]
[-0.5776705276545543, -0.036891879147597256], 0, -1.0, [-0.6151586448640534, -0.03748811720949904]
[-0.6151586448640534, -0.03748811720949904], 0, -1.0, [-0.6529686656498148, -0.03781002078576142]
[-0.6529686656498148, -0.03781002078576142], 0, -1.0, [-0.6908325880513465, -0.03786392240153168]
[-0.6908325880513465, -0.03786392240153168], 0, -1.0, [-0.7284942154636317, -0.03766162741228517]
[-0.7284942154636317, -0.03766162741228517], 0, -1.0, [-0.7657140871557174, -0.03721987169208575]
[-0.7657140871557174, -0.03721987169208575], 0, -1.0, [-0.8022736031652151, -0.036559516009497695]
[-0.8022736031652151, -0.036559516009497695], 0, -1.0, [-0.8379781598434306, -0.035704556678215434]
[-0.8379781598434306, -0.035704556678215434], 0, -1.0, [-0.8726592041070024, -0.03468104426357182]
[-0.8726592041070024, -0.03468104426357182], 0, -1.0, [-0.9061752051934876, -0.03351600108648524]
[-0.9061752051934876, -0.03351600108648524], 0, -1.0, [-0.93841162120277, -0.03223641600928234]
[-0.93841162120277, -0.03223641600928234], 0, -1.0, [-0.9692799964652116, -0.030868375262441575]
[-0.9692799964652116, -0.030868375262441575], 0, -1.0, [-0.9987163616823811, -0.02943636521716951]
[-0.9987163616823811, -0.02943636521716951], 0, -1.0, [-1.026679122608966, -0.027962760926584826]
[-1.026679122608966, -0.027962760926584826], 0, -1.0, [-1.0531466183567335, -0.026467495747767453]
[-1.0531466183567335, -0.026467495747767453], 0, -1.0, [-1.0781145122471836, -0.024967893890450017]
[-1.0781145122471836, -0.024967893890450017], 0, -1.0, [-1.1015931518386985, -0.02347863959151499]
[-1.1015931518386985, -0.02347863959151499], 0, -1.0, [-1.123605005041023, -0.022011853202324422]
[-1.123605005041023, -0.022011853202324422], 0, -1.0, [-1.1441822497816452, -0.02057724474062235]
[-1.1441822497816452, -0.02057724474062235], 0, -1.0, [-1.1633645679882527, -0.019182318206607613]
[-1.1633645679882527, -0.019182318206607613], 0, -1.0, [-1.1811971720851597, -0.017832604096907033]
[-1.1811971720851597, -0.017832604096907033], 2, -1.0, [-1.1957290742802953, -0.014531902195135563]
[-1.1957290742802953, -0.014531902195135563], 2, -1.0, [-1.2, 0.0]
[-1.2, 0.0], 2, -1.0, [-1.1967581039591646, 0.003241896040835368]
[-1.1967581039591646, 0.003241896040835368], 2, -1.0, [-1.1902636585360942, 0.006494445423070332]
[-1.1902636585360942, 0.006494445423070332], 2, -1.0, [-1.1804959639787937, 0.009767694557300442]
[-1.1804959639787937, 0.009767694557300442], 2, -1.0, [-1.1674255149588486, 0.013070449019945182]
[-1.1674255149588486, 0.013070449019945182], 2, -1.0, [-1.1510159267200155, 0.016409588238833067]
[-1.1510159267200155, 0.016409588238833067], 2, -1.0, [-1.1312266168239755, 0.019789309896040046]
[-1.1312266168239755, 0.019789309896040046], 2, -1.0, [-1.108016322100852, 0.02321029472312345]
[-1.108016322100852, 0.02321029472312345], 2, -1.0, [-1.081347524946184, 0.02666879715466819]
[-1.081347524946184, 0.02666879715466819], 2, -1.0, [-1.0511918363028878, 0.03015568864329602]
[-1.0511918363028878, 0.03015568864329602], 2, -1.0, [-1.0175363271434712, 0.0336555091594167]
[-1.0175363271434712, 0.0336555091594167], 2, -1.0, [-0.9803907090723114, 0.03714561807115983]
[-0.9803907090723114, 0.03714561807115983], 2, -1.0, [-0.9397951336374217, 0.04059557543488971]
[-0.9397951336374217, 0.04059557543488971], 2, -1.0, [-0.8958282112564235, 0.043966922380998245]
[-0.8958282112564235, 0.043966922380998245], 2, -1.0, [-0.8486146572192776, 0.04721355403714586]
[-0.8486146572192776, 0.04721355403714586], 2, -1.0, [-0.7983317816221248, 0.05028287559715283]
[-0.7983317816221248, 0.05028287559715283], 2, -1.0, [-0.7452138959379592, 0.0531178856841656]
[-0.7452138959379592, 0.0531178856841656], 2, -1.0, [-0.6895536666604415, 0.0556602292775177]
[-0.6895536666604415, 0.0556602292775177], 2, -1.0, [-0.6316995610792892, 0.057854105581152386]
[-0.6316995610792892, 0.057854105581152386], 2, -1.0, [-0.5720488365336812, 0.05965072454560789]
[-0.5720488365336812, 0.05965072454560789], 2, -1.0, [-0.5110360146660762, 0.061012821867605024]
[-0.5110360146660762, 0.061012821867605024], 2, -1.0, [-0.44911739120176025, 0.061918623464315904]
[-0.44911739120176025, 0.061918623464315904], 1, -1.0, [-0.38775274139346727, 0.061364649808292995]
[-0.38775274139346727, 0.061364649808292995], 2, -1.0, [-0.3263789672475157, 0.06137377414595155]
[-0.3263789672475157, 0.06137377414595155], 2, -1.0, [-0.26539954095165597, 0.06097942629585973]
[-0.26539954095165597, 0.06097942629585973], 2, -1.0, [-0.20516868618070963, 0.060230854770946335]
[-0.20516868618070963, 0.060230854770946335], 2, -1.0, [-0.14597903482861013, 0.059189651352099505]
[-0.14597903482861013, 0.059189651352099505], 2, -1.0, [-0.08805345449177748, 0.057925580336832656]
[-0.08805345449177748, 0.057925580336832656], 2, -1.0, [-0.03154115432807773, 0.05651230016369975]
[-0.03154115432807773, 0.05651230016369975], 2, -1.0, [0.023482329487074037, 0.05502348381515177]
[0.023482329487074037, 0.05502348381515177], 2, -1.0, [0.077012014209841, 0.05352968472276695]
[0.077012014209841, 0.05352968472276695], 2, -1.0, [0.12910812473746897, 0.05209611052762796]
[0.12910812473746897, 0.05209611052762796], 2, -1.0, [0.17988942779041306, 0.0507813030529441]
[0.17988942779041306, 0.0507813030529441], 1, -1.0, [0.2285260328892842, 0.048636605098871126]
[0.2285260328892842, 0.048636605098871126], 1, -1.0, [0.2752275050624491, 0.046701472173164886]
[0.2752275050624491, 0.046701472173164886], 1, -1.0, [0.32023383856661275, 0.04500633350416368]
[0.32023383856661275, 0.04500633350416368], 1, -1.0, [0.36380780914764715, 0.04357397058103442]
[0.36380780914764715, 0.04357397058103442], 1, -1.0, [0.4062287226044603, 0.04242091345681312]
[0.4062287226044603, 0.04242091345681312], 1, -1.0, [0.44778743789045095, 0.04155871528599067]
[0.44778743789045095, 0.04155871528599067], 1, -1.0, [0.4887824572750647, 0.04099501938461374]
[0.4887824572750647, 0.04099501938461374], 1, -1.0, [0.5295168288027787, 0.04073437152771407]
