[-0.49551102899105937, 0.0], 0, -1.0, [-0.49672143789004114, -0.001210408898981787]
[-0.49672143789004114, -0.001210408898981787], 2, -1.0, [-0.49713320846334247, -0.0004117705733013515]
[-0.49713320846334247, -0.0004117705733013515], 0, -1.0, [-0.4987432623126273, -0.0016100538492847846]
[-0.4987432623126273, -0.0016100538492847846], 0, -1.0, [-0.5015395598085106, -0.0027962974958833115]
[-0.5015395598085106, -0.0027962974958833115], 0, -1.0, [-0.505501180689362, -0.003961620880851405]
[-0.505501180689362, -0.003961620880851405], 0, -1.0, [-0.5105984668588608, -0.005097286169498754]
[-0.5105984668588608, -0.005097286169498754], 0, -1.0, [-0.5167932306277742, -0.006194763768913351]
[-0.5167932306277742, -0.006194763768913351], 0, -1.0, [-0.5240390324380199, -0.007245801810245652]
[-0.5240390324380199, -0.007245801810245652], 0, -1.0, [-0.5322815323229276, -0.008242499884907745]
[-0.5322815323229276, -0.008242499884907745], 0, -1.0, [-0.5414589188963482, -0.0091773865734206]
[-0.5414589188963482, -0.0091773865734206], 0, -1.0, [-0.5515024184783529, -0.010043499582004645]
[-0.5515024184783529, -0.010043499582004645], 0, -1.0, [-0.5623368850722874, -0.010834466593934505]
[-0.5623368850722874, -0.010834466593934505], 0, -1.0, [-0.5738814693886828, -0.011544584316395332]
[-0.5738814693886828, -0.011544584316395332], 0, -1.0, [-0.5860503621126694, -0.01216889272398653]
[-0.5860503621126694, -0.01216889272398653], 0, -1.0, [-0.5987536033368464, -0.012703241224176962]
[-0.5987536033368464, -0.012703241224176962], 0, -1.0, [-0.6118979467771486, -0.013144343440302204]
[-0.6118979467771486, -0.013144343440302204], 0, -1.0, [-0.6253877643228085, -0.013489817545659952]
[-0.6253877643228085, -0.013489817545659952], 0, -1.0, [-0.6391259739070976, -0.013738209584289063]
[-0.6391259739070976, -0.013738209584289063], 0, -1.0, [-0.6530149718568897, -0.013888997949792111]
[-0.6530149718568897, -0.013888997949792111], 0, -1.0, [-0.6669575499648323, -0.013942578107942551]
[-0.6669575499648323, -0.013942578107942551], 0, -1.0, [-0.6808577776320288, -0.013900227667196532]
[-0.6808577776320288, -0.013900227667196532], 0, -1.0, [-0.6946218305697699, -0.013764052937741024]
[-0.6946218305697699, -0.013764052937741024], 0, -1.0, [-0.7081587496569058, -0.013536919087135923]
[-0.7081587496569058, -0.013536919087135923], 0, -1.0, [-0.7213811164773465, -0.013222366820440624]
[-0.7213811164773465, -0.013222366820440624], 0, -1.0, [-0.734205635601157, -0.012824519123810548]
[-0.734205635601157, -0.012824519123810548], 0, -1.0, [-0.7465536175762317, -0.012347981975074694]
[-0.7465536175762317, -0.012347981975074694], 2, -1.0, [-0.7563513606069697, -0.009797743030737995]
[-0.7563513606069697, -0.009797743030737995], 2, -1.0, [-0.7635418932184064, -0.007190532611436623]
[-0.7635418932184064, -0.007190532611436623], 2, -1.0, [-0.7680842849076579, -0.004542391689251531]
[-0.7680842849076579, -0.004542391689251531], 2, -1.0, [-0.7699530731912324, -0.001868788283574533]
[-0.7699530731912324, -0.001868788283574533], 2, -1.0, [-0.769137872496205, 0.0008152006950273411]
[-0.769137872496205, 0.0008152006950273411], 2, -1.0, [-0.7656432067159646, 0.0034946657802403377]
[-0.7656432067159646, 0.0034946657802403377], 2, -1.0, [-0.7594885827205964, 0.006154623995368291]
[-0.7594885827205964, 0.006154623995368291], 2, -1.0, [-0.7507087972742559, 0.008779785446340484]
[-0.7507087972742559, 0.008779785446340484], 2, -1.0, [-0.7393544451034078, 0.01135435217084818]
[-0.7393544451034078, 0.01135435217084818], 2, -1.0, [-0.7254925717874061, 0.013861873316001645]
[-0.7254925717874061, 0.013861873316001645], 2, -1.0, [-0.7092073925021393, 0.01628517928526685]
[-0.7092073925021393, 0.01628517928526685], 2, -1.0, [-0.690600977686069, 0.01860641481607026]
[-0.690600977686069, 0.01860641481607026], 2, -1.0, [-0.6697937911808288, 0.02080718650524019]
[-0.6697937911808288, 0.02080718650524019], 2, -1.0, [-0.6469249575310896, 0.022868833649739188]
[-0.6469249575310896, 0.022868833649739188], 2, -1.0, [-0.6221521353074931, 0.0247728222235964]
[-0.6221521353074931, 0.0247728222235964], 2, -1.0, [-0.5956508847042397, 0.02650125060325348]
[-0.5956508847042397, 0.02650125060325348], 2, -1.0, [-0.5676134416262115, 0.02803744307802816]
[-0.5676134416262115, 0.02803744307802816], 2, -1.0, [-0.5382468469956381, 0.02936659463057344]
[-0.5382468469956381, 0.02936659463057344], 2, -1.0, [-0.5077704271846735, 0.03047641981096459]
[-0.5077704271846735, 0.03047641981096459], 2, -1.0, [-0.4764126753790564, 0.031357751805617055]
[-0.4764126753790564, 0.031357751805617055], 2, -1.0, [-0.4444076385705184, 0.032005036808538]
[-0.4444076385705184, 0.032005036808538], 2, -1.0, [-0.41199096398933127, 0.032416674581187147]
[-0.41199096398933127, 0.032416674581187147], 2, -1.0, [-0.3793957954450947, 0.03259516854423654]
[-0.3793957954450947, 0.03259516854423654], 0, -1.0, [-0.34884872894718394, 0.03054706649791078]
[-0.34884872894718394, 0.03054706649791078], 0, -1.0, [-0.3205530724291977, 0.02829565651798622]
[-0.3205530724291977, 0.02829565651798622], 0, -1.0, [-0.2946878158622952, 0.025865256566902518]
[-0.2946878158622952, 0.025865256566902518], 0, -1.0, [-0.2714075943843739, 0.02328022147792133]
[-0.2714075943843739, 0.02328022147792133], 0, -1.0, [-0.2508434573735527, 0.020564137010821222]
[-0.2508434573735527, 0.020564137010821222], 0, -1.0, [-0.2331042246841774, 0.017739232689375266]
[-0.2331042246841774, 0.017739232689375266], 0, -1.0, [-0.21827820398010134, 0.01482602070407607]
[-0.21827820398010134, 0.01482602070407607], 0, -1.0, [-0.206435054938326, 0.011843149041775329]
[-0.206435054938326, 0.011843149041775329], 0, -1.0, [-0.1976276108561375, 0.00880744408218851]
[-0.1976276108561375, 0.00880744408218851], 0, -1.0, [-0.19189350010591982, 0.005734110750217682]
[-0.19189350010591982, 0.005734110750217682], 0, -1.0, [-0.18925644442668835, 0.002637055679231473]
[-0.18925644442668835, 0.002637055679231473], 0, -1.0, [-0.18972714529450785, -0.00047070086781950213]
[-0.18972714529450785, -0.00047070086781950213], 0, -1.0, [-0.19330370220354598, -0.0035765569090381237]
[-0.19330370220354598, -0.0035765569090381237], 0, -1.0, [-0.1999715375183727, -0.006667835314826717]
[-0.1999715375183727, -0.006667835314826717], 0, -1.0, [-0.20970283239639675, -0.009731294878024035]
[-0.20970283239639675, -0.009731294878024035], 0, -1.0, [-0.22245550830279412, -0.012752675906397372]
[-0.22245550830279412, -0.012752675906397372], 0, -1.0, [-0.23817181995205344, -0.01571631164925931]
[-0.23817181995205344, -0.01571631164925931], 0, -1.0, [-0.25677665866510385, -0.01860483871305041]
[-0.25677665866510385, -0.01860483871305041], 0, -1.0, [-0.2781756996846851, -0.021399041019581223]
[-0.2781756996846851, -0.021399041019581223], 0, -1.0, [-0.30225356112281354, -0.02407786143812844]
[-0.30225356112281354, -0.02407786143812844], 0, -1.0, [-0.3288721725048013, -0.026618611381987747]
[-0.3288721725048013, -0.026618611381987747], 0, -1.0, [-0.35786957237117784, -0.028997399866376544]
[-0.35786957237117784, -0.028997399866376544], 0, -1.0, [-0.3890593610904059, -0.031189788719228072]
[-0.3890593610904059, -0.031189788719228072], 0, -1.0, [-0.42223102083199626, -0.03317165974159038]
[-0.42223102083199626, -0.03317165974159038], 0, -1.0, [-0.45715127483851176, -0.034920254006515494]
[-0.45715127483851176, -0.034920254006515494], 0, -1.0, [-0.4935665910859217, -0.036415316247409964]
[-0.4935665910859217, -0.036415316247409964], 0, -1.0, [-0.5312068441121769, -0.03764025302625521]
[-0.5312068441121769, -0.03764025302625521], 0, -1.0, [-0.5697900415786744, -0.03858319746649755]
[-0.5697900415786744, -0.03858319746649755], 0, -1.0, [-0.6090279122323932, -0.0392378706537188]
[-0.6090279122323932, -0.0392378706537188], 0, -1.0, [-0.648632055439711, -0.039604143207317824]
[-0.648632055439711, -0.039604143207317824], 0, -1.0, [-0.6883202850752822, -0.03968822963557114]
[-0.6883202850752822, -0.03968822963557114], 0, -1.0, [-0.7278227739690316, -0.03950248889374941]
[-0.7278227739690316, -0.03950248889374941], 0, -1.0, [-0.7668876240928238, -0.039064850123792266]
[-0.7668876240928238, -0.039064850123792266], 0, -1.0, [-0.8052855487611762, -0.03839792466835235]
[-0.8052855487611762, -0.03839792466835235], 0, -1.0, [-0.842813445562664, -0.03752789680148785]
[-0.842813445562664, -0.03752789680148785], 0, -1.0, [-0.8792967471426524, -0.036483301579988345]
[-0.8792967471426524, -0.036483301579988345], 0, -1.0, [-0.9145905449223404, -0.03529379777968805]
[-0.9145905449223404, -0.03529379777968805], 0, -1.0, [-0.9485795743470526, -0.033989029424712214]
[-0.9485795743470526, -0.033989029424712214], 0, -1.0, [-0.9811772199671082, -0.03259764562005553]
[-0.9811772199671082, -0.03259764562005553], 0, -1.0, [-1.0123237406964478, -0.03114652072933976]
[-1.0123237406964478, -0.03114652072933976], 0, -1.0, [-1.0419839310053431, -0.029660190308895287]
[-1.0419839310053431, -0.029660190308895287], 0, -1.0, [-1.0701444271036538, -0.028160496098310634]
[-1.0701444271036538, -0.028160496098310634], 0, -1.0, [-1.096810844652946, -0.026666417549292238]
[-1.096810844652946, -0.026666417549292238], 0, -1.0, [-1.1220049027556735, -0.025194058102727433]
[-1.1220049027556735, -0.025194058102727433], 0, -1.0, [-1.1457616536395523, -0.0237567508838787]
[-1.1457616536395523, -0.0237567508838787], 2, -1.0, [-1.1661269029441423, -0.02036524930458998]
[-1.1661269029441423, -0.02036524930458998], 0, -1.0, [-1.1851495935500278, -0.019022690605885476]
[-1.1851495935500278, -0.019022690605885476], 0, -1.0, [-1.2, 0.0]
[-1.2, 0.0], 2, -1.0, [-1.1967581039591646, 0.003241896040835368]
[-1.1967581039591646, 0.003241896040835368], 2, -1.0, [-1.1902636585360942, 0.006494445423070332]
[-1.1902636585360942, 0.006494445423070332], 2, -1.0, [-1.1804959639787937, 0.009767694557300442]
[-1.1804959639787937, 0.009767694557300442], 2, -1.0, [-1.1674255149588486, 0.013070449019945182]
[-1.1674255149588486, 0.013070449019945182], 2, -1.0, [-1.1510159267200155, 0.016409588238833067]
[-1.1510159267200155, 0.016409588238833067], 2, -1.0, [-1.1312266168239755, 0.019789309896040046]
[-1.1312266168239755, 0.019789309896040046], 2, -1.0, [-1.108016322100852, 0.02321029472312345]
[-1.108016322100852, 0.02321029472312345], 2, -1.0, [-1.081347524946184, 0.02666879715466819]
[-1.081347524946184, 0.02666879715466819], 2, -1.0, [-1.0511918363028878, 0.03015568864329602]
[-1.0511918363028878, 0.03015568864329602], 2, -1.0, [-1.0175363271434712, 0.0336555091594167]
[-1.0175363271434712, 0.0336555091594167], 2, -1.0, [-0.9803907090723114, 0.03714561807115983]
[-0.9803907090723114, 0.03714561807115983], 2, -1.0, [-0.9397951336374217, 0.04059557543488971]
[-0.9397951336374217, 0.04059557543488971], 2, -1.0, [-0.8958282112564235, 0.043966922380998245]
[-0.8958282112564235, 0.043966922380998245], 2, -1.0, [-0.8486146572192776, 0.04721355403714586]
[-0.8486146572192776, 0.04721355403714586], 2, -1.0, [-0.7983317816221248, 0.05028287559715283]
[-0.7983317816221248, 0.05028287559715283], 2, -1.0, [-0.7452138959379592, 0.0531178856841656]
[-0.7452138959379592, 0.0531178856841656], 2, -1.0, [-0.6895536666604415, 0.0556602292775177]
[-0.6895536666604415, 0.0556602292775177], 2, -1.0, [-0.6316995610792892, 0.057854105581152386]
[-0.6316995610792892, 0.057854105581152386], 2, -1.0, [-0.5720488365336812, 0.05965072454560789]
[-0.5720488365336812, 0.05965072454560789], 2, -1.0, [-0.5110360146660762, 0.061012821867605024]
[-0.5110360146660762, 0.061012821867605024], 2, -1.0, [-0.44911739120176025, 0.061918623464315904]
[-0.44911739120176025, 0.061918623464315904], 0, -1.0, [-0.38875274139346727, 0.060364649808292994]
[-0.38875274139346727, 0.060364649808292994], 2, -1.0, [-0.32837207705357385, 0.06038066433989344]
[-0.32837207705357385, 0.06038066433989344], 2, -1.0, [-0.2683733283600101, 0.05999874869356373]
[-0.2683733283600101, 0.05999874869356373], 2, -1.0, [-0.20910714151922263, 0.05926618684078747]
[-0.20910714151922263, 0.05926618684078747], 2, -1.0, [-0.150864961369443, 0.05824218014977964]
[-0.150864961369443, 0.05824218014977964], 2, -1.0, [-0.09387106968697095, 0.05699389168247204]
[-0.09387106968697095, 0.05699389168247204], 2, -1.0, [-0.03827869892580363, 0.055592370761167326]
[-0.03827869892580363, 0.055592370761167326], 2, -1.0, [0.015830137889556874, 0.0541088368153605]
[0.015830137889556874, 0.0541088368153605], 2, -1.0, [0.06844179334934566, 0.0526116554597888]
[0.06844179334934566, 0.0526116554597888], 2, -1.0, [0.1196059620691326, 0.05116416871978693]
[0.1196059620691326, 0.05116416871978693], 2, -1.0, [0.16942934929416176, 0.049823387225029145]
[0.16942934929416176, 0.049823387225029145], 2, -1.0, [0.21806878910819524, 0.048639439814033486]
[0.21806878910819524, 0.048639439814033486], 0, -1.0, [0.2637244011047807, 0.04565561199658543]
[0.2637244011047807, 0.04565561199658543], 0, -1.0, [0.3066224844947625, 0.04289808338998179]
[0.3066224844947625, 0.04289808338998179], 2, -1.0, [0.34900575387088406, 0.04238326937612158]
[0.34900575387088406, 0.04238326937612158], 1, -1.0, [0.39013863292892365, 0.04113287905803956]
[0.39013863292892365, 0.04113287905803956], 1, -1.0, [0.43029709020816287, 0.04015845727923923]
[0.43029709020816287, 0.04015845727923923], 1, -1.0, [0.46976488648481485, 0.039467796276651965]
[0.46976488648481485, 0.039467796276651965], 1, -1.0, [0.5088306814779806, 0.03906579499316572]
