[-0.4684115775379787, 0.0], 0, -1.0, [-0.46982359321764894, -0.0014120156796702719]
[-0.46982359321764894, -0.0014120156796702719], 0, -1.0, [-0.4726371756037391, -0.002813582386090122]
[-0.4726371756037391, -0.002813582386090122], 0, -1.0, [-0.4768314827735538, -0.0041943071698147035]
[-0.4768314827735538, -0.0041943071698147035], 0, -1.0, [-0.48237539502630716, -0.005543912252753382]
[-0.48237539502630716, -0.005543912252753382], 0, -1.0, [-0.4892276951321654, -0.006852300105858235]
[-0.4892276951321654, -0.006852300105858235], 0, -1.0, [-0.4973373217780134, -0.008109626645847964]
[-0.4973373217780134, -0.008109626645847964], 0, -1.0, [-0.5066437056354851, -0.009306383857471748]
[-0.5066437056354851, -0.009306383857471748], 0, -1.0, [-0.5170771976906002, -0.01043349205511509]
[-0.5170771976906002, -0.01043349205511509], 0, -1.0, [-0.5285595984596805, -0.011482400769080298]
[-0.5285595984596805, -0.011482400769080298], 0, -1.0, [-0.5410047944307378, -0.012445195971057345]
[-0.5410047944307378, -0.012445195971057345], 0, -1.0, [-0.5543195045792566, -0.013314710148518793]
[-0.5543195045792566, -0.013314710148518793], 0, -1.0, [-0.568404135294221, -0.014084630714964384]
[-0.568404135294221, -0.014084630714964384], 0, -1.0, [-0.5831537368089709, -0.014749601514749936]
[-0.5831537368089709, -0.014749601514749936], 0, -1.0, [-0.5984590486526333, -0.015305311843662425]
[-0.5984590486526333, -0.015305311843662425], 0, -1.0, [-0.614207616177464, -0.01574856752483064]
[-0.614207616177464, -0.01574856752483064], 0, -1.0, [-0.6302849553541194, -0.016077339176655485]
[-0.6302849553541194, -0.016077339176655485], 0, -1.0, [-0.6465757392117171, -0.016290783857597677]
[-0.6465757392117171, -0.016290783857597677], 0, -1.0, [-0.6629649769048458, -0.016389237693128705]
[-0.6629649769048458, -0.016389237693128705], 0, -1.0, [-0.6793391556647641, -0.016374178759918312]
[-0.6793391556647641, -0.016374178759918312], 0, -1.0, [-0.6955873169329692, -0.01624816126820502]
[-0.6955873169329692, -0.01624816126820502], 0, -1.0, [-0.7116020407141201, -0.016014723781150948]
[-0.7116020407141201, -0.016014723781150948], 0, -1.0, [-0.727280316400028, -0.015678275685907836]
[-0.727280316400028, -0.015678275685907836], 0, -1.0, [-0.7425242836607813, -0.01524396726075332]
[-0.7425242836607813, -0.01524396726075332], 0, -1.0, [-0.7572418330461602, -0.014717549385378937]
[-0.7572418330461602, -0.014717549385378937], 2, -1.0, [-0.7693470622334222, -0.012105229187261963]
[-0.7693470622334222, -0.012105229187261963], 2, -1.0, [-0.7787716644939899, -0.009424602260567728]
[-0.7787716644939899, -0.009424602260567728], 2, -1.0, [-0.7854639890985762, -0.006692324604586212]
[-0.7854639890985762, -0.006692324604586212], 2, -1.0, [-0.78938819769117, -0.00392420859259377]
[-0.78938819769117, -0.00392420859259377], 2, -1.0, [-0.7905236061281027, -0.0011354084369327422]
[-0.7905236061281027, -0.0011354084369327422], 2, -1.0, [-0.7888642758920759, 0.0016593302360268136]
[-0.7888642758920759, 0.0016593302360268136], 2, -1.0, [-0.7844188927663815, 0.004445383125694306]
[-0.7844188927663815, 0.004445383125694306], 2, -1.0, [-0.7772109436755912, 0.007207949090790416]
[-0.7772109436755912, 0.007207949090790416], 2, -1.0, [-0.7672791757538069, 0.009931767921784265]
[-0.7672791757538069, 0.009931767921784265], 2, -1.0, [-0.7546782949587157, 0.01260088079509114]
[-0.7546782949587157, 0.01260088079509114], 2, -1.0, [-0.7394798352516495, 0.015198459707066188]
[-0.7394798352516495, 0.015198459707066188], 2, -1.0, [-0.7217731042954785, 0.017706730956171042]
[-0.7217731042954785, 0.017706730956171042], 2, -1.0, [-0.701666089208328, 0.020107015087150522]
[-0.701666089208328, 0.020107015087150522], 2, -1.0, [-0.6792861882914901, 0.02237990091683782]
[-0.6792861882914901, 0.02237990091683782], 2, -1.0, [-0.6547806245759614, 0.02450556371552867]
[-0.6547806245759614, 0.02450556371552867], 2, -1.0, [-0.6283163975427336, 0.026464227033227768]
[-0.6283163975427336, 0.026464227033227768], 2, -1.0, [-0.6000796432393608, 0.02823675430337283]
[-0.6000796432393608, 0.02823675430337283], 2, -1.0, [-0.570274302012624, 0.02980534122673679]
[-0.570274302012624, 0.02980534122673679], 2, -1.0, [-0.5391200372014209, 0.031154264811203054]
[-0.5391200372014209, 0.031154264811203054], 2, -1.0, [-0.506849404989863, 0.03227063221155788]
[-0.506849404989863, 0.03227063221155788], 2, -1.0, [-0.4737043402020049, 0.03314506478785807]
[-0.4737043402020049, 0.03314506478785807], 2, -1.0, [-0.43993208788240656, 0.03377225231959834]
[-0.43993208788240656, 0.03377225231959834], 2, -1.0, [-0.40578076758526244, 0.034151320297144114]
[-0.40578076758526244, 0.034151320297144114], 2, -1.0, [-0.3714947982168784, 0.034285969368384024]
[-0.3714947982168784, 0.034285969368384024], 2, -1.0, [-0.33731042983047155, 0.034184368386406844]
[-0.33731042983047155, 0.034184368386406844], 2, -1.0, [-0.3034516220767166, 0.033858807753754966]
[-0.3034516220767166, 0.033858807753754966], 0, -1.0, [-0.2721264781795476, 0.031325143897169005]
[-0.2721264781795476, 0.031325143897169005], 0, -1.0, [-0.24351349401088124, 0.028612984168666374]
[-0.24351349401088124, 0.028612984168666374], 0, -1.0, [-0.21776254449838012, 0.025750949512501113]
[-0.21776254449838012, 0.025750949512501113], 0, -1.0, [-0.19499681965785248, 0.02276572484052763]
[-0.19499681965785248, 0.02276572484052763], 0, -1.0, [-0.17531538820331985, 0.019681431454532633]
[-0.17531538820331985, 0.019681431454532633], 0, -1.0, [-0.15879608005967666, 0.0165193081436432]
[-0.15879608005967666, 0.0165193081436432], 0, -1.0, [-0.14549841433926392, 0.01329766572041275]
[-0.14549841433926392, 0.01329766572041275], 0, -1.0, [-0.135466345913366, 0.010032068425897898]
[-0.135466345913366, 0.010032068425897898], 0, -1.0, [-0.12873065311433585, 0.006735692799030175]
[-0.12873065311433585, 0.006735692799030175], 0, -1.0, [-0.12531083562324322, 0.0034198174910926335]
[-0.12531083562324322, 0.0034198174910926335], 0, -1.0, [-0.12521643229650548, 9.440332673773828e-05]
[-0.12521643229650548, 9.440332673773828e-05], 0, -1.0, [-0.12844770298519392, -0.003231270688688456]
[-0.12844770298519392, -0.003231270688688456], 0, -1.0, [-0.134995647474931, -0.006547944489737078]
[-0.134995647474931, -0.006547944489737078], 0, -1.0, [-0.14484136081971064, -0.009845713344779622]
[-0.14484136081971064, -0.009845713344779622], 0, -1.0, [-0.1579547504049697, -0.013113389585259075]
[-0.1579547504049697, -0.013113389585259075], 0, -1.0, [-0.17429266891407058, -0.016337918509100893]
[-0.17429266891407058, -0.016337918509100893], 0, -1.0, [-0.19379655133124107, -0.019503882417170486]
[-0.19379655133124107, -0.019503882417170486], 0, -1.0, [-0.21638968444552534, -0.022593133114284274]
[-0.21638968444552534, -0.022593133114284274], 0, -1.0, [-0.2419742835630068, -0.025584599117481444]
[-0.2419742835630068, -0.025584599117481444], 0, -1.0, [-0.27042860050129286, -0.028454316938286046]
[-0.27042860050129286, -0.028454316938286046], 0, -1.0, [-0.3016043338738327, -0.031175733372539826]
[-0.3016043338738327, -0.031175733372539826], 0, -1.0, [-0.33532464881977647, -0.03372031494594382]
[-0.33532464881977647, -0.03372031494594382], 0, -1.0, [-0.37138312824577613, -0.03605847942599965]
[-0.37138312824577613, -0.03605847942599965], 0, -1.0, [-0.4095439604242768, -0.03816083217850067]
[-0.4095439604242768, -0.03816083217850067], 0, -1.0, [-0.4495436097290221, -0.03999964930474525]
[-0.4495436097290221, -0.03999964930474525], 0, -1.0, [-0.4910941150671188, -0.041550505338096747]
[-0.4910941150671188, -0.041550505338096747], 0, -1.0, [-0.5338880191852804, -0.04279390411816154]
[-0.5338880191852804, -0.04279390411816154], 0, -1.0, [-0.5776047662306609, -0.04371674704538058]
[-0.5776047662306609, -0.04371674704538058], 0, -1.0, [-0.6219182380815728, -0.04431347185091185]
[-0.6219182380815728, -0.04431347185091185], 0, -1.0, [-0.6665049598452477, -0.04458672176367492]
[-0.6665049598452477, -0.04458672176367492], 0, -1.0, [-0.7110524174369071, -0.044547457591659394]
[-0.7110524174369071, -0.044547457591659394], 0, -1.0, [-0.7552669124739027, -0.04421449503699558]
[-0.7552669124739027, -0.04421449503699558], 0, -1.0, [-0.7988804354430903, -0.04361352296918766]
[-0.7988804354430903, -0.04361352296918766], 0, -1.0, [-0.841656156195535, -0.04277572075244469]
[-0.841656156195535, -0.04277572075244469], 0, -1.0, [-0.8833922887414324, -0.041736132545897316]
[-0.8833922887414324, -0.041736132545897316], 0, -1.0, [-0.9239242571164578, -0.04053196837502541]
[-0.9239242571164578, -0.04053196837502541], 0, -1.0, [-0.9631252443318741, -0.039200987215416296]
[-0.9631252443318741, -0.039200987215416296], 0, -1.0, [-1.0009053276316562, -0.03778008329978202]
[-1.0009053276316562, -0.03778008329978202], 0, -1.0, [-1.037209480620717, -0.03630415298906089]
[-1.037209480620717, -0.03630415298906089], 0, -1.0, [-1.072014755843288, -0.034805275222570875]
[-1.072014755843288, -0.034805275222570875], 0, -1.0, [-1.1053269566694184, -0.03331220082613048]
[-1.1053269566694184, -0.03331220082613048], 0, -1.0, [-1.1371770753177564, -0.031850118648338026]
[-1.1371770753177564, -0.031850118648338026], 0, -1.0, [-1.1676177257680211, -0.03044065045026478]
[-1.1676177257680211, -0.03044065045026478], 0, -1.0, [-1.1967197461426908, -0.029102020374669656]
[-1.1967197461426908, -0.029102020374669656], 0, -1.0, [-1.2, 0.0]
[-1.2, 0.0], 2, -1.0, [-1.1967581039591646, 0.003241896040835368]
[-1.1967581039591646, 0.003241896040835368], 2, -1.0, [-1.1902636585360942, 0.006494445423070332]
[-1.1902636585360942, 0.006494445423070332], 2, -1.0, [-1.1804959639787937, 0.009767694557300442]
[-1.1804959639787937, 0.009767694557300442], 2, -1.0, [-1.1674255149588486, 0.013070449019945182]
[-1.1674255149588486, 0.013070449019945182], 2, -1.0, [-1.1510159267200155, 0.016409588238833067]
[-1.1510159267200155, 0.016409588238833067], 2, -1.0, [-1.1312266168239755, 0.019789309896040046]
[-1.1312266168239755, 0.019789309896040046], 2, -1.0, [-1.108016322100852, 0.02321029472312345]
[-1.108016322100852, 0.02321029472312345], 2, -1.0, [-1.081347524946184, 0.02666879715466819]
[-1.081347524946184, 0.02666879715466819], 2, -1.0, [-1.0511918363028878, 0.03015568864329602]
[-1.0511918363028878, 0.03015568864329602], 2, -1.0, [-1.0175363271434712, 0.0336555091594167]
[-1.0175363271434712, 0.0336555091594167], 2, -1.0, [-0.9803907090723114, 0.03714561807115983]
[-0.9803907090723114, 0.03714561807115983], 2, -1.0, [-0.9397951336374217, 0.04059557543488971]
[-0.9397951336374217, 0.04059557543488971], 2, -1.0, [-0.8958282112564235, 0.043966922380998245]
[-0.8958282112564235, 0.043966922380998245], 2, -1.0, [-0.8486146572192776, 0.04721355403714586]
[-0.8486146572192776, 0.04721355403714586], 2, -1.0, [-0.7983317816221248, 0.05028287559715283]
[-0.7983317816221248, 0.05028287559715283], 2, -1.0, [-0.7452138959379592, 0.0531178856841656]
[-0.7452138959379592, 0.0531178856841656], 2, -1.0, [-0.6895536666604415, 0.0556602292775177]
[-0.6895536666604415, 0.0556602292775177], 2, -1.0, [-0.6316995610792892, 0.057854105581152386]
[-0.6316995610792892, 0.057854105581152386], 2, -1.0, [-0.5720488365336812, 0.05965072454560789]
[-0.5720488365336812, 0.05965072454560789], 2, -1.0, [-0.5110360146660762, 0.061012821867605024]
[-0.5110360146660762, 0.061012821867605024], 2, -1.0, [-0.44911739120176025, 0.061918623464315904]
[-0.44911739120176025, 0.061918623464315904], 2, -1.0, [-0.38675274139346727, 0.06236464980829299]
[-0.38675274139346727, 0.06236464980829299], 2, -1.0, [-0.3243858485235833, 0.06236689286988392]
[-0.3243858485235833, 0.06236689286988392], 2, -1.0, [-0.2624256859117381, 0.061960162611845254]
[-0.2624256859117381, 0.061960162611845254], 2, -1.0, [-0.20122996568717166, 0.061195720224566416]
[-0.20122996568717166, 0.061195720224566416], 2, -1.0, [-0.14109236178367496, 0.06013760390349669]
[-0.14109236178367496, 0.06013760390349669], 2, -1.0, [-0.08223412731502394, 0.05885823446865101]
[-0.08223412731502394, 0.05885823446865101], 2, -1.0, [-0.024800200336085113, 0.05743392697893883]
[-0.024800200336085113, 0.05743392697893883], 2, -1.0, [0.03114064276343887, 0.05594084309952398]
[0.03114064276343887, 0.05594084309952398], 2, -1.0, [0.08559238750154527, 0.0544517447381064]
[0.08559238750154527, 0.0544517447381064], 2, -1.0, [0.13862609852276647, 0.05303371102122119]
[0.13862609852276647, 0.05303371102122119], 2, -1.0, [0.19037290492486428, 0.0517468064020978]
[0.19037290492486428, 0.0517468064020978], 1, -1.0, [0.24001646944167865, 0.04964356451681436]
[0.24001646944167865, 0.04964356451681436], 1, -1.0, [0.28778060108566533, 0.047764131643986706]
[0.28778060108566533, 0.047764131643986706], 1, -1.0, [0.3339199795570522, 0.04613937847138687]
[0.3339199795570522, 0.04613937847138687], 1, -1.0, [0.3787123066970787, 0.0447923271400265]
[0.3787123066970787, 0.0447923271400265], 1, -1.0, [0.4224518800794228, 0.0437395733823441]
[0.4224518800794228, 0.0437395733823441], 1, -1.0, [0.4654444398008648, 0.042992559721442024]
[0.4654444398008648, 0.042992559721442024], 1, -1.0, [0.5080030512181968, 0.042558611417332]
