[-0.538651781200965, 0.0], 2, -1.0, [-0.5375389220277178, 0.00111285917324722]
[-0.5375389220277178, 0.00111285917324722], 2, -1.0, [-0.5353215422293439, 0.0022173797983738525]
[-0.5353215422293439, 0.0022173797983738525], 2, -1.0, [-0.5320162598036502, 0.0033052824256936822]
[-0.5320162598036502, 0.0033052824256936822], 2, -1.0, [-0.527647852955846, 0.004368406847804134]
[-0.527647852955846, 0.004368406847804134], 2, -1.0, [-0.5222490787746831, 0.005398774181162986]
[-0.5222490787746831, 0.005398774181162986], 2, -1.0, [-0.5158604272920366, 0.00638865148264642]
[-0.5158604272920366, 0.00638865148264642], 0, -1.0, [-0.5105298082087122, 0.005330619083324431]
[-0.5105298082087122, 0.005330619083324431], 0, -1.0, [-0.5062971812710263, 0.004232626937685892]
[-0.5062971812710263, 0.004232626937685892], 0, -1.0, [-0.503194258033221, 0.003102923237805283]
[-0.503194258033221, 0.003102923237805283], 0, -1.0, [-0.5012442731228731, 0.001949984910347935]
[-0.5012442731228731, 0.001949984910347935], 0, -1.0, [-0.5004618213347384, 0.0007824517881347009]
[-0.5004618213347384, 0.0007824517881347009], 0, -1.0, [-0.5008527573986564, -0.0003909360639180819]
[-0.5008527573986564, -0.0003909360639180819], 0, -1.0, [-0.5024141562357811, -0.0015613988371247069]
[-0.5024141562357811, -0.0015613988371247069], 0, -1.0, [-0.5051343327814168, -0.0027201765456357566]
[-0.5051343327814168, -0.0027201765456357566], 0, -1.0, [-0.5089929218381924, -0.003858589056775637]
[-0.5089929218381924, -0.003858589056775637], 0, -1.0, [-0.5139610197478741, -0.00496809790968168]
[-0.5139610197478741, -0.00496809790968168], 0, -1.0, [-0.5200013907556766, -0.006040371007802555]
[-0.5200013907556766, -0.006040371007802555], 0, -1.0, [-0.527068741626065, -0.00706735087038831]
[-0.527068741626065, -0.00706735087038831], 0, -1.0, [-0.5351100682212754, -0.008041326595210346]
[-0.5351100682212754, -0.008041326595210346], 0, -1.0, [-0.5440650772810873, -0.00895500905981197]
[-0.5440650772810873, -0.00895500905981197], 0, -1.0, [-0.5538666855030848, -0.009801608221997547]
[-0.5538666855030848, -0.009801608221997547], 0, -1.0, [-0.5644415962328636, -0.010574910729778772]
[-0.5644415962328636, -0.010574910729778772], 0, -1.0, [-0.5757109517107409, -0.011269355477877377]
[-0.5757109517107409, -0.011269355477877377], 0, -1.0, [-0.587591056022565, -0.011880104311824107]
[-0.587591056022565, -0.011880104311824107], 0, -1.0, [-0.5999941608564058, -0.012403104833840826]
[-0.5999941608564058, -0.012403104833840826], 0, -1.0, [-0.6128293031018722, -0.012835142245466422]
[-0.6128293031018722, -0.012835142245466422], 0, -1.0, [-0.6260031804913533, -0.013173877389481075]
[-0.6260031804913533, -0.013173877389481075], 0, -1.0, [-0.6394210491155912, -0.013417868624237831]
[-0.6394210491155912, -0.013417868624237831], 0, -1.0, [-0.6529876249644204, -0.013566575848829294]
[-0.6529876249644204, -0.013566575848829294], 0, -1.0, [-0.6666079708112788, -0.013620345846858352]
[-0.6666079708112788, -0.013620345846858352], 0, -1.0, [-0.6801883498728235, -0.013580379061544693]
[-0.6801883498728235, -0.013580379061544693], 0, -1.0, [-0.6936370287496872, -0.013448678876863757]
[-0.6936370287496872, -0.013448678876863757], 0, -1.0, [-0.7068650141281725, -0.013227985378485185]
[-0.7068650141281725, -0.013227985378485185], 0, -1.0, [-0.7197867104605387, -0.012921696332366143]
[-0.7197867104605387, -0.012921696332366143], 0, -1.0, [-0.7323204891520546, -0.012533778691516]
[-0.7323204891520546, -0.012533778691516], 2, -1.0, [-0.742389163439366, -0.010068674287311417]
[-0.742389163439366, -0.010068674287311417], 2, -1.0, [-0.7499322225548198, -0.007543059115453885]
[-0.7499322225548198, -0.007543059115453885], 2, -1.0, [-0.754905243164529, -0.004973020609709216]
[-0.754905243164529, -0.004973020609709216], 2, -1.0, [-0.757279376001615, -0.0023741328370860105]
[-0.757279376001615, -0.0023741328370860105], 2, -1.0, [-0.7570409734611786, 0.00023840254043639353]
[-0.7570409734611786, 0.00023840254043639353], 2, -1.0, [-0.7541914023071654, 0.0028495711540132015]
[-0.7541914023071654, 0.0028495711540132015], 2, -1.0, [-0.7487470627569999, 0.005444339550165506]
[-0.7487470627569999, 0.005444339550165506], 2, -1.0, [-0.7407396118035123, 0.008007450953487504]
[-0.7407396118035123, 0.008007450953487504], 2, -1.0, [-0.7302163652772504, 0.010523246526261944]
[-0.7302163652772504, 0.010523246526261944], 2, -1.0, [-0.7172408304356607, 0.012975534841589802]
[-0.7172408304356607, 0.012975534841589802], 2, -1.0, [-0.7018932995849184, 0.015347530850742285]
[-0.7018932995849184, 0.015347530850742285], 2, -1.0, [-0.6842714165427191, 0.01762188304219941]
[-0.6842714165427191, 0.01762188304219941], 2, -1.0, [-0.6644906131968961, 0.019780803345822964]
[-0.6644906131968961, 0.019780803345822964], 2, -1.0, [-0.6426843049214744, 0.021806308275421665]
[-0.6426843049214744, 0.021806308275421665], 2, -1.0, [-0.6190037332454807, 0.02368057167599364]
[-0.6190037332454807, 0.02368057167599364], 2, -1.0, [-0.5936173537932348, 0.025386379452246033]
[-0.5936173537932348, 0.025386379452246033], 2, -1.0, [-0.5667096883168156, 0.02690766547641918]
[-0.5667096883168156, 0.02690766547641918], 2, -1.0, [-0.5384795916344173, 0.02823009668239833]
[-0.5384795916344173, 0.02823009668239833], 2, -1.0, [-0.5091379258989231, 0.02934166573549414]
[-0.5091379258989231, 0.02934166573549414], 2, -1.0, [-0.478904682519403, 0.030233243379520186]
[-0.478904682519403, 0.030233243379520186], 2, -1.0, [-0.44800564134921333, 0.030899041170189656]
[-0.44800564134921333, 0.030899041170189656], 2, -1.0, [-0.4166687015773254, 0.03133693977188798]
[-0.4166687015773254, 0.03133693977188798], 2, -1.0, [-0.385120053228169, 0.03154864834915637]
[-0.385120053228169, 0.03154864834915637], 0, -1.0, [-0.35558037746816856, 0.029539675760000435]
[-0.35558037746816856, 0.029539675760000435], 0, -1.0, [-0.32824815259506057, 0.02733222487310802]
[-0.32824815259506057, 0.02733222487310802], 0, -1.0, [-0.303298617803428, 0.024949534791632602]
[-0.303298617803428, 0.024949534791632602], 0, -1.0, [-0.28088365293750095, 0.022414964865927055]
[-0.28088365293750095, 0.022414964865927055], 0, -1.0, [-0.2611324042330455, 0.01975124870445545]
[-0.2611324042330455, 0.01975124870445545], 0, -1.0, [-0.24415245615482029, 0.016979948078225227]
[-0.24415245615482029, 0.016979948078225227], 0, -1.0, [-0.23003134160073754, 0.014121114554082732]
[-0.23003134160073754, 0.014121114554082732], 0, -1.0, [-0.21883819244991826, 0.011193149150819301]
[-0.21883819244991826, 0.011193149150819301], 0, -1.0, [-0.21062535429924456, 0.008212838150673685]
[-0.21062535429924456, 0.008212838150673685], 0, -1.0, [-0.20542981818448963, 0.005195536114754939]
[-0.20542981818448963, 0.005195536114754939], 0, -1.0, [-0.20327435408546368, 0.0021554640990259595]
[-0.20327435408546368, 0.0021554640990259595], 0, -1.0, [-0.20416826340366367, -0.0008939093181999955]
[-0.20416826340366367, -0.0008939093181999955], 0, -1.0, [-0.20810769906015322, -0.00393943565648956]
[-0.20810769906015322, -0.00393943565648956], 0, -1.0, [-0.2150755321858381, -0.0069678331256848875]
[-0.2150755321858381, -0.0069678331256848875], 0, -1.0, [-0.2250407741038537, -0.009965241918015583]
[-0.2250407741038537, -0.009965241918015583], 0, -1.0, [-0.2379575922878883, -0.0129168181840346]
[-0.2379575922878883, -0.0129168181840346], 0, -1.0, [-0.2537639899430553, -0.015806397655167018]
[-0.2537639899430553, -0.015806397655167018], 0, -1.0, [-0.2723802509490318, -0.018616261005976468]
[-0.2723802509490318, -0.018616261005976468], 0, -1.0, [-0.293707284310992, -0.021327033361960235]
[-0.293707284310992, -0.021327033361960235], 0, -1.0, [-0.3176250328923612, -0.02391774858136918]
[-0.3176250328923612, -0.02391774858136918], 0, -1.0, [-0.3439911365704644, -0.02636610367810315]
[-0.3439911365704644, -0.02636610367810315], 0, -1.0, [-0.372640055352258, -0.028648918781793646]
[-0.372640055352258, -0.028648918781793646], 0, -1.0, [-0.40338285803920554, -0.03074280268694752]
[-0.40338285803920554, -0.03074280268694752], 0, -1.0, [-0.43600786169865724, -0.03262500365945167]
[-0.43600786169865724, -0.03262500365945167], 0, -1.0, [-0.4702822631331567, -0.03427440143449942]
[-0.4702822631331567, -0.03427440143449942], 0, -1.0, [-0.5059548355385346, -0.0356725724053779]
[-0.5059548355385346, -0.0356725724053779], 0, -1.0, [-0.5427596757100219, -0.036804840171487295]
[-0.5427596757100219, -0.036804840171487295], 0, -1.0, [-0.580420888258362, -0.03766121254834014]
[-0.580420888258362, -0.03766121254834014], 0, -1.0, [-0.6186579959410429, -0.03823710768268087]
[-0.6186579959410429, -0.03823710768268087], 0, -1.0, [-0.6571917837703907, -0.03853378782934783]
[-0.6571917837703907, -0.03853378782934783], 0, -1.0, [-0.6957502322168224, -0.03855844844643171]
[-0.6957502322168224, -0.03855844844643171], 0, -1.0, [-0.7340741805252841, -0.03832394830846167]
[-0.7340741805252841, -0.03832394830846167], 0, -1.0, [-0.7719223873858929, -0.03784820686060882]
[-0.7719223873858929, -0.03784820686060882], 0, -1.0, [-0.8090757183175132, -0.03715333093162035]
[-0.8090757183175132, -0.03715333093162035], 0, -1.0, [-0.8453402765508067, -0.0362645582332935]
[-0.8453402765508067, -0.0362645582332935], 0, -1.0, [-0.8805493929555794, -0.035209116404772776]
[-0.8805493929555794, -0.035209116404772776], 0, -1.0, [-0.9145644864084188, -0.03401509345283941]
[-0.9145644864084188, -0.03401509345283941], 0, -1.0, [-0.9472748872283785, -0.03271040081995972]
[-0.9472748872283785, -0.03271040081995972], 0, -1.0, [-0.9785967754821046, -0.03132188825372606]
[-0.9785967754821046, -0.03132188825372606], 0, -1.0, [-1.008471420380945, -0.029874644898840477]
[-1.008471420380945, -0.029874644898840477], 0, -1.0, [-1.0368629180847948, -0.028391497703849668]
[-1.0368629180847948, -0.028391497703849668], 0, -1.0, [-1.0637556172446165, -0.026892699159821735]
[-1.0637556172446165, -0.026892699159821735], 0, -1.0, [-1.089151400177704, -0.025395782933087512]
[-1.089151400177704, -0.025395782933087512], 0, -1.0, [-1.1130669583961132, -0.023915558218409246]
[-1.1130669583961132, -0.023915558218409246], 0, -1.0, [-1.1355311692467285, -0.022464210850615233]
[-1.1355311692467285, -0.022464210850615233], 0, -1.0, [-1.156582649404416, -0.021051480157687548]
[-1.156582649404416, -0.021051480157687548], 0, -1.0, [-1.1762675333184915, -0.019684883914075437]
[-1.1762675333184915, -0.019684883914075437], 0, -1.0, [-1.1946375017210118, -0.01836996840252027]
[-1.1946375017210118, -0.01836996840252027], 2, -1.0, [-1.2, 0.0]
[-1.2, 0.0], 2, -1.0, [-1.1967581039591646, 0.003241896040835368]
[-1.1967581039591646, 0.003241896040835368], 2, -1.0, [-1.1902636585360942, 0.006494445423070332]
[-1.1902636585360942, 0.006494445423070332], 2, -1.0, [-1.1804959639787937, 0.009767694557300442]
[-1.1804959639787937, 0.009767694557300442], 2, -1.0, [-1.1674255149588486, 0.013070449019945182]
[-1.1674255149588486, 0.013070449019945182], 2, -1.0, [-1.1510159267200155, 0.016409588238833067]
[-1.1510159267200155, 0.016409588238833067], 2, -1.0, [-1.1312266168239755, 0.019789309896040046]
[-1.1312266168239755, 0.019789309896040046], 2, -1.0, [-1.108016322100852, 0.02321029472312345]
[-1.108016322100852, 0.02321029472312345], 2, -1.0, [-1.081347524946184, 0.02666879715466819]
[-1.081347524946184, 0.02666879715466819], 2, -1.0, [-1.0511918363028878, 0.03015568864329602]
[-1.0511918363028878, 0.03015568864329602], 2, -1.0, [-1.0175363271434712, 0.0336555091594167]
[-1.0175363271434712, 0.0336555091594167], 2, -1.0, [-0.9803907090723114, 0.03714561807115983]
[-0.9803907090723114, 0.03714561807115983], 2, -1.0, [-0.9397951336374217, 0.04059557543488971]
[-0.9397951336374217, 0.04059557543488971], 2, -1.0, [-0.8958282112564235, 0.043966922380998245]
[-0.8958282112564235, 0.043966922380998245], 2, -1.0, [-0.8486146572192776, 0.04721355403714586]
[-0.8486146572192776, 0.04721355403714586], 2, -1.0, [-0.7983317816221248, 0.05028287559715283]
[-0.7983317816221248, 0.05028287559715283], 2, -1.0, [-0.7452138959379592, 0.0531178856841656]
[-0.7452138959379592, 0.0531178856841656], 2, -1.0, [-0.6895536666604415, 0.0556602292775177]
[-0.6895536666604415, 0.0556602292775177], 2, -1.0, [-0.6316995610792892, 0.057854105581152386]
[-0.6316995610792892, 0.057854105581152386], 2, -1.0, [-0.5720488365336812, 0.05965072454560789]
[-0.5720488365336812, 0.05965072454560789], 2, -1.0, [-0.5110360146660762, 0.061012821867605024]
[-0.5110360146660762, 0.061012821867605024], 2, -1.0, [-0.44911739120176025, 0.061918623464315904]
[-0.44911739120176025, 0.061918623464315904], 1, -1.0, [-0.38775274139346727, 0.061364649808292995]
[-0.38775274139346727, 0.061364649808292995], 2, -1.0, [-0.3263789672475157, 0.06137377414595155]
[-0.3263789672475157, 0.06137377414595155], 2, -1.0, [-0.26539954095165597, 0.06097942629585973]
[-0.26539954095165597, 0.06097942629585973], 2, -1.0, [-0.20516868618070963, 0.060230854770946335]
[-0.20516868618070963, 0.060230854770946335], 2, -1.0, [-0.14597903482861013, 0.059189651352099505]
[-0.14597903482861013, 0.059189651352099505], 2, -1.0, [-0.08805345449177748, 0.057925580336832656]
[-0.08805345449177748, 0.057925580336832656], 2, -1.0, [-0.03154115432807773, 0.05651230016369975]
[-0.03154115432807773, 0.05651230016369975], 2, -1.0, [0.023482329487074037, 0.05502348381515177]
[0.023482329487074037, 0.05502348381515177], 2, -1.0, [0.077012014209841, 0.05352968472276695]
[0.077012014209841, 0.05352968472276695], 2, -1.0, [0.12910812473746897, 0.05209611052762796]
[0.12910812473746897, 0.05209611052762796], 0, -1.0, [0.17788942779041306, 0.048781303052944106]
[0.17788942779041306, 0.048781303052944106], 2, -1.0, [0.225518363768271, 0.047628935977857945]
[0.225518363768271, 0.047628935977857945], 1, -1.0, [0.2711979641582656, 0.04567960038999455]
[0.2711979641582656, 0.04567960038999455], 1, -1.0, [0.3151603371094307, 0.04396237295116511]
[0.3151603371094307, 0.04396237295116511], 1, -1.0, [0.35765932767793496, 0.04249899056850426]
[0.35765932767793496, 0.04249899056850426], 1, -1.0, [0.3989645437071655, 0.04130521602923052]
[0.3989645437071655, 0.04130521602923052], 1, -1.0, [0.4393566315895425, 0.04039208788237705]
[0.4393566315895425, 0.04039208788237705], 1, -1.0, [0.4791236076961463, 0.03976697610660378]
[0.4791236076961463, 0.03976697610660378], 1, -1.0, [0.5185580088668714, 0.0394344011707251]
