[-0.5940685593021765, 0.0], 2, -1.0, [-0.592543964098882, 0.0015245952032945554]
[-0.592543964098882, 0.0015245952032945554], 2, -1.0, [-0.5895059590292787, 0.003038005069603305]
[-0.5895059590292787, 0.003038005069603305], 2, -1.0, [-0.5849768644980733, 0.0045290945312054]
[-0.5849768644980733, 0.0045290945312054], 2, -1.0, [-0.5789900312067271, 0.005986833291346165]
[-0.5789900312067271, 0.005986833291346165], 2, -1.0, [-0.5715896728085849, 0.00740035839814223]
[-0.5715896728085849, 0.00740035839814223], 2, -1.0, [-0.5628306248455802, 0.008759047963004658]
[-0.5628306248455802, 0.008759047963004658], 2, -1.0, [-0.5527780168542121, 0.010052607991368066]
[-0.5527780168542121, 0.010052607991368066], 1, -1.0, [-0.5425068439416562, 0.010271172912555948]
[-0.5425068439416562, 0.010271172912555948], 1, -1.0, [-0.5320939365533794, 0.010412907388276686]
[-0.5320939365533794, 0.010412907388276686], 1, -1.0, [-0.5216173223548289, 0.010476614198550517]
[-0.5216173223548289, 0.010476614198550517], 0, -1.0, [-0.5121555689680852, 0.009461753386743672]
[-0.5121555689680852, 0.009461753386743672], 0, -1.0, [-0.5037796227744615, 0.008375946193623668]
[-0.5037796227744615, 0.008375946193623668], 0, -1.0, [-0.4965522326619231, 0.007227390112538425]
[-0.4965522326619231, 0.007227390112538425], 0, -1.0, [-0.49052746911380973, 0.006024763548113383]
[-0.49052746911380973, 0.006024763548113383], 0, -1.0, [-0.48575033364685805, 0.004777135466951698]
[-0.48575033364685805, 0.004777135466951698], 0, -1.0, [-0.48225645193437566, 0.0034938817124823707]
[-0.48225645193437566, 0.0034938817124823707], 0, -1.0, [-0.48007184331540664, 0.0021846086189689917]
[-0.48007184331540664, 0.0021846086189689917], 0, -1.0, [-0.47921275973830274, 0.0008590835771038962]
[-0.47921275973830274, 0.0008590835771038962], 0, -1.0, [-0.47968558838773945, -0.0004728286494367184]
[-0.47968558838773945, -0.0004728286494367184], 0, -1.0, [-0.4814868141087618, -0.0018012257210223426]
[-0.4814868141087618, -0.0018012257210223426], 0, -1.0, [-0.4846030400377791, -0.0031162259290172948]
[-0.4846030400377791, -0.0031162259290172948], 0, -1.0, [-0.48901106731999766, -0.0044080272822185395]
[-0.48901106731999766, -0.0044080272822185395], 0, -1.0, [-0.4946780371667653, -0.005666969846767631]
[-0.4946780371667653, -0.005666969846767631], 0, -1.0, [-0.5015616405215247, -0.0068836033547594305]
[-0.5015616405215247, -0.0068836033547594305], 0, -1.0, [-0.5096104020180424, -0.008048761496517728]
[-0.5096104020180424, -0.008048761496517728], 0, -1.0, [-0.5187640455259683, -0.009153643507925899]
[-0.5187640455259683, -0.009153643507925899], 0, -1.0, [-0.5289539482380881, -0.010189902712119774]
[-0.5289539482380881, -0.010189902712119774], 0, -1.0, [-0.5401036888831054, -0.011149740645017428]
[-0.5401036888831054, -0.011149740645017428], 0, -1.0, [-0.5521296932538517, -0.01202600437074628]
[-0.5521296932538517, -0.01202600437074628], 0, -1.0, [-0.5649419769226264, -0.012812283668774578]
[-0.5649419769226264, -0.012812283668774578], 0, -1.0, [-0.5784449809659986, -0.01350300404337229]
[-0.5784449809659986, -0.01350300404337229], 0, -1.0, [-0.5925384920194228, -0.014093511053424167]
[-0.5925384920194228, -0.014093511053424167], 0, -1.0, [-0.6071186333724506, -0.014580141353027919]
[-0.6071186333724506, -0.014580141353027919], 0, -1.0, [-0.6220789094803901, -0.014960276107939506]
[-0.6220789094803901, -0.014960276107939506], 0, -1.0, [-0.6373112825904456, -0.015232373110055415]
[-0.6373112825904456, -0.015232373110055415], 0, -1.0, [-0.652707257502104, -0.0153959749116585]
[-0.652707257502104, -0.0153959749116585], 0, -1.0, [-0.6681589490667851, -0.01545169156468112]
[-0.6681589490667851, -0.01545169156468112], 0, -1.0, [-0.683560107035579, -0.015401157968793903]
[-0.683560107035579, -0.015401157968793903], 0, -1.0, [-0.6988070743144276, -0.015246967278848535]
[-0.6988070743144276, -0.015246967278848535], 0, -1.0, [-0.7137996574823356, -0.014992583167908035]
[-0.7137996574823356, -0.014992583167908035], 0, -1.0, [-0.7284418923535607, -0.014642234871225072]
[-0.7284418923535607, -0.014642234871225072], 1, -1.0, [-0.7416426921143046, -0.013200799760743788]
[-0.7416426921143046, -0.013200799760743788], 2, -1.0, [-0.7523223157510887, -0.010679623636784085]
[-0.7523223157510887, -0.010679623636784085], 2, -1.0, [-0.7604179915663807, -0.008095675815292039]
[-0.7604179915663807, -0.008095675815292039], 2, -1.0, [-0.7658832154679925, -0.005465223901611853]
[-0.7658832154679925, -0.005465223901611853], 2, -1.0, [-0.768687135590457, -0.0028039201224643933]
[-0.768687135590457, -0.0028039201224643933], 2, -1.0, [-0.7688140962715362, -0.0001269606810792561]
[-0.7688140962715362, -0.0001269606810792561], 2, -1.0, [-0.766263391427142, 0.0025507048443942767]
[-0.766263391427142, 0.0025507048443942767], 2, -1.0, [-0.7610492531813753, 0.0052141382457666086]
[-0.7610492531813753, 0.0052141382457666086], 2, -1.0, [-0.7532010769249621, 0.007848176256413228]
[-0.7532010769249621, 0.007848176256413228], 2, -1.0, [-0.7427638592714463, 0.010437217653515761]
[-0.7427638592714463, 0.010437217653515761], 2, -1.0, [-0.7297988011216038, 0.012965058149842484]
[-0.7297988011216038, 0.012965058149842484], 2, -1.0, [-0.7143840049116696, 0.015414796209934118]
[-0.7143840049116696, 0.015414796209934118], 2, -1.0, [-0.6966151741877517, 0.017768830723917994]
[-0.6966151741877517, 0.017768830723917994], 2, -1.0, [-0.6766062064957766, 0.02000896769197497]
[-0.6766062064957766, 0.02000896769197497], 2, -1.0, [-0.6544895592591948, 0.022116647236581844]
[-0.6544895592591948, 0.022116647236581844], 2, -1.0, [-0.6304162651819456, 0.024073294077249188]
[-0.6304162651819456, 0.024073294077249188], 2, -1.0, [-0.6045554810352836, 0.02586078414666205]
[-0.6045554810352836, 0.02586078414666205], 2, -1.0, [-0.5770934731473224, 0.027462007887961118]
[-0.5770934731473224, 0.027462007887961118], 2, -1.0, [-0.5482319750158696, 0.028861498131452824]
[-0.5482319750158696, 0.028861498131452824], 2, -1.0, [-0.5181858959998898, 0.030046079015979776]
[-0.5181858959998898, 0.030046079015979776], 2, -1.0, [-0.4871804117967459, 0.031005484203143897]
[-0.4871804117967459, 0.031005484203143897], 2, -1.0, [-0.45544752225362084, 0.03173288954312511]
[-0.45544752225362084, 0.03173288954312511], 2, -1.0, [-0.423222213528802, 0.0322253087248188]
[-0.423222213528802, 0.0322253087248188], 2, -1.0, [-0.39073840292477807, 0.03248381060402396]
[-0.39073840292477807, 0.03248381060402396], 2, -1.0, [-0.35822487000552233, 0.03251353291925573]
[-0.35822487000552233, 0.03251353291925573], 0, -1.0, [-0.3279013831559573, 0.030323486849565047]
[-0.3279013831559573, 0.030323486849565047], 0, -1.0, [-0.299962752421483, 0.027938630734474286]
[-0.299962752421483, 0.027938630734474286], 0, -1.0, [-0.2745783654257121, 0.02538438699577092]
[-0.2745783654257121, 0.02538438699577092], 0, -1.0, [-0.25189269231684436, 0.02268567310886777]
[-0.25189269231684436, 0.02268567310886777], 0, -1.0, [-0.23202653595133219, 0.019866156365512172]
[-0.23202653595133219, 0.019866156365512172], 0, -1.0, [-0.21507878430875155, 0.016947751642580625]
[-0.21507878430875155, 0.016947751642580625], 0, -1.0, [-0.20112842679020626, 0.01395035751854529]
[-0.20112842679020626, 0.01395035751854529], 0, -1.0, [-0.19023661781231005, 0.010891808977896204]
[-0.19023661781231005, 0.010891808977896204], 0, -1.0, [-0.18244860309295494, 0.007788014719355118]
[-0.18244860309295494, 0.007788014719355118], 0, -1.0, [-0.1777953604464089, 0.004653242646546041]
[-0.1777953604464089, 0.004653242646546041], 0, -1.0, [-0.17629484367611314, 0.0015005167702957598]
[-0.17629484367611314, 0.0015005167702957598], 0, -1.0, [-0.1779527530067454, -0.001657909330632262]
[-0.1779527530067454, -0.001657909330632262], 0, -1.0, [-0.18276278777449012, -0.00481003476774471]
[-0.18276278777449012, -0.00481003476774471], 0, -1.0, [-0.19070636735081925, -0.007943579576329123]
[-0.19070636735081925, -0.007943579576329123], 0, -1.0, [-0.20175183580294653, -0.011045468452127281]
[-0.20175183580294653, -0.011045468452127281], 2, -1.0, [-0.21385319612472753, -0.012101360321780986]
[-0.21385319612472753, -0.012101360321780986], 0, -1.0, [-0.22895746495580718, -0.015104268831079643]
[-0.22895746495580718, -0.015104268831079643], 0, -1.0, [-0.2469948164783409, -0.018037351522533728]
[-0.2469948164783409, -0.018037351522533728], 0, -1.0, [-0.2678766789974827, -0.020881862519141797]
[-0.2678766789974827, -0.020881862519141797], 0, -1.0, [-0.2914937867556584, -0.023617107758175694]
[-0.2914937867556584, -0.023617107758175694], 0, -1.0, [-0.3177143816400656, -0.026220594884407193]
[-0.3177143816400656, -0.026220594884407193], 0, -1.0, [-0.34638278536831224, -0.028668403728246618]
[-0.34638278536831224, -0.028668403728246618], 0, -1.0, [-0.37731857543370667, -0.030935790065394406]
[-0.37731857543370667, -0.030935790065394406], 0, -1.0, [-0.41031659102508605, -0.03299801559137939]
[-0.41031659102508605, -0.03299801559137939], 0, -1.0, [-0.44514796268151186, -0.03483137165642579]
[-0.44514796268151186, -0.03483137165642579], 0, -1.0, [-0.4815622986448962, -0.03641433596338433]
[-0.4815622986448962, -0.03641433596338433], 0, -1.0, [-0.5192910731861399, -0.037728774541243695]
[-0.5192910731861399, -0.037728774541243695], 0, -1.0, [-0.5580521545962133, -0.038761081410073436]
[-0.5580521545962133, -0.038761081410073436], 0, -1.0, [-0.5975552955135991, -0.0395031409173858]
[-0.5975552955135991, -0.0395031409173858], 0, -1.0, [-0.637508302082931, -0.03995300656933183]
[-0.637508302082931, -0.03995300656933183], 0, -1.0, [-0.677623518103646, -0.04011521602071496]
[-0.677623518103646, -0.04011521602071496], 0, -1.0, [-0.7176242197059766, -0.040000701602330636]
[-0.7176242197059766, -0.040000701602330636], 0, -1.0, [-0.7572505224866245, -0.03962630278064791]
[-0.7572505224866245, -0.03962630278064791], 0, -1.0, [-0.7962644552633554, -0.039013932776730945]
[-0.7962644552633554, -0.039013932776730945], 0, -1.0, [-0.8344539432862327, -0.03818948802287725]
[-0.8344539432862327, -0.03818948802287725], 2, -1.0, [-0.8696355536939536, -0.03518161040772099]
[-0.8696355536939536, -0.03518161040772099], 0, -1.0, [-0.9036635488491809, -0.03402799515522721]
[-0.9036635488491809, -0.03402799515522721], 2, -1.0, [-0.9344197574398555, -0.03075620859067468]
[-0.9344197574398555, -0.03075620859067468], 0, -1.0, [-0.9638176931510325, -0.02939793571117695]
[-0.9638176931510325, -0.02939793571117695], 0, -1.0, [-0.9917934341595118, -0.027975741008479285]
[-0.9917934341595118, -0.027975741008479285], 0, -1.0, [-1.0183036289205343, -0.026510194761022475]
[-1.0183036289205343, -0.026510194761022475], 2, -1.0, [-1.0413232099630594, -0.023019581042525022]
[-1.0413232099630594, -0.023019581042525022], 2, -1.0, [-1.0608431792092425, -0.019519969246183242]
[-1.0608431792092425, -0.019519969246183242], 2, -1.0, [-1.0768652429484937, -0.016022063739251222]
[-1.0768652429484937, -0.016022063739251222], 2, -1.0, [-1.0893972020871734, -0.012531959138679709]
[-1.0893972020871734, -0.012531959138679709], 2, -1.0, [-1.0984491686009392, -0.009051966513765726]
[-1.0984491686009392, -0.009051966513765726], 2, -1.0, [-1.1040306276375536, -0.005581459036614308]
[-1.1040306276375536, -0.005581459036614308], 2, -1.0, [-1.1061483362159057, -0.0021177085783520557]
[-1.1061483362159057, -0.0021177085783520557], 2, -1.0, [-1.1048050389452722, 0.0013432972706334937]
[-1.1048050389452722, 0.0013432972706334937], 2, -1.0, [-1.099998983347507, 0.004806055597765212]
[-1.099998983347507, 0.004806055597765212], 2, -1.0, [-1.091724227122187, 0.008274756225320042]
[-1.091724227122187, 0.008274756225320042], 2, -1.0, [-1.0799717422802269, 0.01175248484196004]
[-1.0799717422802269, 0.01175248484196004], 2, -1.0, [-1.0647313318667877, 0.015240410413439168]
[-1.0647313318667877, 0.015240410413439168], 2, -1.0, [-1.0459943792824256, 0.01873695258436212]
[-1.0459943792824256, 0.01873695258436212], 2, -1.0, [-1.0237574429838006, 0.022236936298624933]
[-1.0237574429838006, 0.022236936298624933], 2, -1.0, [-0.9980266853235304, 0.02573075766027015]
[-0.9980266853235304, 0.02573075766027015], 2, -1.0, [-0.9688230783345775, 0.029203606988952985]
[-0.9688230783345775, 0.029203606988952985], 2, -1.0, [-0.9361882573536897, 0.03263482098088781]
[-0.9361882573536897, 0.03263482098088781], 2, -1.0, [-0.900190794261699, 0.0359974630919907]
[-0.900190794261699, 0.0359974630919907], 2, -1.0, [-0.8609325396227262, 0.03925825463897286]
[-0.8609325396227262, 0.03925825463897286], 2, -1.0, [-0.8185545485920006, 0.04237799103072561]
[-0.8185545485920006, 0.04237799103072561], 2, -1.0, [-0.7732419801742202, 0.045312568417780405]
[-0.7732419801742202, 0.045312568417780405], 2, -1.0, [-0.7252272738065242, 0.048014706367696024]
[-0.7252272738065242, 0.048014706367696024], 2, -1.0, [-0.6747908977097805, 0.05043637609674366]
[-0.6747908977097805, 0.05043637609674366], 2, -1.0, [-0.6222590639273834, 0.05253183378239709]
[-0.6222590639273834, 0.05253183378239709], 2, -1.0, [-0.5679980346354001, 0.05426102929198324]
[-0.5679980346354001, 0.05426102929198324], 2, -1.0, [-0.5124049946725683, 0.05559303996283184]
[-0.5124049946725683, 0.05559303996283184], 2, -1.0, [-0.45589589228844357, 0.05650910238412472]
[-0.45589589228844357, 0.05650910238412472], 2, -1.0, [-0.39889107752893416, 0.057004814759509394]
[-0.39889107752893416, 0.057004814759509394], 2, -1.0, [-0.3417999038215308, 0.05709117370740336]
[-0.3417999038215308, 0.05709117370740336], 2, -1.0, [-0.28500562312991234, 0.05679428069161845]
[-0.28500562312991234, 0.05679428069161845], 2, -1.0, [-0.2288518568895303, 0.056153766240382055]
[-0.2288518568895303, 0.056153766240382055], 2, -1.0, [-0.17363167550649794, 0.05522018138303238]
[-0.17363167550649794, 0.05522018138303238], 2, -1.0, [-0.11957992940157466, 0.05405174610492327]
[-0.11957992940157466, 0.05405174610492327], 2, -1.0, [-0.06686903334800089, 0.05271089605357378]
[-0.06686903334800089, 0.05271089605357378], 2, -1.0, [-0.015608001757120592, 0.051261031590880295]
[-0.015608001757120592, 0.051261031590880295], 2, -1.0, [0.03415576994240406, 0.04976377169952465]
[0.03415576994240406, 0.04976377169952465], 2, -1.0, [0.08243265459953628, 0.04827688465713221]
[0.08243265459953628, 0.04827688465713221], 2, -1.0, [0.12928559581082097, 0.04685294121128469]
[0.12928559581082097, 0.04685294121128469], 2, -1.0, [0.17482423262309701, 0.04553863681227604]
[0.17482423262309701, 0.04553863681227604], 2, -1.0, [0.21919889915538454, 0.04437466653228753]
[0.21919889915538454, 0.04437466653228753], 2, -1.0, [0.26259490705287103, 0.04339600789748648]
[0.26259490705287103, 0.04339600789748648], 1, -1.0, [0.3042273719056233, 0.04163246485275232]
[0.3042273719056233, 0.04163246485275232], 1, -1.0, [0.3443307717481879, 0.040103399842564565]
[0.3443307717481879, 0.040103399842564565], 1, -1.0, [0.3831535435029169, 0.03882277175472902]
[0.3831535435029169, 0.03882277175472902], 1, -1.0, [0.42095386601148616, 0.03780032250856925]
[0.42095386601148616, 0.03780032250856925], 1, -1.0, [0.45799646061975713, 0.03704259460827098]
[0.45799646061975713, 0.03704259460827098], 1, -1.0, [0.49455020793606, 0.03655374731630289]
[0.49455020793606, 0.03655374731630289], 1, -1.0, [0.5308863666472973, 0.03633615871123728]
