[-0.45470832122187765, 0.0], 0, -1.0, [-0.45622132932499265, -0.0015130081031149935]
[-0.45622132932499265, -0.0015130081031149935], 0, -1.0, [-0.4592362342070073, -0.0030149048820146762]
[-0.4592362342070073, -0.0030149048820146762], 0, -1.0, [-0.4637308642138692, -0.004494630006861905]
[-0.4637308642138692, -0.004494630006861905], 0, -1.0, [-0.4696720934600458, -0.0059412292461765775]
[-0.4696720934600458, -0.0059412292461765775], 0, -1.0, [-0.47701601086539125, -0.007343917405345445]
[-0.47701601086539125, -0.007343917405345445], 0, -1.0, [-0.48570816293852587, -0.008692152073134621]
[-0.48570816293852587, -0.008692152073134621], 0, -1.0, [-0.49568388300753574, -0.009975720069009899]
[-0.49568388300753574, -0.009975720069009899], 0, -1.0, [-0.5068687201418774, -0.011184837134341758]
[-0.5068687201418774, -0.011184837134341758], 1, -1.0, [-0.5181789800189108, -0.011310259877033383]
[-0.5181789800189108, -0.011310259877033383], 0, -1.0, [-0.53052988657179, -0.012350906552879144]
[-0.53052988657179, -0.012350906552879144], 0, -1.0, [-0.5438288135382292, -0.013298926966439245]
[-0.5438288135382292, -0.013298926966439245], 0, -1.0, [-0.5579761083443355, -0.014147294806106357]
[-0.5579761083443355, -0.014147294806106357], 0, -1.0, [-0.5728660299674637, -0.01488992162312821]
[-0.5728660299674637, -0.01488992162312821], 0, -1.0, [-0.5883877910403378, -0.01552176107287411]
[-0.5883877910403378, -0.01552176107287411], 0, -1.0, [-0.6044266882670548, -0.01603889722671708]
[-0.6044266882670548, -0.01603889722671708], 0, -1.0, [-0.6208652993942625, -0.016438611127207684]
[-0.6208652993942625, -0.016438611127207684], 0, -1.0, [-0.6375847200479372, -0.01671942065367471]
[-0.6375847200479372, -0.01671942065367471], 0, -1.0, [-0.6544658101807637, -0.01688109013282651]
[-0.6544658101807637, -0.01688109013282651], 0, -1.0, [-0.6713904180368289, -0.01692460785606515]
[-0.6713904180368289, -0.01692460785606515], 0, -1.0, [-0.6882425496313443, -0.01685213159451544]
[-0.6882425496313443, -0.01685213159451544], 0, -1.0, [-0.7049094537831697, -0.016666904151825333]
[-0.7049094537831697, -0.016666904151825333], 0, -1.0, [-0.7212825965633969, -0.01637314278022719]
[-0.7212825965633969, -0.01637314278022719], 0, -1.0, [-0.7372585043101914, -0.01597590774679448]
[-0.7372585043101914, -0.01597590774679448], 0, -1.0, [-0.7527394606670224, -0.015480956356831032]
[-0.7527394606670224, -0.015480956356831032], 0, -1.0, [-0.7676340499247858, -0.01489458925776342]
[-0.7676340499247858, -0.01489458925776342], 0, -1.0, [-0.7818575457810214, -0.014223495856235587]
[-0.7818575457810214, -0.014223495856235587], 2, -1.0, [-0.7933321510137754, -0.011474605232754051]
[-0.7933321510137754, -0.011474605232754051], 2, -1.0, [-0.801997417668953, -0.008665266655177632]
[-0.801997417668953, -0.008665266655177632], 2, -1.0, [-0.807809114327132, -0.005811696658178945]
[-0.807809114327132, -0.005811696658178945], 2, -1.0, [-0.8107382754123006, -0.0029291610851685697]
[-0.8107382754123006, -0.0029291610851685697], 2, -1.0, [-0.8107705182916525, -3.224287935193939e-05]
[-0.8107705182916525, -3.224287935193939e-05], 2, -1.0, [-0.8079056854607096, 0.0028648328309428565]
[-0.8079056854607096, 0.0028648328309428565], 2, -1.0, [-0.8021578405541572, 0.005747844906552414]
[-0.8021578405541572, 0.005747844906552414], 2, -1.0, [-0.7935556184981096, 0.008602222056047524]
[-0.7935556184981096, 0.008602222056047524], 2, -1.0, [-0.7821429016969597, 0.011412716801150002]
[-0.7821429016969597, 0.011412716801150002], 2, -1.0, [-0.7679797655964007, 0.014163136100558976]
[-0.7679797655964007, 0.014163136100558976], 2, -1.0, [-0.7511436085003876, 0.01683615709601308]
[-0.7511436085003876, 0.01683615709601308], 2, -1.0, [-0.7317303530196835, 0.019413255480704175]
[-0.7317303530196835, 0.019413255480704175], 2, -1.0, [-0.7098555817490185, 0.021874771270664995]
[-0.7098555817490185, 0.021874771270664995], 2, -1.0, [-0.6856554504098781, 0.02420013133914043]
[-0.6856554504098781, 0.02420013133914043], 2, -1.0, [-0.6592872112422122, 0.02636823916766583]
[-0.6592872112422122, 0.02636823916766583], 2, -1.0, [-0.630929181706468, 0.02835802953574425]
[-0.630929181706468, 0.02835802953574425], 2, -1.0, [-0.6007800119939596, 0.030149169712508313]
[-0.6007800119939596, 0.030149169712508313], 2, -1.0, [-0.5690571415088069, 0.031722870485152654]
[-0.5690571415088069, 0.031722870485152654], 2, -1.0, [-0.5359943890998976, 0.03306275240890932]
[-0.5359943890998976, 0.03306275240890932], 2, -1.0, [-0.5018386910150096, 0.03415569808488801]
[-0.5018386910150096, 0.03415569808488801], 2, -1.0, [-0.4668460776756279, 0.03499261333938167]
[-0.4668460776756279, 0.03499261333938167], 2, -1.0, [-0.4312770561280351, 0.03556902154759282]
[-0.4312770561280351, 0.03556902154759282], 2, -1.0, [-0.39539162890387825, 0.03588542722415685]
[-0.39539162890387825, 0.03588542722415685], 2, -1.0, [-0.35944422233249174, 0.035947406571386516]
[-0.35944422233249174, 0.035947406571386516], 2, -1.0, [-0.3236788113253666, 0.03576541100712518]
[-0.3236788113253666, 0.03576541100712518], 2, -1.0, [-0.2883245110385231, 0.03535430028684351]
[-0.2883245110385231, 0.03535430028684351], 2, -1.0, [-0.253591861399879, 0.03473264963864407]
[-0.253591861399879, 0.03473264963864407], 2, -1.0, [-0.21966996545173806, 0.033921895948140934]
[-0.21966996545173806, 0.033921895948140934], 0, -1.0, [-0.18872456673712532, 0.030945398714612743]
[-0.18872456673712532, 0.030945398714612743], 0, -1.0, [-0.16088906702543856, 0.02783549971168676]
[-0.16088906702543856, 0.02783549971168676], 0, -1.0, [-0.1362679675920107, 0.02462109943342787]
[-0.1362679675920107, 0.02462109943342787], 0, -1.0, [-0.11494086051401997, 0.021327107077990737]
[-0.11494086051401997, 0.021327107077990737], 0, -1.0, [-0.09696659203634897, 0.017974268477671]
[-0.09696659203634897, 0.017974268477671], 0, -1.0, [-0.08238728904535611, 0.01457930299099286]
[-0.08238728904535611, 0.01457930299099286], 2, -1.0, [-0.06923201276382362, 0.013155276281532482]
[-0.06923201276382362, 0.013155276281532482], 0, -1.0, [-0.05952300798758165, 0.009709004776241975]
[-0.05952300798758165, 0.009709004776241975], 0, -1.0, [-0.05327425039240407, 0.006248757595177581]
[-0.05327425039240407, 0.006248757595177581], 0, -1.0, [-0.050493631564306786, 0.0027806188280972838]
[-0.050493631564306786, 0.0027806188280972838], 0, -1.0, [-0.05118438446537968, -0.000690752901072894]
[-0.05118438446537968, -0.000690752901072894], 0, -1.0, [-0.05534572201866364, -0.004161337553283961]
[-0.05534572201866364, -0.004161337553283961], 0, -1.0, [-0.06297267824165481, -0.007626956222991166]
[-0.06297267824165481, -0.007626956222991166], 0, -1.0, [-0.07405515446227758, -0.011082476220622759]
[-0.07405515446227758, -0.011082476220622759], 0, -1.0, [-0.0885761871662441, -0.014521032703966529]
[-0.0885761871662441, -0.014521032703966529], 0, -1.0, [-0.10650947343959274, -0.017933286273348635]
[-0.10650947343959274, -0.017933286273348635], 0, -1.0, [-0.1278162188522572, -0.021306745412664453]
[-0.1278162188522572, -0.021306745412664453], 0, -1.0, [-0.15244141411091336, -0.02462519525865618]
[-0.15244141411091336, -0.02462519525865618], 0, -1.0, [-0.18030970233441168, -0.027868288223498322]
[-0.18030970233441168, -0.027868288223498322], 0, -1.0, [-0.21132106711760493, -0.031011364783193253]
[-0.21132106711760493, -0.031011364783193253], 0, -1.0, [-0.24534664757405134, -0.034025580456446394]
[-0.24534664757405134, -0.034025580456446394], 0, -1.0, [-0.282225060480893, -0.03687841290684166]
[-0.282225060480893, -0.03687841290684166], 0, -1.0, [-0.3217596667988699, -0.03953460631797689]
[-0.3217596667988699, -0.03953460631797689], 0, -1.0, [-0.36371724187229615, -0.04195757507342625]
[-0.36371724187229615, -0.04195757507342625], 0, -1.0, [-0.40782847671930783, -0.04411123484701168]
[-0.40782847671930783, -0.04411123484701168], 0, -1.0, [-0.45379063781728174, -0.04596216109797393]
[-0.45379063781728174, -0.04596216109797393], 0, -1.0, [-0.5012725412247587, -0.04748190340747694]
[-0.5012725412247587, -0.04748190340747694], 0, -1.0, [-0.5499217662196646, -0.04864922499490589]
[-0.5499217662196646, -0.04864922499490589], 0, -1.0, [-0.5993737739118937, -0.04945200769222908]
[-0.5993737739118937, -0.04945200769222908], 0, -1.0, [-0.6492623512330095, -0.0498885773211157]
[-0.6492623512330095, -0.0498885773211157], 0, -1.0, [-0.6992306180824942, -0.049968266849484744]
[-0.6992306180824942, -0.049968266849484744], 0, -1.0, [-0.7489417540606207, -0.04971113597812651]
[-0.7489417540606207, -0.04971113597812651], 0, -1.0, [-0.7980886393317398, -0.04914688527111913]
[-0.7980886393317398, -0.04914688527111913], 0, -1.0, [-0.8464017534706342, -0.04831311413889437]
[-0.8464017534706342, -0.04831311413889437], 0, -1.0, [-0.8936549045081738, -0.04725315103753959]
[-0.8936549045081738, -0.04725315103753959], 0, -1.0, [-0.9396686216755136, -0.04601371716733977]
[-0.9396686216755136, -0.04601371716733977], 0, -1.0, [-0.9843112925280589, -0.044642670852545384]
[-0.9843112925280589, -0.044642670852545384], 0, -1.0, [-1.027498321745934, -0.043187029217874935]
[-1.027498321745934, -0.043187029217874935], 0, -1.0, [-1.069189715364312, -0.041691393618378]
[-1.069189715364312, -0.041691393618378], 0, -1.0, [-1.1093865481312095, -0.04019683276689759]
[-1.1093865481312095, -0.04019683276689759], 0, -1.0, [-1.1481267638945032, -0.0387402157632936]
[-1.1481267638945032, -0.0387402157632936], 0, -1.0, [-1.1854807072205849, -0.037353943326081704]
[-1.1854807072205849, -0.037353943326081704], 0, -1.0, [-1.2, 0.0]
[-1.2, 0.0], 2, -1.0, [-1.1967581039591646, 0.003241896040835368]
[-1.1967581039591646, 0.003241896040835368], 2, -1.0, [-1.1902636585360942, 0.006494445423070332]
[-1.1902636585360942, 0.006494445423070332], 2, -1.0, [-1.1804959639787937, 0.009767694557300442]
[-1.1804959639787937, 0.009767694557300442], 2, -1.0, [-1.1674255149588486, 0.013070449019945182]
[-1.1674255149588486, 0.013070449019945182], 2, -1.0, [-1.1510159267200155, 0.016409588238833067]
[-1.1510159267200155, 0.016409588238833067], 2, -1.0, [-1.1312266168239755, 0.019789309896040046]
[-1.1312266168239755, 0.019789309896040046], 2, -1.0, [-1.108016322100852, 0.02321029472312345]
[-1.108016322100852, 0.02321029472312345], 2, -1.0, [-1.081347524946184, 0.02666879715466819]
[-1.081347524946184, 0.02666879715466819], 2, -1.0, [-1.0511918363028878, 0.03015568864329602]
[-1.0511918363028878, 0.03015568864329602], 2, -1.0, [-1.0175363271434712, 0.0336555091594167]
[-1.0175363271434712, 0.0336555091594167], 2, -1.0, [-0.9803907090723114, 0.03714561807115983]
[-0.9803907090723114, 0.03714561807115983], 2, -1.0, [-0.9397951336374217, 0.04059557543488971]
[-0.9397951336374217, 0.04059557543488971], 2, -1.0, [-0.8958282112564235, 0.043966922380998245]
[-0.8958282112564235, 0.043966922380998245], 2, -1.0, [-0.8486146572192776, 0.04721355403714586]
[-0.8486146572192776, 0.04721355403714586], 2, -1.0, [-0.7983317816221248, 0.05028287559715283]
[-0.7983317816221248, 0.05028287559715283], 2, -1.0, [-0.7452138959379592, 0.0531178856841656]
[-0.7452138959379592, 0.0531178856841656], 2, -1.0, [-0.6895536666604415, 0.0556602292775177]
[-0.6895536666604415, 0.0556602292775177], 2, -1.0, [-0.6316995610792892, 0.057854105581152386]
[-0.6316995610792892, 0.057854105581152386], 2, -1.0, [-0.5720488365336812, 0.05965072454560789]
[-0.5720488365336812, 0.05965072454560789], 2, -1.0, [-0.5110360146660762, 0.061012821867605024]
[-0.5110360146660762, 0.061012821867605024], 2, -1.0, [-0.44911739120176025, 0.061918623464315904]
[-0.44911739120176025, 0.061918623464315904], 2, -1.0, [-0.38675274139346727, 0.06236464980829299]
[-0.38675274139346727, 0.06236464980829299], 2, -1.0, [-0.3243858485235833, 0.06236689286988392]
[-0.3243858485235833, 0.06236689286988392], 2, -1.0, [-0.2624256859117381, 0.061960162611845254]
[-0.2624256859117381, 0.061960162611845254], 2, -1.0, [-0.20122996568717166, 0.061195720224566416]
[-0.20122996568717166, 0.061195720224566416], 2, -1.0, [-0.14109236178367496, 0.06013760390349669]
[-0.14109236178367496, 0.06013760390349669], 2, -1.0, [-0.08223412731502394, 0.05885823446865101]
[-0.08223412731502394, 0.05885823446865101], 2, -1.0, [-0.024800200336085113, 0.05743392697893883]
[-0.024800200336085113, 0.05743392697893883], 2, -1.0, [0.03114064276343887, 0.05594084309952398]
[0.03114064276343887, 0.05594084309952398], 2, -1.0, [0.08559238750154527, 0.0544517447381064]
[0.08559238750154527, 0.0544517447381064], 2, -1.0, [0.13862609852276647, 0.05303371102122119]
[0.13862609852276647, 0.05303371102122119], 1, -1.0, [0.18937290492486428, 0.0507468064020978]
[0.18937290492486428, 0.0507468064020978], 1, -1.0, [0.2380124246106571, 0.048639519685792824]
[0.2380124246106571, 0.048639519685792824], 1, -1.0, [0.28476263411837144, 0.04675020950771431]
[0.28476263411837144, 0.04675020950771431], 1, -1.0, [0.3298709544473682, 0.04510832032899673]
[0.3298709544473682, 0.04510832032899673], 1, -1.0, [0.37360674108696645, 0.043735786639598276]
[0.37360674108696645, 0.043735786639598276], 1, -1.0, [0.41625516768535603, 0.0426484265983896]
[0.41625516768535603, 0.0426484265983896], 1, -1.0, [0.4581123601826525, 0.041857192497296455]
[0.4581123601826525, 0.041857192497296455], 1, -1.0, [0.4994815578842463, 0.04136919770159382]
[0.4994815578842463, 0.04136919770159382], 1, -1.0, [0.5406700342215449, 0.0411884763372986]
