[-0.5319734211264151, 0.0], 0, -1.0, [-0.5329106178924686, -0.0009371967660535127]
[-0.5329106178924686, -0.0009371967660535127], 0, -1.0, [-0.5347779849245898, -0.0018673670321211928]
[-0.5347779849245898, -0.0018673670321211928], 0, -1.0, [-0.5375615236034639, -0.0027835386788739934]
[-0.5375615236034639, -0.0027835386788739934], 0, -1.0, [-0.5412403722938457, -0.0036788486903818318]
[-0.5412403722938457, -0.0036788486903818318], 0, -1.0, [-0.5457869707687378, -0.004546598474892136]
[-0.5457869707687378, -0.004546598474892136], 0, -1.0, [-0.5511672806431697, -0.005380309874431805]
[-0.5511672806431697, -0.005380309874431805], 0, -1.0, [-0.5573410623668474, -0.006173781723677804]
[-0.5573410623668474, -0.006173781723677804], 0, -1.0, [-0.5642622089097228, -0.006921146542875328]
[-0.5642622089097228, -0.006921146542875328], 0, -1.0, [-0.5718791355629994, -0.007616926653276601]
[-0.5718791355629994, -0.007616926653276601], 0, -1.0, [-0.580135224277518, -0.008256088714518555]
[-0.580135224277518, -0.008256088714518555], 0, -1.0, [-0.5889693197081043, -0.008834095430586384]
[-0.5889693197081043, -0.008834095430586384], 0, -1.0, [-0.5983162726903837, -0.009346952982279428]
[-0.5983162726903837, -0.009346952982279428], 0, -1.0, [-0.6081075253336741, -0.009791252643290343]
[-0.6081075253336741, -0.009791252643290343], 0, -1.0, [-0.6182717303752912, -0.010164205041617061]
[-0.6182717303752912, -0.010164205041617061], 0, -1.0, [-0.6287353960222986, -0.010463665647007448]
[-0.6287353960222986, -0.010463665647007448], 0, -1.0, [-0.6394235463197873, -0.010688150297488671]
[-0.6394235463197873, -0.010688150297488671], 0, -1.0, [-0.6502603862321382, -0.010836839912350946]
[-0.6502603862321382, -0.010836839912350946], 0, -1.0, [-0.661169960186255, -0.010909573954116783]
[-0.661169960186255, -0.010909573954116783], 0, -1.0, [-0.6720767928552791, -0.010906832669024128]
[-0.6720767928552791, -0.010906832669024128], 0, -1.0, [-0.6829065014755605, -0.010829708620281483]
[-0.6829065014755605, -0.010829708620281483], 2, -1.0, [-0.6915863699705944, -0.008679868495033891]
[-0.6915863699705944, -0.008679868495033891], 2, -1.0, [-0.6980589898793743, -0.006472619908779853]
[-0.6980589898793743, -0.006472619908779853], 2, -1.0, [-0.7022820820891573, -0.004223092209783021]
[-0.7022820820891573, -0.004223092209783021], 2, -1.0, [-0.7042283143713365, -0.0019462322821791776]
[-0.7042283143713365, -0.0019462322821791776], 2, -1.0, [-0.7038851592625793, 0.00034315510875715946]
[-0.7038851592625793, 0.00034315510875715946], 2, -1.0, [-0.7012548223961338, 0.002630336866445536]
[-0.7012548223961338, 0.002630336866445536], 2, -1.0, [-0.696354255421874, 0.004900566974259826]
[-0.696354255421874, 0.004900566974259826], 2, -1.0, [-0.6892152510103619, 0.007139004411512164]
[-0.6892152510103619, 0.007139004411512164], 2, -1.0, [-0.679884600910928, 0.00933065009943385]
[-0.679884600910928, 0.00933065009943385], 2, -1.0, [-0.6684242824320232, 0.011460318478904689]
[-0.6684242824320232, 0.011460318478904689], 2, -1.0, [-0.6549116249136852, 0.013512657518338127]
[-0.6549116249136852, 0.013512657518338127], 2, -1.0, [-0.6394393967563086, 0.015472228157376554]
[-0.6394393967563086, 0.015472228157376554], 2, -1.0, [-0.6221157464411515, 0.017323650315157015]
[-0.6221157464411515, 0.017323650315157015], 2, -1.0, [-0.6030639288253343, 0.019051817615817247]
[-0.6030639288253343, 0.019051817615817247], 2, -1.0, [-0.5824217517841085, 0.02064217704122583]
[-0.5824217517841085, 0.02064217704122583], 2, -1.0, [-0.560340688637466, 0.022081063146642523]
[-0.560340688637466, 0.022081063146642523], 2, -1.0, [-0.536984618808797, 0.023356069828669043]
[-0.536984618808797, 0.023356069828669043], 2, -1.0, [-0.5125281821368419, 0.02445643667195503]
[-0.5125281821368419, 0.02445643667195503], 2, -1.0, [-0.48715475965279953, 0.025373422484042413]
[-0.48715475965279953, 0.025373422484042413], 2, -1.0, [-0.46105412307193494, 0.026100636580864565]
[-0.46105412307193494, 0.026100636580864565], 2, -1.0, [-0.43441982375316024, 0.026634299318774684]
[-0.43441982375316024, 0.026634299318774684], 2, -1.0, [-0.40744641624188704, 0.026973407511273167]
[-0.40744641624188704, 0.026973407511273167], 2, -1.0, [-0.3803266287834092, 0.02711978745847782]
[-0.3803266287834092, 0.02711978745847782], 2, -1.0, [-0.3532486011900771, 0.027078027593332117]
[-0.3532486011900771, 0.027078027593332117], 2, -1.0, [-0.326393308136027, 0.026855293054050107]
[-0.326393308136027, 0.026855293054050107], 2, -1.0, [-0.2999322736569946, 0.026461034479032426]
[-0.2999322736569946, 0.026461034479032426], 2, -1.0, [-0.27402566195556194, 0.02590661170143266]
[-0.27402566195556194, 0.02590661170143266], 2, -1.0, [-0.24882080314742488, 0.02520485880813706]
[-0.24882080314742488, 0.02520485880813706], 2, -1.0, [-0.22445118345007026, 0.024369619697354628]
[-0.22445118345007026, 0.024369619697354628], 1, -1.0, [-0.2020359006388839, 0.02241528281118635]
[-0.2020359006388839, 0.02241528281118635], 2, -1.0, [-0.18067529676347954, 0.021360603875404376]
[-0.18067529676347954, 0.021360603875404376], 2, -1.0, [-0.1604563562351901, 0.020218940528289445]
[-0.1604563562351901, 0.020218940528289445], 2, -1.0, [-0.14145332041762496, 0.019003035817565156]
[-0.14145332041762496, 0.019003035817565156], 2, -1.0, [-0.12372854071908294, 0.017724779698542012]
[-0.12372854071908294, 0.017724779698542012], 2, -1.0, [-0.1073335058984204, 0.01639503482066254]
[-0.1073335058984204, 0.01639503482066254], 2, -1.0, [-0.09230998163545331, 0.015023524262967092]
[-0.09230998163545331, 0.015023524262967092], 2, -1.0, [-0.07869120570988582, 0.013618775925567502]
[-0.07869120570988582, 0.013618775925567502], 2, -1.0, [-0.06650308927601034, 0.012188116433875483]
[-0.06650308927601034, 0.012188116433875483], 2, -1.0, [-0.05576538272528653, 0.010737706550723813]
[-0.05576538272528653, 0.010737706550723813], 2, -1.0, [-0.04649277269367201, 0.00927261003161452]
[-0.04649277269367201, 0.00927261003161452], 2, -1.0, [-0.038695884308518794, 0.007796888385153213]
[-0.038695884308518794, 0.007796888385153213], 2, -1.0, [-0.03238216940381572, 0.006313714904703071]
[-0.03238216940381572, 0.006313714904703071], 0, -1.0, [-0.02955666696876313, 0.0028255024350525883]
[-0.02955666696876313, 0.0028255024350525883], 0, -1.0, [-0.030221343009952207, -0.000664676041189075]
[-0.030221343009952207, -0.000664676041189075], 0, -1.0, [-0.03437575112983021, -0.004154408119878008]
[-0.03437575112983021, -0.004154408119878008], 0, -1.0, [-0.042016876989639, -0.007641125859808787]
[-0.042016876989639, -0.007641125859808787], 0, -1.0, [-0.053138168180725365, -0.011121291191086366]
[-0.053138168180725365, -0.011121291191086366], 0, -1.0, [-0.06772776035742031, -0.014589592176694949]
[-0.06772776035742031, -0.014589592176694949], 0, -1.0, [-0.08576592551648882, -0.018038165159068507]
[-0.08576592551648882, -0.018038165159068507], 0, -1.0, [-0.10722179352078687, -0.02145586800429805]
[-0.10722179352078687, -0.02145586800429805], 0, -1.0, [-0.1320494370974366, -0.024827643576649724]
[-0.1320494370974366, -0.024827643576649724], 0, -1.0, [-0.1601834658649148, -0.028134028767478204]
[-0.1601834658649148, -0.028134028767478204], 0, -1.0, [-0.19153434619812446, -0.03135088033320966]
[-0.19153434619812446, -0.03135088033320966], 0, -1.0, [-0.22598374682563074, -0.03444940062750629]
[-0.22598374682563074, -0.03444940062750629], 0, -1.0, [-0.26338029578225797, -0.03739654895662724]
[-0.26338029578225797, -0.03739654895662724], 0, -1.0, [-0.3035362078110836, -0.040155912028825604]
[-0.3035362078110836, -0.040155912028825604], 0, -1.0, [-0.3462252826533323, -0.042689074842248736]
[-0.3462252826533323, -0.042689074842248736], 0, -1.0, [-0.39118276191412615, -0.04495747926079387]
[-0.39118276191412615, -0.04495747926079387], 0, -1.0, [-0.4381074465471166, -0.04692468463299043]
[-0.4381074465471166, -0.04692468463299043], 0, -1.0, [-0.4866663098235214, -0.048558863276404816]
[-0.4866663098235214, -0.048558863276404816], 0, -1.0, [-0.5365016002093895, -0.049835290385868175]
[-0.5365016002093895, -0.049835290385868175], 0, -1.0, [-0.5872401435749828, -0.050738543365593296]
[-0.5872401435749828, -0.050738543365593296], 0, -1.0, [-0.6385042712201245, -0.051264127645141766]
[-0.6385042712201245, -0.051264127645141766], 0, -1.0, [-0.6899235742242465, -0.051419303004122015]
[-0.6899235742242465, -0.051419303004122015], 0, -1.0, [-0.741146564142559, -0.05122298991831247]
[-0.741146564142559, -0.05122298991831247], 0, -1.0, [-0.7918513324871057, -0.05070476834454679]
[-0.7918513324871057, -0.05070476834454679], 0, -1.0, [-0.841754444180022, -0.04990311169291626]
[-0.841754444180022, -0.04990311169291626], 0, -1.0, [-0.8906175414670372, -0.048863097287015246]
[-0.8906175414670372, -0.048863097287015246], 0, -1.0, [-0.9382514237658505, -0.047633882298813233]
[-0.9382514237658505, -0.047633882298813233], 0, -1.0, [-0.9845176507802522, -0.04626622701440171]
[-0.9845176507802522, -0.04626622701440171], 0, -1.0, [-1.0293279463748342, -0.04481029559458196]
[-1.0293279463748342, -0.04481029559458196], 0, -1.0, [-1.072641833490387, -0.04331388711555298]
[-1.072641833490387, -0.04331388711555298], 0, -1.0, [-1.1144630004495104, -0.04182116695912336]
[-1.1144630004495104, -0.04182116695912336], 0, -1.0, [-1.154834897114746, -0.04037189666523562]
[-1.154834897114746, -0.04037189666523562], 0, -1.0, [-1.1938360053676362, -0.03900110825289036]
[-1.1938360053676362, -0.03900110825289036], 0, -1.0, [-1.2, 0.0]
[-1.2, 0.0], 2, -1.0, [-1.1967581039591646, 0.003241896040835368]
[-1.1967581039591646, 0.003241896040835368], 2, -1.0, [-1.1902636585360942, 0.006494445423070332]
[-1.1902636585360942, 0.006494445423070332], 2, -1.0, [-1.1804959639787937, 0.009767694557300442]
[-1.1804959639787937, 0.009767694557300442], 2, -1.0, [-1.1674255149588486, 0.013070449019945182]
[-1.1674255149588486, 0.013070449019945182], 2, -1.0, [-1.1510159267200155, 0.016409588238833067]
[-1.1510159267200155, 0.016409588238833067], 2, -1.0, [-1.1312266168239755, 0.019789309896040046]
[-1.1312266168239755, 0.019789309896040046], 2, -1.0, [-1.108016322100852, 0.02321029472312345]
[-1.108016322100852, 0.02321029472312345], 2, -1.0, [-1.081347524946184, 0.02666879715466819]
[-1.081347524946184, 0.02666879715466819], 2, -1.0, [-1.0511918363028878, 0.03015568864329602]
[-1.0511918363028878, 0.03015568864329602], 2, -1.0, [-1.0175363271434712, 0.0336555091594167]
[-1.0175363271434712, 0.0336555091594167], 2, -1.0, [-0.9803907090723114, 0.03714561807115983]
[-0.9803907090723114, 0.03714561807115983], 2, -1.0, [-0.9397951336374217, 0.04059557543488971]
[-0.9397951336374217, 0.04059557543488971], 2, -1.0, [-0.8958282112564235, 0.043966922380998245]
[-0.8958282112564235, 0.043966922380998245], 2, -1.0, [-0.8486146572192776, 0.04721355403714586]
[-0.8486146572192776, 0.04721355403714586], 2, -1.0, [-0.7983317816221248, 0.05028287559715283]
[-0.7983317816221248, 0.05028287559715283], 2, -1.0, [-0.7452138959379592, 0.0531178856841656]
[-0.7452138959379592, 0.0531178856841656], 2, -1.0, [-0.6895536666604415, 0.0556602292775177]
[-0.6895536666604415, 0.0556602292775177], 2, -1.0, [-0.6316995610792892, 0.057854105581152386]
[-0.6316995610792892, 0.057854105581152386], 2, -1.0, [-0.5720488365336812, 0.05965072454560789]
[-0.5720488365336812, 0.05965072454560789], 2, -1.0, [-0.5110360146660762, 0.061012821867605024]
[-0.5110360146660762, 0.061012821867605024], 2, -1.0, [-0.44911739120176025, 0.061918623464315904]
[-0.44911739120176025, 0.061918623464315904], 2, -1.0, [-0.38675274139346727, 0.06236464980829299]
[-0.38675274139346727, 0.06236464980829299], 2, -1.0, [-0.3243858485235833, 0.06236689286988392]
[-0.3243858485235833, 0.06236689286988392], 2, -1.0, [-0.2624256859117381, 0.061960162611845254]
[-0.2624256859117381, 0.061960162611845254], 2, -1.0, [-0.20122996568717166, 0.061195720224566416]
[-0.20122996568717166, 0.061195720224566416], 2, -1.0, [-0.14109236178367496, 0.06013760390349669]
[-0.14109236178367496, 0.06013760390349669], 2, -1.0, [-0.08223412731502394, 0.05885823446865101]
[-0.08223412731502394, 0.05885823446865101], 2, -1.0, [-0.024800200336085113, 0.05743392697893883]
[-0.024800200336085113, 0.05743392697893883], 2, -1.0, [0.03114064276343887, 0.05594084309952398]
[0.03114064276343887, 0.05594084309952398], 2, -1.0, [0.08559238750154527, 0.0544517447381064]
[0.08559238750154527, 0.0544517447381064], 2, -1.0, [0.13862609852276647, 0.05303371102122119]
[0.13862609852276647, 0.05303371102122119], 2, -1.0, [0.19037290492486428, 0.0517468064020978]
[0.19037290492486428, 0.0517468064020978], 2, -1.0, [0.24101646944167865, 0.050643564516814364]
[0.24101646944167865, 0.050643564516814364], 2, -1.0, [0.29078555519931315, 0.04976908575763451]
[0.29078555519931315, 0.04976908575763451], 2, -1.0, [0.33994708223056147, 0.04916152703124832]
[0.33994708223056147, 0.04916152703124832], 2, -1.0, [0.388799856212751, 0.04885277398218953]
[0.388799856212751, 0.04885277398218953], 2, -1.0, [0.4376689695757199, 0.0488691133629689]
[0.4376689695757199, 0.0488691133629689], 2, -1.0, [0.4869007238355066, 0.04923175425978669]
[0.4869007238355066, 0.04923175425978669], 2, -1.0, [0.5368577983788596, 0.04995707454335301]
