[-0.5070129021395626, 0.0], 1, -1.0, [-0.5071372448672941, -0.00012434272773146867]
[-0.5071372448672941, -0.00012434272773146867], 1, -1.0, [-0.5073849988978699, -0.00024775403057590583]
[-0.5073849988978699, -0.00024775403057590583], 1, -1.0, [-0.5077543083075525, -0.00036930940968259423]
[-0.5077543083075525, -0.00036930940968259423], 1, -1.0, [-0.5082424064777529, -0.00048809817020039985]
[-0.5082424064777529, -0.00048809817020039985], 1, -1.0, [-0.50884563668095, -0.0006032302031971147]
[-0.50884563668095, -0.0006032302031971147], 1, -1.0, [-0.5095594793047348, -0.0007138426237848206]
[-0.5095594793047348, -0.0007138426237848206], 1, -1.0, [-0.5103785855228071, -0.0008191062180722975]
[-0.5103785855228071, -0.0008191062180722975], 1, -1.0, [-0.5112968171749385, -0.0009182316521312972]
[-0.5112968171749385, -0.0009182316521312972], 1, -1.0, [-0.5123072925719162, -0.0010104753969777125]
[-0.5123072925719162, -0.0010104753969777125], 1, -1.0, [-0.5134024378966063, -0.00109514532469009]
[-0.5134024378966063, -0.00109514532469009], 1, -1.0, [-0.514574043828882, -0.001171605932275704]
[-0.514574043828882, -0.001171605932275704], 1, -1.0, [-0.515813326980685, -0.0012392831518029533]
[-0.515813326980685, -0.0012392831518029533], 1, -1.0, [-0.5171109956883783, -0.0012976687076932344]
[-0.5171109956883783, -0.0012976687076932344], 1, -1.0, [-0.5184573196733152, -0.0013463239849369237]
[-0.5184573196733152, -0.0013463239849369237], 1, -1.0, [-0.5198422030486958, -0.0013848833753805593]
[-0.5198422030486958, -0.0013848833753805593], 1, -1.0, [-0.5212552601218156, -0.0014130570731197868]
[-0.5212552601218156, -0.0014130570731197868], 1, -1.0, [-0.5226858934162135, -0.001430633294397958]
[-0.5226858934162135, -0.001430633294397958], 1, -1.0, [-0.5241233733184186, -0.0014374799022051198]
[-0.5241233733184186, -0.0014374799022051198], 1, -1.0, [-0.5255569187393471, -0.0014335454209283927]
[-0.5255569187393471, -0.0014335454209283927], 1, -1.0, [-0.5269757781711842, -0.0014188594318371446]
[-0.5269757781711842, -0.0014188594318371446], 1, -1.0, [-0.5283693105169807, -0.0013935323457963868]
[-0.5283693105169807, -0.0013935323457963868], 1, -1.0, [-0.5297270650722627, -0.001357754555282077]
[-0.5297270650722627, -0.001357754555282077], 1, -1.0, [-0.5310388600456746, -0.0013117949734118373]
[-0.5310388600456746, -0.0013117949734118373], 2, -1.0, [-0.5312948590188697, -0.00025599897319519296]
[-0.5312948590188697, -0.00025599897319519296], 2, -1.0, [-0.530493142494437, 0.0008017165244327564]
[-0.530493142494437, 0.0008017165244327564], 2, -1.0, [-0.5286397219048865, 0.0018534205895504932]
[-0.5286397219048865, 0.0018534205895504932], 2, -1.0, [-0.5257484956591023, 0.0028912262457842343]
[-0.5257484956591023, 0.0028912262457842343], 2, -1.0, [-0.5218411466246249, 0.003907349034477441]
[-0.5218411466246249, 0.003907349034477441], 2, -1.0, [-0.5169469797463652, 0.0048941668782597385]
[-0.5169469797463652, 0.0048941668782597385], 2, -1.0, [-0.5111026980259841, 0.005844281720381141]
[-0.5111026980259841, 0.005844281720381141], 0, -1.0, [-0.5063521149369598, 0.004750583089024364]
[-0.5063521149369598, 0.004750583089024364], 0, -1.0, [-0.5027308240984267, 0.003621290838533019]
[-0.5027308240984267, 0.003621290838533019], 0, -1.0, [-0.5002659406829691, 0.0024648834154575804]
[-0.5002659406829691, 0.0024648834154575804], 0, -1.0, [-0.49897591065687485, 0.0012900300260942795]
[-0.49897591065687485, 0.0012900300260942795], 0, -1.0, [-0.4988703842181944, 0.00010552643868043626]
[-0.4988703842181944, 0.00010552643868043626], 0, -1.0, [-0.4999501506476445, -0.001079766429450086]
[-0.4999501506476445, -0.001079766429450086], 0, -1.0, [-0.5022071330128779, -0.0022569823652333907]
[-0.5022071330128779, -0.0022569823652333907], 0, -1.0, [-0.5056244425954297, -0.0034173095825518435]
[-0.5056244425954297, -0.0034173095825518435], 0, -1.0, [-0.5101764943552689, -0.004552051759839221]
[-0.5101764943552689, -0.004552051759839221], 0, -1.0, [-0.5158291860227139, -0.005652691667444987]
[-0.5158291860227139, -0.005652691667444987], 0, -1.0, [-0.5225401443356092, -0.006710958312895318]
[-0.5225401443356092, -0.006710958312895318], 0, -1.0, [-0.5302590423696276, -0.0077188980340184045]
[-0.5302590423696276, -0.0077188980340184045], 0, -1.0, [-0.5389279917265374, -0.008668949356909796]
[-0.5389279917265374, -0.008668949356909796], 0, -1.0, [-0.5484820124822058, -0.009554020755668502]
[-0.5484820124822058, -0.009554020755668502], 0, -1.0, [-0.5588495822427203, -0.010367569760514396]
[-0.5588495822427203, -0.010367569760514396], 0, -1.0, [-0.5699532634654386, -0.011103681222718317]
[-0.5699532634654386, -0.011103681222718317], 0, -1.0, [-0.5817104054875063, -0.01175714202206773]
[-0.5817104054875063, -0.01175714202206773], 0, -1.0, [-0.5940339146412339, -0.012323509153727649]
[-0.5940339146412339, -0.012323509153727649], 0, -1.0, [-0.6068330826445306, -0.012799168003296687]
[-0.6068330826445306, -0.012799168003296687], 0, -1.0, [-0.6200144603854714, -0.013181377740940718]
[-0.6200144603854714, -0.013181377740940718], 0, -1.0, [-0.6334827615299888, -0.013468301144517456]
[-0.6334827615299888, -0.013468301144517456], 0, -1.0, [-0.647141778309226, -0.013659016779237195]
[-0.647141778309226, -0.013659016779237195], 0, -1.0, [-0.6608952905837825, -0.013753512274556448]
[-0.6608952905837825, -0.013753512274556448], 0, -1.0, [-0.6746479489673759, -0.013752658383593398]
[-0.6746479489673759, -0.013752658383593398], 0, -1.0, [-0.6883061134754263, -0.013658164508050312]
[-0.6883061134754263, -0.013658164508050312], 0, -1.0, [-0.7017786308141097, -0.01347251733868353]
[-0.7017786308141097, -0.01347251733868353], 0, -1.0, [-0.7149775359323677, -0.01319890511825793]
[-0.7149775359323677, -0.01319890511825793], 0, -1.0, [-0.7278186666466603, -0.012841130714292581]
[-0.7278186666466603, -0.012841130714292581], 2, -1.0, [-0.7382221837930515, -0.01040351714639124]
[-0.7382221837930515, -0.01040351714639124], 2, -1.0, [-0.7461249628100624, -0.007902779017010905]
[-0.7461249628100624, -0.007902779017010905], 2, -1.0, [-0.7514800263458083, -0.005355063535745946]
[-0.7514800263458083, -0.005355063535745946], 2, -1.0, [-0.7542560345668777, -0.0027760082210694197]
[-0.7542560345668777, -0.0027760082210694197], 2, -1.0, [-0.7544369011156467, -0.00018086654876893222]
[-0.7544369011156467, -0.00018086654876893222], 2, -1.0, [-0.7520215817370326, 0.0024153193786140455]
[-0.7520215817370326, 0.0024153193786140455], 2, -1.0, [-0.7470240602157775, 0.004997521521255128]
[-0.7470240602157775, 0.004997521521255128], 2, -1.0, [-0.7394735332354401, 0.007550526980337381]
[-0.7394735332354401, 0.007550526980337381], 2, -1.0, [-0.7294147727005753, 0.010058760534864724]
[-0.7294147727005753, 0.010058760534864724], 2, -1.0, [-0.7169086215511397, 0.012506151149435648]
[-0.7169086215511397, 0.012506151149435648], 2, -1.0, [-0.7020325579104992, 0.014876063640640392]
[-0.7020325579104992, 0.014876063640640392], 2, -1.0, [-0.68488124363088, 0.01715131427961922]
[-0.68488124363088, 0.01715131427961922], 2, -1.0, [-0.6655669584080616, 0.019314285222818445]
[-0.6655669584080616, 0.019314285222818445], 2, -1.0, [-0.6442198114562333, 0.021347146951828246]
[-0.6442198114562333, 0.021347146951828246], 2, -1.0, [-0.6209876212610922, 0.023232190195141115]
[-0.6209876212610922, 0.023232190195141115], 2, -1.0, [-0.5960353620080309, 0.02495225925306129]
[-0.5960353620080309, 0.02495225925306129], 2, -1.0, [-0.5695440941613825, 0.026491267846648386]
[-0.5695440941613825, 0.026491267846648386], 2, -1.0, [-0.5417093265190402, 0.02783476764234229]
[-0.5417093265190402, 0.02783476764234229], 2, -1.0, [-0.5127387965612439, 0.0289705299577964]
[-0.5127387965612439, 0.0289705299577964], 2, -1.0, [-0.4828497020378029, 0.029889094523440962]
[-0.4828497020378029, 0.029889094523440962], 2, -1.0, [-0.45226546492245473, 0.03058423711534817]
[-0.45226546492245473, 0.03058423711534817], 2, -1.0, [-0.4212121535045409, 0.031053311417913832]
[-0.4212121535045409, 0.031053311417913832], 1, -1.0, [-0.3909147237242293, 0.030297429780311597]
[-0.3909147237242293, 0.030297429780311597], 0, -1.0, [-0.36258635274696516, 0.02832837097726415]
[-0.36258635274696516, 0.02832837097726415], 0, -1.0, [-0.3364191594777786, 0.02616719326918655]
[-0.3364191594777786, 0.02616719326918655], 0, -1.0, [-0.31258318962260945, 0.023835969855169142]
[-0.31258318962260945, 0.023835969855169142], 0, -1.0, [-0.29122622947722737, 0.021356960145382086]
[-0.29122622947722737, 0.021356960145382086], 0, -1.0, [-0.2724742954879209, 0.01875193398930647]
[-0.2724742954879209, 0.01875193398930647], 0, -1.0, [-0.25643261946243195, 0.016041676025488963]
[-0.25643261946243195, 0.016041676025488963], 0, -1.0, [-0.24318694163225274, 0.01324567783017922]
[-0.24318694163225274, 0.01324567783017922], 0, -1.0, [-0.23280493180960748, 0.010382009822645252]
[-0.23280493180960748, 0.010382009822645252], 0, -1.0, [-0.2253375780937217, 0.007467353715885777]
[-0.2253375780937217, 0.007467353715885777], 0, -1.0, [-0.22082040861770413, 0.004517169476017566]
[-0.22082040861770413, 0.004517169476017566], 0, -1.0, [-0.2192744411947707, 0.0015459674229334579]
[-0.2192744411947707, 0.0015459674229334579], 0, -1.0, [-0.22070678606177707, -0.0014323448670063802]
[-0.22070678606177707, -0.0014323448670063802], 0, -1.0, [-0.22511085700194855, -0.0044040709401714905]
[-0.22511085700194855, -0.0044040709401714905], 0, -1.0, [-0.23246617565520167, -0.007355318653253124]
[-0.23246617565520167, -0.007355318653253124], 0, -1.0, [-0.2427377830890562, -0.010271607433854515]
[-0.2427377830890562, -0.010271607433854515], 0, -1.0, [-0.25587530221163574, -0.013137519122579558]
[-0.25587530221163574, -0.013137519122579558], 0, -1.0, [-0.2718117246715246, -0.01593642245988888]
[-0.2718117246715246, -0.01593642245988888], 0, -1.0, [-0.29046202623454553, -0.018650301563020957]
[-0.29046202623454553, -0.018650301563020957], 0, -1.0, [-0.31172174406779696, -0.021259717833251444]
[-0.31172174406779696, -0.021259717833251444], 0, -1.0, [-0.3354656755825235, -0.023743931514726507]
[-0.3354656755825235, -0.023743931514726507], 0, -1.0, [-0.3615468780350239, -0.0260812024525004]
[-0.3615468780350239, -0.0260812024525004], 0, -1.0, [-0.3897961566381562, -0.028249278603132304]
[-0.3897961566381562, -0.028249278603132304], 0, -1.0, [-0.42002222193632, -0.0302260652981638]
[-0.42002222193632, -0.0302260652981638], 0, -1.0, [-0.4520126708240486, -0.03199044888772864]
[-0.4520126708240486, -0.03199044888772864], 0, -1.0, [-0.4855358979639537, -0.03352322713990506]
[-0.4855358979639537, -0.03352322713990506], 0, -1.0, [-0.5203439767110337, -0.034808078747080036]
[-0.5203439767110337, -0.034808078747080036], 0, -1.0, [-0.5561764660618654, -0.03583248935083171]
[-0.5561764660618654, -0.03583248935083171], 0, -1.0, [-0.5927650115160722, -0.036588545454206776]
[-0.5927650115160722, -0.036588545454206776], 0, -1.0, [-0.6298385246974226, -0.03707351318135048]
[-0.6298385246974226, -0.03707351318135048], 0, -1.0, [-0.6671286614609598, -0.03729013676353725]
[-0.6671286614609598, -0.03729013676353725], 0, -1.0, [-0.7043752814533033, -0.03724661999234351]
[-0.7043752814533033, -0.03724661999234351], 0, -1.0, [-0.7413315698399794, -0.036956288386676125]
[-0.7413315698399794, -0.036956288386676125], 0, -1.0, [-0.7777685345100471, -0.036436964670067684]
[-0.7777685345100471, -0.036436964670067684], 0, -1.0, [-0.813478653958977, -0.035710119448929906]
[-0.813478653958977, -0.035710119448929906], 0, -1.0, [-0.8482785321215676, -0.0347998781625905]
[-0.8482785321215676, -0.0347998781625905], 0, -1.0, [-0.8820105043465604, -0.0337319722249928]
[-0.8820105043465604, -0.0337319722249928], 0, -1.0, [-0.9145432215420872, -0.03253271719552687]
[-0.9145432215420872, -0.03253271719552687], 0, -1.0, [-0.9457713079076532, -0.03122808636556594]
[-0.9457713079076532, -0.03122808636556594], 0, -1.0, [-0.975614236030876, -0.029842928123222836]
[-0.975614236030876, -0.029842928123222836], 0, -1.0, [-1.0040145898737298, -0.028400353842853845]
[-1.0040145898737298, -0.028400353842853845], 0, -1.0, [-1.0309358930344374, -0.026921303160707538]
[-1.0309358930344374, -0.026921303160707538], 0, -1.0, [-1.0563601705723327, -0.025424277537895258]
[-1.0563601705723327, -0.025424277537895258], 0, -1.0, [-1.0802853925286908, -0.023925221956358045]
[-1.0802853925286908, -0.023925221956358045], 0, -1.0, [-1.10272292093419, -0.022437528405499216]
[-1.10272292093419, -0.022437528405499216], 2, -1.0, [-1.1216950537130623, -0.01897213277887226]
[-1.1216950537130623, -0.01897213277887226], 2, -1.0, [-1.137229363165754, -0.015534309452691674]
[-1.137229363165754, -0.015534309452691674], 2, -1.0, [-1.149354309027895, -0.012124945862141174]
[-1.149354309027895, -0.012124945862141174], 2, -1.0, [-1.1580957438683772, -0.008741434840482124]
[-1.1580957438683772, -0.008741434840482124], 2, -1.0, [-1.1634742643316645, -0.005378520463287212]
[-1.1634742643316645, -0.005378520463287212], 2, -1.0, [-1.1655033517634805, -0.002029087431815982]
[-1.1655033517634805, -0.002029087431815982], 2, -1.0, [-1.1641882512053119, 0.0013151005581685665]
[-1.1641882512053119, 0.0013151005581685665], 2, -1.0, [-1.1595255533019213, 0.004662697903390643]
[-1.1595255533019213, 0.004662697903390643], 2, -1.0, [-1.151503464970482, 0.008022088331439255]
[-1.151503464970482, 0.008022088331439255], 2, -1.0, [-1.1401027780509116, 0.011400686919570456]
[-1.1401027780509116, 0.011400686919570456], 2, -1.0, [-1.1252985671950282, 0.014804210855883349]
[-1.1252985671950282, 0.014804210855883349], 2, -1.0, [-1.1070626653753712, 0.01823590181965703]
[-1.1070626653753712, 0.01823590181965703], 2, -1.0, [-1.0853669734109936, 0.021695691964377525]
[-1.0853669734109936, 0.021695691964377525], 2, -1.0, [-1.0601876537241564, 0.025179319686837377]
[-1.0601876537241564, 0.025179319686837377], 2, -1.0, [-1.0315102321531722, 0.028677421570984244]
[-1.0315102321531722, 0.028677421570984244], 2, -1.0, [-0.9993355786060012, 0.032174653547171]
[-0.9993355786060012, 0.032174653547171], 2, -1.0, [-0.963686651957182, 0.03564892664881925]
[-0.963686651957182, 0.03564892664881925], 2, -1.0, [-0.9246157740765635, 0.039070877880618464]
[-0.9246157740765635, 0.039070877880618464], 2, -1.0, [-0.8822120454506124, 0.042403728625951154]
[-0.8822120454506124, 0.042403728625951154], 2, -1.0, [-0.8366083434129299, 0.045603702037682534]
[-0.8366083434129299, 0.045603702037682534], 2, -1.0, [-0.7879871792240333, 0.048621164188896664]
[-0.7879871792240333, 0.048621164188896664], 2, -1.0, [-0.7365845712121586, 0.051402608011874726]
[-0.7365845712121586, 0.051402608011874726], 2, -1.0, [-0.6826910660969485, 0.053893505115210044]
[-0.6826910660969485, 0.053893505115210044], 2, -1.0, [-0.6266491558186753, 0.05604191027827321]
[-0.6266491558186753, 0.05604191027827321], 2, -1.0, [-0.5688466202169292, 0.057802535601746106]
[-0.5688466202169292, 0.057802535601746106], 2, -1.0, [-0.5097057670091245, 0.05914085320780469]
[-0.5097057670091245, 0.05914085320780469], 2, -1.0, [-0.449669081200712, 0.06003668580841254]
[-0.449669081200712, 0.06003668580841254], 2, -1.0, [-0.3891823334788426, 0.06048674772186935]
[-0.3891823334788426, 0.06048674772186935], 2, -1.0, [-0.3286766085295892, 0.06050572494925345]
[-0.3286766085295892, 0.06050572494925345], 2, -1.0, [-0.26855089532161597, 0.06012571320797323]
[-0.26855089532161597, 0.06012571320797323], 2, -1.0, [-0.20915678364209073, 0.059394111679525234]
[-0.20915678364209073, 0.059394111679525234], 2, -1.0, [-0.15078646008976798, 0.058370323552322745]
[-0.15078646008976798, 0.058370323552322745], 2, -1.0, [-0.09366468240734188, 0.05712177768242609]
[-0.09366468240734188, 0.05712177768242609], 2, -1.0, [-0.03794485535733456, 0.055719827050007324]
[-0.03794485535733456, 0.055719827050007324], 2, -1.0, [0.016291152094334266, 0.05423600745166882]
[0.016291152094334266, 0.05423600745166882], 2, -1.0, [0.06903014472014085, 0.052738992625806586]
[0.06903014472014085, 0.052738992625806586], 2, -1.0, [0.12032255409125099, 0.05129240937111014]
[0.12032255409125099, 0.05129240937111014], 1, -1.0, [0.16927607470467956, 0.048953520613428565]
[0.16927607470467956, 0.048953520613428565], 1, -1.0, [0.21604508866763805, 0.046769013962958496]
[0.21604508866763805, 0.046769013962958496], 1, -1.0, [0.2608210753169055, 0.04477598664926747]
[0.2608210753169055, 0.04477598664926747], 1, -1.0, [0.3038241143488689, 0.0430030390319634]
[0.3038241143488689, 0.0430030390319634], 1, -1.0, [0.3452956967200065, 0.0414715823711376]
[0.3452956967200065, 0.0414715823711376], 1, -1.0, [0.3854928717000114, 0.04019717498000493]
[0.3854928717000114, 0.04019717498000493], 0, -1.0, [0.4236836330214543, 0.038190761321442904]
[0.4236836330214543, 0.038190761321442904], 1, -1.0, [0.4611362018556224, 0.037452568834168073]
[0.4611362018556224, 0.037452568834168073], 1, -1.0, [0.4981230382280643, 0.03698683637244191]
[0.4981230382280643, 0.03698683637244191], 1, -1.0, [0.5349189925244212, 0.03679595429635688]
