[-0.4292547880669576, 0.0], 0, -1.0, [-0.43095295871195677, -0.0016981706449991512]
[-0.43095295871195677, -0.0016981706449991512], 0, -1.0, [-0.4343370614516689, -0.003384102739712136]
[-0.4343370614516689, -0.003384102739712136], 0, -1.0, [-0.43938265461373166, -0.005045593162062781]
[-0.43938265461373166, -0.005045593162062781], 0, -1.0, [-0.44605317057678007, -0.00667051596304841]
[-0.44605317057678007, -0.00667051596304841], 0, -1.0, [-0.4543000468054246, -0.008246876228644492]
[-0.4543000468054246, -0.008246876228644492], 0, -1.0, [-0.4640629276472653, -0.009762880841840758]
[-0.4640629276472653, -0.009762880841840758], 0, -1.0, [-0.47526995709187525, -0.011207029444609952]
[-0.47526995709187525, -0.011207029444609952], 0, -1.0, [-0.4878381841048692, -0.012568227012993951]
[-0.4878381841048692, -0.012568227012993951], 0, -1.0, [-0.5016741013722917, -0.013835917267422518]
[-0.5016741013722917, -0.013835917267422518], 0, -1.0, [-0.5166743351582918, -0.01500023378599999]
[-0.5166743351582918, -0.01500023378599999], 0, -1.0, [-0.5327264985125351, -0.016052163354243303]
[-0.5327264985125351, -0.016052163354243303], 0, -1.0, [-0.549710212499992, -0.016983713987456853]
[-0.549710212499992, -0.016983713987456853], 0, -1.0, [-0.567498290932591, -0.01778807843259899]
[-0.567498290932591, -0.01778807843259899], 2, -1.0, [-0.5839580739444399, -0.016459783011848923]
[-0.5839580739444399, -0.016459783011848923], 0, -1.0, [-0.6009676320826586, -0.017009558138218736]
[-0.6009676320826586, -0.017009558138218736], 0, -1.0, [-0.6184021199407196, -0.01743448785806104]
[-0.6184021199407196, -0.01743448785806104], 0, -1.0, [-0.6361351297144854, -0.01773300977376581]
[-0.6361351297144854, -0.01773300977376581], 0, -1.0, [-0.654040059304602, -0.0179049295901166]
[-0.654040059304602, -0.0179049295901166], 0, -1.0, [-0.6719914575859594, -0.017951398281357375]
[-0.6719914575859594, -0.017951398281357375], 0, -1.0, [-0.6898663094181609, -0.01787485183220152]
[-0.6898663094181609, -0.01787485183220152], 0, -1.0, [-0.7075452253026492, -0.01767891588448831]
[-0.7075452253026492, -0.01767891588448831], 0, -1.0, [-0.7249135051019097, -0.017368279799260426]
[-0.7249135051019097, -0.017368279799260426], 0, -1.0, [-0.7418620515205566, -0.016948546418646914]
[-0.7418620515205566, -0.016948546418646914], 0, -1.0, [-0.7582881165561473, -0.01642606503559058]
[-0.7582881165561473, -0.01642606503559058], 0, -1.0, [-0.7740958722325932, -0.015807755676445975]
[-0.7740958722325932, -0.015807755676445975], 2, -1.0, [-0.7871968050043455, -0.013100932771752276]
[-0.7871968050043455, -0.013100932771752276], 2, -1.0, [-0.7975204578669339, -0.010323652862588439]
[-0.7975204578669339, -0.010323652862588439], 2, -1.0, [-0.8050132386231161, -0.007492780756182152]
[-0.8050132386231161, -0.007492780756182152], 2, -1.0, [-0.8096373475998204, -0.004624108976704252]
[-0.8096373475998204, -0.004624108976704252], 2, -1.0, [-0.8113699269745898, -0.0017325793747693715]
[-0.8113699269745898, -0.0017325793747693715], 2, -1.0, [-0.8102025057983653, 0.0011674211762244448]
[-0.8102025057983653, 0.0011674211762244448], 2, -1.0, [-0.8061407862144881, 0.004061719583877136]
[-0.8061407862144881, 0.004061719583877136], 2, -1.0, [-0.7992047878540127, 0.006935998360475461]
[-0.7992047878540127, 0.006935998360475461], 2, -1.0, [-0.7894293389706758, 0.009775448883336915]
[-0.7894293389706758, 0.009775448883336915], 2, -1.0, [-0.7768648743879807, 0.01256446458269508]
[-0.7768648743879807, 0.01256446458269508], 2, -1.0, [-0.7615784717326802, 0.015286402655300499]
[-0.7615784717326802, 0.015286402655300499], 2, -1.0, [-0.743655029175601, 0.017923442557079214]
[-0.743655029175601, 0.017923442557079214], 2, -1.0, [-0.7231984612112489, 0.020456567964352086]
[-0.7231984612112489, 0.020456567964352086], 2, -1.0, [-0.7003327660336741, 0.022865695177574766]
[-0.7003327660336741, 0.022865695177574766], 2, -1.0, [-0.6752028018731902, 0.025129964160483933]
[-0.6752028018731902, 0.025129964160483933], 2, -1.0, [-0.6479746039532587, 0.02722819791993147]
[-0.6479746039532587, 0.02722819791993147], 2, -1.0, [-0.6188350822869465, 0.029139521666312153]
[-0.6188350822869465, 0.029139521666312153], 2, -1.0, [-0.5879909663606592, 0.030844115926287344]
[-0.5879909663606592, 0.030844115926287344], 2, -1.0, [-0.5556669070735734, 0.0323240592870858]
[-0.5556669070735734, 0.0323240592870858], 2, -1.0, [-0.522102707628416, 0.03356419944515732]
[-0.522102707628416, 0.03356419944515732], 2, -1.0, [-0.48754972865536195, 0.0345529789730541]
[-0.48754972865536195, 0.0345529789730541], 2, -1.0, [-0.4522665908142576, 0.03528313784110435]
[-0.4522665908142576, 0.03528313784110435], 2, -1.0, [-0.4165143704190141, 0.03575222039524344]
[-0.4165143704190141, 0.03575222039524344], 2, -1.0, [-0.3805515397984173, 0.0359628306205968]
[-0.3805515397984173, 0.0359628306205968], 2, -1.0, [-0.34462893540382245, 0.03592260439459487]
[-0.34462893540382245, 0.03592260439459487], 2, -1.0, [-0.3089850380331696, 0.03564389737065283]
[-0.3089850380331696, 0.03564389737065283], 2, -1.0, [-0.2738418207835549, 0.035143217249614736]
[-0.2738418207835549, 0.035143217249614736], 2, -1.0, [-0.23940136623020966, 0.03444045455334523]
[-0.23940136623020966, 0.03444045455334523], 2, -1.0, [-0.20584338344165293, 0.033557982788556734]
[-0.20584338344165293, 0.033557982788556734], 2, -1.0, [-0.17332367825888084, 0.032519705182772085]
[-0.17332367825888084, 0.032519705182772085], 2, -1.0, [-0.1419735570050032, 0.031350121253877636]
[-0.1419735570050032, 0.031350121253877636], 2, -1.0, [-0.11190008258887765, 0.030073474416125533]
[-0.11190008258887765, 0.030073474416125533], 0, -1.0, [-0.08518705781832756, 0.026713024770550094]
[-0.08518705781832756, 0.026713024770550094], 0, -1.0, [-0.061892837022533426, 0.02329422079579413]
[-0.061892837022533426, 0.02329422079579413], 0, -1.0, [-0.04205564426328984, 0.019837192759243585]
[-0.04205564426328984, 0.019837192759243585], 0, -1.0, [-0.025698580265731866, 0.016357063997557972]
[-0.025698580265731866, 0.016357063997557972], 0, -1.0, [-0.012834090255904644, 0.012864490009827222]
[-0.012834090255904644, 0.012864490009827222], 0, -1.0, [-0.0034677474439132154, 0.009366342811991429]
[-0.0034677474439132154, 0.009366342811991429], 0, -1.0, [0.002398730651171861, 0.005866478095085077]
[0.002398730651171861, 0.005866478095085077], 0, -1.0, [0.004765273477450884, 0.0023665428262790228]
[0.004765273477450884, 0.0023665428262790228], 0, -1.0, [0.003632071762481469, -0.0011332017149694147]
[0.003632071762481469, -0.0011332017149694147], 0, -1.0, [-0.0010009815445718084, -0.004633053307053278]
[-0.0010009815445718084, -0.004633053307053278], 0, -1.0, [-0.009134023579537964, -0.008133042034966157]
[-0.009134023579537964, -0.008133042034966157], 0, -1.0, [-0.020766127081382008, -0.011632103501844043]
[-0.020766127081382008, -0.011632103501844043], 0, -1.0, [-0.03589338079168753, -0.015127253710305523]
[-0.03589338079168753, -0.015127253710305523], 0, -1.0, [-0.054506154734871484, -0.01861277394318395]
[-0.054506154734871484, -0.01861277394318395], 0, -1.0, [-0.07658558022404721, -0.022079425489175724]
[-0.07658558022404721, -0.022079425489175724], 0, -1.0, [-0.10209931027286186, -0.02551373004881464]
[-0.10209931027286186, -0.02551373004881464], 0, -1.0, [-0.13099668129536057, -0.028897371022498713]
[-0.13099668129536057, -0.028897371022498713], 0, -1.0, [-0.16320347268535168, -0.0322067913899911]
[-0.16320347268535168, -0.0322067913899911], 0, -1.0, [-0.19861655442283338, -0.035413081737481686]
[-0.19861655442283338, -0.035413081737481686], 0, -1.0, [-0.23709881605097727, -0.03848226162814389]
[-0.23709881605097727, -0.03848226162814389], 0, -1.0, [-0.27847486810467104, -0.04137605205369378]
[-0.27847486810467104, -0.04137605205369378], 0, -1.0, [-0.3225280773195387, -0.044053209214867634]
[-0.3225280773195387, -0.044053209214867634], 0, -1.0, [-0.3689995130650095, -0.0464714357454708]
[-0.3689995130650095, -0.0464714357454708], 0, -1.0, [-0.4175893185961774, -0.04858980553116785]
[-0.4175893185961774, -0.04858980553116785], 0, -1.0, [-0.46796086015321076, -0.05037154155703336]
[-0.46796086015321076, -0.05037154155703336], 0, -1.0, [-0.5197477511691689, -0.0517868910159582]
[-0.5197477511691689, -0.0517868910159582], 0, -1.0, [-0.5725635242258378, -0.05281577305666882]
[-0.5725635242258378, -0.05281577305666882], 0, -1.0, [-0.6260133809403912, -0.05344985671455335]
[-0.6260133809403912, -0.05344985671455335], 0, -1.0, [-0.6797071559685749, -0.05369377502818371]
[-0.6797071559685749, -0.05369377502818371], 0, -1.0, [-0.7332724499972659, -0.05356529402869106]
[-0.7332724499972659, -0.05356529402869106], 0, -1.0, [-0.7863668604370448, -0.05309441043977887]
[-0.7863668604370448, -0.05309441043977887], 0, -1.0, [-0.8386883741039601, -0.05232151366691529]
[-0.8386883741039601, -0.05232151366691529], 0, -1.0, [-0.8899832518969597, -0.051294877792999585]
[-0.8899832518969597, -0.051294877792999585], 0, -1.0, [-0.9400510720915053, -0.05006782019454556]
[-0.9400510720915053, -0.05006782019454556], 0, -1.0, [-0.9887469381960629, -0.04869586610455759]
[-0.9887469381960629, -0.04869586610455759], 0, -1.0, [-1.035981141250813, -0.04723420305475031]
[-1.035981141250813, -0.04723420305475031], 0, -1.0, [-1.0817167595103587, -0.045735618259545655]
[-1.0817167595103587, -0.045735618259545655], 0, -1.0, [-1.125965771021283, -0.04424901151092413]
[-1.125965771021283, -0.04424901151092413], 0, -1.0, [-1.1687842581998673, -0.04281848717858432]
[-1.1687842581998673, -0.04281848717858432], 0, -1.0, [-1.2, 0.0]
[-1.2, 0.0], 2, -1.0, [-1.1967581039591646, 0.003241896040835368]
[-1.1967581039591646, 0.003241896040835368], 2, -1.0, [-1.1902636585360942, 0.006494445423070332]
[-1.1902636585360942, 0.006494445423070332], 2, -1.0, [-1.1804959639787937, 0.009767694557300442]
[-1.1804959639787937, 0.009767694557300442], 2, -1.0, [-1.1674255149588486, 0.013070449019945182]
[-1.1674255149588486, 0.013070449019945182], 2, -1.0, [-1.1510159267200155, 0.016409588238833067]
[-1.1510159267200155, 0.016409588238833067], 2, -1.0, [-1.1312266168239755, 0.019789309896040046]
[-1.1312266168239755, 0.019789309896040046], 2, -1.0, [-1.108016322100852, 0.02321029472312345]
[-1.108016322100852, 0.02321029472312345], 2, -1.0, [-1.081347524946184, 0.02666879715466819]
[-1.081347524946184, 0.02666879715466819], 2, -1.0, [-1.0511918363028878, 0.03015568864329602]
[-1.0511918363028878, 0.03015568864329602], 2, -1.0, [-1.0175363271434712, 0.0336555091594167]
[-1.0175363271434712, 0.0336555091594167], 1, -1.0, [-0.9813907090723114, 0.03614561807115984]
[-0.9813907090723114, 0.03614561807115984], 2, -1.0, [-0.9417936515535332, 0.03959705751877813]
[-0.9417936515535332, 0.03959705751877813], 2, -1.0, [-0.8988205433429223, 0.042973108210611004]
[-0.8988205433429223, 0.042973108210611004], 2, -1.0, [-0.8525910494885005, 0.04622949385442177]
[-0.8525910494885005, 0.04622949385442177], 2, -1.0, [-0.8032756472006797, 0.04931540228782079]
[-0.8032756472006797, 0.04931540228782079], 2, -1.0, [-0.7511002555588122, 0.052175391641867415]
[-0.7511002555588122, 0.052175391641867415], 2, -1.0, [-0.6963480178315758, 0.05475223772723638]
[-0.6963480178315758, 0.05475223772723638], 2, -1.0, [-0.6393573833057933, 0.05699063452578256]
[-0.6393573833057933, 0.05699063452578256], 2, -1.0, [-0.5805159049778822, 0.058841478327911076]
[-0.5805159049778822, 0.058841478327911076], 2, -1.0, [-0.520249619505116, 0.060266285472766246]
[-0.520249619505116, 0.060266285472766246], 2, -1.0, [-0.4590084522804223, 0.06124116722469365]
[-0.4590084522804223, 0.06124116722469365], 2, -1.0, [-0.3972486866853776, 0.061759765595044716]
[-0.3972486866853776, 0.061759765595044716], 2, -1.0, [-0.3354140168867548, 0.06183466979862281]
[-0.3354140168867548, 0.06183466979862281], 2, -1.0, [-0.2739169453619884, 0.06149707152476642]
[-0.2739169453619884, 0.06149707152476642], 2, -1.0, [-0.2131222239516956, 0.06079472141029278]
[-0.2131222239516956, 0.06079472141029278], 2, -1.0, [-0.15333368708559764, 0.05978853686609799]
[-0.15333368708559764, 0.05978853686609799], 2, -1.0, [-0.09478528028545484, 0.058548406800142797]
[-0.09478528028545484, 0.058548406800142797], 2, -1.0, [-0.037636479894528174, 0.057148800390926666]
[-0.037636479894528174, 0.057148800390926666], 2, -1.0, [0.018028239250833224, 0.0556647191453614]
[0.018028239250833224, 0.0556647191453614], 2, -1.0, [0.07219661395084306, 0.05416837470000983]
[0.07219661395084306, 0.05416837470000983], 2, -1.0, [0.12492339872340787, 0.0527267847725648]
[0.12492339872340787, 0.0527267847725648], 2, -1.0, [0.17632370407554382, 0.05140030535213595]
[0.17632370407554382, 0.05140030535213595], 2, -1.0, [0.226565692550658, 0.05024198847511418]
[0.226565692550658, 0.05024198847511418], 1, -1.0, [0.2748632731294435, 0.04829758057878548]
[0.2748632731294435, 0.04829758057878548], 1, -1.0, [0.32146370819375136, 0.046600435064307874]
[0.32146370819375136, 0.046600435064307874], 1, -1.0, [0.3666393500177841, 0.04517564182403272]
[0.3666393500177841, 0.04517564182403272], 1, -1.0, [0.4106808189560719, 0.04404146893828778]
[0.4106808189560719, 0.04404146893828778], 1, -1.0, [0.4538915077979138, 0.04321068884184193]
[0.4538915077979138, 0.04321068884184193], 1, -1.0, [0.49658319434938464, 0.04269168655147082]
[0.49658319434938464, 0.04269168655147082], 1, -1.0, [0.5390724857859772, 0.042489291436592594]
