[-0.4144041917158329, 0.0], 0, -1.0, [-0.416208582244439, -0.0018043905286061102]
[-0.416208582244439, -0.0018043905286061102], 0, -1.0, [-0.4198045382966539, -0.003595956052214867]
[-0.4198045382966539, -0.003595956052214867], 0, -1.0, [-0.42516643221729084, -0.005361893920636935]
[-0.42516643221729084, -0.005361893920636935], 0, -1.0, [-0.4322558862288555, -0.0070894540115646965]
[-0.4322558862288555, -0.0070894540115646965], 0, -1.0, [-0.44102187017720773, -0.0087659839483522]
[-0.44102187017720773, -0.0087659839483522], 0, -1.0, [-0.45140086559285814, -0.010378995415650401]
[-0.45140086559285814, -0.010378995415650401], 0, -1.0, [-0.46331712149175297, -0.011916255898894852]
[-0.46331712149175297, -0.011916255898894852], 0, -1.0, [-0.4766830294413119, -0.01336590794955893]
[-0.4766830294413119, -0.01336590794955893], 0, -1.0, [-0.4913996448986316, -0.01471661545731966]
[-0.4913996448986316, -0.01471661545731966], 0, -1.0, [-0.5073573784465095, -0.015957733547877995]
[-0.5073573784465095, -0.015957733547877995], 0, -1.0, [-0.5244368742814499, -0.017079495834940384]
[-0.5244368742814499, -0.017079495834940384], 0, -1.0, [-0.5425100843828894, -0.018073210101439495]
[-0.5425100843828894, -0.018073210101439495], 0, -1.0, [-0.5614415357443947, -0.018931451361505317]
[-0.5614415357443947, -0.018931451361505317], 0, -1.0, [-0.5810897756906085, -0.01964823994621382]
[-0.5810897756906085, -0.01964823994621382], 0, -1.0, [-0.6013089676852034, -0.020219191994594855]
[-0.6013089676852034, -0.020219191994594855], 0, -1.0, [-0.6219505983340193, -0.020641630648816005]
[-0.6219505983340193, -0.020641630648816005], 0, -1.0, [-0.6428652466783958, -0.020914648344376518]
[-0.6428652466783958, -0.020914648344376518], 0, -1.0, [-0.6639043603732209, -0.02103911369482506]
[-0.6639043603732209, -0.02103911369482506], 0, -1.0, [-0.6849219806684748, -0.02101762029525389]
[-0.6849219806684748, -0.02101762029525389], 0, -1.0, [-0.7057763595724442, -0.02085437890396946]
[-0.7057763595724442, -0.02085437890396946], 0, -1.0, [-0.7263314180288559, -0.020555058456411684]
[-0.7263314180288559, -0.020555058456411684], 0, -1.0, [-0.7464580028217852, -0.02012658479292924]
[-0.7464580028217852, -0.02012658479292924], 0, -1.0, [-0.7660349113262993, -0.019576908504514153]
[-0.7660349113262993, -0.019576908504514153], 0, -1.0, [-0.7849496660414808, -0.01891475471518148]
[-0.7849496660414808, -0.01891475471518148], 2, -1.0, [-0.8010990339195285, -0.016149367878047813]
[-0.8010990339195285, -0.016149367878047813], 2, -1.0, [-0.8143993598618489, -0.013300325942320319]
[-0.8143993598618489, -0.013300325942320319], 2, -1.0, [-0.8247849971916363, -0.010385637329787487]
[-0.8247849971916363, -0.010385637329787487], 2, -1.0, [-0.8322067994054202, -0.007421802213783836]
[-0.8322067994054202, -0.007421802213783836], 2, -1.0, [-0.8366308105025503, -0.004424011097130089]
[-0.8366308105025503, -0.004424011097130089], 2, -1.0, [-0.8380372599397724, -0.0014064494372221644]
[-0.8380372599397724, -0.0014064494372221644], 2, -1.0, [-0.8364199366947784, 0.001617323244993979]
[-0.8364199366947784, 0.001617323244993979], 2, -1.0, [-0.8317859861289585, 0.004633950565819963]
[-0.8317859861289585, 0.004633950565819963], 2, -1.0, [-0.8241561434101363, 0.007629842718822184]
[-0.8241561434101363, 0.007629842718822184], 2, -1.0, [-0.8135653876657059, 0.01059075574443049]
[-0.8135653876657059, 0.01059075574443049], 2, -1.0, [-0.8000639710589865, 0.013501416606719385]
[-0.8000639710589865, 0.013501416606719385], 2, -1.0, [-0.7837187461216522, 0.01634522493733438]
[-0.7837187461216522, 0.01634522493733438], 2, -1.0, [-0.7646146830851868, 0.0191040630364654]
[-0.7646146830851868, 0.0191040630364654], 2, -1.0, [-0.7428564377955984, 0.02175824528958838]
[-0.7428564377955984, 0.02175824528958838], 2, -1.0, [-0.7185698024816781, 0.024286635313920286]
[-0.7185698024816781, 0.024286635313920286], 2, -1.0, [-0.691902849881428, 0.026666952600250076]
[-0.691902849881428, 0.026666952600250076], 2, -1.0, [-0.6630265707358315, 0.028876279145596522]
[-0.6630265707358315, 0.028876279145596522], 2, -1.0, [-0.6321348105121156, 0.03089176022371587]
[-0.6321348105121156, 0.03089176022371587], 2, -1.0, [-0.5994433377941931, 0.03269147271792247]
[-0.5994433377941931, 0.03269147271792247], 2, -1.0, [-0.5651879264109676, 0.03425541138322554]
[-0.5651879264109676, 0.03425541138322554], 2, -1.0, [-0.5296214050355729, 0.035566521375394726]
[-0.5296214050355729, 0.035566521375394726], 2, -1.0, [-0.49300971639695707, 0.0366116886386158]
[-0.49300971639695707, 0.0366116886386158], 2, -1.0, [-0.4556271238416033, 0.03738259255535376]
[-0.4556271238416033, 0.03738259255535376], 2, -1.0, [-0.4177507930745487, 0.03787633076705459]
[-0.4177507930745487, 0.03787633076705459], 2, -1.0, [-0.37965504791310223, 0.03809574516144646]
[-0.37965504791310223, 0.03809574516144646], 2, -1.0, [-0.34160563921477066, 0.03804940869833156]
[-0.34160563921477066, 0.03804940869833156], 2, -1.0, [-0.3038543689194888, 0.037751270295281886]
[-0.3038543689194888, 0.037751270295281886], 2, -1.0, [-0.266634375928149, 0.03721999299133983]
[-0.266634375928149, 0.03721999299133983], 2, -1.0, [-0.2301563234316889, 0.03647805249646009]
[-0.2301563234316889, 0.03647805249646009], 2, -1.0, [-0.19460563946814532, 0.03555068396354358]
[-0.19460563946814532, 0.03555068396354358], 2, -1.0, [-0.1601408675025895, 0.03446477196555584]
[-0.1601408675025895, 0.03446477196555584], 2, -1.0, [-0.12689309477338861, 0.033247772729200875]
[-0.12689309477338861, 0.033247772729200875], 2, -1.0, [-0.09496635319639134, 0.03192674157699728]
[-0.09496635319639134, 0.03192674157699728], 2, -1.0, [-0.0644388366891866, 0.030527516507204745]
[-0.0644388366891866, 0.030527516507204745], 2, -1.0, [-0.0353647513899675, 0.029074085299219093]
[-0.0353647513899675, 0.029074085299219093], 2, -1.0, [-0.007776609294976172, 0.02758814209499133]
[-0.007776609294976172, 0.02758814209499133], 2, -1.0, [0.018312213120243635, 0.026088822415219808]
[0.018312213120243635, 0.026088822415219808], 2, -1.0, [0.04290480712968386, 0.024592594009440222]
[0.04290480712968386, 0.024592594009440222], 2, -1.0, [0.06601808181620734, 0.023113274686523484]
[0.06601808181620734, 0.023113274686523484], 2, -1.0, [0.08768022829246655, 0.021662146476259202]
[0.08768022829246655, 0.021662146476259202], 2, -1.0, [0.10792836524150319, 0.02024813694903664]
[0.10792836524150319, 0.02024813694903664], 2, -1.0, [0.1268064072991249, 0.0188780420576217]
[0.1268064072991249, 0.0188780420576217], 2, -1.0, [0.14436317671676388, 0.01755676941763897]
[0.14436317671676388, 0.01755676941763897], 2, -1.0, [0.1606507624376878, 0.016287585720923925]
[0.1606507624376878, 0.016287585720923925], 2, -1.0, [0.1757231188901892, 0.015072356452501396]
[0.1757231188901892, 0.015072356452501396], 2, -1.0, [0.18963488885132213, 0.013911769961132924]
[0.18963488885132213, 0.013911769961132924], 2, -1.0, [0.20244042994485992, 0.012805541093537787]
[0.20244042994485992, 0.012805541093537787], 2, -1.0, [0.21419302198536386, 0.011752592040503931]
[0.21419302198536386, 0.011752592040503931], 2, -1.0, [0.2249442318119709, 0.010751209826607048]
[0.2249442318119709, 0.010751209826607048], 2, -1.0, [0.2347434129176309, 0.009799181105659995]
[0.2347434129176309, 0.009799181105659995], 2, -1.0, [0.24363731862978627, 0.00889390571215537]
[0.24363731862978627, 0.00889390571215537], 2, -1.0, [0.25166980949976436, 0.008032490869978069]
[0.25166980949976436, 0.008032490869978069], 2, -1.0, [0.25888163766497596, 0.007211828165211596]
[0.25888163766497596, 0.007211828165211596], 2, -1.0, [0.2653102930902082, 0.006428655425232225]
[0.2653102930902082, 0.006428655425232225], 2, -1.0, [0.2709898986607052, 0.005679605570496999]
[0.2709898986607052, 0.005679605570496999], 2, -1.0, [0.2759511430236321, 0.0049612443629268805]
[0.2759511430236321, 0.0049612443629268805], 2, -1.0, [0.2802212418214359, 0.004270098797803754]
[0.2802212418214359, 0.004270098797803754], 2, -1.0, [0.283823919518595, 0.0036026776971591094]
[0.283823919518595, 0.0036026776971591094], 2, -1.0, [0.2867794053954183, 0.0029554858768233417]
[0.2867794053954183, 0.0029554858768233417], 2, -1.0, [0.28910443848166334, 0.0023250330862450612]
[0.28910443848166334, 0.0023250330862450612], 2, -1.0, [0.2908122772472742, 0.0017078387656108834]
[0.2908122772472742, 0.0017078387656108834], 2, -1.0, [0.2919127107790568, 0.0011004335317825996]
[0.2919127107790568, 0.0011004335317825996], 2, -1.0, [0.29241206897355076, 0.0004993581944940015]
[0.29241206897355076, 0.0004993581944940015], 2, -1.0, [0.2923132299910158, -9.883898253497283e-05]
[0.2923132299910158, -9.883898253497283e-05], 1, -1.0, [0.29061562386643147, -0.0016976061245842797]
[0.29061562386643147, -0.0016976061245842797], 1, -1.0, [0.28730948316458255, -0.0033061407018489483]
[0.28730948316458255, -0.0033061407018489483], 0, -1.0, [0.2813759054757762, -0.005933577688806377]
[0.2813759054757762, -0.005933577688806377], 0, -1.0, [0.2727813691049481, -0.008594536370828071]
[0.2727813691049481, -0.008594536370828071], 1, -1.0, [0.26247825530800223, -0.010303113796945863]
[0.26247825530800223, -0.010303113796945863], 2, -1.0, [0.25141097846037025, -0.011067276847631978]
[0.25141097846037025, -0.011067276847631978], 0, -1.0, [0.23752170913881468, -0.01388926932155557]
[0.23752170913881468, -0.01388926932155557], 2, -1.0, [0.22274072145179927, -0.014780987687015405]
[0.22274072145179927, -0.014780987687015405], 1, -1.0, [0.2059974226707595, -0.016743298781039778]
[0.2059974226707595, -0.016743298781039778], 2, -1.0, [0.18821651544374443, -0.017780907227015065]
[0.18821651544374443, -0.017780907227015065], 1, -1.0, [0.16832366774925112, -0.019892847694493326]
[0.16832366774925112, -0.019892847694493326], 0, -1.0, [0.1452428487975009, -0.02308081895175021]
[0.1452428487975009, -0.02308081895175021], 2, -1.0, [0.12089562288418905, -0.024347225913311853]
[0.12089562288418905, -0.024347225913311853], 0, -1.0, [0.09321102964092319, -0.027684593243265856]
[0.09321102964092319, -0.027684593243265856], 0, -1.0, [0.0621235444687404, -0.031087485172182787]
[0.0621235444687404, -0.031087485172182787], 2, -1.0, [0.029579351286168058, -0.032544193182572345]
[0.029579351286168058, -0.032544193182572345], 0, -1.0, [-0.006455005301001737, -0.036034356587169795]
[-0.006455005301001737, -0.036034356587169795], 2, -1.0, [-0.04398889314801893, -0.037533887847017194]
[-0.04398889314801893, -0.037533887847017194], 2, -1.0, [-0.08300104356373805, -0.03901215041571912]
[-0.08300104356373805, -0.03901215041571912], 0, -1.0, [-0.1254360904035974, -0.04243504683985936]
[-0.1254360904035974, -0.04243504683985936], 0, -1.0, [-0.17119620634827648, -0.04576011594467909]
[-0.17119620634827648, -0.04576011594467909], 1, -1.0, [-0.2191337898168636, -0.047937583468587106]
[-0.2191337898168636, -0.047937583468587106], 0, -1.0, [-0.2700503303517655, -0.0509165405349019]
[-0.2700503303517655, -0.0509165405349019], 1, -1.0, [-0.32269034354718656, -0.052640013195421075]
[-0.32269034354718656, -0.052640013195421075], 0, -1.0, [-0.3777475808869106, -0.05505723733972406]
[-0.3777475808869106, -0.05505723733972406], 0, -1.0, [-0.4348641302112287, -0.057116549324318096]
[-0.4348641302112287, -0.057116549324318096], 0, -1.0, [-0.49363835700508624, -0.05877422679385754]
[-0.49363835700508624, -0.05877422679385754], 0, -1.0, [-0.5536369845112784, -0.059998627506192136]
[-0.5536369845112784, -0.059998627506192136], 2, -1.0, [-0.6124106302389175, -0.0587736457276391]
[-0.6124106302389175, -0.0587736457276391], 0, -1.0, [-0.6715260398421261, -0.05911540960320865]
[-0.6715260398421261, -0.05911540960320865], 0, -1.0, [-0.7305680544596005, -0.05904201461747438]
[-0.7305680544596005, -0.05904201461747438], 0, -1.0, [-0.7891556346029784, -0.058587580143377976]
[-0.7891556346029784, -0.058587580143377976], 0, -1.0, [-0.8469556335266328, -0.057799998923654394]
[-0.8469556335266328, -0.057799998923654394], 0, -1.0, [-0.9036933184337579, -0.05673768490712501]
[-0.9036933184337579, -0.05673768490712501], 0, -1.0, [-0.9591591235877025, -0.05546580515394462]
[-0.9591591235877025, -0.05546580515394462], 0, -1.0, [-1.0132116191447027, -0.05405249555700025]
[-1.0132116191447027, -0.05405249555700025], 0, -1.0, [-1.0657770976891636, -0.05256547854446097]
[-1.0657770976891636, -0.05256547854446097], 0, -1.0, [-1.1168464587232068, -0.0510693610340431]
[-1.1168464587232068, -0.0510693610340431], 1, -1.0, [-1.1654701949115533, -0.04862373618834651]
[-1.1654701949115533, -0.04862373618834651], 1, -1.0, [-1.2, 0.0]
[-1.2, 0.0], 2, -1.0, [-1.1967581039591646, 0.003241896040835368]
[-1.1967581039591646, 0.003241896040835368], 2, -1.0, [-1.1902636585360942, 0.006494445423070332]
[-1.1902636585360942, 0.006494445423070332], 0, -1.0, [-1.1824959639787938, 0.007767694557300442]
[-1.1824959639787938, 0.007767694557300442], 2, -1.0, [-1.1714313962009901, 0.011064567777803617]
[-1.1714313962009901, 0.011064567777803617], 0, -1.0, [-1.1590384608535682, 0.012392935347421898]
[-1.1590384608535682, 0.012392935347421898], 2, -1.0, [-1.1432849296975396, 0.015753531156028566]
[-1.1432849296975396, 0.015753531156028566], 0, -1.0, [-1.1261345501053819, 0.01715037959215774]
[-1.1261345501053819, 0.01715037959215774], 2, -1.0, [-1.1055539428409817, 0.020580607264400166]
[-1.1055539428409817, 0.020580607264400166], 2, -1.0, [-1.0815115493450063, 0.024042393495975468]
[-1.0815115493450063, 0.024042393495975468], 2, -1.0, [-1.0539823904732752, 0.02752915887173108]
[-1.0539823904732752, 0.02752915887173108], 0, -1.0, [-1.0249537494666594, 0.029028641006615903]
[-1.0249537494666594, 0.029028641006615903], 2, -1.0, [-0.9924306727452811, 0.03252307672137829]
[-0.9924306727452811, 0.03252307672137829], 2, -1.0, [-0.956441263557962, 0.03598940918731912]
[-0.956441263557962, 0.03598940918731912], 2, -1.0, [-0.9170439462726416, 0.03939731728532032]
[-0.9170439462726416, 0.03939731728532032], 2, -1.0, [-0.8743347945742628, 0.04270915169837881]
[-0.8743347945742628, 0.04270915169837881], 2, -1.0, [-0.8284543434375492, 0.045880451136713525]
[-0.8284543434375492, 0.045880451136713525], 2, -1.0, [-0.7795931465699064, 0.048861196867642814]
[-0.7795931465699064, 0.048861196867642814], 2, -1.0, [-0.7279952350048373, 0.05159791156506913]
[-0.7279952350048373, 0.05159791156506913], 2, -1.0, [-0.6739586266658563, 0.05403660833898102]
[-0.6739586266658563, 0.05403660833898102], 2, -1.0, [-0.6178321749243413, 0.056126451741514934]
[-0.6178321749243413, 0.056126451741514934], 2, -1.0, [-0.5600083489880798, 0.05782382593626148]
[-0.5600083489880798, 0.05782382593626148], 2, -1.0, [-0.5009119939268928, 0.05909635506118703]
[-0.5009119939268928, 0.05909635506118703], 2, -1.0, [-0.4409856583962257, 0.059926335530667056]
[-0.4409856583962257, 0.059926335530667056], 2, -1.0, [-0.38067259762637223, 0.06031306076985349]
[-0.38067259762637223, 0.06031306076985349], 2, -1.0, [-0.3203989374087414, 0.06027366021763083]
[-0.3203989374087414, 0.06027366021763083], 2, -1.0, [-0.26055662508380706, 0.059842312324934345]
[-0.26055662508380706, 0.059842312324934345], 2, -1.0, [-0.20148865815506287, 0.05906796692874419]
[-0.20148865815506287, 0.05906796692874419], 2, -1.0, [-0.14347770551083863, 0.05801095264422424]
[-0.14347770551083863, 0.05801095264422424], 2, -1.0, [-0.08673871564358356, 0.05673898986725508]
[-0.08673871564358356, 0.05673898986725508], 2, -1.0, [-0.03141556174729866, 0.05532315389628489]
[-0.03141556174729866, 0.05532315389628489], 2, -1.0, [0.02241868698000772, 0.05383424872730638]
[0.02241868698000772, 0.05383424872730638], 2, -1.0, [0.07475858779845335, 0.052339900818445625]
[0.07475858779845335, 0.052339900818445625], 2, -1.0, [0.12566110003389858, 0.050902512235445216]
[0.12566110003389858, 0.050902512235445216], 2, -1.0, [0.17523916385939697, 0.04957806382549839]
[0.17523916385939697, 0.04957806382549839], 2, -1.0, [0.22365481742786483, 0.04841565356846785]
[0.22365481742786483, 0.04841565356846785], 2, -1.0, [0.27111241502113903, 0.047457597593274226]
[0.27111241502113903, 0.047457597593274226], 2, -1.0, [0.31785231892915766, 0.046739903908018604]
[0.31785231892915766, 0.046739903908018604], 2, -1.0, [0.3641452575070321, 0.04629293857787443]
[0.3641452575070321, 0.04629293857787443], 2, -1.0, [0.4102873851459645, 0.04614212763893246]
[0.4102873851459645, 0.04614212763893246], 2, -1.0, [0.45659595020700205, 0.04630856506103751]
[0.45659595020700205, 0.04630856506103751], 2, -1.0, [0.5034053712595536, 0.04680942105255162]
