[-0.5445990804598471, 0.0], 2, -1.0, [-0.5434416823434977, 0.0011573981163493707]
[-0.5434416823434977, 0.0011573981163493707], 2, -1.0, [-0.5411355503068422, 0.0023061320366554437]
[-0.5411355503068422, 0.0023061320366554437], 2, -1.0, [-0.5376979531253456, 0.003437597181496615]
[-0.5376979531253456, 0.003437597181496615], 2, -1.0, [-0.5331546436402936, 0.004543309485051984]
[-0.5331546436402936, 0.004543309485051984], 2, -1.0, [-0.5275396749611654, 0.005614968679128296]
[-0.5275396749611654, 0.005614968679128296], 2, -1.0, [-0.5208951502253657, 0.006644524735799734]
[-0.5208951502253657, 0.006644524735799734], 2, -1.0, [-0.5132709024575368, 0.00762424776782893]
[-0.5132709024575368, 0.00762424776782893], 2, -1.0, [-0.5047241013456085, 0.008546801111928255]
[-0.5047241013456085, 0.008546801111928255], 2, -1.0, [-0.4953187846558397, 0.009405316689768854]
[-0.4953187846558397, 0.009405316689768854], 2, -1.0, [-0.4851253135468048, 0.010193471109034864]
[-0.4851253135468048, 0.010193471109034864], 2, -1.0, [-0.47421975315690834, 0.010905560389896495]
[-0.47421975315690834, 0.010905560389896495], 2, -1.0, [-0.46268318241769996, 0.01153657073920836]
[-0.46268318241769996, 0.01153657073920836], 2, -1.0, [-0.45060093991945355, 0.012082242498246418]
[-0.45060093991945355, 0.012082242498246418], 2, -1.0, [-0.43806181561819346, 0.012539124301260082]
[-0.43806181561819346, 0.012539124301260082], 2, -1.0, [-0.42515720099211385, 0.012904614626079636]
[-0.42515720099211385, 0.012904614626079636], 2, -1.0, [-0.4119802126941213, 0.013176988297992572]
[-0.4119802126941213, 0.013176988297992572], 2, -1.0, [-0.3986248065895869, 0.013355406104534413]
[-0.3986248065895869, 0.013355406104534413], 2, -1.0, [-0.38518490013970713, 0.013439906449879751]
[-0.38518490013970713, 0.013439906449879751], 0, -1.0, [-0.37375352127696143, 0.01143137886274568]
[-0.37375352127696143, 0.01143137886274568], 1, -1.0, [-0.3634085110801192, 0.010345010196842268]
[-0.3634085110801192, 0.010345010196842268], 1, -1.0, [-0.35421921436146137, 0.009189296718657826]
[-0.35421921436146137, 0.009189296718657826], 0, -1.0, [-0.34724629751432323, 0.0069729168471381565]
[-0.34724629751432323, 0.0069729168471381565], 0, -1.0, [-0.34253518032810476, 0.004711117186218457]
[-0.34253518032810476, 0.004711117186218457], 0, -1.0, [-0.34011623847804373, 0.002418941850061044]
[-0.34011623847804373, 0.002418941850061044], 0, -1.0, [-0.34000496856852663, 0.00011126990951709596]
[-0.34000496856852663, 0.00011126990951709596], 0, -1.0, [-0.34220208178381506, -0.0021971132152884343]
[-0.34220208178381506, -0.0021971132152884343], 0, -1.0, [-0.34669350834181945, -0.00449142655800437]
[-0.34669350834181945, -0.00449142655800437], 0, -1.0, [-0.35345031192599696, -0.006756803584177526]
[-0.35345031192599696, -0.006756803584177526], 0, -1.0, [-0.36242853028770744, -0.008978218361710488]
[-0.36242853028770744, -0.008978218361710488], 0, -1.0, [-0.37356897447021425, -0.011140444182506794]
[-0.37356897447021425, -0.011140444182506794], 0, -1.0, [-0.3867970337411988, -0.0132280592709845]
[-0.3867970337411988, -0.0132280592709845], 0, -1.0, [-0.4020225453523239, -0.01522551161112514]
[-0.4020225453523239, -0.01522551161112514], 0, -1.0, [-0.419139796575735, -0.017117251223411147]
[-0.419139796575735, -0.017117251223411147], 0, -1.0, [-0.43802772995281253, -0.018887933377077483]
[-0.43802772995281253, -0.018887933377077483], 0, -1.0, [-0.4585504202734095, -0.020522690320596924]
[-0.4585504202734095, -0.020522690320596924], 0, -1.0, [-0.4805578827179051, -0.022007462444495616]
[-0.4805578827179051, -0.022007462444495616], 0, -1.0, [-0.5038872555984361, -0.023329372880530906]
[-0.5038872555984361, -0.023329372880530906], 0, -1.0, [-0.5283643787326057, -0.024477123134169606]
[-0.5283643787326057, -0.024477123134169606], 0, -1.0, [-0.5538057610608598, -0.025441382328254068]
[-0.5538057610608598, -0.025441382328254068], 0, -1.0, [-0.5800209009515097, -0.026215139890649896]
[-0.5800209009515097, -0.026215139890649896], 0, -1.0, [-0.6068148927045989, -0.026793991753089212]
[-0.6068148927045989, -0.026793991753089212], 0, -1.0, [-0.6339912263897137, -0.027176333685114816]
[-0.6339912263897137, -0.027176333685114816], 0, -1.0, [-0.6613546685029552, -0.02736344211324146]
[-0.6613546685029552, -0.02736344211324146], 0, -1.0, [-0.6887141004893875, -0.027359431986432266]
[-0.6887141004893875, -0.027359431986432266], 0, -1.0, [-0.7158851923015161, -0.027171091812128602]
[-0.7158851923015161, -0.027171091812128602], 0, -1.0, [-0.7426927988181491, -0.026807606516632984]
[-0.7426927988181491, -0.026807606516632984], 0, -1.0, [-0.768972986719352, -0.02628018790120294]
[-0.768972986719352, -0.02628018790120294], 0, -1.0, [-0.7945746257784444, -0.02560163905909242]
[-0.7945746257784444, -0.02560163905909242], 0, -1.0, [-0.8193605083144655, -0.02478588253602108]
[-0.8193605083144655, -0.02478588253602108], 0, -1.0, [-0.8432079904576738, -0.023847482143208337]
[-0.8432079904576738, -0.023847482143208337], 0, -1.0, [-0.8660091760102963, -0.02280118555262246]
[-0.8660091760102963, -0.02280118555262246], 0, -1.0, [-0.8876706858751747, -0.02166150986487842]
[-0.8876706858751747, -0.02166150986487842], 0, -1.0, [-0.9081130720393858, -0.020442386164211117]
[-0.9081130720393858, -0.020442386164211117], 0, -1.0, [-0.9272699446173573, -0.01915687257797148]
[-0.9272699446173573, -0.01915687257797148], 0, -1.0, [-0.9450868839237891, -0.017816939306431825]
[-0.9450868839237891, -0.017816939306431825], 2, -1.0, [-0.9595202079415727, -0.014433324017783565]
[-0.9595202079415727, -0.014433324017783565], 2, -1.0, [-0.9705395168060149, -0.011019308864442254]
[-0.9705395168060149, -0.011019308864442254], 2, -1.0, [-0.9781246449240231, -0.00758512811800812]
[-0.9781246449240231, -0.00758512811800812], 2, -1.0, [-0.9822632557500699, -0.004138610826046885]
[-0.9822632557500699, -0.004138610826046885], 2, -1.0, [-0.9829491519648128, -0.0006858962147429093]
[-0.9829491519648128, -0.0006858962147429093], 2, -1.0, [-0.9801813429782522, 0.002767808986560561]
[-0.9801813429782522, 0.002767808986560561], 2, -1.0, [-0.9739638897180074, 0.006217453260244807]
[-0.9739638897180074, 0.006217453260244807], 2, -1.0, [-0.964306529808373, 0.00965735990963447]
[-0.964306529808373, 0.00965735990963447], 2, -1.0, [-0.9512260702542803, 0.013080459554092653]
[-0.9512260702542803, 0.013080459554092653], 2, -1.0, [-0.9347485152981098, 0.01647755495617049]
[-0.9347485152981098, 0.01647755495617049], 2, -1.0, [-0.9149118702110497, 0.01983664508706012]
[-0.9149118702110497, 0.01983664508706012], 2, -1.0, [-0.8917695242042128, 0.023142346006836876]
[-0.8917695242042128, 0.023142346006836876], 2, -1.0, [-0.8653940656531737, 0.026375458551039177]
[-0.8653940656531737, 0.026375458551039177], 2, -1.0, [-0.8358813210256085, 0.029512744627565108]
[-0.8358813210256085, 0.029512744627565108], 2, -1.0, [-0.8033543392365345, 0.03252698178907401]
[-0.8033543392365345, 0.03252698178907401], 2, -1.0, [-0.767966973789342, 0.035387365447192586]
[-0.767966973789342, 0.035387365447192586], 2, -1.0, [-0.7299066586374457, 0.03806031515189626]
[-0.7299066586374457, 0.03806031515189626], 2, -1.0, [-0.6893959464722053, 0.040510712165240444]
[-0.6893959464722053, 0.040510712165240444], 2, -1.0, [-0.6466923974391902, 0.04270354903301511]
[-0.6466923974391902, 0.04270354903301511], 2, -1.0, [-0.6020864862317279, 0.04460591120746229]
[-0.6020864862317279, 0.04460591120746229], 2, -1.0, [-0.5558973416169158, 0.04618914461481202]
[-0.5558973416169158, 0.04618914461481202], 2, -1.0, [-0.5084663366340748, 0.047431004982840995]
[-0.5084663366340748, 0.047431004982840995], 2, -1.0, [-0.4601487859641182, 0.048317550669956626]
[-0.4601487859641182, 0.048317550669956626], 2, -1.0, [-0.41130424168003255, 0.048844544284085654]
[-0.41130424168003255, 0.048844544284085654], 2, -1.0, [-0.36228606609222047, 0.04901817558781205]
[-0.36228606609222047, 0.04901817558781205], 2, -1.0, [-0.31343106221862, 0.048855003873600485]
[-0.31343106221862, 0.048855003873600485], 2, -1.0, [-0.265049936431087, 0.04838112578753299]
[-0.265049936431087, 0.04838112578753299], 2, -1.0, [-0.21741925518050678, 0.0476306812505802]
[-0.21741925518050678, 0.0476306812505802], 2, -1.0, [-0.17077536243411917, 0.046643892746387625]
[-0.17077536243411917, 0.046643892746387625], 2, -1.0, [-0.12531048619949153, 0.045464876234627645]
[-0.12531048619949153, 0.045464876234627645], 2, -1.0, [-0.08117102509137347, 0.04413946110811806]
[-0.08117102509137347, 0.04413946110811806], 2, -1.0, [-0.0384578062716966, 0.04271321881967687]
[-0.0384578062716966, 0.04271321881967687], 2, -1.0, [0.0027720328817739948, 0.041229839153470595]
[0.0027720328817739948, 0.041229839153470595], 2, -1.0, [0.04250195848161723, 0.03972992559984324]
[0.04250195848161723, 0.03972992559984324], 2, -1.0, [0.08075217874897021, 0.03825022026735298]
[0.08075217874897021, 0.03825022026735298], 2, -1.0, [0.11757540122204635, 0.03682322247307614]
[0.11757540122204635, 0.03682322247307614], 2, -1.0, [0.15305253766024468, 0.03547713643819833]
[0.15305253766024468, 0.03547713643819833], 2, -1.0, [0.18728860870924974, 0.03423607104900507]
[0.18728860870924974, 0.03423607104900507], 2, -1.0, [0.22040902341894358, 0.03312041470969386]
[0.22040902341894358, 0.03312041470969386], 2, -1.0, [0.25255633987991993, 0.032147316460976336]
[0.25255633987991993, 0.032147316460976336], 2, -1.0, [0.2838875565847495, 0.031331216704829565]
[0.2838875565847495, 0.031331216704829565], 2, -1.0, [0.3145719405320738, 0.03068438394732432]
[0.3145719405320738, 0.03068438394732432], 2, -1.0, [0.34478936643336694, 0.03021742590129313]
[0.34478936643336694, 0.03021742590129313], 2, -1.0, [0.374729119388848, 0.02993975295548106]
[0.374729119388848, 0.02993975295548106], 2, -1.0, [0.40458909835748336, 0.029859978968635358]
[0.40458909835748336, 0.029859978968635358], 2, -1.0, [0.4345753469188903, 0.02998624856140699]
[0.4345753469188903, 0.02998624856140699], 2, -1.0, [0.4649018286728723, 0.030326481753981942]
[0.4649018286728723, 0.030326481753981942], 2, -1.0, [0.4957903548927189, 0.03088852621984661]
[0.4957903548927189, 0.03088852621984661], 2, -1.0, [0.527470559798517, 0.03168020490579814]
