[-0.4941616287772778, 0.0], 0, -1.0, [-0.4953821205182258, -0.001220491740947961]
[-0.4953821205182258, -0.001220491740947961], 0, -1.0, [-0.4978139845256441, -0.002431864007418361]
[-0.4978139845256441, -0.002431864007418361], 0, -1.0, [-0.5014390416632627, -0.0036250571376185235]
[-0.5014390416632627, -0.0036250571376185235], 0, -1.0, [-0.5062301744141979, -0.004791132750935208]
[-0.5062301744141979, -0.004791132750935208], 0, -1.0, [-0.5121515127370044, -0.005921338322806474]
[-0.5121515127370044, -0.005921338322806474], 0, -1.0, [-0.5191586886567331, -0.007007175919728637]
[-0.5191586886567331, -0.007007175919728637], 0, -1.0, [-0.52719916424378, -0.00804047558704695]
[-0.52719916424378, -0.00804047558704695], 0, -1.0, [-0.5362126374410328, -0.00901347319725279]
[-0.5362126374410328, -0.00901347319725279], 0, -1.0, [-0.546131529251434, -0.009918891810401304]
[-0.546131529251434, -0.009918891810401304], 0, -1.0, [-0.5568815540850072, -0.010750024833573136]
[-0.5568815540850072, -0.010750024833573136], 0, -1.0, [-0.5683823726469546, -0.011500818561947347]
[-0.5683823726469546, -0.011500818561947347], 0, -1.0, [-0.5805483237569724, -0.012165951110017812]
[-0.5805483237569724, -0.012165951110017812], 0, -1.0, [-0.5932892281192094, -0.012740904362236955]
[-0.5932892281192094, -0.012740904362236955], 0, -1.0, [-0.6065112535587494, -0.013222025439539991]
[-0.6065112535587494, -0.013222025439539991], 0, -1.0, [-0.6201178278823044, -0.013606574323555097]
[-0.6201178278823044, -0.013606574323555097], 0, -1.0, [-0.6340105825924963, -0.013892754710191885]
[-0.6340105825924963, -0.013892754710191885], 0, -1.0, [-0.6480903084492596, -0.01407972585676328]
[-0.6480903084492596, -0.01407972585676328], 0, -1.0, [-0.6622579025414403, -0.014167594092180715]
[-0.6622579025414403, -0.014167594092180715], 0, -1.0, [-0.6764152862465879, -0.014157383705147466]
[-0.6764152862465879, -0.014157383705147466], 0, -1.0, [-0.6904662742688995, -0.014050988022311625]
[-0.6904662742688995, -0.014050988022311625], 1, -1.0, [-0.7033173768123369, -0.012851102543437373]
[-0.7033173768123369, -0.012851102543437373], 1, -1.0, [-0.7148849500207988, -0.011567573208461898]
[-0.7148849500207988, -0.011567573208461898], 2, -1.0, [-0.7240953319339996, -0.009210381913200835]
[-0.7240953319339996, -0.009210381913200835], 2, -1.0, [-0.7308910355388917, -0.0067957036048921435]
[-0.7308910355388917, -0.0067957036048921435], 2, -1.0, [-0.7352303351262465, -0.004339299587354772]
[-0.7352303351262465, -0.004339299587354772], 2, -1.0, [-0.7370869029141641, -0.0018565677879176512]
[-0.7370869029141641, -0.0018565677879176512], 2, -1.0, [-0.7364495510627157, 0.0006373518514484356]
[-0.7364495510627157, 0.0006373518514484356], 2, -1.0, [-0.733322115103466, 0.0031274359592496706]
[-0.733322115103466, 0.0031274359592496706], 2, -1.0, [-0.7277234943761499, 0.005598620727316062]
[-0.7277234943761499, 0.005598620727316062], 2, -1.0, [-0.7196878441081129, 0.00803565026803699]
[-0.7196878441081129, 0.00803565026803699], 2, -1.0, [-0.7092648929926731, 0.010422951115439776]
[-0.7092648929926731, 0.010422951115439776], 2, -1.0, [-0.6965203402589264, 0.012744552733746766]
[-0.6965203402589264, 0.012744552733746766], 2, -1.0, [-0.6815362681833138, 0.014984072075612576]
[-0.6815362681833138, 0.014984072075612576], 2, -1.0, [-0.6644114909325348, 0.017124777250779034]
[-0.6644114909325348, 0.017124777250779034], 2, -1.0, [-0.6452617499741882, 0.019149740958346605]
[-0.6452617499741882, 0.019149740958346605], 2, -1.0, [-0.6242196616476281, 0.021042088326560026]
[-0.6242196616476281, 0.021042088326560026], 2, -1.0, [-0.6014343254253804, 0.02278533622224767]
[-0.6014343254253804, 0.02278533622224767], 2, -1.0, [-0.5770705131490701, 0.024363812276310313]
[-0.5770705131490701, 0.024363812276310313], 2, -1.0, [-0.5513073806174401, 0.02576313253163002]
[-0.5513073806174401, 0.02576313253163002], 2, -1.0, [-0.5243366727951443, 0.026970707822295808]
[-0.5243366727951443, 0.026970707822295808], 2, -1.0, [-0.49636043074839215, 0.027976242046752132]
[-0.49636043074839215, 0.027976242046752132], 2, -1.0, [-0.467588249014061, 0.028772181734331166]
[-0.467588249014061, 0.028772181734331166], 1, -1.0, [-0.43923417222359423, 0.028354076790466778]
[-0.43923417222359423, 0.028354076790466778], 0, -1.0, [-0.41250609643687663, 0.026728075786717622]
[-0.41250609643687663, 0.026728075786717622], 0, -1.0, [-0.3875958767604072, 0.02491021967646942]
[-0.3875958767604072, 0.02491021967646942], 0, -1.0, [-0.36467761276643545, 0.022918263993971753]
[-0.36467761276643545, 0.022918263993971753], 0, -1.0, [-0.34390661375424764, 0.020770999012187832]
[-0.34390661375424764, 0.020770999012187832], 0, -1.0, [-0.3254189739074133, 0.018487639846834335]
[-0.3254189739074133, 0.018487639846834335], 0, -1.0, [-0.3093316521957271, 0.01608732171168618]
[-0.3093316521957271, 0.01608732171168618], 0, -1.0, [-0.29574293063975843, 0.013588721555968665]
[-0.29574293063975843, 0.013588721555968665], 0, -1.0, [-0.2847331166700662, 0.01100981396969224]
[-0.2847331166700662, 0.01100981396969224], 0, -1.0, [-0.27636535881672214, 0.008367757853344036]
[-0.27636535881672214, 0.008367757853344036], 0, -1.0, [-0.270686457257908, 0.005678901558814132]
[-0.270686457257908, 0.005678901558814132], 0, -1.0, [-0.26772756918748886, 0.0029588880704191447]
[-0.26772756918748886, 0.0029588880704191447], 0, -1.0, [-0.2675047312417185, 0.00022283794577037134]
[-0.2675047312417185, 0.00022283794577037134], 0, -1.0, [-0.27001914563861107, -0.002514414396892609]
[-0.27001914563861107, -0.002514414396892609], 0, -1.0, [-0.2752572021129861, -0.005238056474375032]
[-0.2752572021129861, -0.005238056474375032], 0, -1.0, [-0.28319023354225276, -0.007933031429266681]
[-0.28319023354225276, -0.007933031429266681], 0, -1.0, [-0.29377402899468286, -0.010583795452430083]
[-0.29377402899468286, -0.010583795452430083], 0, -1.0, [-0.3069481534566452, -0.013174124461962377]
[-0.3069481534566452, -0.013174124461962377], 0, -1.0, [-0.3226351481352969, -0.015686994678651724]
[-0.3226351481352969, -0.015686994678651724], 0, -1.0, [-0.34073970796107916, -0.018104559825782265]
[-0.34073970796107916, -0.018104559825782265], 0, -1.0, [-0.3611479521140637, -0.020408244152984558]
[-0.3611479521140637, -0.020408244152984558], 0, -1.0, [-0.38372691686500293, -0.022578964750939214]
[-0.38372691686500293, -0.022578964750939214], 0, -1.0, [-0.4083244051404876, -0.02459748827548467]
[-0.4083244051404876, -0.02459748827548467], 0, -1.0, [-0.43476932134722834, -0.02644491620674072]
[-0.43476932134722834, -0.02644491620674072], 0, -1.0, [-0.462872601017112, -0.02810327966988362]
[-0.462872601017112, -0.02810327966988362], 0, -1.0, [-0.4924288118713486, -0.029556210854236663]
[-0.4924288118713486, -0.029556210854236663], 0, -1.0, [-0.5232184569108684, -0.030789645039519857]
[-0.5232184569108684, -0.030789645039519857], 0, -1.0, [-0.5550109543399252, -0.031792497429056724]
[-0.5550109543399252, -0.031792497429056724], 0, -1.0, [-0.5875682089694112, -0.03255725462948602]
[-0.5875682089694112, -0.03255725462948602], 0, -1.0, [-0.6206486323270041, -0.0330804233575929]
[-0.6206486323270041, -0.0330804233575929], 0, -1.0, [-0.654011421673327, -0.033362789346323]
[-0.654011421673327, -0.033362789346323], 0, -1.0, [-0.6874208782601675, -0.03340945658684049]
[-0.6874208782601675, -0.03340945658684049], 0, -1.0, [-0.7206505369632894, -0.033229658703121896]
[-0.7206505369632894, -0.033229658703121896], 0, -1.0, [-0.7534868941064928, -0.03283635714320346]
[-0.7534868941064928, -0.03283635714320346], 0, -1.0, [-0.7857325555449277, -0.032245661438434825]
[-0.7857325555449277, -0.032245661438434825], 0, -1.0, [-0.8172086775380382, -0.03147612199311049]
[-0.8172086775380382, -0.03147612199311049], 0, -1.0, [-0.8477566313772548, -0.030547953839216633]
[-0.8477566313772548, -0.030547953839216633], 0, -1.0, [-0.8772388814794129, -0.02948225010215807]
[-0.8772388814794129, -0.02948225010215807], 0, -1.0, [-0.905539119005451, -0.028300237526038174]
[-0.905539119005451, -0.028300237526038174], 0, -1.0, [-0.9325617342354587, -0.027022615230007676]
[-0.9325617342354587, -0.027022615230007676], 2, -1.0, [-0.9562307384970907, -0.023669004261631987]
[-0.9562307384970907, -0.023669004261631987], 2, -1.0, [-0.9764922597448447, -0.02026152124775392]
[-0.9764922597448447, -0.02026152124775392], 2, -1.0, [-0.9933098118655668, -0.016817552120722137]
[-0.9933098118655668, -0.016817552120722137], 2, -1.0, [-1.0066599616435146, -0.013350149777947781]
[-1.0066599616435146, -0.013350149777947781], 2, -1.0, [-1.016528575729755, -0.009868614086240598]
[-1.016528575729755, -0.009868614086240598], 2, -1.0, [-1.0229077639465596, -0.006379188216804506]
[-1.0229077639465596, -0.006379188216804506], 2, -1.0, [-1.0257935866567045, -0.002885822710144972]
[-1.0257935866567045, -0.002885822710144972], 2, -1.0, [-1.0251845615553092, 0.0006090251013951714]
[-1.0251845615553092, 0.0006090251013951714], 2, -1.0, [-1.0210809859047656, 0.004103575650543747]
[-1.0210809859047656, 0.004103575650543747], 2, -1.0, [-1.0134850796732329, 0.007595906231532647]
[-1.0134850796732329, 0.007595906231532647], 2, -1.0, [-1.0024019485174613, 0.011083131155771487]
[-1.0024019485174613, 0.011083131155771487], 2, -1.0, [-0.987841358175178, 0.014560590342283268]
[-0.987841358175178, 0.014560590342283268], 2, -1.0, [-0.9698202987354418, 0.018021059439736174]
[-0.9698202987354418, 0.018021059439736174], 2, -1.0, [-0.9483662938200917, 0.02145400491535005]
[-0.9483662938200917, 0.02145400491535005], 2, -1.0, [-0.9235213719649543, 0.024844921855137463]
[-0.9235213719649543, 0.024844921855137463], 2, -1.0, [-0.8953465628162693, 0.028174809148685018]
[-0.8953465628162693, 0.028174809148685018], 2, -1.0, [-0.8639267089587849, 0.03141985385748452]
[-0.8639267089587849, 0.03141985385748452], 2, -1.0, [-0.8293752988588752, 0.034551410099909696]
[-0.8293752988588752, 0.034551410099909696], 2, -1.0, [-0.7918389362971866, 0.037536362561688595]
[-0.7918389362971866, 0.037536362561688595], 2, -1.0, [-0.7515009815408903, 0.04033795475629631]
[-0.7515009815408903, 0.04033795475629631], 2, -1.0, [-0.708583849627527, 0.042917131913363375]
[-0.708583849627527, 0.042917131913363375], 2, -1.0, [-0.6633494546068944, 0.04523439502063249]
[-0.6633494546068944, 0.04523439502063249], 2, -1.0, [-0.6160973661304039, 0.04725208847649057]
[-0.6160973661304039, 0.04725208847649057], 2, -1.0, [-0.5671604074483666, 0.04893695868203724]
[-0.5671604074483666, 0.04893695868203724], 2, -1.0, [-0.5168976656951022, 0.050262741753264346]
[-0.5168976656951022, 0.050262741753264346], 2, -1.0, [-0.46568517888091465, 0.05121248681418754]
[-0.46568517888091465, 0.05121248681418754], 2, -1.0, [-0.41390486212305794, 0.051780316757856736]
[-0.41390486212305794, 0.051780316757856736], 2, -1.0, [-0.36193248081385293, 0.051972381309204986]
[-0.36193248081385293, 0.051972381309204986], 2, -1.0, [-0.3101256179358073, 0.051806862878045666]
[-0.3101256179358073, 0.051806862878045666], 2, -1.0, [-0.2588125846735511, 0.05131303326225618]
[-0.2588125846735511, 0.05131303326225618], 2, -1.0, [-0.2082830871022926, 0.05052949757125851]
[-0.2082830871022926, 0.05052949757125851], 2, -1.0, [-0.15878121779875842, 0.04950186930353416]
[-0.15878121779875842, 0.04950186930353416], 2, -1.0, [-0.11050104203193395, 0.04828017576682447]
[-0.11050104203193395, 0.04828017576682447], 2, -1.0, [-0.06358475175871317, 0.04691629027322078]
[-0.06358475175871317, 0.04691629027322078], 2, -1.0, [-0.018123115255445396, 0.045461636503267774]
[-0.018123115255445396, 0.045461636503267774], 2, -1.0, [0.025842215369893354, 0.04396533062533875]
[0.025842215369893354, 0.04396533062533875], 2, -1.0, [0.06831505520906989, 0.04247283983917654]
[0.06831505520906989, 0.04247283983917654], 2, -1.0, [0.10934021468443365, 0.04102515947536377]
[0.10934021468443365, 0.04102515947536377], 2, -1.0, [0.14899866944384882, 0.03965845475941518]
[0.14899866944384882, 0.03965845475941518], 2, -1.0, [0.18740275002719123, 0.038404080583342416]
[0.18740275002719123, 0.038404080583342416], 2, -1.0, [0.224691630474937, 0.03728888044774578]
[0.224691630474937, 0.03728888044774578], 2, -1.0, [0.2610272991355785, 0.036335668660641474]
[0.2610272991355785, 0.036335668660641474], 2, -1.0, [0.2965911109705529, 0.03556381183497441]
[0.2965911109705529, 0.03556381183497441], 2, -1.0, [0.33158095243804314, 0.034989841467490214]
[0.33158095243804314, 0.034989841467490214], 2, -1.0, [0.36620899752496866, 0.034628045086925525]
[0.36620899752496866, 0.034628045086925525], 2, -1.0, [0.40069999429235514, 0.03449099676738646]
[0.40069999429235514, 0.03449099676738646], 2, -1.0, [0.43528999183272055, 0.034589997540365396]
[0.43528999183272055, 0.034589997540365396], 2, -1.0, [0.4702253938990158, 0.034935402066295265]
[0.4702253938990158, 0.034935402066295265], 2, -1.0, [0.5057622039253544, 0.03553681002633863]
