[-0.41723920013537397, 0.0], 0, -1.0, [-0.4190234299396362, -0.0017842298042622614]
[-0.4190234299396362, -0.0017842298042622614], 0, -1.0, [-0.4225791720956783, -0.003555742156042107]
[-0.4225791720956783, -0.003555742156042107], 0, -1.0, [-0.42788101678398544, -0.005301844688307122]
[-0.42788101678398544, -0.005301844688307122], 0, -1.0, [-0.4348909195090958, -0.007009902725110393]
[-0.4348909195090958, -0.007009902725110393], 0, -1.0, [-0.44355830585898826, -0.008667386349892447]
[-0.44355830585898826, -0.008667386349892447], 0, -1.0, [-0.4538202435940278, -0.010261937735039516]
[-0.4538202435940278, -0.010261937735039516], 0, -1.0, [-0.46560170644467747, -0.011781462850649693]
[-0.46560170644467747, -0.011781462850649693], 0, -1.0, [-0.4788159559562894, -0.013214249511611953]
[-0.4788159559562894, -0.013214249511611953], 0, -1.0, [-0.49336506714182216, -0.014549111185532735]
[-0.49336506714182216, -0.014549111185532735], 0, -1.0, [-0.5091406203642989, -0.01577555322247665]
[-0.5091406203642989, -0.01577555322247665], 0, -1.0, [-0.5260245757532692, -0.016883955388970414]
[-0.5260245757532692, -0.016883955388970414], 0, -1.0, [-0.5438903378016666, -0.017865762048397373]
[-0.5438903378016666, -0.017865762048397373], 0, -1.0, [-0.5626040071098738, -0.01871366930820722]
[-0.5626040071098738, -0.01871366930820722], 0, -1.0, [-0.5820258043321659, -0.01942179722229208]
[-0.5820258043321659, -0.01942179722229208], 0, -1.0, [-0.6020116392450723, -0.01998583491290635]
[-0.6020116392450723, -0.01998583491290635], 0, -1.0, [-0.6224147866279935, -0.020403147382921295]
[-0.6224147866279935, -0.020403147382921295], 0, -1.0, [-0.6430876214459407, -0.02067283481794712]
[-0.6430876214459407, -0.02067283481794712], 0, -1.0, [-0.6638833596213699, -0.020795738175429245]
[-0.6638833596213699, -0.020795738175429245], 0, -1.0, [-0.6846577481569736, -0.0207743885356036]
[-0.6846577481569736, -0.0207743885356036], 0, -1.0, [-0.7052706498167565, -0.020612901659782936]
[-0.7052706498167565, -0.020612901659782936], 0, -1.0, [-0.7255874728520388, -0.020316823035282396]
[-0.7255874728520388, -0.020316823035282396], 0, -1.0, [-0.7454804048292885, -0.019892931977249565]
[-0.7454804048292885, -0.019892931977249565], 0, -1.0, [-0.7648294206132087, -0.01934901578392027]
[-0.7648294206132087, -0.01934901578392027], 0, -1.0, [-0.7835230469227387, -0.01869362630953001]
[-0.7835230469227387, -0.01869362630953001], 0, -1.0, [-0.8014588785036926, -0.01793583158095393]
[-0.8014588785036926, -0.01793583158095393], 0, -1.0, [-0.8185438528349177, -0.017084974331225085]
[-0.8185438528349177, -0.017084974331225085], 2, -1.0, [-0.8326943005896505, -0.01415044775473289]
[-0.8326943005896505, -0.01415044775473289], 0, -1.0, [-0.8458447613089994, -0.013150460719348929]
[-0.8458447613089994, -0.013150460719348929], 2, -1.0, [-0.8559376287870086, -0.010092867478009176]
[-0.8559376287870086, -0.010092867478009176], 2, -1.0, [-0.8629308580587065, -0.00699322927169785]
[-0.8629308580587065, -0.00699322927169785], 2, -1.0, [-0.8667964432900569, -0.0038655852313504106]
[-0.8667964432900569, -0.0038655852313504106], 2, -1.0, [-0.8675193050501487, -0.00072286176009189]
[-0.8675193050501487, -0.00072286176009189], 2, -1.0, [-0.8650966554166905, 0.0024226496334583017]
[-0.8650966554166905, 0.0024226496334583017], 2, -1.0, [-0.8595378777114436, 0.005558777705246766]
[-0.8595378777114436, 0.005558777705246766], 2, -1.0, [-0.8508649276579516, 0.008672950053491998]
[-0.8508649276579516, 0.008672950053491998], 2, -1.0, [-0.8391132330857235, 0.011751694572228173]
[-0.8391132330857235, 0.011751694572228173], 2, -1.0, [-0.824333038544602, 0.014780194541121403]
[-0.824333038544602, 0.014780194541121403], 2, -1.0, [-0.8065911082945783, 0.01774193025002374]
[-0.8065911082945783, 0.01774193025002374], 2, -1.0, [-0.7859726659242579, 0.020618442370320445]
[-0.7859726659242579, 0.020618442370320445], 2, -1.0, [-0.7625834124682916, 0.023389253455966187]
[-0.7625834124682916, 0.023389253455966187], 2, -1.0, [-0.7365514301399326, 0.026031982328359]
[-0.7365514301399326, 0.026031982328359], 2, -1.0, [-0.7080287502376122, 0.02852267990232033]
[-0.7080287502376122, 0.02852267990232033], 2, -1.0, [-0.6771923474952649, 0.03083640274234737]
[-0.6771923474952649, 0.03083640274234737], 2, -1.0, [-0.644244325918312, 0.03294802157695285]
[-0.644244325918312, 0.03294802157695285], 2, -1.0, [-0.6094110891488554, 0.034833236769456634]
[-0.6094110891488554, 0.034833236769456634], 2, -1.0, [-0.572941345391097, 0.03646974375775852]
[-0.572941345391097, 0.03646974375775852], 2, -1.0, [-0.5351028823854331, 0.03783846300566384]
[-0.5351028823854331, 0.03783846300566384], 2, -1.0, [-0.4961781557060264, 0.038924726679406704]
[-0.4961781557060264, 0.038924726679406704], 2, -1.0, [-0.4564588518096445, 0.03971930389638189]
[-0.4564588518096445, 0.03971930389638189], 2, -1.0, [-0.41623969941465677, 0.040219152394987766]
[-0.41623969941465677, 0.040219152394987766], 2, -1.0, [-0.3758118911682993, 0.04042780824635747]
[-0.3758118911682993, 0.04042780824635747], 2, -1.0, [-0.33545652694874284, 0.040355364219556426]
[-0.33545652694874284, 0.040355364219556426], 2, -1.0, [-0.29543849163975283, 0.040018035308989994]
[-0.29543849163975283, 0.040018035308989994], 2, -1.0, [-0.25600113355096615, 0.0394373580887867]
[-0.25600113355096615, 0.0394373580887867], 2, -1.0, [-0.21736202331444981, 0.038639110236516346]
[-0.21736202331444981, 0.038639110236516346], 2, -1.0, [-0.17970996209328374, 0.037652061221166065]
[-0.17970996209328374, 0.037652061221166065], 2, -1.0, [-0.14320329015562527, 0.03650667193765846]
[-0.14320329015562527, 0.03650667193765846], 2, -1.0, [-0.1079694390032406, 0.03523385115238468]
[-0.1079694390032406, 0.03523385115238468], 2, -1.0, [-0.07410558471491621, 0.033863854288324384]
[-0.07410558471491621, 0.033863854288324384], 2, -1.0, [-0.04168020354261382, 0.03242538117230239]
[-0.04168020354261382, 0.03242538117230239], 2, -1.0, [-0.010735303878541314, 0.030944899664072507]
[-0.010735303878541314, 0.030944899664072507], 2, -1.0, [0.01871089219940012, 0.029446196077941435]
[0.01871089219940012, 0.029446196077941435], 2, -1.0, [0.046661025840008155, 0.027950133640608034]
[0.046661025840008155, 0.027950133640608034], 2, -1.0, [0.07313561358690016, 0.026474587746891994]
[0.07313561358690016, 0.026474587746891994], 2, -1.0, [0.09817013452738867, 0.02503452094048851]
[0.09817013452738867, 0.02503452094048851], 2, -1.0, [0.1218122945358034, 0.023642160008414737]
[0.1218122945358034, 0.023642160008414737], 2, -1.0, [0.14411953522739973, 0.022307240691596317]
[0.14411953522739973, 0.022307240691596317], 2, -1.0, [0.1651568259478794, 0.02103729072047967]
[0.1651568259478794, 0.02103729072047967], 2, -1.0, [0.184994753866891, 0.0198379279190116]
[0.184994753866891, 0.0198379279190116], 2, -1.0, [0.20370790995238094, 0.018713156085489967]
[0.20370790995238094, 0.018713156085489967], 2, -1.0, [0.22137355665737354, 0.017665646704992596]
[0.22137355665737354, 0.017665646704992596], 0, -1.0, [0.2360705556637349, 0.014696999006361348]
[0.2360705556637349, 0.014696999006361348], 1, -1.0, [0.24886873877372961, 0.012798183109994737]
[0.24886873877372961, 0.012798183109994737], 2, -1.0, [0.260831926920663, 0.011963188146933378]
[0.260831926920663, 0.011963188146933378], 2, -1.0, [0.27202222483140004, 0.011190297910737048]
[0.27202222483140004, 0.011190297910737048], 2, -1.0, [0.28249979334943576, 0.010477568518035702]
[0.28249979334943576, 0.010477568518035702], 2, -1.0, [0.29232271249940095, 0.009822919149965201]
[0.29232271249940095, 0.009822919149965201], 2, -1.0, [0.30154691918306825, 0.009224206683667295]
[0.30154691918306825, 0.009224206683667295], 2, -1.0, [0.3102262057233115, 0.008679286540243273]
[0.3102262057233115, 0.008679286540243273], 2, -1.0, [0.3184122676345153, 0.00818606191120382]
[0.3184122676345153, 0.00818606191120382], 2, -1.0, [0.32615479095520516, 0.007742523320689863]
[0.32615479095520516, 0.007742523320689863], 2, -1.0, [0.3335015712164182, 0.007346780261213069]
[0.3335015712164182, 0.007346780261213069], 2, -1.0, [0.3404986576396875, 0.00699708642326932]
[0.3404986576396875, 0.00699708642326932], 2, -1.0, [0.34719051747402485, 0.00669185983433736]
[0.34719051747402485, 0.00669185983433736], 2, -1.0, [0.3536202165103295, 0.006429699036304649]
[0.3536202165103295, 0.006429699036304649], 2, -1.0, [0.3598296127752381, 0.006209396264908625]
[0.3598296127752381, 0.006209396264908625], 2, -1.0, [0.36585956122612795, 0.006029948450889841]
[0.36585956122612795, 0.006029948450889841], 2, -1.0, [0.3717501279655701, 0.005890566739442186]
[0.3717501279655701, 0.005890566739442186], 2, -1.0, [0.3775408130862151, 0.005790685120645005]
[0.3775408130862151, 0.005790685120645005], 2, -1.0, [0.3832707817630894, 0.0057299686768742504]
[0.3832707817630894, 0.0057299686768742504], 2, -1.0, [0.38897910364460353, 0.005708321881514175]
[0.38897910364460353, 0.005708321881514175], 2, -1.0, [0.39470500096895395, 0.005725897324350418]
[0.39470500096895395, 0.005725897324350418], 2, -1.0, [0.4004881061594718, 0.005783105190517814]
[0.4004881061594718, 0.005783105190517814], 2, -1.0, [0.4063687299389412, 0.0058806237794694]
[0.4063687299389412, 0.0058806237794694], 2, -1.0, [0.4123881412546524, 0.006019411315711227]
[0.4123881412546524, 0.006019411315711227], 2, -1.0, [0.4185888605260687, 0.006200719271416295]
[0.4185888605260687, 0.006200719271416295], 2, -1.0, [0.42501496791564786, 0.006426107389579148]
[0.42501496791564786, 0.006426107389579148], 2, -1.0, [0.4317124284773348, 0.006697460561686951]
[0.4317124284773348, 0.006697460561686951], 2, -1.0, [0.43872943614913956, 0.007017007671804734]
[0.43872943614913956, 0.007017007671804734], 2, -1.0, [0.44611677861342514, 0.00738734246428559]
[0.44611677861342514, 0.00738734246428559], 2, -1.0, [0.4539282250317717, 0.00781144641834657]
[0.4539282250317717, 0.00781144641834657], 2, -1.0, [0.46222093854262836, 0.008292713510856649]
[0.46222093854262836, 0.008292713510856649], 2, -1.0, [0.4710559151502447, 0.008834976607616358]
[0.4710559151502447, 0.008834976607616358], 2, -1.0, [0.4804984501787652, 0.009442535028520509]
[0.4804984501787652, 0.009442535028520509], 2, -1.0, [0.49061863274303685, 0.010120182564271676]
[0.49061863274303685, 0.010120182564271676], 2, -1.0, [0.5014918676002771, 0.01087323485724022]
