[-0.5667517531130959, 0.0], 2, -1.0, [-0.5654290090585972, 0.001322744054498763]
[-0.5654290090585972, 0.001322744054498763], 2, -1.0, [-0.5627933610287762, 0.0026356480298210198]
[-0.5627933610287762, 0.0026356480298210198], 2, -1.0, [-0.5588644305175823, 0.0039289305111939385]
[-0.5588644305175823, 0.0039289305111939385], 2, -1.0, [-0.5536715007289255, 0.005192929788656821]
[-0.5536715007289255, 0.005192929788656821], 2, -1.0, [-0.5472533313416812, 0.006418169387244255]
[-0.5472533313416812, 0.006418169387244255], 1, -1.0, [-0.5406579016496327, 0.00659542969204856]
[-0.5406579016496327, 0.00659542969204856], 1, -1.0, [-0.5339345843548445, 0.006723317294788191]
[-0.5339345843548445, 0.006723317294788191], 1, -1.0, [-0.5271337609156247, 0.006800823439219815]
[-0.5271337609156247, 0.006800823439219815], 1, -1.0, [-0.5203064255834752, 0.0068273353321494975]
[-0.5203064255834752, 0.0068273353321494975], 0, -1.0, [-0.5145037824749527, 0.005802643108522468]
[-0.5145037824749527, 0.005802643108522468], 0, -1.0, [-0.5097693433514823, 0.004734439123470369]
[-0.5097693433514823, 0.004734439123470369], 0, -1.0, [-0.5061385952170387, 0.0036307481344435817]
[-0.5061385952170387, 0.0036307481344435817], 0, -1.0, [-0.5036387385613377, 0.002499856655701092]
[-0.5036387385613377, 0.002499856655701092], 0, -1.0, [-0.5022884927378739, 0.0013502458234637385]
[-0.5022884927378739, 0.0013502458234637385], 0, -1.0, [-0.5020979651851164, 0.0001905275527575034]
[-0.5020979651851164, 0.0001905275527575034], 0, -1.0, [-0.5030685819143547, -0.0009706167292382075]
[-0.5030685819143547, -0.0009706167292382075], 0, -1.0, [-0.5051930777656475, -0.0021244958512927695]
[-0.5051930777656475, -0.0021244958512927695], 0, -1.0, [-0.5084555462143321, -0.0032624684486846633]
[-0.5084555462143321, -0.0032624684486846633], 0, -1.0, [-0.512831549820611, -0.004376003606278897]
[-0.512831549820611, -0.004376003606278897], 0, -1.0, [-0.518288293577823, -0.00545674375721204]
[-0.518288293577823, -0.00545674375721204], 0, -1.0, [-0.5247848642653867, -0.006496570687563725]
[-0.5247848642653867, -0.006496570687563725], 0, -1.0, [-0.532272539306719, -0.007487675041332271]
[-0.532272539306719, -0.007487675041332271], 0, -1.0, [-0.5406951684613287, -0.00842262915460965]
[-0.5406951684613287, -0.00842262915460965], 0, -1.0, [-0.549989630878855, -0.009294462417526263]
[-0.549989630878855, -0.009294462417526263], 0, -1.0, [-0.5600863685990669, -0.01009673772021196]
[-0.5600863685990669, -0.01009673772021196], 0, -1.0, [-0.5709099955419417, -0.010823626942874736]
[-0.5709099955419417, -0.010823626942874736], 0, -1.0, [-0.5823799785011458, -0.011469982959204102]
[-0.5823799785011458, -0.011469982959204102], 0, -1.0, [-0.5944113837923714, -0.012031405291225645]
[-0.5944113837923714, -0.012031405291225645], 1, -1.0, [-0.6059156802189634, -0.011504296426591985]
[-0.6059156802189634, -0.011504296426591985], 0, -1.0, [-0.6178088558395093, -0.011893175620545898]
[-0.6178088558395093, -0.011893175620545898], 0, -1.0, [-0.6300048252178942, -0.012195969378384939]
[-0.6300048252178942, -0.012195969378384939], 0, -1.0, [-0.6424162338369018, -0.012411408619007587]
[-0.6424162338369018, -0.012411408619007587], 0, -1.0, [-0.6549552629253904, -0.012539029088488618]
[-0.6549552629253904, -0.012539029088488618], 0, -1.0, [-0.6675344191665414, -0.012579156241151076]
[-0.6675344191665414, -0.012579156241151076], 0, -1.0, [-0.6800672940099001, -0.012532874843358618]
[-0.6800672940099001, -0.012532874843358618], 0, -1.0, [-0.6924692783100298, -0.012401984300129705]
[-0.6924692783100298, -0.012401984300129705], 0, -1.0, [-0.704658219704447, -0.012188941394417218]
[-0.704658219704447, -0.012188941394417218], 0, -1.0, [-0.7165550124152671, -0.011896792710820139]
[-0.7165550124152671, -0.011896792710820139], 2, -1.0, [-0.7260841118639503, -0.009529099448683178]
[-0.7260841118639503, -0.009529099448683178], 2, -1.0, [-0.7331862602345441, -0.0071021483705938976]
[-0.7331862602345441, -0.0071021483705938976], 2, -1.0, [-0.7378180477657145, -0.004631787531170295]
[-0.7378180477657145, -0.004631787531170295], 2, -1.0, [-0.7399515224146234, -0.0021334746489088544]
[-0.7399515224146234, -0.0021334746489088544], 2, -1.0, [-0.7395739060186499, 0.0003776163959734579]
[-0.7395739060186499, 0.0003776163959734579], 2, -1.0, [-0.7366874557672909, 0.0028864502513590803]
[-0.7366874557672909, 0.0028864502513590803], 2, -1.0, [-0.731309489079017, 0.005377966688273788]
[-0.731309489079017, 0.005377966688273788], 2, -1.0, [-0.7234725686709058, 0.007836920408111289]
[-0.7234725686709058, 0.007836920408111289], 2, -1.0, [-0.7132248234035079, 0.010247745267397867]
[-0.7132248234035079, 0.010247745267397867], 2, -1.0, [-0.7006303600931113, 0.012594463310396611]
[-0.7006303600931113, 0.012594463310396611], 2, -1.0, [-0.6857697027848999, 0.014860657308211449]
[-0.6857697027848999, 0.014860657308211449], 2, -1.0, [-0.6687401801131211, 0.017029522671778836]
[-0.6687401801131211, 0.017029522671778836], 2, -1.0, [-0.6496561697663616, 0.01908401034675939]
[-0.6496561697663616, 0.01908401034675939], 2, -1.0, [-0.6286491033663961, 0.021007066399965527]
[-0.6286491033663961, 0.021007066399965527], 2, -1.0, [-0.6058671369112436, 0.022781966455152458]
[-0.6058671369112436, 0.022781966455152458], 2, -1.0, [-0.5814744026861476, 0.02439273422509603]
[-0.5814744026861476, 0.02439273422509603], 2, -1.0, [-0.5556497788924987, 0.02582462379364887]
[-0.5556497788924987, 0.02582462379364887], 2, -1.0, [-0.5285851428084384, 0.027064636084060265]
[-0.5285851428084384, 0.027064636084060265], 2, -1.0, [-0.5004831103650651, 0.02810203244337325]
[-0.5004831103650651, 0.02810203244337325], 2, -1.0, [-0.4715543064901383, 0.02892880387492683]
[-0.4715543064901383, 0.02892880387492683], 0, -1.0, [-0.4440142521637059, 0.027540054326432393]
[-0.4440142521637059, 0.027540054326432393], 0, -1.0, [-0.41806542718126816, 0.025948824982437717]
[-0.41806542718126816, 0.025948824982437717], 0, -1.0, [-0.39389494567688516, 0.024170481504383022]
[-0.39389494567688516, 0.024170481504383022], 0, -1.0, [-0.3716728803574884, 0.022222065319396737]
[-0.3716728803574884, 0.022222065319396737], 0, -1.0, [-0.3515512169021411, 0.020121663455347355]
[-0.3515512169021411, 0.020121663455347355], 0, -1.0, [-0.33366337592166867, 0.017887840980472434]
[-0.33366337592166867, 0.017887840980472434], 0, -1.0, [-0.31812420713463446, 0.01553916878703419]
[-0.31812420713463446, 0.01553916878703419], 0, -1.0, [-0.3050303403024076, 0.013093866832226858]
[-0.3050303403024076, 0.013093866832226858], 0, -1.0, [-0.2944607695530329, 0.010569570749374698]
[-0.2944607695530329, 0.010569570749374698], 0, -1.0, [-0.28647755037335865, 0.007983219179674265]
[-0.28647755037335865, 0.007983219179674265], 0, -1.0, [-0.2811264995043478, 0.00535105086901084]
[-0.2811264995043478, 0.00535105086901084], 0, -1.0, [-0.2784378048822584, 0.002688694622089407]
[-0.2784378048822584, 0.002688694622089407], 0, -1.0, [-0.278426473551456, 1.1331330802411346e-05]
[-0.278426473551456, 1.1331330802411346e-05], 0, -1.0, [-0.2810925685279155, -0.00266609497645946]
[-0.2810925685279155, -0.00266609497645946], 0, -1.0, [-0.2864212098141446, -0.005328641286229133]
[-0.2864212098141446, -0.005328641286229133], 0, -1.0, [-0.2943823394608108, -0.007961129646666246]
[-0.2943823394608108, -0.007961129646666246], 0, -1.0, [-0.30493027526672734, -0.010547935805916493]
[-0.30493027526672734, -0.010547935805916493], 0, -1.0, [-0.3180031019369834, -0.01307282667025603]
[-0.3180031019369834, -0.01307282667025603], 0, -1.0, [-0.33352197158612734, -0.015518869649143945]
[-0.33352197158612734, -0.015518869649143945], 0, -1.0, [-0.35139040628158635, -0.01786843469545902]
[-0.35139040628158635, -0.01786843469545902], 0, -1.0, [-0.3714937122711688, -0.020103305989582404]
[-0.3714937122711688, -0.020103305989582404], 0, -1.0, [-0.39369862655399085, -0.022204914282822046]
[-0.39369862655399085, -0.022204914282822046], 0, -1.0, [-0.4178533191840857, -0.02415469263009485]
[-0.4178533191840857, -0.02415469263009485], 0, -1.0, [-0.44378786688038907, -0.025934547696303406]
[-0.44378786688038907, -0.025934547696303406], 0, -1.0, [-0.4713152935106459, -0.027527426630256802]
[-0.4713152935106459, -0.027527426630256802], 0, -1.0, [-0.5002332403813584, -0.028917946870712582]
[-0.5002332403813584, -0.028917946870712582], 0, -1.0, [-0.5303262852922576, -0.030093044910899116]
[-0.5303262852922576, -0.030093044910899116], 0, -1.0, [-0.5613688773058155, -0.031042592013557992]
[-0.5613688773058155, -0.031042592013557992], 0, -1.0, [-0.5931287993411004, -0.031759922035284896]
[-0.5931287993411004, -0.031759922035284896], 0, -1.0, [-0.6253710195284398, -0.0322422201873394]
[-0.6253710195284398, -0.0322422201873394], 0, -1.0, [-0.6578617515312923, -0.03249073200285259]
[-0.6578617515312923, -0.03249073200285259], 0, -1.0, [-0.6903725195413465, -0.03251076801005417]
[-0.6903725195413465, -0.03251076801005417], 0, -1.0, [-0.7226840189981132, -0.03231149945676667]
[-0.7226840189981132, -0.03231149945676667], 0, -1.0, [-0.7545895799387049, -0.03190556094059172]
[-0.7545895799387049, -0.03190556094059172], 0, -1.0, [-0.7858980738078798, -0.03130849386917493]
[-0.7858980738078798, -0.03130849386917493], 0, -1.0, [-0.816436151537798, -0.030538077729918216]
[-0.816436151537798, -0.030538077729918216], 0, -1.0, [-0.8460497542010432, -0.02961360266324525]
[-0.8460497542010432, -0.02961360266324525], 0, -1.0, [-0.8746048907618508, -0.0285551365608075]
[-0.8746048907618508, -0.0285551365608075], 0, -1.0, [-0.901987724539271, -0.027382833777420235]
[-0.901987724539271, -0.027382833777420235], 2, -1.0, [-0.9261040468335966, -0.024116322294325632]
[-0.9261040468335966, -0.024116322294325632], 2, -1.0, [-0.9468835287539955, -0.0207794819203989]
[-0.9468835287539955, -0.0207794819203989], 2, -1.0, [-0.9642753665111213, -0.017391837757125852]
[-0.9642753665111213, -0.017391837757125852], 2, -1.0, [-0.9782441621582546, -0.013968795647133285]
[-0.9782441621582546, -0.013968795647133285], 2, -1.0, [-0.9887662562505934, -0.010522094092338815]
[-0.9887662562505934, -0.010522094092338815], 2, -1.0, [-0.9958266620213341, -0.007060405770740616]
[-0.9958266620213341, -0.007060405770740616], 2, -1.0, [-0.9994166974713949, -0.003590035450060826]
[-0.9994166974713949, -0.003590035450060826], 2, -1.0, [-0.9995323728364849, -0.00011567536508997039]
[-0.9995323728364849, -0.00011567536508997039], 2, -1.0, [-0.9961735643320053, 0.0033588085044795758]
[-0.9961735643320053, 0.0033588085044795758], 2, -1.0, [-0.9893439874647258, 0.006829576867279513]
[-0.9893439874647258, 0.006829576867279513], 2, -1.0, [-0.9790519703119229, 0.010292017152802887]
[-0.9790519703119229, 0.010292017152802887], 2, -1.0, [-0.9653120144343605, 0.013739955877562354]
[-0.9653120144343605, 0.013739955877562354], 2, -1.0, [-0.9481471139296106, 0.01716490050474996]
[-0.9481471139296106, 0.01716490050474996], 2, -1.0, [-0.927591777283297, 0.02055533664631355]
[-0.927591777283297, 0.02055533664631355], 2, -1.0, [-0.9036956586466692, 0.023896118636627776]
[-0.9036956586466692, 0.023896118636627776], 2, -1.0, [-0.8765276529319903, 0.027168005714678953]
[-0.8765276529319903, 0.027168005714678953], 2, -1.0, [-0.8461802430708537, 0.030347409861136578]
[-0.8461802430708537, 0.030347409861136578], 2, -1.0, [-0.8127738118902901, 0.03340643118056362]
[-0.8127738118902901, 0.03340643118056362], 2, -1.0, [-0.7764605539038083, 0.03631325798648182]
[-0.7764605539038083, 0.03631325798648182], 2, -1.0, [-0.7374275575275875, 0.039032996376220874]
[-0.7374275575275875, 0.039032996376220874], 2, -1.0, [-0.6958985937191028, 0.041528963808484747]
[-0.6958985937191028, 0.041528963808484747], 2, -1.0, [-0.6521341623085295, 0.04376443141057332]
[-0.6521341623085295, 0.04376443141057332], 2, -1.0, [-0.6064294287580154, 0.04570473355051409]
[-0.6064294287580154, 0.04570473355051409], 2, -1.0, [-0.5591098389092664, 0.04731958984874901]
[-0.5591098389092664, 0.04731958984874901], 2, -1.0, [-0.5105244195829336, 0.048585419326332736]
[-0.5105244195829336, 0.048585419326332736], 2, -1.0, [-0.46103703278586156, 0.04948738679707204]
[-0.46103703278586156, 0.04948738679707204], 2, -1.0, [-0.41101610917768955, 0.05002092360817202]
[-0.41101610917768955, 0.05002092360817202], 2, -1.0, [-0.3608235934797473, 0.050192515697942246]
[-0.3608235934797473, 0.050192515697942246], 2, -1.0, [-0.31080394729085964, 0.05001964618888767]
[-0.31080394729085964, 0.05001964618888767], 2, -1.0, [-0.2612740482640437, 0.049529899026815906]
[-0.2612740482640437, 0.049529899026815906], 2, -1.0, [-0.21251470002722864, 0.04875934823681508]
[-0.21251470002722864, 0.04875934823681508], 1, -1.0, [-0.16576425176478565, 0.04675044826244298]
[-0.16576425176478565, 0.04675044826244298], 2, -1.0, [-0.12021099666879373, 0.045553255095991924]
[-0.12021099666879373, 0.045553255095991924], 2, -1.0, [-0.0759969256981213, 0.04421407097067242]
[-0.0759969256981213, 0.04421407097067242], 2, -1.0, [-0.03321816094501346, 0.042778764753107844]
[-0.03321816094501346, 0.042778764753107844], 2, -1.0, [0.008073007307985436, 0.041291168252998896]
[0.008073007307985436, 0.041291168252998896], 2, -1.0, [0.04786490872642478, 0.03979190141843934]
[0.04786490872642478, 0.03979190141843934], 2, -1.0, [0.08618254019436644, 0.038317631467941655]
[0.08618254019436644, 0.038317631467941655], 2, -1.0, [0.12308326581918039, 0.036900725624813946]
[0.12308326581918039, 0.036900725624813946], 2, -1.0, [0.15865249552389848, 0.0355692297047181]
[0.15865249552389848, 0.0355692297047181], 2, -1.0, [0.19299958918205387, 0.03434709365815538]
[0.19299958918205387, 0.03434709365815538], 2, -1.0, [0.22625415551543004, 0.03325456633337618]
[0.22625415551543004, 0.03325456633337618], 2, -1.0, [0.2585628461599737, 0.03230869064454365]
[0.2585628461599737, 0.03230869064454365], 2, -1.0, [0.2900866890962602, 0.031523842936286454]
[0.2900866890962602, 0.031523842936286454], 2, -1.0, [0.32099896266134303, 0.03091227356508287]
[0.32099896266134303, 0.03091227356508287], 2, -1.0, [0.3514835802541926, 0.030484617592849567]
[0.3514835802541926, 0.030484617592849567], 2, -1.0, [0.38173393420573787, 0.030250353951545295]
[0.38173393420573787, 0.030250353951545295], 2, -1.0, [0.4119521322987936, 0.030218198093055742]
[0.4119521322987936, 0.030218198093055742], 2, -1.0, [0.44234854929570533, 0.030396416996911674]
[0.44234854929570533, 0.030396416996911674], 2, -1.0, [0.47314160598564176, 0.03079305668993642]
[0.47314160598564176, 0.03079305668993642], 2, -1.0, [0.5045576774261499, 0.03141607144050816]
