[-0.5135509518909648, 0.0], 0, -1.0, [-0.5146262991571101, -0.0010753472661453247]
[-0.5146262991571101, -0.0010753472661453247], 0, -1.0, [-0.5167689318706215, -0.0021426327135112863]
[-0.5167689318706215, -0.0021426327135112863], 0, -1.0, [-0.5199627848280267, -0.003193852957405277]
[-0.5199627848280267, -0.003193852957405277], 0, -1.0, [-0.524183907175432, -0.004221122347405265]
[-0.524183907175432, -0.004221122347405265], 0, -1.0, [-0.5294006410382625, -0.005216733862830555]
[-0.5294006410382625, -0.005216733862830555], 0, -1.0, [-0.5355738631073886, -0.006173222069126155]
[-0.5355738631073886, -0.006173222069126155], 0, -1.0, [-0.5426572913381265, -0.007083428230737807]
[-0.5426572913381265, -0.007083428230737807], 0, -1.0, [-0.5505978585669762, -0.007940567228849716]
[-0.5505978585669762, -0.007940567228849716], 0, -1.0, [-0.5593361540121315, -0.008738295445155331]
[-0.5593361540121315, -0.008738295445155331], 0, -1.0, [-0.5688069323006842, -0.009470778288552749]
[-0.5688069323006842, -0.009470778288552749], 0, -1.0, [-0.5789396879067745, -0.01013275560609026]
[-0.5789396879067745, -0.01013275560609026], 0, -1.0, [-0.5896592907843965, -0.010719602877621932]
[-0.5896592907843965, -0.010719602877621932], 0, -1.0, [-0.600886676669823, -0.011227385885426454]
[-0.600886676669823, -0.011227385885426454], 0, -1.0, [-0.6125395831758801, -0.011652906506057142]
[-0.6125395831758801, -0.011652906506057142], 0, -1.0, [-0.6245333205850394, -0.011993737409159311]
[-0.6245333205850394, -0.011993737409159311], 0, -1.0, [-0.6367815643529888, -0.012248243767949392]
[-0.6367815643529888, -0.012248243767949392], 0, -1.0, [-0.6491971549251071, -0.01241559057211828]
[-0.6491971549251071, -0.01241559057211828], 0, -1.0, [-0.6616928896782207, -0.012495734753113559]
[-0.6616928896782207, -0.012495734753113559], 0, -1.0, [-0.6741822917156215, -0.012489402037400826]
[-0.6741822917156215, -0.012489402037400826], 0, -1.0, [-0.686580340895425, -0.012398049179803434]
[-0.686580340895425, -0.012398049179803434], 0, -1.0, [-0.698804153833246, -0.012223812937821077]
[-0.698804153833246, -0.012223812937821077], 0, -1.0, [-0.7107736016070278, -0.011969447773781835]
[-0.7107736016070278, -0.011969447773781835], 0, -1.0, [-0.7224118563758776, -0.011638254768849764]
[-0.7224118563758776, -0.011638254768849764], 0, -1.0, [-0.7336458609448759, -0.011234004568998321]
[-0.7336458609448759, -0.011234004568998321], 0, -1.0, [-0.7444067182867992, -0.010760857341923256]
[-0.7444067182867992, -0.010760857341923256], 2, -1.0, [-0.7526300009926511, -0.008223282705851933]
[-0.7526300009926511, -0.008223282705851933], 2, -1.0, [-0.7582675511825225, -0.005637550189871403]
[-0.7582675511825225, -0.005637550189871403], 2, -1.0, [-0.761286909580628, -0.0030193583981054104]
[-0.761286909580628, -0.0030193583981054104], 2, -1.0, [-0.7616708813975978, -0.00038397181696980635]
[-0.7616708813975978, -0.00038397181696980635], 2, -1.0, [-0.7594172895595797, 0.002253591838018045]
[-0.7594172895595797, 0.002253591838018045], 2, -1.0, [-0.7545389426140579, 0.004878346945521797]
[-0.7545389426140579, 0.004878346945521797], 2, -1.0, [-0.7470638207994514, 0.0074751218146064625]
[-0.7470638207994514, 0.0074751218146064625], 2, -1.0, [-0.7370354598488512, 0.01002836095060025]
[-0.7370354598488512, 0.01002836095060025], 2, -1.0, [-0.7245134886366255, 0.01252197121222581]
[-0.7245134886366255, 0.01252197121222581], 2, -1.0, [-0.7095742544735639, 0.014939234163061524]
[-0.7095742544735639, 0.014939234163061524], 2, -1.0, [-0.6923114497603722, 0.017262804713191738]
[-0.6923114497603722, 0.017262804713191738], 2, -1.0, [-0.6728366373095506, 0.01947481245082158]
[-0.6728366373095506, 0.01947481245082158], 2, -1.0, [-0.6512795608504007, 0.02155707645914984]
[-0.6512795608504007, 0.02155707645914984], 2, -1.0, [-0.6277881241996288, 0.023491436650771955]
[-0.6277881241996288, 0.023491436650771955], 2, -1.0, [-0.6025279293886703, 0.02526019481095858]
[-0.6025279293886703, 0.02526019481095858], 2, -1.0, [-0.5756812822166215, 0.026846647172048713]
[-0.5756812822166215, 0.026846647172048713], 2, -1.0, [-0.5474456036874685, 0.028235678529152985]
[-0.5474456036874685, 0.028235678529152985], 2, -1.0, [-0.5180312264699123, 0.0294143772175562]
[-0.5180312264699123, 0.0294143772175562], 2, -1.0, [-0.48765860392931343, 0.03037262254059886]
[-0.48765860392931343, 0.03037262254059886], 2, -1.0, [-0.4565550107122674, 0.031103593217046043]
[-0.4565550107122674, 0.031103593217046043], 1, -1.0, [-0.42595086236399987, 0.030604148348267503]
[-0.42595086236399987, 0.030604148348267503], 0, -1.0, [-0.3970686435222294, 0.02888221884177044]
[-0.3970686435222294, 0.02888221884177044], 0, -1.0, [-0.3701127748148853, 0.026955868707344136]
[-0.3701127748148853, 0.026955868707344136], 0, -1.0, [-0.345267802243887, 0.024844972570998297]
[-0.345267802243887, 0.024844972570998297], 0, -1.0, [-0.32269741704480975, 0.02257038519907724]
[-0.32269741704480975, 0.02257038519907724], 0, -1.0, [-0.3025442122864438, 0.02015320475836598]
[-0.3025442122864438, 0.02015320475836598], 0, -1.0, [-0.2849300402029671, 0.017614172083476737]
[-0.2849300402029671, 0.017614172083476737], 0, -1.0, [-0.269956810279913, 0.014973229923054101]
[-0.269956810279913, 0.014973229923054101], 0, -1.0, [-0.25770756103797077, 0.01224924924194223]
[-0.25770756103797077, 0.01224924924194223], 0, -1.0, [-0.24824764520394035, 0.009459915834030403]
[-0.24824764520394035, 0.009459915834030403], 0, -1.0, [-0.24162588477115995, 0.006621760432780395]
[-0.24162588477115995, 0.006621760432780395], 0, -1.0, [-0.23787557570869208, 0.003750309062467878]
[-0.23787557570869208, 0.003750309062467878], 0, -1.0, [-0.23701524882256342, 0.0008603268861286624]
[-0.23701524882256342, 0.0008603268861286624], 0, -1.0, [-0.2390491214578957, -0.0020338726353322824]
[-0.2390491214578957, -0.0020338726353322824], 0, -1.0, [-0.24396720322292234, -0.00491808176502664]
[-0.24396720322292234, -0.00491808176502664], 0, -1.0, [-0.2517450473130591, -0.007777844090136758]
[-0.2517450473130591, -0.007777844090136758], 0, -1.0, [-0.2623431673605559, -0.010598120047496835]
[-0.2623431673605559, -0.010598120047496835], 0, -1.0, [-0.27570616818343474, -0.013363000822878814]
[-0.27570616818343474, -0.013363000822878814], 0, -1.0, [-0.29176166725948005, -0.016055499076045334]
[-0.29176166725948005, -0.016055499076045334], 0, -1.0, [-0.3104191115377012, -0.018657444278221108]
[-0.3104191115377012, -0.018657444278221108], 0, -1.0, [-0.33156861982967156, -0.0211495082919704]
[-0.33156861982967156, -0.0211495082919704], 0, -1.0, [-0.3550800020689653, -0.023511382239293707]
[-0.3550800020689653, -0.023511382239293707], 0, -1.0, [-0.3808021199157831, -0.02572211784681784]
[-0.3808021199157831, -0.02572211784681784], 0, -1.0, [-0.40856275475746207, -0.02776063484167896]
[-0.40856275475746207, -0.02776063484167896], 0, -1.0, [-0.4381691355247916, -0.029606380767329528]
[-0.4381691355247916, -0.029606380767329528], 0, -1.0, [-0.469409247390991, -0.031240111866199405]
[-0.469409247390991, -0.031240111866199405], 0, -1.0, [-0.5020539928948993, -0.0326447455039083]
[-0.5020539928948993, -0.0326447455039083], 0, -1.0, [-0.535860211785754, -0.03380621889085473]
[-0.535860211785754, -0.03380621889085473], 0, -1.0, [-0.5705744906422621, -0.034714278856508005]
[-0.5705744906422621, -0.034714278856508005], 0, -1.0, [-0.6059376166775761, -0.03536312603531395]
[-0.6059376166775761, -0.03536312603531395], 0, -1.0, [-0.641689462375987, -0.035751845698410945]
[-0.641689462375987, -0.035751845698410945], 0, -1.0, [-0.6775740387665732, -0.03588457639058621]
[-0.6775740387665732, -0.03588457639058621], 0, -1.0, [-0.7133444329292413, -0.03577039416266818]
[-0.7133444329292413, -0.03577039416266818], 0, -1.0, [-0.7487673533477022, -0.03542292041846083]
[-0.7487673533477022, -0.03542292041846083], 0, -1.0, [-0.7836270436005145, -0.03485969025281237]
[-0.7836270436005145, -0.03485969025281237], 0, -1.0, [-0.8177283845908573, -0.03410134099034275]
[-0.8177283845908573, -0.03410134099034275], 0, -1.0, [-0.850899078775735, -0.0331706941848777]
[-0.850899078775735, -0.0331706941848777], 0, -1.0, [-0.882990886163512, -0.03209180738777693]
[-0.882990886163512, -0.03209180738777693], 0, -1.0, [-0.9138799515658629, -0.030889065402350868]
[-0.9138799515658629, -0.030889065402350868], 0, -1.0, [-0.9434663185333287, -0.02958636696746588]
[-0.9434663185333287, -0.02958636696746588], 0, -1.0, [-0.9716727636418095, -0.02820644510848079]
[-0.9716727636418095, -0.02820644510848079], 0, -1.0, [-0.9984431046282489, -0.02677034098643939]
[-0.9984431046282489, -0.02677034098643939], 0, -1.0, [-1.0237401391815424, -0.025297034553293515]
[-1.0237401391815424, -0.025297034553293515], 0, -1.0, [-1.0475433614950989, -0.023803222313556437]
[-1.0475433614950989, -0.023803222313556437], 0, -1.0, [-1.0698465851539838, -0.022303223658884895]
[-1.0698465851539838, -0.022303223658884895], 0, -1.0, [-1.090655577603722, -0.0208089924497382]
[-1.090655577603722, -0.0208089924497382], 2, -1.0, [-1.1079857867262113, -0.01733020912248933]
[-1.1079857867262113, -0.01733020912248933], 2, -1.0, [-1.1218574518736377, -0.013871665147426398]
[-1.1218574518736377, -0.013871665147426398], 2, -1.0, [-1.1322915639345306, -0.010434112060892863]
[-1.1322915639345306, -0.010434112060892863], 2, -1.0, [-1.1393066957095275, -0.007015131774996931]
[-1.1393066957095275, -0.007015131774996931], 2, -1.0, [-1.142916667761305, -0.003609972051777552]
[-1.142916667761305, -0.003609972051777552], 2, -1.0, [-1.1431290076506353, -0.0002123398893303539]
[-1.1431290076506353, -0.0002123398893303539], 2, -1.0, [-1.1399441669170771, 0.0031848407335581634]
[-1.1399441669170771, 0.0031848407335581634], 2, -1.0, [-1.1333554752397739, 0.0065886916773033235]
[-1.1333554752397739, 0.0065886916773033235], 2, -1.0, [-1.123349830522608, 0.010005644717165864]
[-1.123349830522608, 0.010005644717165864], 2, -1.0, [-1.109909143200936, 0.013440687321671857]
[-1.109909143200936, 0.013440687321671857], 2, -1.0, [-1.093012568902193, 0.016896574298743083]
[-1.093012568902193, 0.016896574298743083], 2, -1.0, [-1.0726395713806265, 0.020372997521566433]
[-1.0726395713806265, 0.020372997521566433], 2, -1.0, [-1.0487738524088954, 0.02386571897173096]
[-1.0487738524088954, 0.02386571897173096], 2, -1.0, [-1.0214081613902743, 0.027365691018621043]
[-1.0214081613902743, 0.027365691018621043], 2, -1.0, [-0.990549948932134, 0.030858212458140324]
[-0.990549948932134, 0.030858212458140324], 2, -1.0, [-0.9562277503705471, 0.034322198561586935]
[-0.9562277503705471, 0.034322198561586935], 2, -1.0, [-0.9184980748355048, 0.03772967553504224]
[-0.9184980748355048, 0.03772967553504224], 2, -1.0, [-0.8774524359290495, 0.04104563890645529]
[-0.8774524359290495, 0.04104563890645529], 2, -1.0, [-0.8332240031744814, 0.044228432754568135]
[-0.8332240031744814, 0.044228432754568135], 2, -1.0, [-0.785993202221678, 0.04723080095280335]
[-0.785993202221678, 0.04723080095280335], 2, -1.0, [-0.735991481464295, 0.05000172075738292]
[-0.735991481464295, 0.05000172075738292], 2, -1.0, [-0.6835024365901013, 0.052489044874193674]
[-0.6835024365901013, 0.052489044874193674], 2, -1.0, [-0.6288595847168446, 0.05464285187325678]
[-0.6288595847168446, 0.05464285187325678], 2, -1.0, [-0.5724403320800514, 0.05641925263679312]
[-0.5724403320800514, 0.05641925263679312], 2, -1.0, [-0.5146560771167537, 0.05778425496329777]
[-0.5146560771167537, 0.05778425496329777], 2, -1.0, [-0.4559388843467598, 0.058717192769993855]
[-0.4559388843467598, 0.058717192769993855], 2, -1.0, [-0.39672566338475546, 0.05921322096200435]
[-0.39672566338475546, 0.05921322096200435], 2, -1.0, [-0.3374411813084347, 0.05928448207632074]
[-0.3374411813084347, 0.05928448207632074], 2, -1.0, [-0.2784814283232074, 0.05895975298522731]
[-0.2784814283232074, 0.05895975298522731], 2, -1.0, [-0.2201987960118073, 0.05828263231140007]
[-0.2201987960118073, 0.05828263231140007], 2, -1.0, [-0.16289022978908851, 0.05730856622271879]
[-0.16289022978908851, 0.05730856622271879], 2, -1.0, [-0.10678905778350133, 0.05610117200558719]
[-0.10678905778350133, 0.05610117200558719], 2, -1.0, [-0.052060685412016215, 0.05472837237148511]
[-0.052060685412016215, 0.05472837237148511], 2, -1.0, [0.0011981160729570423, 0.05325880148497326]
[0.0011981160729570423, 0.05325880148497326], 2, -1.0, [0.05295693370708681, 0.05175881763412977]
[0.05295693370708681, 0.05175881763412977], 2, -1.0, [0.10324723495152693, 0.050290301244440117]
[0.10324723495152693, 0.050290301244440117], 2, -1.0, [0.15215650536276312, 0.04890927041123618]
[0.15215650536276312, 0.04890927041123618], 0, -1.0, [0.19782174012004036, 0.04566523475727724]
[0.19782174012004036, 0.04566523475727724], 2, -1.0, [0.2424144554259315, 0.04459271530589115]
[0.2424144554259315, 0.04459271530589115], 2, -1.0, [0.286139646021719, 0.04372519059578748]
[0.286139646021719, 0.04372519059578748], 2, -1.0, [0.3292307494969407, 0.04309110347522171]
[0.3292307494969407, 0.04309110347522171], 1, -1.0, [0.37094530862716224, 0.04171455913022151]
[0.37094530862716224, 0.04171455913022151], 1, -1.0, [0.4115545687649505, 0.04060926013778827]
[0.4115545687649505, 0.04060926013778827], 1, -1.0, [0.4513392323596262, 0.0397846635946757]
[0.4513392323596262, 0.0397846635946757], 1, -1.0, [0.4905861840313858, 0.03924695167175961]
[0.4905861840313858, 0.03924695167175961], 1, -1.0, [0.5295859458221527, 0.03899976179076682]
