[-0.4578284415445776, 0.0], 0, -1.0, [-0.4593185245915817, -0.001490083047004076]
[-0.4593185245915817, -0.001490083047004076], 0, -1.0, [-0.46228772704030485, -0.00296920244872316]
[-0.46228772704030485, -0.00296920244872316], 0, -1.0, [-0.4667141739371626, -0.004426446896857731]
[-0.4667141739371626, -0.004426446896857731], 0, -1.0, [-0.4725651875667549, -0.005851013629592337]
[-0.4725651875667549, -0.005851013629592337], 0, -1.0, [-0.47979745958388015, -0.007232272017125247]
[-0.47979745958388015, -0.007232272017125247], 0, -1.0, [-0.48835729689046503, -0.008559837306584875]
[-0.48835729689046503, -0.008559837306584875], 0, -1.0, [-0.4981809531660526, -0.009823656275587555]
[-0.4981809531660526, -0.009823656275587555], 0, -1.0, [-0.5091950584207741, -0.01101410525472149]
[-0.5091950584207741, -0.01101410525472149], 0, -1.0, [-0.5213171579391245, -0.01212209951835039]
[-0.5213171579391245, -0.01212209951835039], 0, -1.0, [-0.534456369456296, -0.013139211517171538]
[-0.534456369456296, -0.013139211517171538], 0, -1.0, [-0.5485141634184639, -0.01405779396216788]
[-0.5485141634184639, -0.01405779396216788], 0, -1.0, [-0.5633852659258751, -0.014871102507411218]
[-0.5633852659258751, -0.014871102507411218], 0, -1.0, [-0.578958677783199, -0.01557341185732388]
[-0.578958677783199, -0.01557341185732388], 0, -1.0, [-0.5951187964470039, -0.0161601186638049]
[-0.5951187964470039, -0.0161601186638049], 0, -1.0, [-0.611746621112906, -0.016627824665902114]
[-0.611746621112906, -0.016627824665902114], 0, -1.0, [-0.6287210153065123, -0.016974394193606215]
[-0.6287210153065123, -0.016974394193606215], 0, -1.0, [-0.6459199966861108, -0.017198981379598556]
[-0.6459199966861108, -0.017198981379598556], 0, -1.0, [-0.663222020791664, -0.0173020241055533]
[-0.663222020791664, -0.0173020241055533], 0, -1.0, [-0.6805072244950139, -0.017285203703349853]
[-0.6805072244950139, -0.017285203703349853], 0, -1.0, [-0.6976585960426357, -0.01715137154762183]
[-0.6976585960426357, -0.01715137154762183], 0, -1.0, [-0.7145630417537829, -0.016904445711147263]
[-0.7145630417537829, -0.016904445711147263], 0, -1.0, [-0.7311123243717007, -0.016549282617917757]
[-0.7311123243717007, -0.016549282617917757], 0, -1.0, [-0.747203854338712, -0.016091529967011294]
[-0.747203854338712, -0.016091529967011294], 0, -1.0, [-0.7627413223546682, -0.01553746801595622]
[-0.7627413223546682, -0.01553746801595622], 2, -1.0, [-0.7756351689262825, -0.012893846571614253]
[-0.7756351689262825, -0.012893846571614253], 2, -1.0, [-0.785813775419992, -0.010178606493709524]
[-0.785813775419992, -0.010178606493709524], 2, -1.0, [-0.7932224122197953, -0.00740863679980335]
[-0.7932224122197953, -0.00740863679980335], 2, -1.0, [-0.7978222785021493, -0.004599866282354012]
[-0.7978222785021493, -0.004599866282354012], 2, -1.0, [-0.7995897320392176, -0.001767453537068286]
[-0.7995897320392176, -0.001767453537068286], 2, -1.0, [-0.7985157810899974, 0.0010739509492201688]
[-0.7985157810899974, 0.0010739509492201688], 2, -1.0, [-0.7946058831158401, 0.003909897974157268]
[-0.7946058831158401, 0.003909897974157268], 2, -1.0, [-0.7878800674852307, 0.006725815630609452]
[-0.7878800674852307, 0.006725815630609452], 2, -1.0, [-0.7783733717402541, 0.009506695744976482]
[-0.7783733717402541, 0.009506695744976482], 2, -1.0, [-0.7661365534123635, 0.012236818327890607]
[-0.7661365534123635, 0.012236818327890607], 2, -1.0, [-0.7512370119480645, 0.014899541464299084]
[-0.7512370119480645, 0.014899541464299084], 2, -1.0, [-0.7337598286135492, 0.017477183334515367]
[-0.7337598286135492, 0.017477183334515367], 2, -1.0, [-0.7138088075416309, 0.01995102107191831]
[-0.7138088075416309, 0.01995102107191831], 2, -1.0, [-0.6915073804200376, 0.022301427121593383]
[-0.6915073804200376, 0.022301427121593383], 2, -1.0, [-0.6669992235153753, 0.024508156904662244]
[-0.6669992235153753, 0.024508156904662244], 2, -1.0, [-0.6404484320893332, 0.02655079142604206]
[-0.6404484320893332, 0.02655079142604206], 2, -1.0, [-0.6120391070565321, 0.028409325032801174]
[-0.6120391070565321, 0.028409325032801174], 2, -1.0, [-0.5819742344139438, 0.030064872642588246]
[-0.5819742344139438, 0.030064872642588246], 2, -1.0, [-0.5504737803152453, 0.031500454098698526]
[-0.5504737803152453, 0.031500454098698526], 2, -1.0, [-0.5177719819828178, 0.032701798332427486]
[-0.5177719819828178, 0.032701798332427486], 2, -1.0, [-0.48411388237696956, 0.03365809960584825]
[-0.48411388237696956, 0.03365809960584825], 2, -1.0, [-0.44975122741509016, 0.034362654961879395]
[-0.44975122741509016, 0.034362654961879395], 2, -1.0, [-0.4149379095174578, 0.03481331789763238]
[-0.4149379095174578, 0.03481331789763238], 2, -1.0, [-0.3799251910985736, 0.03501271841888421]
[-0.3799251910985736, 0.03501271841888421], 2, -1.0, [-0.34495696871734194, 0.03496822238123168]
[-0.34495696871734194, 0.03496822238123168], 2, -1.0, [-0.31026533866448086, 0.03469163005286109]
[-0.31026533866448086, 0.03469163005286109], 2, -1.0, [-0.276066697838257, 0.03419864082622386]
[-0.276066697838257, 0.03419864082622386], 0, -1.0, [-0.2445585641961076, 0.0315081336421494]
[-0.2445585641961076, 0.0315081336421494], 0, -1.0, [-0.215907225969397, 0.028651338226710628]
[-0.215907225969397, 0.028651338226710628], 0, -1.0, [-0.19024953909463224, 0.025657686874764753]
[-0.19024953909463224, 0.025657686874764753], 0, -1.0, [-0.16769559412339002, 0.022553944971242215]
[-0.16769559412339002, 0.022553944971242215], 0, -1.0, [-0.1483318954047508, 0.01936369871863922]
[-0.1483318954047508, 0.01936369871863922], 0, -1.0, [-0.1322247279918386, 0.016107167412912213]
[-0.1322247279918386, 0.016107167412912213], 0, -1.0, [-0.11942343815750436, 0.012801289834334241]
[-0.11942343815750436, 0.012801289834334241], 0, -1.0, [-0.10996341019067955, 0.009460027966824814]
[-0.10996341019067955, 0.009460027966824814], 0, -1.0, [-0.10386857699347121, 0.006094833197208337]
[-0.10386857699347121, 0.006094833197208337], 1, -1.0, [-0.10015335004690787, 0.0037152269465633384]
[-0.10015335004690787, 0.0037152269465633384], 0, -1.0, [-0.09982612418514729, 0.0003272258617605735]
[-0.09982612418514729, 0.0003272258617605735], 0, -1.0, [-0.10288762459988073, -0.003061500414733432]
[-0.10288762459988073, -0.003061500414733432], 0, -1.0, [-0.10933097656540927, -0.006443351965528551]
[-0.10933097656540927, -0.006443351965528551], 0, -1.0, [-0.11914105556780247, -0.009810079002393201]
[-0.11914105556780247, -0.009810079002393201], 0, -1.0, [-0.13229313823879257, -0.013152082670990113]
[-0.13229313823879257, -0.013152082670990113], 0, -1.0, [-0.1487509002110633, -0.016457761972270717]
[-0.1487509002110633, -0.016457761972270717], 0, -1.0, [-0.16846383898949188, -0.019712938778428578]
[-0.16846383898949188, -0.019712938778428578], 0, -1.0, [-0.19136424023925266, -0.022900401249760793]
[-0.19136424023925266, -0.022900401249760793], 0, -1.0, [-0.2173638549065099, -0.025999614667257226]
[-0.2173638549065099, -0.025999614667257226], 0, -1.0, [-0.24635051025288313, -0.02898665534637325]
[-0.24635051025288313, -0.02898665534637325], 0, -1.0, [-0.27818493501879843, -0.03183442476591528]
[-0.27818493501879843, -0.03183442476591528], 0, -1.0, [-0.31269812887869985, -0.034513193859901425]
[-0.31269812887869985, -0.034513193859901425], 0, -1.0, [-0.34968963735545455, -0.036991508476754684]
[-0.34968963735545455, -0.036991508476754684], 0, -1.0, [-0.3889270920306978, -0.039237454675243255]
[-0.3889270920306978, -0.039237454675243255], 0, -1.0, [-0.43014732995627425, -0.04122023792557645]
[-0.43014732995627425, -0.04122023792557645], 0, -1.0, [-0.4730593083034455, -0.04291197834717124]
[-0.4730593083034455, -0.04291197834717124], 0, -1.0, [-0.5173488820632293, -0.04428957375978372]
[-0.5173488820632293, -0.04428957375978372], 0, -1.0, [-0.5626853272781326, -0.04533644521490334]
[-0.5626853272781326, -0.04533644521490334], 0, -1.0, [-0.6087292946853773, -0.0460439674072447]
[-0.6087292946853773, -0.0460439674072447], 0, -1.0, [-0.6551417013804275, -0.04641240669505023]
[-0.6551417013804275, -0.04641240669505023], 0, -1.0, [-0.7015929442628084, -0.046451242882380915]
[-0.7015929442628084, -0.046451242882380915], 0, -1.0, [-0.7477717735014697, -0.04617882923866138]
[-0.7477717735014697, -0.04617882923866138], 0, -1.0, [-0.7933932065985937, -0.04562143309712397]
[-0.7933932065985937, -0.04562143309712397], 0, -1.0, [-0.8382049851503316, -0.04481177855173785]
[-0.8382049851503316, -0.04481177855173785], 0, -1.0, [-0.8819922527307784, -0.04378726758044684]
[-0.8819922527307784, -0.04378726758044684], 0, -1.0, [-0.9245803303783526, -0.04258807764757425]
[-0.9245803303783526, -0.04258807764757425], 0, -1.0, [-0.9658356528621563, -0.041255322483803654]
[-0.9658356528621563, -0.041255322483803654], 0, -1.0, [-1.0056650786211936, -0.03982942575903719]
[-1.0056650786211936, -0.03982942575903719], 0, -1.0, [-1.0440138849335767, -0.038348806312383056]
[-1.0440138849335767, -0.038348806312383056], 0, -1.0, [-1.0808628052720652, -0.036848920338488585]
[-1.0808628052720652, -0.036848920338488585], 0, -1.0, [-1.1162244649564168, -0.03536165968435146]
[-1.1162244649564168, -0.03536165968435146], 0, -1.0, [-1.1501395364037217, -0.03391507144730499]
[-1.1501395364037217, -0.03391507144730499], 0, -1.0, [-1.182672880186422, -0.032533343782700216]
[-1.182672880186422, -0.032533343782700216], 0, -1.0, [-1.2, 0.0]
[-1.2, 0.0], 2, -1.0, [-1.1967581039591646, 0.003241896040835368]
[-1.1967581039591646, 0.003241896040835368], 2, -1.0, [-1.1902636585360942, 0.006494445423070332]
[-1.1902636585360942, 0.006494445423070332], 2, -1.0, [-1.1804959639787937, 0.009767694557300442]
[-1.1804959639787937, 0.009767694557300442], 2, -1.0, [-1.1674255149588486, 0.013070449019945182]
[-1.1674255149588486, 0.013070449019945182], 2, -1.0, [-1.1510159267200155, 0.016409588238833067]
[-1.1510159267200155, 0.016409588238833067], 2, -1.0, [-1.1312266168239755, 0.019789309896040046]
[-1.1312266168239755, 0.019789309896040046], 2, -1.0, [-1.108016322100852, 0.02321029472312345]
[-1.108016322100852, 0.02321029472312345], 2, -1.0, [-1.081347524946184, 0.02666879715466819]
[-1.081347524946184, 0.02666879715466819], 2, -1.0, [-1.0511918363028878, 0.03015568864329602]
[-1.0511918363028878, 0.03015568864329602], 2, -1.0, [-1.0175363271434712, 0.0336555091594167]
[-1.0175363271434712, 0.0336555091594167], 2, -1.0, [-0.9803907090723114, 0.03714561807115983]
[-0.9803907090723114, 0.03714561807115983], 2, -1.0, [-0.9397951336374217, 0.04059557543488971]
[-0.9397951336374217, 0.04059557543488971], 2, -1.0, [-0.8958282112564235, 0.043966922380998245]
[-0.8958282112564235, 0.043966922380998245], 2, -1.0, [-0.8486146572192776, 0.04721355403714586]
[-0.8486146572192776, 0.04721355403714586], 0, -1.0, [-0.8003317816221248, 0.04828287559715283]
[-0.8003317816221248, 0.04828287559715283], 2, -1.0, [-0.7492037418525538, 0.051128039769571004]
[-0.7492037418525538, 0.051128039769571004], 2, -1.0, [-0.6955099191058116, 0.05369382274674217]
[-0.6955099191058116, 0.05369382274674217], 2, -1.0, [-0.6395831638196877, 0.055926755286123946]
[-0.6395831638196877, 0.055926755286123946], 2, -1.0, [-0.5818039726604515, 0.05777919115923627]
[-0.5818039726604515, 0.05777919115923627], 2, -1.0, [-0.522590457533269, 0.05921351512718238]
[-0.522590457533269, 0.05921351512718238], 2, -1.0, [-0.46238450478004134, 0.06020595275322772]
[-0.46238450478004134, 0.06020595275322772], 2, -1.0, [-0.4016350828660376, 0.060749421914003725]
[-0.4016350828660376, 0.060749421914003725], 2, -1.0, [-0.34078011477696124, 0.06085496808907639]
[-0.34078011477696124, 0.06085496808907639], 2, -1.0, [-0.28022857242188803, 0.0605515423550732]
[-0.28022857242188803, 0.0605515423550732], 2, -1.0, [-0.22034441020259976, 0.05988416221928827]
[-0.22034441020259976, 0.05988416221928827], 2, -1.0, [-0.1614336437803822, 0.05891076642221757]
[-0.1614336437803822, 0.05891076642221757], 2, -1.0, [-0.10373537896957859, 0.057698264810803604]
[-0.10373537896957859, 0.057698264810803604], 2, -1.0, [-0.047417026495732234, 0.05631835247384635]
[-0.047417026495732234, 0.05631835247384635], 2, -1.0, [0.007426577565748778, 0.05484360406148101]
[0.007426577565748778, 0.05484360406148101], 2, -1.0, [0.06077080208467492, 0.05334422451892614]
[0.06077080208467492, 0.05334422451892614], 2, -1.0, [0.11265645891950771, 0.05188565683483279]
[0.11265645891950771, 0.05188565683483279], 2, -1.0, [0.16318354098431082, 0.05052708206480311]
[0.16318354098431082, 0.05052708206480311], 1, -1.0, [0.21150426240414924, 0.04832072141983842]
[0.21150426240414924, 0.04832072141983842], 1, -1.0, [0.25781158231253803, 0.04630731990838881]
[0.25781158231253803, 0.04630731990838881], 1, -1.0, [0.30233011374301, 0.04451853143047198]
[0.30233011374301, 0.04451853143047198], 1, -1.0, [0.345308347415757, 0.04297823367274698]
[0.345308347415757, 0.04297823367274698], 1, -1.0, [0.38701225532515454, 0.04170390790939752]
[0.38701225532515454, 0.04170390790939752], 1, -1.0, [0.4277201912228385, 0.040707935897683956]
[0.4277201912228385, 0.040707935897683956], 1, -1.0, [0.46771891236317087, 0.0399987211403324]
[0.46771891236317087, 0.0399987211403324], 1, -1.0, [0.5073004947647668, 0.03958158240159589]
