[-0.4250859836606571, 0.0], 0, -1.0, [-0.4268141209783938, -0.0017281373177367079]
[-0.4268141209783938, -0.0017281373177367079], 0, -1.0, [-0.4302579867733428, -0.0034438657949490623]
[-0.4302579867733428, -0.0034438657949490623], 0, -1.0, [-0.4353927954280851, -0.0051348086547423]
[-0.4353927954280851, -0.0051348086547423], 0, -1.0, [-0.442181455398565, -0.006788659970479919]
[-0.442181455398565, -0.006788659970479919], 0, -1.0, [-0.4505746917591705, -0.00839323636060548]
[-0.4505746917591705, -0.00839323636060548], 0, -1.0, [-0.4605112384745658, -0.00993654671539536]
[-0.4605112384745658, -0.00993654671539536], 0, -1.0, [-0.4719181220023123, -0.01140688352774651]
[-0.4719181220023123, -0.01140688352774651], 0, -1.0, [-0.48471105942230275, -0.012792937419990425]
[-0.48471105942230275, -0.012792937419990425], 0, -1.0, [-0.49879499357231066, -0.014083934150007908]
[-0.49879499357231066, -0.014083934150007908], 0, -1.0, [-0.514064784460358, -0.01526979088804735]
[-0.514064784460358, -0.01526979088804735], 0, -1.0, [-0.5304060705329642, -0.01634128607260616]
[-0.5304060705329642, -0.01634128607260616], 0, -1.0, [-0.547696305442243, -0.017290234909278862]
[-0.547696305442243, -0.017290234909278862], 0, -1.0, [-0.5658059662602563, -0.018109660818013247]
[-0.5658059662602563, -0.018109660818013247], 0, -1.0, [-0.5845999183565046, -0.018793952096248387]
[-0.5845999183565046, -0.018793952096248387], 0, -1.0, [-0.6039389112890698, -0.019338992932565274]
[-0.6039389112890698, -0.019338992932565274], 0, -1.0, [-0.6236811700650284, -0.01974225877595862]
[-0.6236811700650284, -0.01974225877595862], 0, -1.0, [-0.6436840379886056, -0.020002867923577236]
[-0.6436840379886056, -0.020002867923577236], 0, -1.0, [-0.66380562188181, -0.020121583893204373]
[-0.66380562188181, -0.020121583893204373], 0, -1.0, [-0.6839063883208224, -0.020100766439012326]
[-0.6839063883208224, -0.020100766439012326], 0, -1.0, [-0.7038506609309299, -0.0199442726101075]
[-0.7038506609309299, -0.0199442726101075], 0, -1.0, [-0.7235079735972598, -0.019657312666329953]
[-0.7235079735972598, -0.019657312666329953], 0, -1.0, [-0.7427542421984096, -0.019246268601149773]
[-0.7427542421984096, -0.019246268601149773], 0, -1.0, [-0.7614727273950543, -0.0187184851966448]
[-0.7614727273950543, -0.0187184851966448], 0, -1.0, [-0.7795547721748365, -0.01808204477978215]
[-0.7795547721748365, -0.01808204477978215], 2, -1.0, [-0.7949003092927773, -0.015345537117940865]
[-0.7949003092927773, -0.015345537117940865], 2, -1.0, [-0.8074284117540776, -0.012528102461300336]
[-0.8074284117540776, -0.012528102461300336], 2, -1.0, [-0.8170758586490425, -0.009647446894964844]
[-0.8170758586490425, -0.009647446894964844], 2, -1.0, [-0.8237957715987277, -0.006719912949685268]
[-0.8237957715987277, -0.006719912949685268], 2, -1.0, [-0.8275564492063036, -0.0037606776075758117]
[-0.8275564492063036, -0.0037606776075758117], 2, -1.0, [-0.8283404970320885, -0.0007840478257848771]
[-0.8283404970320885, -0.0007840478257848771], 2, -1.0, [-0.8261443202041232, 0.0021961768279652925]
[-0.8261443202041232, 0.0021961768279652925], 2, -1.0, [-0.8209780158006434, 0.0051663044034798156]
[-0.8209780158006434, 0.0051663044034798156], 2, -1.0, [-0.8128656727021342, 0.008112343098509316]
[-0.8128656727021342, 0.008112343098509316], 2, -1.0, [-0.8018460573110552, 0.01101961539107895]
[-0.8018460573110552, 0.01101961539107895], 2, -1.0, [-0.7879736338718609, 0.013872423439194216]
[-0.7879736338718609, 0.013872423439194216], 2, -1.0, [-0.7713198378861297, 0.016653795985731287]
[-0.7713198378861297, 0.016653795985731287], 2, -1.0, [-0.7519744907793957, 0.01934534710673401]
[-0.7519744907793957, 0.01934534710673401], 2, -1.0, [-0.7300472149968299, 0.021927275782565772]
[-0.7300472149968299, 0.021927275782565772], 2, -1.0, [-0.7056686837026627, 0.02437853129416717]
[-0.7056686837026627, 0.02437853129416717], 2, -1.0, [-0.6789915219605164, 0.02667716174214629]
[-0.6789915219605164, 0.02667716174214629], 2, -1.0, [-0.6501906711547546, 0.028800850805761818]
[-0.6501906711547546, 0.028800850805761818], 2, -1.0, [-0.6194630399784289, 0.030727631176325765]
[-0.6194630399784289, 0.030727631176325765], 2, -1.0, [-0.587026297033086, 0.03243674294534293]
[-0.587026297033086, 0.03243674294534293], 2, -1.0, [-0.5531167131708008, 0.03390958386228517]
[-0.5531167131708008, 0.03390958386228517], 2, -1.0, [-0.517986034004678, 0.03513067916612281]
[-0.517986034004678, 0.03513067916612281], 2, -1.0, [-0.48189744841133914, 0.036088585593338864]
[-0.48189744841133914, 0.036088585593338864], 2, -1.0, [-0.4451208075754332, 0.03677664083590591]
[-0.4451208075754332, 0.03677664083590591], 2, -1.0, [-0.4079273290933014, 0.037193478482131774]
[-0.4079273290933014, 0.037193478482131774], 2, -1.0, [-0.37058407969944357, 0.03734324939385785]
[-0.37058407969944357, 0.03734324939385785], 2, -1.0, [-0.33334855869722624, 0.03723552100221732]
[-0.33334855869722624, 0.03723552100221732], 2, -1.0, [-0.29646369737050565, 0.0368848613267206]
[-0.29646369737050565, 0.0368848613267206], 2, -1.0, [-0.26015354873123075, 0.03631014863927492]
[-0.26015354873123075, 0.03631014863927492], 2, -1.0, [-0.22461987384098098, 0.03553367489024977]
[-0.22461987384098098, 0.03553367489024977], 2, -1.0, [-0.19003974660770154, 0.03458012723327944]
[-0.19003974660770154, 0.03458012723327944], 2, -1.0, [-0.15656421093329023, 0.0334755356744113]
[-0.15656421093329023, 0.0334755356744113], 2, -1.0, [-0.12431794388004737, 0.032246267053242864]
[-0.12431794388004737, 0.032246267053242864], 2, -1.0, [-0.09339981464861241, 0.030918129231434957]
[-0.09339981464861241, 0.030918129231434957], 2, -1.0, [-0.06388418617151684, 0.02951562847709557]
[-0.06388418617151684, 0.02951562847709557], 2, -1.0, [-0.03582278467937784, 0.028061401492138996]
[-0.03582278467937784, 0.028061401492138996], 2, -1.0, [-0.009246960267754553, 0.02657582441162329]
[-0.009246960267754553, 0.02657582441162329], 2, -1.0, [0.015829826027765708, 0.02507678629552026]
[0.015829826027765708, 0.02507678629552026], 2, -1.0, [0.039409430856678765, 0.02357960482891306]
[0.039409430856678765, 0.02357960482891306], 2, -1.0, [0.061506487754183145, 0.022097056897504377]
[0.061506487754183145, 0.022097056897504377], 2, -1.0, [0.08214598332617182, 0.02063949557198867]
[0.08214598332617182, 0.02063949557198867], 2, -1.0, [0.10136101005252438, 0.019215026726352558]
[0.10136101005252438, 0.019215026726352558], 1, -1.0, [0.11819073200062345, 0.016829721948099077]
[0.11819073200062345, 0.016829721948099077], 1, -1.0, [0.13267596618982128, 0.014485234189197834]
[0.13267596618982128, 0.014485234189197834], 1, -1.0, [0.14485663244179975, 0.012180666251978466]
[0.14485663244179975, 0.012180666251978466], 1, -1.0, [0.15476967067339245, 0.009913038231592706]
[0.15476967067339245, 0.009913038231592706], 1, -1.0, [0.16244738088757574, 0.007677710214183292]
[0.16244738088757574, 0.007677710214183292], 0, -1.0, [0.1669161396089619, 0.004468758721386158]
[0.1669161396089619, 0.004468758721386158], 0, -1.0, [0.16819183956773753, 0.001275699958775621]
[0.16819183956773753, 0.001275699958775621], 0, -1.0, [0.16627909011955486, -0.0019127494481826742]
[0.16627909011955486, -0.0019127494481826742], 0, -1.0, [0.16117099214429767, -0.005108097975257181]
[0.16117099214429767, -0.005108097975257181], 0, -1.0, [0.15284947608514804, -0.008321516059149636]
[0.15284947608514804, -0.008321516059149636], 0, -1.0, [0.1412862200864757, -0.011563255998672336]
[0.1412862200864757, -0.011563255998672336], 0, -1.0, [0.12644419224390144, -0.014842027842574273]
[0.12644419224390144, -0.014842027842574273], 0, -1.0, [0.10827988442714839, -0.01816430781675304]
[0.10827988442714839, -0.01816430781675304], 0, -1.0, [0.08674632182452521, -0.021533562602623183]
[0.08674632182452521, -0.021533562602623183], 0, -1.0, [0.06179693792898538, -0.024949383895539835]
[0.06179693792898538, -0.024949383895539835], 0, -1.0, [0.03339039331663027, -0.028406544612355106]
[0.03339039331663027, -0.028406544612355106], 0, -1.0, [0.0014963810512232667, -0.031894012265407]
[0.0014963810512232667, -0.031894012265407], 2, -1.0, [-0.031897606023718224, -0.03339398707494149]
[-0.031897606023718224, -0.03339398707494149], 0, -1.0, [-0.06878015543636881, -0.036882549412650595]
[-0.06878015543636881, -0.036882549412650595], 0, -1.0, [-0.10910967292419199, -0.04032951748782318]
[-0.10910967292419199, -0.04032951748782318], 0, -1.0, [-0.15280645161388368, -0.04369677868969167]
[-0.15280645161388368, -0.04369677868969167], 0, -1.0, [-0.19974511305930806, -0.04693866144542438]
[-0.19974511305930806, -0.04693866144542438], 0, -1.0, [-0.24974819233862267, -0.05000307927931459]
[-0.24974819233862267, -0.05000307927931459], 0, -1.0, [-0.3025817805820294, -0.052833588243406705]
[-0.3025817805820294, -0.052833588243406705], 0, -1.0, [-0.3579541794482391, -0.055372398866209725]
[-0.3579541794482391, -0.055372398866209725], 0, -1.0, [-0.41551840940279594, -0.057564229954556845]
[-0.41551840940279594, -0.057564229954556845], 0, -1.0, [-0.47487911315860354, -0.059360703755807584]
[-0.47487911315860354, -0.059360703755807584], 0, -1.0, [-0.5356039148074262, -0.06072480164882262]
[-0.5356039148074262, -0.06072480164882262], 0, -1.0, [-0.5972386973759053, -0.06163478256847905]
[-0.5972386973759053, -0.06163478256847905], 0, -1.0, [-0.6593256621261621, -0.06208696475025672]
[-0.6593256621261621, -0.06208696475025672], 2, -1.0, [-0.7194225716979203, -0.06009690957175834]
[-0.7194225716979203, -0.06009690957175834], 0, -1.0, [-0.779133835969237, -0.059711264271316705]
[-0.779133835969237, -0.059711264271316705], 1, -1.0, [-0.8371108651025438, -0.057977029133306775]
[-0.8371108651025438, -0.057977029133306775], 1, -1.0, [-0.893068208563309, -0.05595734346076525]
[-0.893068208563309, -0.05595734346076525], 1, -1.0, [-0.9467880775662749, -0.053719869002965895]
[-0.9467880775662749, -0.053719869002965895], 1, -1.0, [-0.998120514706212, -0.051332437139937126]
[-0.998120514706212, -0.051332437139937126], 0, -1.0, [-1.0479799991838823, -0.04985948447767035]
[-1.0479799991838823, -0.04985948447767035], 0, -1.0, [-1.096339490549079, -0.04835949136519678]
[-1.096339490549079, -0.04835949136519678], 0, -1.0, [-1.1432261007081446, -0.0468866101590654]
[-1.1432261007081446, -0.0468866101590654], 0, -1.0, [-1.188715737036255, -0.04548963632811048]
[-1.188715737036255, -0.04548963632811048], 1, -1.0, [-1.2, 0.0]
[-1.2, 0.0], 2, -1.0, [-1.1967581039591646, 0.003241896040835368]
[-1.1967581039591646, 0.003241896040835368], 2, -1.0, [-1.1902636585360942, 0.006494445423070332]
[-1.1902636585360942, 0.006494445423070332], 2, -1.0, [-1.1804959639787937, 0.009767694557300442]
[-1.1804959639787937, 0.009767694557300442], 2, -1.0, [-1.1674255149588486, 0.013070449019945182]
[-1.1674255149588486, 0.013070449019945182], 2, -1.0, [-1.1510159267200155, 0.016409588238833067]
[-1.1510159267200155, 0.016409588238833067], 2, -1.0, [-1.1312266168239755, 0.019789309896040046]
[-1.1312266168239755, 0.019789309896040046], 2, -1.0, [-1.108016322100852, 0.02321029472312345]
[-1.108016322100852, 0.02321029472312345], 2, -1.0, [-1.081347524946184, 0.02666879715466819]
[-1.081347524946184, 0.02666879715466819], 2, -1.0, [-1.0511918363028878, 0.03015568864329602]
[-1.0511918363028878, 0.03015568864329602], 2, -1.0, [-1.0175363271434712, 0.0336555091594167]
[-1.0175363271434712, 0.0336555091594167], 2, -1.0, [-0.9803907090723114, 0.03714561807115983]
[-0.9803907090723114, 0.03714561807115983], 2, -1.0, [-0.9397951336374217, 0.04059557543488971]
[-0.9397951336374217, 0.04059557543488971], 1, -1.0, [-0.8968282112564235, 0.042966922380998245]
[-0.8968282112564235, 0.042966922380998245], 0, -1.0, [-0.852611377377237, 0.044216833879186464]
[-0.852611377377237, 0.044216833879186464], 2, -1.0, [-0.8053085510307811, 0.047302826346455856]
[-0.8053085510307811, 0.047302826346455856], 2, -1.0, [-0.7551355823247528, 0.05017296870602837]
[-0.7551355823247528, 0.05017296870602837], 2, -1.0, [-0.7023623981869271, 0.05277318413782563]
[-0.7023623981869271, 0.05277318413782563], 2, -1.0, [-0.6473118362806523, 0.055050561906274935]
[-0.6473118362806523, 0.055050561906274935], 2, -1.0, [-0.5903545811552054, 0.05695725512544676]
[-0.5903545811552054, 0.05695725512544676], 2, -1.0, [-0.5318999975051845, 0.05845458365002096]
[-0.5318999975051845, 0.05845458365002096], 2, -1.0, [-0.47238316112610745, 0.05951683637907701]
[-0.47238316112610745, 0.05951683637907701], 2, -1.0, [-0.41224893230716614, 0.0601342288189413]
[-0.41224893230716614, 0.0601342288189413], 2, -1.0, [-0.3519343819575212, 0.06031455034964493]
[-0.3519343819575212, 0.06031455034964493], 2, -1.0, [-0.2918511538939537, 0.06008322806356745]
[-0.2918511538939537, 0.06008322806356745], 2, -1.0, [-0.23236935571561712, 0.0594817981783366]
[-0.23236935571561712, 0.0594817981783366], 2, -1.0, [-0.17380431258900844, 0.058565043126608686]
[-0.17380431258900844, 0.058565043126608686], 2, -1.0, [-0.11640706009476182, 0.05739725249424663]
[-0.11640706009476182, 0.05739725249424663], 2, -1.0, [-0.06035890630926591, 0.05604815378549591]
[-0.06035890630926591, 0.05604815378549591], 2, -1.0, [-0.005769878418766125, 0.05458902789049978]
[-0.005769878418766125, 0.05458902789049978], 2, -1.0, [0.04731952399172315, 0.053089402410489275]
[0.04731952399172315, 0.053089402410489275], 2, -1.0, [0.09893407442241753, 0.051614550430694385]
[0.09893407442241753, 0.051614550430694385], 2, -1.0, [0.14915793332653285, 0.050223858904115314]
[0.14915793332653285, 0.050223858904115314], 1, -1.0, [0.1971279346357955, 0.047970001309262655]
[0.1971279346357955, 0.047970001309262655], 1, -1.0, [0.24302251097206085, 0.045894576336265355]
[0.24302251097206085, 0.045894576336265355], 1, -1.0, [0.2870525975276363, 0.04403008655557545]
[0.2870525975276363, 0.04403008655557545], 1, -1.0, [0.32945378506678447, 0.04240118753914817]
[0.32945378506678447, 0.04240118753914817], 1, -1.0, [0.3704798249236033, 0.04102603985681887]
[0.3704798249236033, 0.04102603985681887], 1, -1.0, [0.4103974354783273, 0.039917610554723974]
[0.4103974354783273, 0.039917610554723974], 1, -1.0, [0.44948226164717114, 0.03908482616884383]
[0.44948226164717114, 0.03908482616884383], 1, -1.0, [0.48801578298971066, 0.0385335213425395]
[0.48801578298971066, 0.0385335213425395], 1, -1.0, [0.5262829384495408, 0.038267155459830116]
