[-0.4590328192703392, 0.0], 0, -1.0, [-0.46051404156647585, -0.001481222296136676]
[-0.46051404156647585, -0.001481222296136676], 0, -1.0, [-0.463465580027164, -0.002951538460688116]
[-0.463465580027164, -0.002951538460688116], 0, -1.0, [-0.4678656752128278, -0.0044000951856638226]
[-0.4678656752128278, -0.0044000951856638226], 0, -1.0, [-0.47368182380607465, -0.0058161485932468615]
[-0.47368182380607465, -0.0058161485932468615], 0, -1.0, [-0.48087095185142237, -0.007189128045347709]
[-0.48087095185142237, -0.007189128045347709], 0, -1.0, [-0.4893796617193497, -0.008508709867927344]
[-0.4893796617193497, -0.008508709867927344], 0, -1.0, [-0.49914456440489546, -0.009764902685545768]
[-0.49914456440489546, -0.009764902685545768], 0, -1.0, [-0.5100927092006293, -0.010948144795733916]
[-0.5100927092006293, -0.010948144795733916], 0, -1.0, [-0.5221421217800712, -0.012049412579441943]
[-0.5221421217800712, -0.012049412579441943], 0, -1.0, [-0.5352024592283786, -0.013060337448307332]
[-0.5352024592283786, -0.013060337448307332], 0, -1.0, [-0.5491757866252095, -0.013973327396830928]
[-0.5491757866252095, -0.013973327396830928], 0, -1.0, [-0.5639574746195902, -0.014781687994380748]
[-0.5639574746195902, -0.014781687994380748], 0, -1.0, [-0.5794372113734002, -0.01547973675380999]
[-0.5794372113734002, -0.01547973675380999], 0, -1.0, [-0.59550011574197, -0.016062904368569834]
[-0.59550011574197, -0.016062904368569834], 0, -1.0, [-0.6120279321437553, -0.01652781640178524]
[-0.6120279321437553, -0.01652781640178524], 0, -1.0, [-0.6289002818152554, -0.016872349671500086]
[-0.6289002818152554, -0.016872349671500086], 0, -1.0, [-0.6459959405931818, -0.017095658777926445]
[-0.6459959405931818, -0.017095658777926445], 0, -1.0, [-0.6631941104630458, -0.01719816986986402]
[-0.6631941104630458, -0.01719816986986402], 0, -1.0, [-0.6803756511652155, -0.017181540702169748]
[-0.6803756511652155, -0.017181540702169748], 0, -1.0, [-0.6974242392751304, -0.01704858810991498]
[-0.6974242392751304, -0.01704858810991498], 0, -1.0, [-0.7142274252942981, -0.016803186019167596]
[-0.7142274252942981, -0.016803186019167596], 0, -1.0, [-0.7306775641372492, -0.01645013884295109]
[-0.7306775641372492, -0.01645013884295109], 0, -1.0, [-0.7466726005613603, -0.015995036424111188]
[-0.7466726005613603, -0.015995036424111188], 0, -1.0, [-0.7621166980503248, -0.015444097488964437]
[-0.7621166980503248, -0.015444097488964437], 2, -1.0, [-0.7749207068839434, -0.012804008833618704]
[-0.7749207068839434, -0.012804008833618704], 2, -1.0, [-0.785013377919058, -0.0100926710351146]
[-0.785013377919058, -0.0100926710351146], 2, -1.0, [-0.7923403238117199, -0.007326945892661944]
[-0.7923403238117199, -0.007326945892661944], 2, -1.0, [-0.7968630724113529, -0.004522748599633008]
[-0.7968630724113529, -0.004522748599633008], 2, -1.0, [-0.7985583097122053, -0.0016952373008523825]
[-0.7985583097122053, -0.0016952373008523825], 2, -1.0, [-0.797417383509039, 0.0011409262031663306]
[-0.797417383509039, 0.0011409262031663306], 2, -1.0, [-0.7934461116848806, 0.003971271824158442]
[-0.7934461116848806, 0.003971271824158442], 2, -1.0, [-0.786664911576142, 0.006781200108738506]
[-0.786664911576142, 0.006781200108738506], 2, -1.0, [-0.7771092393488078, 0.009555672227334257]
[-0.7771092393488078, 0.009555672227334257], 2, -1.0, [-0.7648303008231244, 0.0122789385256834]
[-0.7648303008231244, 0.0122789385256834], 2, -1.0, [-0.7498959678760598, 0.014934332947064623]
[-0.7498959678760598, 0.014934332947064623], 2, -1.0, [-0.7323918080332164, 0.017504159842843536]
[-0.7323918080332164, 0.017504159842843536], 2, -1.0, [-0.7124221104072793, 0.019969697625937047]
[-0.7124221104072793, 0.019969697625937047], 2, -1.0, [-0.6901107708162117, 0.02231133959106756]
[-0.6901107708162117, 0.02231133959106756], 2, -1.0, [-0.665601885534875, 0.024508885281336757]
[-0.665601885534875, 0.024508885281336757], 2, -1.0, [-0.6390598999782555, 0.026541985556619484]
[-0.6390598999782555, 0.026541985556619484], 2, -1.0, [-0.6106691688923129, 0.02839073108594262]
[-0.6106691688923129, 0.02839073108594262], 2, -1.0, [-0.5806328107185136, 0.030036358173799394]
[-0.5806328107185136, 0.030036358173799394], 2, -1.0, [-0.5491707813838277, 0.031462029334685865]
[-0.5491707813838277, 0.031462029334685865], 2, -1.0, [-0.5165171500755686, 0.03265363130825906]
[-0.5165171500755686, 0.03265363130825906], 2, -1.0, [-0.48291662696350185, 0.033600523112066814]
[-0.48291662696350185, 0.033600523112066814], 2, -1.0, [-0.4486204630623444, 0.034296163901157445]
[-0.4486204630623444, 0.034296163901157445], 2, -1.0, [-0.4138819065092447, 0.034738556553099625]
[-0.4138819065092447, 0.034738556553099625], 2, -1.0, [-0.37895144833141164, 0.0349304581778331]
[-0.37895144833141164, 0.0349304581778331], 2, -1.0, [-0.34407211685525996, 0.0348793314761517]
[-0.34407211685525996, 0.0348793314761517], 2, -1.0, [-0.30947507914655137, 0.034597037708708596]
[-0.30947507914655137, 0.034597037708708596], 2, -1.0, [-0.2753757804417398, 0.034099298704811536]
[-0.2753757804417398, 0.034099298704811536], 2, -1.0, [-0.24197080285827957, 0.03340497758346026]
[-0.24197080285827957, 0.03340497758346026], 0, -1.0, [-0.21143556042488693, 0.030535242433392635]
[-0.21143556042488693, 0.030535242433392635], 0, -1.0, [-0.18391402490155273, 0.0275215355233342]
[-0.18391402490155273, 0.0275215355233342], 0, -1.0, [-0.15952152104994197, 0.024392503851610767]
[-0.15952152104994197, 0.024392503851610767], 0, -1.0, [-0.1383481593572808, 0.02117336169266117]
[-0.1383481593572808, 0.02117336169266117], 0, -1.0, [-0.12046254363081652, 0.017885615726464268]
[-0.12046254363081652, 0.017885615726464268], 0, -1.0, [-0.1059154456448084, 0.014547097986008123]
[-0.1059154456448084, 0.014547097986008123], 0, -1.0, [-0.09474320249365192, 0.011172243151156475]
[-0.09474320249365192, 0.011172243151156475], 0, -1.0, [-0.08697065426612376, 0.007772548227528169]
[-0.08697065426612376, 0.007772548227528169], 0, -1.0, [-0.08261349385961005, 0.004357160406513714]
[-0.08261349385961005, 0.004357160406513714], 0, -1.0, [-0.08167994454167783, 0.0009335493179322123]
[-0.08167994454167783, 0.0009335493179322123], 0, -1.0, [-0.08417171437950882, -0.0024917698378309873]
[-0.08417171437950882, -0.0024917698378309873], 0, -1.0, [-0.09008420197072584, -0.005912487591217009]
[-0.09008420197072584, -0.005912487591217009], 0, -1.0, [-0.09940594828114221, -0.009321746310416377]
[-0.09940594828114221, -0.009321746310416377], 0, -1.0, [-0.11211734867804926, -0.012711400396907047]
[-0.11211734867804926, -0.012711400396907047], 0, -1.0, [-0.12818866141373494, -0.016071312735685687]
[-0.12818866141373494, -0.016071312735685687], 0, -1.0, [-0.14757737750932418, -0.019388716095589224]
[-0.14757737750932418, -0.019388716095589224], 0, -1.0, [-0.17022505501696641, -0.02264767750764225]
[-0.17022505501696641, -0.02264767750764225], 0, -1.0, [-0.19605376929594792, -0.02582871427898152]
[-0.19605376929594792, -0.02582871427898152], 0, -1.0, [-0.2249623892012571, -0.02890861990530919]
[-0.2249623892012571, -0.02890861990530919], 0, -1.0, [-0.25682295274362704, -0.03186056354236992]
[-0.25682295274362704, -0.03186056354236992], 0, -1.0, [-0.291477476790942, -0.034654524047314963]
[-0.291477476790942, -0.034654524047314963], 0, -1.0, [-0.3287355818114457, -0.03725810502050369]
[-0.3287355818114457, -0.03725810502050369], 0, -1.0, [-0.36837332974408105, -0.03963774793263537]
[-0.36837332974408105, -0.03963774793263537], 0, -1.0, [-0.4101336457365592, -0.04176031599247812]
[-0.4101336457365592, -0.04176031599247812], 0, -1.0, [-0.45372861128263675, -0.04359496554607753]
[-0.45372861128263675, -0.04359496554607753], 0, -1.0, [-0.4988437741639719, -0.04511516288133517]
[-0.4988437741639719, -0.04511516288133517], 0, -1.0, [-0.5451444289393298, -0.0463006547753579]
[-0.5451444289393298, -0.0463006547753579], 0, -1.0, [-0.5922836038115943, -0.04713917487226445]
[-0.5922836038115943, -0.04713917487226445], 0, -1.0, [-0.6399112800555934, -0.04762767624399911]
[-0.6399112800555934, -0.04762767624399911], 0, -1.0, [-0.6876842074417121, -0.04777292738611869]
[-0.6876842074417121, -0.04777292738611869], 0, -1.0, [-0.7352755960972805, -0.04759138865556848]
[-0.7352755960972805, -0.04759138865556848], 0, -1.0, [-0.782383979658425, -0.04710838356114441]
[-0.782383979658425, -0.04710838356114441], 0, -1.0, [-0.8287406534446267, -0.04635667378620164]
[-0.8287406534446267, -0.04635667378620164], 0, -1.0, [-0.8741152720748387, -0.04537461863021211]
[-0.8741152720748387, -0.04537461863021211], 0, -1.0, [-0.9183194077924031, -0.04420413571756433]
[-0.9183194077924031, -0.04420413571756433], 0, -1.0, [-0.9612080850853676, -0.042888677292964514]
[-0.9612080850853676, -0.042888677292964514], 0, -1.0, [-1.0026794867065523, -0.04147140162118465]
[-1.0026794867065523, -0.04147140162118465], 0, -1.0, [-1.0426731511101897, -0.039993664403637365]
[-1.0426731511101897, -0.039993664403637365], 0, -1.0, [-1.081167045799998, -0.038493894689808426]
[-1.081167045799998, -0.038493894689808426], 0, -1.0, [-1.1181739109326119, -0.03700686513261389]
[-1.1181739109326119, -0.03700686513261389], 0, -1.0, [-1.1537372357538975, -0.035563324821285554]
[-1.1537372357538975, -0.035563324821285554], 0, -1.0, [-1.1879271726197351, -0.0341899368658376]
[-1.1879271726197351, -0.0341899368658376], 0, -1.0, [-1.2, 0.0]
[-1.2, 0.0], 2, -1.0, [-1.1967581039591646, 0.003241896040835368]
[-1.1967581039591646, 0.003241896040835368], 2, -1.0, [-1.1902636585360942, 0.006494445423070332]
[-1.1902636585360942, 0.006494445423070332], 2, -1.0, [-1.1804959639787937, 0.009767694557300442]
[-1.1804959639787937, 0.009767694557300442], 2, -1.0, [-1.1674255149588486, 0.013070449019945182]
[-1.1674255149588486, 0.013070449019945182], 2, -1.0, [-1.1510159267200155, 0.016409588238833067]
[-1.1510159267200155, 0.016409588238833067], 2, -1.0, [-1.1312266168239755, 0.019789309896040046]
[-1.1312266168239755, 0.019789309896040046], 2, -1.0, [-1.108016322100852, 0.02321029472312345]
[-1.108016322100852, 0.02321029472312345], 2, -1.0, [-1.081347524946184, 0.02666879715466819]
[-1.081347524946184, 0.02666879715466819], 2, -1.0, [-1.0511918363028878, 0.03015568864329602]
[-1.0511918363028878, 0.03015568864329602], 2, -1.0, [-1.0175363271434712, 0.0336555091594167]
[-1.0175363271434712, 0.0336555091594167], 2, -1.0, [-0.9803907090723114, 0.03714561807115983]
[-0.9803907090723114, 0.03714561807115983], 2, -1.0, [-0.9397951336374217, 0.04059557543488971]
[-0.9397951336374217, 0.04059557543488971], 2, -1.0, [-0.8958282112564235, 0.043966922380998245]
[-0.8958282112564235, 0.043966922380998245], 2, -1.0, [-0.8486146572192776, 0.04721355403714586]
[-0.8486146572192776, 0.04721355403714586], 2, -1.0, [-0.7983317816221248, 0.05028287559715283]
[-0.7983317816221248, 0.05028287559715283], 2, -1.0, [-0.7452138959379592, 0.0531178856841656]
[-0.7452138959379592, 0.0531178856841656], 2, -1.0, [-0.6895536666604415, 0.0556602292775177]
[-0.6895536666604415, 0.0556602292775177], 2, -1.0, [-0.6316995610792892, 0.057854105581152386]
[-0.6316995610792892, 0.057854105581152386], 2, -1.0, [-0.5720488365336812, 0.05965072454560789]
[-0.5720488365336812, 0.05965072454560789], 2, -1.0, [-0.5110360146660762, 0.061012821867605024]
[-0.5110360146660762, 0.061012821867605024], 2, -1.0, [-0.44911739120176025, 0.061918623464315904]
[-0.44911739120176025, 0.061918623464315904], 2, -1.0, [-0.38675274139346727, 0.06236464980829299]
[-0.38675274139346727, 0.06236464980829299], 2, -1.0, [-0.3243858485235833, 0.06236689286988392]
[-0.3243858485235833, 0.06236689286988392], 2, -1.0, [-0.2624256859117381, 0.061960162611845254]
[-0.2624256859117381, 0.061960162611845254], 2, -1.0, [-0.20122996568717166, 0.061195720224566416]
[-0.20122996568717166, 0.061195720224566416], 2, -1.0, [-0.14109236178367496, 0.06013760390349669]
[-0.14109236178367496, 0.06013760390349669], 2, -1.0, [-0.08223412731502394, 0.05885823446865101]
[-0.08223412731502394, 0.05885823446865101], 2, -1.0, [-0.024800200336085113, 0.05743392697893883]
[-0.024800200336085113, 0.05743392697893883], 2, -1.0, [0.03114064276343887, 0.05594084309952398]
[0.03114064276343887, 0.05594084309952398], 2, -1.0, [0.08559238750154527, 0.0544517447381064]
[0.08559238750154527, 0.0544517447381064], 2, -1.0, [0.13862609852276647, 0.05303371102122119]
[0.13862609852276647, 0.05303371102122119], 2, -1.0, [0.19037290492486428, 0.0517468064020978]
[0.19037290492486428, 0.0517468064020978], 1, -1.0, [0.24001646944167865, 0.04964356451681436]
[0.24001646944167865, 0.04964356451681436], 1, -1.0, [0.28778060108566533, 0.047764131643986706]
[0.28778060108566533, 0.047764131643986706], 1, -1.0, [0.3339199795570522, 0.04613937847138687]
[0.3339199795570522, 0.04613937847138687], 1, -1.0, [0.3787123066970787, 0.0447923271400265]
[0.3787123066970787, 0.0447923271400265], 1, -1.0, [0.4224518800794228, 0.0437395733823441]
[0.4224518800794228, 0.0437395733823441], 1, -1.0, [0.4654444398008648, 0.042992559721442024]
[0.4654444398008648, 0.042992559721442024], 1, -1.0, [0.5080030512181968, 0.042558611417332]
