[-0.5387261295247601, 0.0], 0, -1.0, [-0.5396127133103795, -0.0008865837856194066]
[-0.5396127133103795, -0.0008865837856194066], 0, -1.0, [-0.5413792387583538, -0.0017665254479742808]
[-0.5413792387583538, -0.0017665254479742808], 0, -1.0, [-0.5440124739621566, -0.0026332352038027852]
[-0.5440124739621566, -0.0026332352038027852], 0, -1.0, [-0.547492702111534, -0.003480228149377436]
[-0.547492702111534, -0.003480228149377436], 0, -1.0, [-0.5517938792396709, -0.004301177128136959]
[-0.5517938792396709, -0.004301177128136959], 0, -1.0, [-0.5568838451588051, -0.005089965919134164]
[-0.5568838451588051, -0.005089965919134164], 0, -1.0, [-0.5627245877088496, -0.005840742550044498]
[-0.5627245877088496, -0.005840742550044498], 0, -1.0, [-0.5692725600220564, -0.006547972313206824]
[-0.5692725600220564, -0.006547972313206824], 0, -1.0, [-0.5764790498444342, -0.007206489822377787]
[-0.5764790498444342, -0.007206489822377787], 0, -1.0, [-0.5842905990593307, -0.007811549214896412]
[-0.5842905990593307, -0.007811549214896412], 0, -1.0, [-0.5926494704621919, -0.008358871402861144]
[-0.5926494704621919, -0.008358871402861144], 0, -1.0, [-0.6014941575927274, -0.00884468713053559]
[-0.6014941575927274, -0.00884468713053559], 0, -1.0, [-0.6107599321156676, -0.009265774522940189]
[-0.6107599321156676, -0.009265774522940189], 0, -1.0, [-0.6203794219421124, -0.009619489826444814]
[-0.6203794219421124, -0.009619489826444814], 0, -1.0, [-0.6302832120951471, -0.009903790153034737]
[-0.6302832120951471, -0.009903790153034737], 0, -1.0, [-0.6404004593396178, -0.0101172472444706]
[-0.6404004593396178, -0.0101172472444706], 0, -1.0, [-0.6506595109006306, -0.010259051561012807]
[-0.6506595109006306, -0.010259051561012807], 0, -1.0, [-0.6609885172547088, -0.010329006354078189]
[-0.6609885172547088, -0.010329006354078189], 0, -1.0, [-0.6713160290338426, -0.010327511779133816]
[-0.6713160290338426, -0.010327511779133816], 0, -1.0, [-0.6815715685500475, -0.010255539516204922]
[-0.6815715685500475, -0.010255539516204922], 0, -1.0, [-0.6916861673111678, -0.01011459876112032]
[-0.6916861673111678, -0.01011459876112032], 0, -1.0, [-0.7015928621142672, -0.009906694803099367]
[-0.7015928621142672, -0.009906694803099367], 0, -1.0, [-0.71122714380399, -0.009634281689722812]
[-0.71122714380399, -0.009634281689722812], 0, -1.0, [-0.7205273544851817, -0.00930021068119171]
[-0.7205273544851817, -0.00930021068119171], 0, -1.0, [-0.7294350307872326, -0.00890767630205087]
[-0.7294350307872326, -0.00890767630205087], 2, -1.0, [-0.735895192595345, -0.0064601618081124275]
[-0.735895192595345, -0.0064601618081124275], 2, -1.0, [-0.7398686108100907, -0.003973418214745727]
[-0.7398686108100907, -0.003973418214745727], 2, -1.0, [-0.7413314334152722, -0.001462822605181529]
[-0.7413314334152722, -0.001462822605181529], 2, -1.0, [-0.740274933116402, 0.0010565002988701965]
[-0.740274933116402, 0.0010565002988701965], 2, -1.0, [-0.736705410137457, 0.003569522978944989]
[-0.736705410137457, 0.003569522978944989], 2, -1.0, [-0.7306442626563362, 0.006061147481120849]
[-0.7306442626563362, 0.006061147481120849], 2, -1.0, [-0.7221282158592442, 0.008516046797091975]
[-0.7221282158592442, 0.008516046797091975], 2, -1.0, [-0.7112096793760478, 0.010918536483196378]
[-0.7112096793760478, 0.010918536483196378], 2, -1.0, [-0.6979571826611481, 0.013252496714899715]
[-0.6979571826611481, 0.013252496714899715], 2, -1.0, [-0.6824558196460627, 0.015501363015085472]
[-0.6824558196460627, 0.015501363015085472], 2, -1.0, [-0.6648076189346672, 0.017648200711395532]
[-0.6648076189346672, 0.017648200711395532], 2, -1.0, [-0.6451317454510928, 0.01967587348357451]
[-0.6451317454510928, 0.01967587348357451], 2, -1.0, [-0.6235644354733602, 0.021567309977732554]
[-0.6235644354733602, 0.021567309977732554], 2, -1.0, [-0.6002585710307023, 0.023305864442657857]
[-0.6002585710307023, 0.023305864442657857], 2, -1.0, [-0.5753828129565018, 0.024875758074200532]
[-0.5753828129565018, 0.024875758074200532], 2, -1.0, [-0.5491202349310425, 0.026262578025459397]
[-0.5491202349310425, 0.026262578025459397], 2, -1.0, [-0.5216664329175913, 0.0274538020134511]
[-0.5216664329175913, 0.0274538020134511], 2, -1.0, [-0.4932271233930739, 0.02843930952451742]
[-0.4932271233930739, 0.02843930952451742], 1, -1.0, [-0.46501528621153454, 0.02821183718153933]
[-0.46501528621153454, 0.02821183718153933], 0, -1.0, [-0.43824056676601825, 0.026774719445516307]
[-0.43824056676601825, 0.026774719445516307], 0, -1.0, [-0.41309906016900827, 0.025141506597009988]
[-0.41309906016900827, 0.025141506597009988], 0, -1.0, [-0.3897712058709923, 0.023327854298015985]
[-0.3897712058709923, 0.023327854298015985], 0, -1.0, [-0.36842031052134494, 0.02135089534964735]
[-0.36842031052134494, 0.02135089534964735], 0, -1.0, [-0.34919166838408877, 0.01922864213725615]
[-0.34919166838408877, 0.01922864213725615], 0, -1.0, [-0.33221220894602144, 0.016979459438067345]
[-0.33221220894602144, 0.016979459438067345], 0, -1.0, [-0.3175905730715458, 0.014621635874475628]
[-0.3175905730715458, 0.014621635874475628], 0, -1.0, [-0.30541750294356745, 0.012173070127978382]
[-0.30541750294356745, 0.012173070127978382], 0, -1.0, [-0.29576642632993905, 0.009651076613628415]
[-0.29576642632993905, 0.009651076613628415], 0, -1.0, [-0.288694120672777, 0.007072305657162071]
[-0.288694120672777, 0.007072305657162071], 0, -1.0, [-0.2842413549038609, 0.004452765768916113]
[-0.2842413549038609, 0.004452765768916113], 0, -1.0, [-0.28243342454310855, 0.0018079303607523036]
[-0.28243342454310855, 0.0018079303607523036], 0, -1.0, [-0.2832805166568391, -0.0008470921137305703]
[-0.2832805166568391, -0.0008470921137305703], 0, -1.0, [-0.2867778642155745, -0.00349734755873538]
[-0.2867778642155745, -0.00349734755873538], 0, -1.0, [-0.29290567332720846, -0.006127809111633985]
[-0.29290567332720846, -0.006127809111633985], 0, -1.0, [-0.3016288310941449, -0.008723157766936421]
[-0.3016288310941449, -0.008723157766936421], 0, -1.0, [-0.31289642596231154, -0.011267594868166668]
[-0.31289642596231154, -0.011267594868166668], 0, -1.0, [-0.32664113583638366, -0.013744709874072142]
[-0.32664113583638366, -0.013744709874072142], 0, -1.0, [-0.34277856109794214, -0.0161374252615585]
[-0.34277856109794214, -0.0161374252615585], 0, -1.0, [-0.3612065987303258, -0.01842803763238364]
[-0.3612065987303258, -0.01842803763238364], 0, -1.0, [-0.381804968302082, -0.020598369571756214]
[-0.381804968302082, -0.020598369571756214], 0, -1.0, [-0.4044350084784792, -0.0226300401763972]
[-0.4044350084784792, -0.0226300401763972], 0, -1.0, [-0.4289398617651717, -0.024504853286692475]
[-0.4289398617651717, -0.024504853286692475], 1, -1.0, [-0.4541451533576861, -0.025205291592514473]
[-0.4541451533576861, -0.025205291592514473], 0, -1.0, [-0.4808675861939606, -0.026722432836274453]
[-0.4808675861939606, -0.026722432836274453], 0, -1.0, [-0.5089096258881339, -0.028042039694173338]
[-0.5089096258881339, -0.028042039694173338], 2, -1.0, [-0.5360617985517849, -0.02715217266365101]
[-0.5360617985517849, -0.02715217266365101], 0, -1.0, [-0.5641205203199989, -0.02805872176821405]
[-0.5641205203199989, -0.02805872176821405], 0, -1.0, [-0.5928760769931987, -0.028755556673199737]
[-0.5928760769931987, -0.028755556673199737], 0, -1.0, [-0.6221157862993317, -0.029239709306133028]
[-0.6221157862993317, -0.029239709306133028], 0, -1.0, [-0.6516273280188295, -0.029511541719497783]
[-0.6516273280188295, -0.029511541719497783], 0, -1.0, [-0.6812020908171754, -0.029574762798345946]
[-0.6812020908171754, -0.029574762798345946], 0, -1.0, [-0.7106383792340867, -0.029436288416911264]
[-0.7106383792340867, -0.029436288416911264], 0, -1.0, [-0.7397443331921736, -0.029105953958086895]
[-0.7397443331921736, -0.029105953958086895], 0, -1.0, [-0.768340434332167, -0.02859610113999343]
[-0.768340434332167, -0.02859610113999343], 0, -1.0, [-0.7962615054276376, -0.027921071095470606]
[-0.7962615054276376, -0.027921071095470606], 0, -1.0, [-0.8233581468949986, -0.027096641467360988]
[-0.8233581468949986, -0.027096641467360988], 0, -1.0, [-0.8494975934274569, -0.026139446532458213]
[-0.8494975934274569, -0.026139446532458213], 0, -1.0, [-0.8745640098578211, -0.025066416430364193]
[-0.8745640098578211, -0.025066416430364193], 0, -1.0, [-0.8984582752763453, -0.02389426541852416]
[-0.8984582752763453, -0.02389426541852416], 2, -1.0, [-0.9190973262632784, -0.020639050986933215]
[-0.9190973262632784, -0.020639050986933215], 2, -1.0, [-0.9364187251402312, -0.017321398876952776]
[-0.9364187251402312, -0.017321398876952776], 2, -1.0, [-0.9503769174110026, -0.013958192270771386]
[-0.9503769174110026, -0.013958192270771386], 2, -1.0, [-0.9609398304528375, -0.010562913041834869]
[-0.9609398304528375, -0.010562913041834869], 2, -1.0, [-0.9680859818773863, -0.007146151424548778]
[-0.9680859818773863, -0.007146151424548778], 2, -1.0, [-0.9718022131245946, -0.003716231247208302]
[-0.9718022131245946, -0.003716231247208302], 2, -1.0, [-0.9720821223362361, -0.0002799092116415364]
[-0.9720821223362361, -0.0002799092116415364], 2, -1.0, [-0.9689252395731647, 0.003156882763071473]
[-0.9689252395731647, 0.003156882763071473], 2, -1.0, [-0.9623369644339235, 0.0065882751392411934]
[-0.9623369644339235, 0.0065882751392411934], 2, -1.0, [-0.9523292675194358, 0.010007696914487614]
[-0.9523292675194358, 0.010007696914487614], 2, -1.0, [-0.938922138912925, 0.013407128606510854]
[-0.938922138912925, 0.013407128606510854], 2, -1.0, [-0.9221457448158937, 0.016776394097031244]
[-0.9221457448158937, 0.016776394097031244], 2, -1.0, [-0.9020432240065824, 0.020102520809311335]
[-0.9020432240065824, 0.020102520809311335], 2, -1.0, [-0.8786740160976152, 0.023369207908967276]
[-0.8786740160976152, 0.023369207908967276], 2, -1.0, [-0.8521175625164509, 0.026556453581164347]
[-0.8521175625164509, 0.026556453581164347], 2, -1.0, [-0.8224771600533243, 0.029640402463126558]
[-0.8224771600533243, 0.029640402463126558], 2, -1.0, [-0.7898836804479991, 0.03259347960532524]
[-0.7898836804479991, 0.03259347960532524], 2, -1.0, [-0.7544988066113091, 0.03538487383668994]
[-0.7544988066113091, 0.03538487383668994], 2, -1.0, [-0.7165173895362402, 0.0379814170750689]
[-0.7165173895362402, 0.0379814170750689], 2, -1.0, [-0.6761685154085317, 0.040348874127708545]
[-0.6761685154085317, 0.040348874127708545], 2, -1.0, [-0.6337149055701655, 0.04245360983836624]
[-0.6337149055701655, 0.04245360983836624], 2, -1.0, [-0.5894503642309619, 0.04426454133920366]
[-0.5894503642309619, 0.04426454133920366], 2, -1.0, [-0.5436951422741925, 0.045755221956769454]
[-0.5436951422741925, 0.045755221956769454], 2, -1.0, [-0.4967892888579898, 0.04690585341620268]
[-0.4967892888579898, 0.04690585341620268], 2, -1.0, [-0.4490842898830374, 0.0477049989749524]
[-0.4490842898830374, 0.0477049989749524], 2, -1.0, [-0.40093350664953714, 0.048150783233500256]
[-0.40093350664953714, 0.048150783233500256], 2, -1.0, [-0.3526820887732029, 0.04825141787633426]
[-0.3526820887732029, 0.04825141787633426], 2, -1.0, [-0.3046571096419509, 0.048024979131251984]
[-0.3046571096419509, 0.048024979131251984], 2, -1.0, [-0.2571586443578664, 0.0474984652840845]
[-0.2571586443578664, 0.0474984652840845], 2, -1.0, [-0.2104523851713348, 0.04670625918653159]
[-0.2104523851713348, 0.04670625918653159], 2, -1.0, [-0.16476419399320238, 0.04568819117813241]
[-0.16476419399320238, 0.04568819117813241], 2, -1.0, [-0.12027676415400165, 0.04448742983920074]
[-0.12027676415400165, 0.04448742983920074], 2, -1.0, [-0.07712834434098649, 0.04314841981301516]
[-0.07712834434098649, 0.04314841981301516], 2, -1.0, [-0.035413298789990694, 0.0417150455509958]
[-0.035413298789990694, 0.0417150455509958], 2, -1.0, [0.004815842140216055, 0.04022914093020675]
[0.004815842140216055, 0.04022914093020675], 2, -1.0, [0.04354524397965903, 0.03872940183944298]
[0.04354524397965903, 0.03872940183944298], 2, -1.0, [0.08079594761714426, 0.03725070363748522]
[0.08079594761714426, 0.03725070363748522], 2, -1.0, [0.11661973223040152, 0.03582378461325726]
[0.11661973223040152, 0.03582378461325726], 2, -1.0, [0.15109496438195558, 0.03447523215155404]
[0.15109496438195558, 0.03447523215155404], 2, -1.0, [0.18432266295481614, 0.033227698572860564]
[0.18432266295481614, 0.033227698572860564], 2, -1.0, [0.21642293792883047, 0.03210027497401433]
[0.21642293792883047, 0.03210027497401433], 2, -1.0, [0.24753189767869563, 0.031108959749865165]
[0.24753189767869563, 0.031108959749865165], 2, -1.0, [0.27779906785731395, 0.030267170178618318]
[0.27779906785731395, 0.030267170178618318], 2, -1.0, [0.3073853256173339, 0.029586257760019965]
[0.3073853256173339, 0.029586257760019965], 2, -1.0, [0.3364613247491062, 0.029075999131772317]
[0.3364613247491062, 0.029075999131772317], 2, -1.0, [0.3652063681542572, 0.02874504340515099]
[0.3652063681542572, 0.02874504340515099], 2, -1.0, [0.3938076714530927, 0.02860130329883546]
[0.3938076714530927, 0.02860130329883546], 2, -1.0, [0.4224599529731831, 0.028652281520090406]
[0.4224599529731831, 0.028652281520090406], 2, -1.0, [0.4513652786131597, 0.028905325639976585]
[0.4513652786131597, 0.028905325639976585], 2, -1.0, [0.4807330831067437, 0.029367804493583928]
[0.4807330831067437, 0.029367804493583928], 2, -1.0, [0.5107802802728585, 0.03004719716611477]
