[-0.5519500502887422, 0.0], 0, -1.0, [-0.5527376720076714, -0.0007876217189291813]
[-0.5527376720076714, -0.0007876217189291813], 0, -1.0, [-0.5543070302347647, -0.0015693582270932972]
[-0.5543070302347647, -0.0015693582270932972], 0, -1.0, [-0.5566464021889966, -0.0023393719542319116]
[-0.5566464021889966, -0.0023393719542319116], 0, -1.0, [-0.5597383227885216, -0.0030919205995249633]
[-0.5597383227885216, -0.0030919205995249633], 0, -1.0, [-0.563559727479603, -0.00382140469108142]
[-0.563559727479603, -0.00382140469108142], 0, -1.0, [-0.5680821424093359, -0.004522414929732853]
[-0.5680821424093359, -0.004522414929732853], 0, -1.0, [-0.5732719214580124, -0.005189779048676513]
[-0.5732719214580124, -0.005189779048676513], 0, -1.0, [-0.5790905292341276, -0.005818607776115167]
[-0.5790905292341276, -0.005818607776115167], 0, -1.0, [-0.5854948685698383, -0.00640433933571074]
[-0.5854948685698383, -0.00640433933571074], 0, -1.0, [-0.5924376503450489, -0.006942781775210612]
[-0.5924376503450489, -0.006942781775210612], 0, -1.0, [-0.5998678026381595, -0.007430152293110653]
[-0.5998678026381595, -0.007430152293110653], 0, -1.0, [-0.6077309152898389, -0.00786311265167933]
[-0.6077309152898389, -0.00786311265167933], 0, -1.0, [-0.6159697150244113, -0.008238799734572465]
[-0.6159697150244113, -0.008238799734572465], 0, -1.0, [-0.6245245653617347, -0.008554850337323368]
[-0.6245245653617347, -0.008554850337323368], 0, -1.0, [-0.6333339847348363, -0.008809419373101531]
[-0.6333339847348363, -0.008809419373101531], 0, -1.0, [-0.6423351755676209, -0.009001190832784571]
[-0.6423351755676209, -0.009001190832784571], 0, -1.0, [-0.6514645566181795, -0.009129381050558653]
[-0.6514645566181795, -0.009129381050558653], 0, -1.0, [-0.6606582907000539, -0.009193734081874454]
[-0.6606582907000539, -0.009193734081874454], 0, -1.0, [-0.6698527999835625, -0.009194509283508645]
[-0.6698527999835625, -0.009194509283508645], 0, -1.0, [-0.6789852614605395, -0.00913246147697701]
[-0.6789852614605395, -0.00913246147697701], 0, -1.0, [-0.6879940758175362, -0.009008814356996745]
[-0.6879940758175362, -0.009008814356996745], 2, -1.0, [-0.6948193038749461, -0.006825228057409815]
[-0.6948193038749461, -0.006825228057409815], 2, -1.0, [-0.6994161079442319, -0.004596804069285811]
[-0.6994161079442319, -0.004596804069285811], 2, -1.0, [-0.7017545788445897, -0.0023384709003578213]
[-0.7017545788445897, -0.0023384709003578213], 2, -1.0, [-0.7018195927538284, -6.501390923872473e-05]
[-0.7018195927538284, -6.501390923872473e-05], 2, -1.0, [-0.6996107300931305, 0.0022088626606979415]
[-0.6996107300931305, 0.0022088626606979415], 2, -1.0, [-0.6951422731917066, 0.004468456901423786]
[-0.6951422731917066, 0.004468456901423786], 2, -1.0, [-0.6884432832003454, 0.006698989991361165]
[-0.6884432832003454, 0.006698989991361165], 2, -1.0, [-0.679557740423315, 0.008885542777030452]
[-0.679557740423315, 0.008885542777030452], 2, -1.0, [-0.6685447167149519, 0.011013023708363089]
[-0.6685447167149519, 0.011013023708363089], 2, -1.0, [-0.6554785346998888, 0.01306618201506308]
[-0.6554785346998888, 0.01306618201506308], 2, -1.0, [-0.6404488572825927, 0.015029677417296085]
[-0.6404488572825927, 0.015029677417296085], 2, -1.0, [-0.6235606432635269, 0.01688821401906585]
[-0.6235606432635269, 0.01688821401906585], 2, -1.0, [-0.6049339019517225, 0.0186267413118044]
[-0.6049339019517225, 0.0186267413118044], 2, -1.0, [-0.5847031824247358, 0.02023071952698665]
[-0.5847031824247358, 0.02023071952698665], 2, -1.0, [-0.5630167422080192, 0.021686440216716587]
[-0.5630167422080192, 0.021686440216716587], 2, -1.0, [-0.5400353557854327, 0.02298138642258647]
[-0.5400353557854327, 0.02298138642258647], 2, -1.0, [-0.515930744961284, 0.024104610824148703]
[-0.515930744961284, 0.024104610824148703], 1, -1.0, [-0.49188363929475754, 0.024047105666526476]
[-0.49188363929475754, 0.024047105666526476], 0, -1.0, [-0.4690740384304248, 0.022809600864332775]
[-0.4690740384304248, 0.022809600864332775], 0, -1.0, [-0.4476715519175203, 0.021402486512904516]
[-0.4476715519175203, 0.021402486512904516], 0, -1.0, [-0.42783360803464315, 0.01983794388287713]
[-0.42783360803464315, 0.01983794388287713], 0, -1.0, [-0.40970406318804353, 0.018129544846599604]
[-0.40970406318804353, 0.018129544846599604], 0, -1.0, [-0.3934122042081547, 0.01629185897988882]
[-0.3934122042081547, 0.01629185897988882], 0, -1.0, [-0.3790721103288924, 0.014340093879262338]
[-0.3790721103288924, 0.014340093879262338], 0, -1.0, [-0.36678232199380395, 0.012289788335088451]
[-0.36678232199380395, 0.012289788335088451], 0, -1.0, [-0.3566257508474462, 0.010156571146357743]
[-0.3566257508474462, 0.010156571146357743], 0, -1.0, [-0.348669759449946, 0.007955991397500188]
[-0.348669759449946, 0.007955991397500188], 0, -1.0, [-0.34296633985552505, 0.005703419594420941]
[-0.34296633985552505, 0.005703419594420941], 0, -1.0, [-0.3395523262665319, 0.0034140135889931325]
[-0.3395523262665319, 0.0034140135889931325], 0, -1.0, [-0.33844958737265646, 0.001102738893875463]
[-0.33844958737265646, 0.001102738893875463], 0, -1.0, [-0.3396651575608547, -0.0012155701881982261]
[-0.3396651575608547, -0.0012155701881982261], 0, -1.0, [-0.3431912818811414, -0.003526124320286695]
[-0.3431912818811414, -0.003526124320286695], 1, -1.0, [-0.34800536655120445, -0.0048140846700630395]
[-0.34800536655120445, -0.0048140846700630395], 0, -1.0, [-0.3550763329282748, -0.007070966377070304]
[-0.3550763329282748, -0.007070966377070304], 0, -1.0, [-0.36435805898892254, -0.009281726060647753]
[-0.36435805898892254, -0.009281726060647753], 0, -1.0, [-0.37578917889396496, -0.01143111990504243]
[-0.37578917889396496, -0.01143111990504243], 0, -1.0, [-0.3892928966958753, -0.013503717801910325]
[-0.3892928966958753, -0.013503717801910325], 0, -1.0, [-0.40477687450373767, -0.015483977807862379]
[-0.40477687450373767, -0.015483977807862379], 0, -1.0, [-0.42213326306889903, -0.017356388565161383]
[-0.42213326306889903, -0.017356388565161383], 0, -1.0, [-0.44123894540851866, -0.019105682339619633]
[-0.44123894540851866, -0.019105682339619633], 0, -1.0, [-0.46195606072391876, -0.020717115315400107]
[-0.46195606072391876, -0.020717115315400107], 0, -1.0, [-0.48413286579881515, -0.022176805074896378]
[-0.48413286579881515, -0.022176805074896378], 0, -1.0, [-0.5076049741392429, -0.023472108340427785]
[-0.5076049741392429, -0.023472108340427785], 0, -1.0, [-0.5321969899694461, -0.024592015830203203]
[-0.5321969899694461, -0.024592015830203203], 0, -1.0, [-0.5577245263428016, -0.025527536373355423]
[-0.5577245263428016, -0.025527536373355423], 0, -1.0, [-0.583996566445663, -0.026272040102861424]
[-0.583996566445663, -0.026272040102861424], 0, -1.0, [-0.6108180977042383, -0.02682153125857534]
[-0.6108180977042383, -0.02682153125857534], 0, -1.0, [-0.6379929228631798, -0.027174825158941412]
[-0.6379929228631798, -0.027174825158941412], 0, -1.0, [-0.6653265338717222, -0.027333611008542466]
[-0.6653265338717222, -0.027333611008542466], 0, -1.0, [-0.6926289255170706, -0.02730239164534828]
[-0.6926289255170706, -0.02730239164534828], 0, -1.0, [-0.7197172274370583, -0.027088301919987796]
[-0.7197172274370583, -0.027088301919987796], 0, -1.0, [-0.7464180451843292, -0.026700817747270875]
[-0.7464180451843292, -0.026700817747270875], 0, -1.0, [-0.7725694218162368, -0.026151376631907558]
[-0.7725694218162368, -0.026151376631907558], 0, -1.0, [-0.7980223584146239, -0.025452936598387134]
[-0.7980223584146239, -0.025452936598387134], 0, -1.0, [-0.8226418617908029, -0.02461950337617898]
[-0.8226418617908029, -0.02461950337617898], 0, -1.0, [-0.8463075171598908, -0.023665655369087903]
[-0.8463075171598908, -0.023665655369087903], 0, -1.0, [-0.8689136099751021, -0.02260609281521127]
[-0.8689136099751021, -0.02260609281521127], 2, -1.0, [-0.8883688423747952, -0.019455232399693097]
[-0.8883688423747952, -0.019455232399693097], 2, -1.0, [-0.9046025445818131, -0.016233702207017888]
[-0.9046025445818131, -0.016233702207017888], 2, -1.0, [-0.9175615295895302, -0.012958985007717052]
[-0.9175615295895302, -0.012958985007717052], 2, -1.0, [-0.9272072054735347, -0.009645675884004543]
[-0.9272072054735347, -0.009645675884004543], 2, -1.0, [-0.9335131137921783, -0.006305908318643506]
[-0.9335131137921783, -0.006305908318643506], 2, -1.0, [-0.9364630149193497, -0.002949901127171466]
[-0.9364630149193497, -0.002949901127171466], 2, -1.0, [-0.9360496010888004, 0.0004134138305493208]
[-0.9360496010888004, 0.0004134138305493208], 2, -1.0, [-0.9322738853083239, 0.00377571578047658]
[-0.9322738853083239, 0.00377571578047658], 2, -1.0, [-0.9251452873384506, 0.007128597969873338]
[-0.9251452873384506, 0.007128597969873338], 2, -1.0, [-0.9146824138177927, 0.010462873520657848]
[-0.9146824138177927, 0.010462873520657848], 2, -1.0, [-0.900914505097424, 0.013767908720368724]
[-0.900914505097424, 0.013767908720368724], 2, -1.0, [-0.8838834932236408, 0.01703101187378321]
[-0.8838834932236408, 0.01703101187378321], 2, -1.0, [-0.8636465811708933, 0.020236912052747462]
[-0.8636465811708933, 0.020236912052747462], 2, -1.0, [-0.8402792114366139, 0.02336736973427947]
[-0.8402792114366139, 0.02336736973427947], 2, -1.0, [-0.8138782428723886, 0.02640096856422524]
[-0.8138782428723886, 0.02640096856422524], 2, -1.0, [-0.7845651010779526, 0.029313141794435994]
[-0.7845651010779526, 0.029313141794435994], 2, -1.0, [-0.752488615826742, 0.032076485251210665]
[-0.752488615826742, 0.032076485251210665], 2, -1.0, [-0.7178272179810071, 0.034661397845734854]
[-0.7178272179810071, 0.034661397845734854], 2, -1.0, [-0.6807901498001212, 0.03703706818088587]
[-0.6807901498001212, 0.03703706818088587], 2, -1.0, [-0.6416173587154815, 0.03917279108463964]
[-0.6416173587154815, 0.03917279108463964], 2, -1.0, [-0.6005778055380797, 0.041039553177401836]
[-0.6005778055380797, 0.041039553177401836], 2, -1.0, [-0.5579660277702527, 0.042611777767827]
[-0.5579660277702527, 0.042611777767827], 2, -1.0, [-0.5140969520221556, 0.043869075748097196]
[-0.5140969520221556, 0.043869075748097196], 2, -1.0, [-0.4692991303002472, 0.04479782172190834]
[-0.4692991303002472, 0.04479782172190834], 2, -1.0, [-0.4239067571827693, 0.045392373117477895]
[-0.4239067571827693, 0.045392373117477895], 2, -1.0, [-0.3782509775715692, 0.0456557796112001]
[-0.3782509775715692, 0.0456557796112001], 2, -1.0, [-0.33265108894696893, 0.045599888624600265]
[-0.33265108894696893, 0.045599888624600265], 2, -1.0, [-0.2874062589212147, 0.045244830025754246]
[-0.2874062589212147, 0.045244830025754246], 2, -1.0, [-0.24278831484573582, 0.04461794407547885]
[-0.24278831484573582, 0.04461794407547885], 2, -1.0, [-0.19903603020681182, 0.043752284638923986]
[-0.19903603020681182, 0.043752284638923986], 2, -1.0, [-0.15635115820864381, 0.04268487199816802]
[-0.15635115820864381, 0.04268487199816802], 2, -1.0, [-0.11489627760324937, 0.04145488060539444]
[-0.11489627760324937, 0.04145488060539444], 2, -1.0, [-0.07479434860474193, 0.04010192899850744]
[-0.07479434860474193, 0.04010192899850744], 2, -1.0, [-0.036129748526097155, 0.03866460007864478]
[-0.036129748526097155, 0.03866460007864478], 2, -1.0, [0.001049522466698545, 0.0371792709927957]
[0.001049522466698545, 0.0371792709927957], 2, -1.0, [0.03672880585132985, 0.035679283384631305]
[0.03672880585132985, 0.035679283384631305], 2, -1.0, [0.07092325019575177, 0.03419444434442191]
[0.07092325019575177, 0.03419444434442191], 2, -1.0, [0.10367407008506438, 0.0327508198893126]
[0.10367407008506438, 0.0327508198893126], 2, -1.0, [0.13504483687857646, 0.031370766793512084]
[0.13504483687857646, 0.031370766793512084], 2, -1.0, [0.16511798019924534, 0.03007314332066889]
[0.16511798019924534, 0.03007314332066889], 2, -1.0, [0.19399162221557786, 0.02887364201633253]
[0.19399162221557786, 0.02887364201633253], 2, -1.0, [0.2217768173687065, 0.027785195153128623]
[0.2217768173687065, 0.027785195153128623], 2, -1.0, [0.24859523043764256, 0.026818413068936058]
[0.24859523043764256, 0.026818413068936058], 2, -1.0, [0.2745772560091151, 0.02598202557147254]
[0.2745772560091151, 0.02598202557147254], 2, -1.0, [0.2998605615889442, 0.025283305579829097]
[0.2998605615889442, 0.025283305579829097], 2, -1.0, [0.324589023190141, 0.02472846160119678]
[0.324589023190141, 0.02472846160119678], 2, -1.0, [0.34891201447730097, 0.024322991287159992]
[0.34891201447730097, 0.024322991287159992], 2, -1.0, [0.3729840067039941, 0.02407199222669317]
[0.3729840067039941, 0.02407199222669317], 2, -1.0, [0.3969644351956424, 0.023980428491648262]
[0.3969644351956424, 0.023980428491648262], 2, -1.0, [0.4210177876700548, 0.024053352474412433]
[0.4210177876700548, 0.024053352474412433], 2, -1.0, [0.4453138691197279, 0.02429608144967311]
[0.4453138691197279, 0.02429608144967311], 2, -1.0, [0.4700281963303426, 0.02471432721061465]
[0.4700281963303426, 0.02471432721061465], 2, -1.0, [0.49534247150800587, 0.025314275177663284]
[0.49534247150800587, 0.025314275177663284], 2, -1.0, [0.5214450781178931, 0.026102606609887204]
