[-0.5890728566586448, 0.0], 2, -1.0, [-0.5875849525914517, 0.0014879040671930918]
[-0.5875849525914517, 0.0014879040671930918], 2, -1.0, [-0.5846200939811413, 0.00296485861031032]
[-0.5846200939811413, 0.00296485861031032], 2, -1.0, [-0.5802001274175584, 0.00441996656358286]
[-0.5802001274175584, 0.00441996656358286], 2, -1.0, [-0.5743576877893145, 0.0058424396282439695]
[-0.5743576877893145, 0.0058424396282439695], 2, -1.0, [-0.5671360258748306, 0.007221661914483873]
[-0.5671360258748306, 0.007221661914483873], 2, -1.0, [-0.5585887621925071, 0.00854726368232351]
[-0.5585887621925071, 0.00854726368232351], 2, -1.0, [-0.5487795552751615, 0.009809206917345594]
[-0.5487795552751615, 0.009809206917345594], 2, -1.0, [-0.5377816720812071, 0.010997883193954497]
[-0.5377816720812071, 0.010997883193954497], 2, -1.0, [-0.5256774492564603, 0.012104222824746755]
[-0.5256774492564603, 0.012104222824746755], 2, -1.0, [-0.5125576364803214, 0.013119812776138946]
[-0.5125576364803214, 0.013119812776138946], 2, -1.0, [-0.49852061710601697, 0.014037019374304426]
[-0.49852061710601697, 0.014037019374304426], 2, -1.0, [-0.4836715065355487, 0.014849110570468272]
[-0.4836715065355487, 0.014849110570468272], 2, -1.0, [-0.4681211349169135, 0.01555037161863523]
[-0.4681211349169135, 0.01555037161863523], 2, -1.0, [-0.4519849273544935, 0.016136207562419944]
[-0.4519849273544935, 0.016136207562419944], 2, -1.0, [-0.43538170133848886, 0.016603226016004658]
[-0.43538170133848886, 0.016603226016004658], 2, -1.0, [-0.41843240694734984, 0.01694929439113903]
[-0.41843240694734984, 0.01694929439113903], 2, -1.0, [-0.4012588400080905, 0.01717356693925934]
[-0.4012588400080905, 0.01717356693925934], 2, -1.0, [-0.3839823613552888, 0.017276478652801693]
[-0.3839823613552888, 0.017276478652801693], 2, -1.0, [-0.36672265630140605, 0.017259705053882742]
[-0.36672265630140605, 0.017259705053882742], 2, -1.0, [-0.34959656729728283, 0.017126089004123237]
[-0.34959656729728283, 0.017126089004123237], 1, -1.0, [-0.33371702960290456, 0.01587953769437828]
[-0.33371702960290456, 0.01587953769437828], 2, -1.0, [-0.3181858252592684, 0.015531204343636123]
[-0.3181858252592684, 0.015531204343636123], 0, -1.0, [-0.30509954576537723, 0.01308627949389118]
[-0.30509954576537723, 0.01308627949389118], 1, -1.0, [-0.2935371509202264, 0.01156239484515079]
[-0.2935371509202264, 0.01156239484515079], 0, -1.0, [-0.2845664554618392, 0.008970695458387268]
[-0.2845664554618392, 0.008970695458387268], 0, -1.0, [-0.2782387584402392, 0.0063276970215999885]
[-0.2782387584402392, 0.0063276970215999885], 0, -1.0, [-0.2745895313680324, 0.003649227072206826]
[-0.2745895313680324, 0.003649227072206826], 0, -1.0, [-0.2736389567393173, 0.0009505746287150649]
[-0.2736389567393173, 0.0009505746287150649], 0, -1.0, [-0.2753922584975781, -0.0017533017582607663]
[-0.2753922584975781, -0.0017533017582607663], 0, -1.0, [-0.2798397905012438, -0.004447532003665702]
[-0.2798397905012438, -0.004447532003665702], 0, -1.0, [-0.28695687411850285, -0.007117083617259028]
[-0.28695687411850285, -0.007117083617259028], 0, -1.0, [-0.2967034013015165, -0.009746527183013677]
[-0.2967034013015165, -0.009746527183013677], 0, -1.0, [-0.30902324445055795, -0.012319843149041438]
[-0.30902324445055795, -0.012319843149041438], 0, -1.0, [-0.323843538530763, -0.014820294080204997]
[-0.323843538530763, -0.014820294080204997], 0, -1.0, [-0.34107392332729647, -0.01723038479653352]
[-0.34107392332729647, -0.01723038479653352], 0, -1.0, [-0.3606058529831785, -0.01953192965588202]
[-0.3606058529831785, -0.01953192965588202], 0, -1.0, [-0.3823120940796357, -0.02170624109645719]
[-0.3823120940796357, -0.02170624109645719], 0, -1.0, [-0.40604654010234276, -0.02373444602270706]
[-0.40604654010234276, -0.02373444602270706], 0, -1.0, [-0.4316444667050485, -0.025597926602705785]
[-0.4316444667050485, -0.025597926602705785], 0, -1.0, [-0.45892333665308094, -0.027278869948032428]
[-0.45892333665308094, -0.027278869948032428], 0, -1.0, [-0.487684234635271, -0.028760897982190076]
[-0.487684234635271, -0.028760897982190076], 0, -1.0, [-0.517713970826206, -0.030029736190934953]
[-0.517713970826206, -0.030029736190934953], 0, -1.0, [-0.5487878407602595, -0.031073869934053616]
[-0.5487878407602595, -0.031073869934053616], 0, -1.0, [-0.5806729724538487, -0.031885131693589176]
[-0.5806729724538487, -0.031885131693589176], 0, -1.0, [-0.6131321361750262, -0.03245916372117739]
[-0.6131321361750262, -0.03245916372117739], 0, -1.0, [-0.6459278449580097, -0.03279570878298356]
[-0.6459278449580097, -0.03279570878298356], 0, -1.0, [-0.6788265415241312, -0.03289869656612149]
[-0.6788265415241312, -0.03289869656612149], 0, -1.0, [-0.7116026544827427, -0.03277611295861149]
[-0.7116026544827427, -0.03277611295861149], 0, -1.0, [-0.7440423154558099, -0.03243966097306717]
[-0.7440423154558099, -0.03243966097306717], 0, -1.0, [-0.7759465577088467, -0.031904242253036785]
[-0.7759465577088467, -0.031904242253036785], 0, -1.0, [-0.8071338615919386, -0.031187303883091835]
[-0.8071338615919386, -0.031187303883091835], 0, -1.0, [-0.8374419661561023, -0.030308104564163742]
[-0.8374419661561023, -0.030308104564163742], 0, -1.0, [-0.8667289225241843, -0.02928695636808197]
[-0.8667289225241843, -0.02928695636808197], 0, -1.0, [-0.8948734163488583, -0.02814449382467397]
[-0.8948734163488583, -0.02814449382467397], 0, -1.0, [-0.9217744289635608, -0.026901012614702458]
[-0.9217744289635608, -0.026901012614702458], 0, -1.0, [-0.9473503367326972, -0.025575907769136475]
[-0.9473503367326972, -0.025575907769136475], 0, -1.0, [-0.9715375648958168, -0.024187228163119526]
[-0.9715375648958168, -0.024187228163119526], 0, -1.0, [-0.9942889169208907, -0.022751352025073952]
[-0.9942889169208907, -0.022751352025073952], 0, -1.0, [-1.0155716952737077, -0.021282778352817014]
[-1.0155716952737077, -0.021282778352817014], 0, -1.0, [-1.0353657173793522, -0.019794022105644515]
[-1.0353657173793522, -0.019794022105644515], 0, -1.0, [-1.053661314232926, -0.01829559685357381]
[-1.053661314232926, -0.01829559685357381], 2, -1.0, [-1.0684573810993883, -0.014796066866462232]
[-1.0684573810993883, -0.014796066866462232], 2, -1.0, [-1.0797585310215532, -0.011301149922165002]
[-1.0797585310215532, -0.011301149922165002], 2, -1.0, [-1.0875715989083006, -0.007813067886747398]
[-1.0875715989083006, -0.007813067886747398], 2, -1.0, [-1.0919029826036089, -0.004331383695308348]
[-1.0919029826036089, -0.004331383695308348], 0, -1.0, [-1.0947568165926433, -0.002853833989034574]
[-1.0947568165926433, -0.002853833989034574], 2, -1.0, [-1.09413605363562, 0.000620762957023408]
[-1.09413605363562, 0.000620762957023408], 2, -1.0, [-1.0900400360072926, 0.004096017628327345]
[-1.0900400360072926, 0.004096017628327345], 2, -1.0, [-1.0824646391020116, 0.007575396905281069]
[-1.0824646391020116, 0.007575396905281069], 2, -1.0, [-1.0714032215334004, 0.011061417568611311]
[-1.0714032215334004, 0.011061417568611311], 2, -1.0, [-1.0568483926066001, 0.014554828926800201]
[-1.0568483926066001, 0.014554828926800201], 2, -1.0, [-1.0387946114174322, 0.01805378118916788]
[-1.0387946114174322, 0.01805378118916788], 2, -1.0, [-1.017241624541914, 0.021552986875518234]
[-1.017241624541914, 0.021552986875518234], 2, -1.0, [-0.9921987261462676, 0.02504289839564642]
[-0.9921987261462676, 0.02504289839564642], 2, -1.0, [-0.963689780414859, 0.028508945731408636]
[-0.963689780414859, 0.028508945731408636], 2, -1.0, [-0.9317588776347021, 0.031930902780156825]
[-0.9317588776347021, 0.031930902780156825], 2, -1.0, [-0.8964764009445882, 0.03528247669011385]
[-0.8964764009445882, 0.03528247669011385], 2, -1.0, [-0.8579451643312395, 0.03853123661334884]
[-0.8579451643312395, 0.03853123661334884], 2, -1.0, [-0.8163061548062613, 0.04163900952497808]
[-0.8163061548062613, 0.04163900952497808], 2, -1.0, [-0.771743292685066, 0.044562862121195264]
[-0.771743292685066, 0.044562862121195264], 2, -1.0, [-0.7244865422836365, 0.047256750401429466]
[-0.7244865422836365, 0.047256750401429466], 2, -1.0, [-0.6748126954206188, 0.04967384686301773]
[-0.6748126954206188, 0.04967384686301773], 2, -1.0, [-0.6230432439219025, 0.05176945149871641]
[-0.6230432439219025, 0.05176945149871641], 2, -1.0, [-0.5695389733283234, 0.05350427059357905]
[-0.5695389733283234, 0.05350427059357905], 2, -1.0, [-0.5146912409810808, 0.054847732347242585]
[-0.5146912409810808, 0.054847732347242585], 2, -1.0, [-0.4589103071926903, 0.05578093378839044]
[-0.4589103071926903, 0.05578093378839044], 2, -1.0, [-0.4026114973253937, 0.056298809867296636]
[-0.4026114973253937, 0.056298809867296636], 2, -1.0, [-0.3462002990977613, 0.05641119822763239]
[-0.3462002990977613, 0.05641119822763239], 2, -1.0, [-0.2900576667537981, 0.056142632343963154]
[-0.2900576667537981, 0.056142632343963154], 2, -1.0, [-0.23452677018104803, 0.05553089657275009]
[-0.23452677018104803, 0.05553089657275009], 2, -1.0, [-0.1799022005851171, 0.05462456959593092]
[-0.1799022005851171, 0.05462456959593092], 2, -1.0, [-0.12642227971679182, 0.05347992086832528]
[-0.12642227971679182, 0.05347992086832528], 2, -1.0, [-0.07426469967428781, 0.052157580042504016]
[-0.07426469967428781, 0.052157580042504016], 2, -1.0, [-0.023545329345632214, 0.050719370328655596]
[-0.023545329345632214, 0.050719370328655596], 2, -1.0, [0.025680275193780862, 0.049225604539413076]
[0.025680275193780862, 0.049225604539413076], 2, -1.0, [0.07341329517538046, 0.0477330199815996]
[0.07341329517538046, 0.0477330199815996], 2, -1.0, [0.11970670247916979, 0.046293407303789315]
[0.11970670247916979, 0.046293407303789315], 2, -1.0, [0.16465959372089659, 0.0449528912417268]
[0.16465959372089659, 0.0449528912417268], 2, -1.0, [0.208411351557203, 0.043751757836306415]
[0.208411351557203, 0.043751757836306415], 2, -1.0, [0.2511360440121507, 0.04272469245494775]
[0.2511360440121507, 0.04272469245494775], 2, -1.0, [0.2930373326944394, 0.04190128868228863]
[0.2930373326944394, 0.04190128868228863], 2, -1.0, [0.33434403310048194, 0.041306700406042555]
[0.33434403310048194, 0.041306700406042555], 2, -1.0, [0.37530636250021054, 0.0409623293997286]
[0.37530636250021054, 0.0409623293997286], 2, -1.0, [0.41619282422010073, 0.04088646171989021]
[0.41619282422010073, 0.04088646171989021], 2, -1.0, [0.4572876083126657, 0.041094784092564944]
[0.4572876083126657, 0.041094784092564944], 2, -1.0, [0.4988883324581737, 0.04160072414550802]
[0.4988883324581737, 0.04160072414550802], 2, -1.0, [0.5413038979773754, 0.042415565519201746]
