[-0.42980748696970955, 0.0], 0, -1.0, [-0.4315016763412549, -0.0016941893715453514]
[-0.4315016763412549, -0.0016941893715453514], 0, -1.0, [-0.43487783943212, -0.0033761630908650604]
[-0.43487783943212, -0.0033761630908650604], 0, -1.0, [-0.4399115807944643, -0.005033741362344298]
[-0.4399115807944643, -0.005033741362344298], 0, -1.0, [-0.44656640316175106, -0.00665482236728674]
[-0.44656640316175106, -0.00665482236728674], 0, -1.0, [-0.4547938395599684, -0.008227436398217344]
[-0.4547938395599684, -0.008227436398217344], 0, -1.0, [-0.4645336563060115, -0.009739816746043108]
[-0.4645336563060115, -0.009739816746043108], 0, -1.0, [-0.4757141469106934, -0.011180490604681915]
[-0.4757141469106934, -0.011180490604681915], 0, -1.0, [-0.48825253829415083, -0.012538391383457434]
[-0.48825253829415083, -0.012538391383457434], 0, -1.0, [-0.502055529936047, -0.013802991641896172]
[-0.502055529936047, -0.013802991641896172], 0, -1.0, [-0.5170199834611502, -0.014964453525103175]
[-0.5170199834611502, -0.014964453525103175], 0, -1.0, [-0.5330337747240931, -0.016013791262942837]
[-0.5330337747240931, -0.016013791262942837], 0, -1.0, [-0.5499768129420457, -0.01694303821795262]
[-0.5499768129420457, -0.01694303821795262], 0, -1.0, [-0.5677222222962138, -0.017745409354168108]
[-0.5677222222962138, -0.017745409354168108], 0, -1.0, [-0.5861376713624931, -0.0184154490662792]
[-0.5861376713624931, -0.0184154490662792], 0, -1.0, [-0.6050868255846624, -0.018949154222169393]
[-0.6050868255846624, -0.018949154222169393], 0, -1.0, [-0.6244308887021695, -0.019344063117507047]
[-0.6244308887021695, -0.019344063117507047], 0, -1.0, [-0.6440301915011255, -0.019599302798956074]
[-0.6440301915011255, -0.019599302798956074], 0, -1.0, [-0.6637457812495487, -0.019715589748423253]
[-0.6637457812495487, -0.019715589748423253], 0, -1.0, [-0.683440963245233, -0.01969518199568426]
[-0.683440963245233, -0.01969518199568426], 0, -1.0, [-0.7029827472720742, -0.01954178402684125]
[-0.7029827472720742, -0.01954178402684125], 0, -1.0, [-0.7222431563088383, -0.01926040903676405]
[-0.7222431563088383, -0.01926040903676405], 0, -1.0, [-0.7411003621190788, -0.018857205810240477]
[-0.7411003621190788, -0.018857205810240477], 0, -1.0, [-0.7594396216699607, -0.018339259550881865]
[-0.7594396216699607, -0.018339259550881865], 0, -1.0, [-0.7771539988209442, -0.01771437715098341]
[-0.7771539988209442, -0.01771437715098341], 2, -1.0, [-0.7921448664874641, -0.014990867666519893]
[-0.7921448664874641, -0.014990867666519893], 2, -1.0, [-0.804332551928745, -0.012187685441280903]
[-0.804332551928745, -0.012187685441280903], 2, -1.0, [-0.8136549608204261, -0.009322408891681153]
[-0.8136549608204261, -0.009322408891681153], 2, -1.0, [-0.820066275673768, -0.00641131485334195]
[-0.820066275673768, -0.00641131485334195], 2, -1.0, [-0.8235358516888694, -0.0034695760151014486]
[-0.8235358516888694, -0.0034695760151014486], 2, -1.0, [-0.8240474038207626, -0.000511552131893165]
[-0.8240474038207626, -0.000511552131893165], 2, -1.0, [-0.8215985489145581, 0.0024488549062044785]
[-0.8215985489145581, 0.0024488549062044785], 2, -1.0, [-0.8162007371422578, 0.0053978117723002764]
[-0.8162007371422578, 0.0053978117723002764], 2, -1.0, [-0.8078795777657556, 0.008321159376502256]
[-0.8078795777657556, 0.008321159376502256], 2, -1.0, [-0.7966755351190002, 0.01120404264675531]
[-0.7966755351190002, 0.01120404264675531], 2, -1.0, [-0.7826449412399981, 0.014030593879002157]
[-0.7826449412399981, 0.014030593879002157], 2, -1.0, [-0.7658612417074776, 0.016783699532520478]
[-0.7658612417074776, 0.016783699532520478], 2, -1.0, [-0.7464163615517669, 0.019444880155710692]
[-0.7464163615517669, 0.019444880155710692], 2, -1.0, [-0.7244220501903014, 0.021994311361465572]
[-0.7244220501903014, 0.021994311361465572], 2, -1.0, [-0.7000110408721345, 0.024411009318166862]
[-0.7000110408721345, 0.024411009318166862], 2, -1.0, [-0.6733378448137786, 0.026673196058355973]
[-0.6733378448137786, 0.026673196058355973], 2, -1.0, [-0.6445789974108947, 0.028758847402883807]
[-0.6445789974108947, 0.028758847402883807], 2, -1.0, [-0.6139325878440002, 0.030646409566894593]
[-0.6139325878440002, 0.030646409566894593], 2, -1.0, [-0.5816169371312054, 0.03231565071279478]
[-0.5816169371312054, 0.03231565071279478], 2, -1.0, [-0.547868343953917, 0.03374859317728844]
[-0.547868343953917, 0.03374859317728844], 2, -1.0, [-0.5129378897908303, 0.03493045416308671]
[-0.5129378897908303, 0.03493045416308671], 2, -1.0, [-0.47708737864084994, 0.03585051114998042]
[-0.47708737864084994, 0.03585051114998042], 2, -1.0, [-0.4405845721105511, 0.036502806530298845]
[-0.4405845721105511, 0.036502806530298845], 2, -1.0, [-0.40369795612874493, 0.03688661598180615]
[-0.40369795612874493, 0.03688661598180615], 2, -1.0, [-0.36669132952057715, 0.03700662660816775]
[-0.36669132952057715, 0.03700662660816775], 2, -1.0, [-0.32981852836499265, 0.0368728011555845]
[-0.32981852836499265, 0.0368728011555845], 2, -1.0, [-0.2933185895200342, 0.036499938844958474]
[-0.2933185895200342, 0.036499938844958474], 2, -1.0, [-0.25741161376124, 0.03590697575879422]
[-0.25741161376124, 0.03590697575879422], 2, -1.0, [-0.22229552081826673, 0.035116092942973264]
[-0.22229552081826673, 0.035116092942973264], 2, -1.0, [-0.18814380603744943, 0.034151714780817306]
[-0.18814380603744943, 0.034151714780817306], 2, -1.0, [-0.15510432348568395, 0.03303948255176547]
[-0.15510432348568395, 0.03303948255176547], 2, -1.0, [-0.12329904388078036, 0.031805279604903584]
[-0.12329904388078036, 0.031805279604903584], 2, -1.0, [-0.09282467562452343, 0.030474368256256927]
[-0.09282467562452343, 0.030474368256256927], 2, -1.0, [-0.06375399744448254, 0.029070678180040894]
[-0.06375399744448254, 0.029070678180040894], 2, -1.0, [-0.03613773205124414, 0.027616265393238398]
[-0.03613773205124414, 0.027616265393238398], 2, -1.0, [-0.010006789265880115, 0.026130942785364025]
[-0.010006789265880115, 0.026130942785364025], 2, -1.0, [0.014625279962985464, 0.02463206922886558]
[0.014625279962985464, 0.02463206922886558], 2, -1.0, [0.037759755167494836, 0.023134475204509373]
[0.037759755167494836, 0.023134475204509373], 2, -1.0, [0.05941025346671043, 0.021650498299215594]
[0.05941025346671043, 0.021650498299215594], 2, -1.0, [0.07960035451838589, 0.020190101051675458]
[0.07960035451838589, 0.020190101051675458], 2, -1.0, [0.09836139990255763, 0.018761045384171733]
[0.09836139990255763, 0.018761045384171733], 2, -1.0, [0.1157305011399319, 0.017369101237374267]
[0.1157305011399319, 0.017369101237374267], 2, -1.0, [0.1317487722918552, 0.01601827115192329]
[0.1317487722918552, 0.01601827115192329], 2, -1.0, [0.14645978906474524, 0.014711016772890061]
[0.14645978906474524, 0.014711016772890061], 2, -1.0, [0.15990826623523563, 0.013448477170490393]
[0.15990826623523563, 0.013448477170490393], 2, -1.0, [0.1721389384771864, 0.01223067224195076]
[0.1721389384771864, 0.01223067224195076], 2, -1.0, [0.18319562567398967, 0.011056687196803291]
[0.18319562567398967, 0.011056687196803291], 2, -1.0, [0.19312046191227414, 0.009924836238284478]
[0.19312046191227414, 0.009924836238284478], 2, -1.0, [0.20195326701248992, 0.008832805100215769]
[0.20195326701248992, 0.008832805100215769], 2, -1.0, [0.20973104018408356, 0.007777773171593632]
[0.20973104018408356, 0.007777773171593632], 2, -1.0, [0.21648755682062076, 0.006756516636537213]
[0.21648755682062076, 0.006756516636537213], 2, -1.0, [0.22225305128680442, 0.005765494466183644]
[0.22225305128680442, 0.005765494466183644], 2, -1.0, [0.22705397058766794, 0.004800919300863512]
[0.22705397058766794, 0.004800919300863512], 0, -1.0, [0.22891278590846256, 0.0018588153207946398]
[0.22891278590846256, 0.0018588153207946398], 0, -1.0, [0.22783830606544397, -0.0010744798430185774]
[0.22783830606544397, -0.0010744798430185774], 0, -1.0, [0.22382543181256137, -0.004012874252882591]
[0.22382543181256137, -0.004012874252882591], 0, -1.0, [0.216855297426466, -0.006970134386095377]
[0.216855297426466, -0.006970134386095377], 0, -1.0, [0.20689581003840524, -0.009959487388060769]
[0.20689581003840524, -0.009959487388060769], 0, -1.0, [0.19390262554203602, -0.012993184496369218]
[0.19390262554203602, -0.012993184496369218], 0, -1.0, [0.1778206273627084, -0.016081998179327626]
[0.1778206273627084, -0.016081998179327626], 0, -1.0, [0.15858599966591563, -0.01923462769679276]
[0.15858599966591563, -0.01923462769679276], 0, -1.0, [0.1361290074588862, -0.02245699220702943]
[0.1361290074588862, -0.02245699220702943], 0, -1.0, [0.11037760880828326, -0.02575139865060294]
[0.11037760880828326, -0.02575139865060294], 2, -1.0, [0.08326202352749139, -0.02711558528079187]
[0.08326202352749139, -0.02711558528079187], 0, -1.0, [0.05272402493039048, -0.030537998597100907]
[0.05272402493039048, -0.030537998597100907], 2, -1.0, [0.020717234194130754, -0.03200679073625973]
[0.020717234194130754, -0.03200679073625973], 1, -1.0, [-0.013784729553583105, -0.03450196374771386]
[-0.013784729553583105, -0.03450196374771386], 2, -1.0, [-0.0497845558947838, -0.03599982634120069]
[-0.0497845558947838, -0.03599982634120069], 2, -1.0, [-0.08725655088122503, -0.037471994986441236]
[-0.08725655088122503, -0.037471994986441236], 0, -1.0, [-0.12814337967238273, -0.0408868287911577]
[-0.12814337967238273, -0.0408868287911577], 0, -1.0, [-0.17234773921022897, -0.044204359537846245]
[-0.17234773921022897, -0.044204359537846245], 0, -1.0, [-0.21972531012429886, -0.04737757091406989]
[-0.21972531012429886, -0.04737757091406989], 0, -1.0, [-0.2700791240738126, -0.0503538139495138]
[-0.2700791240738126, -0.0503538139495138], 0, -1.0, [-0.32315625424300826, -0.05307713016919562]
[-0.32315625424300826, -0.05307713016919562], 0, -1.0, [-0.37864772856572265, -0.05549147432271441]
[-0.37864772856572265, -0.05549147432271441], 0, -1.0, [-0.4361923959256466, -0.05754466735992396]
[-0.4361923959256466, -0.05754466735992396], 0, -1.0, [-0.49538512446265226, -0.05919272853700564]
[-0.49538512446265226, -0.05919272853700564], 0, -1.0, [-0.5557892028172076, -0.060404078354555246]
[-0.5557892028172076, -0.060404078354555246], 0, -1.0, [-0.6169522280530816, -0.06116302523587402]
[-0.6169522280530816, -0.06116302523587402], 0, -1.0, [-0.6784242191518708, -0.06147199109878916]
[-0.6784242191518708, -0.06147199109878916], 2, -1.0, [-0.7377763235680777, -0.05935210441620683]
[-0.7377763235680777, -0.05935210441620683], 0, -1.0, [-0.7966303656171927, -0.05885404204911506]
[-0.7966303656171927, -0.05885404204911506], 2, -1.0, [-0.8526580877583554, -0.056027722141162736]
[-0.8526580877583554, -0.056027722141162736], 1, -1.0, [-0.9065996243646542, -0.053941536606298815]
[-0.9065996243646542, -0.053941536606298815], 1, -1.0, [-0.9582602708735589, -0.051660646508904645]
[-0.9582602708735589, -0.051660646508904645], 0, -1.0, [-1.0085093764346837, -0.05024910556112482]
[-1.0085093764346837, -0.05024910556112482], 0, -1.0, [-1.057275301818715, -0.04876592538403129]
[-1.057275301818715, -0.04876592538403129], 0, -1.0, [-1.1045423696776173, -0.04726706785890211]
[-1.1045423696776173, -0.04726706785890211], 0, -1.0, [-1.1503463412027077, -0.045803971525090394]
[-1.1503463412027077, -0.045803971525090394], 0, -1.0, [-1.1947690569439573, -0.04442271574124954]
[-1.1947690569439573, -0.04442271574124954], 0, -1.0, [-1.2, 0.0]
[-1.2, 0.0], 2, -1.0, [-1.1967581039591646, 0.003241896040835368]
[-1.1967581039591646, 0.003241896040835368], 2, -1.0, [-1.1902636585360942, 0.006494445423070332]
[-1.1902636585360942, 0.006494445423070332], 2, -1.0, [-1.1804959639787937, 0.009767694557300442]
[-1.1804959639787937, 0.009767694557300442], 2, -1.0, [-1.1674255149588486, 0.013070449019945182]
[-1.1674255149588486, 0.013070449019945182], 2, -1.0, [-1.1510159267200155, 0.016409588238833067]
[-1.1510159267200155, 0.016409588238833067], 2, -1.0, [-1.1312266168239755, 0.019789309896040046]
[-1.1312266168239755, 0.019789309896040046], 2, -1.0, [-1.108016322100852, 0.02321029472312345]
[-1.108016322100852, 0.02321029472312345], 2, -1.0, [-1.081347524946184, 0.02666879715466819]
[-1.081347524946184, 0.02666879715466819], 2, -1.0, [-1.0511918363028878, 0.03015568864329602]
[-1.0511918363028878, 0.03015568864329602], 2, -1.0, [-1.0175363271434712, 0.0336555091594167]
[-1.0175363271434712, 0.0336555091594167], 2, -1.0, [-0.9803907090723114, 0.03714561807115983]
[-0.9803907090723114, 0.03714561807115983], 2, -1.0, [-0.9397951336374217, 0.04059557543488971]
[-0.9397951336374217, 0.04059557543488971], 2, -1.0, [-0.8958282112564235, 0.043966922380998245]
[-0.8958282112564235, 0.043966922380998245], 2, -1.0, [-0.8486146572192776, 0.04721355403714586]
[-0.8486146572192776, 0.04721355403714586], 2, -1.0, [-0.7983317816221248, 0.05028287559715283]
[-0.7983317816221248, 0.05028287559715283], 2, -1.0, [-0.7452138959379592, 0.0531178856841656]
[-0.7452138959379592, 0.0531178856841656], 2, -1.0, [-0.6895536666604415, 0.0556602292775177]
[-0.6895536666604415, 0.0556602292775177], 2, -1.0, [-0.6316995610792892, 0.057854105581152386]
[-0.6316995610792892, 0.057854105581152386], 2, -1.0, [-0.5720488365336812, 0.05965072454560789]
[-0.5720488365336812, 0.05965072454560789], 2, -1.0, [-0.5110360146660762, 0.061012821867605024]
[-0.5110360146660762, 0.061012821867605024], 2, -1.0, [-0.44911739120176025, 0.061918623464315904]
[-0.44911739120176025, 0.061918623464315904], 2, -1.0, [-0.38675274139346727, 0.06236464980829299]
[-0.38675274139346727, 0.06236464980829299], 2, -1.0, [-0.3243858485235833, 0.06236689286988392]
[-0.3243858485235833, 0.06236689286988392], 2, -1.0, [-0.2624256859117381, 0.061960162611845254]
[-0.2624256859117381, 0.061960162611845254], 2, -1.0, [-0.20122996568717166, 0.061195720224566416]
[-0.20122996568717166, 0.061195720224566416], 2, -1.0, [-0.14109236178367496, 0.06013760390349669]
[-0.14109236178367496, 0.06013760390349669], 2, -1.0, [-0.08223412731502394, 0.05885823446865101]
[-0.08223412731502394, 0.05885823446865101], 2, -1.0, [-0.024800200336085113, 0.05743392697893883]
[-0.024800200336085113, 0.05743392697893883], 2, -1.0, [0.03114064276343887, 0.05594084309952398]
[0.03114064276343887, 0.05594084309952398], 2, -1.0, [0.08559238750154527, 0.0544517447381064]
[0.08559238750154527, 0.0544517447381064], 2, -1.0, [0.13862609852276647, 0.05303371102122119]
[0.13862609852276647, 0.05303371102122119], 2, -1.0, [0.19037290492486428, 0.0517468064020978]
[0.19037290492486428, 0.0517468064020978], 1, -1.0, [0.24001646944167865, 0.04964356451681436]
[0.24001646944167865, 0.04964356451681436], 0, -1.0, [0.28678060108566533, 0.046764131643986705]
[0.28678060108566533, 0.046764131643986705], 0, -1.0, [0.3309142867371499, 0.04413368565148459]
[0.3309142867371499, 0.04413368565148459], 1, -1.0, [0.373681985645906, 0.042767698908756084]
[0.373681985645906, 0.042767698908756084], 1, -1.0, [0.41536283270010627, 0.04168084705420029]
[0.41536283270010627, 0.04168084705420029], 1, -1.0, [0.45624610001460064, 0.04088326731449436]
[0.45624610001460064, 0.04088326731449436], 1, -1.0, [0.49662765254940244, 0.04038155253480179]
[0.49662765254940244, 0.04038155253480179], 1, -1.0, [0.5368071423131233, 0.040179489763720926]
