[-0.4572832924982483, 0.0], 1, -1.0, [-0.457777384175495, -0.0004940916772467458]
[-0.457777384175495, -0.0004940916772467458], 0, -1.0, [-0.4597619343943652, -0.0019845502188701584]
[-0.4597619343943652, -0.0019845502188701584], 0, -1.0, [-0.46322233966208176, -0.0034604052677165553]
[-0.46322233966208176, -0.0034604052677165553], 0, -1.0, [-0.4681330962332808, -0.00491075657119903]
[-0.4681330962332808, -0.00491075657119903], 0, -1.0, [-0.47445792839016837, -0.006324832156887572]
[-0.47445792839016837, -0.006324832156887572], 0, -1.0, [-0.48214998335360265, -0.007692054963434304]
[-0.48214998335360265, -0.007692054963434304], 0, -1.0, [-0.4911521037753363, -0.009002120421733659]
[-0.4911521037753363, -0.009002120421733659], 0, -1.0, [-0.501397190124304, -0.010245086348967593]
[-0.501397190124304, -0.010245086348967593], 0, -1.0, [-0.5128086652784677, -0.011411475154163735]
[-0.5128086652784677, -0.011411475154163735], 0, -1.0, [-0.5253010521279067, -0.012492386849438973]
[-0.5253010521279067, -0.012492386849438973], 0, -1.0, [-0.5387806719588671, -0.013479619830960438]
[-0.5387806719588671, -0.013479619830960438], 0, -1.0, [-0.5531464669298835, -0.014365794971016355]
[-0.5531464669298835, -0.014365794971016355], 0, -1.0, [-0.5682909443191374, -0.015144477389253938]
[-0.5682909443191374, -0.015144477389253938], 0, -1.0, [-0.5841012338022102, -0.015810289483072833]
[-0.5841012338022102, -0.015810289483072833], 0, -1.0, [-0.6004602423090952, -0.016359008506885025]
[-0.6004602423090952, -0.016359008506885025], 0, -1.0, [-0.6172478845776225, -0.01678764226852727]
[-0.6172478845776225, -0.01678764226852727], 0, -1.0, [-0.6343423619508276, -0.017094477373205144]
[-0.6343423619508276, -0.017094477373205144], 0, -1.0, [-0.6516214577917673, -0.01727909584093969]
[-0.6516214577917673, -0.01727909584093969], 0, -1.0, [-0.668963815530681, -0.017342357738913683]
[-0.668963815530681, -0.017342357738913683], 0, -1.0, [-0.6862501650700725, -0.017286349539391583]
[-0.6862501650700725, -0.017286349539391583], 0, -1.0, [-0.703364465109176, -0.017114300039103518]
[-0.703364465109176, -0.017114300039103518], 0, -1.0, [-0.7201949327626289, -0.01683046765345288]
[-0.7201949327626289, -0.01683046765345288], 0, -1.0, [-0.7366349373090172, -0.01644000454638829]
[-0.7366349373090172, -0.01644000454638829], 0, -1.0, [-0.7525837415458093, -0.015948804236792177]
[-0.7525837415458093, -0.015948804236792177], 0, -1.0, [-0.7679470815032085, -0.015363339957399177]
[-0.7679470815032085, -0.015363339957399177], 0, -1.0, [-0.7826375826236344, -0.014690501120425924]
[-0.7826375826236344, -0.014690501120425924], 2, -1.0, [-0.7945750174369239, -0.011937434813289547]
[-0.7945750174369239, -0.011937434813289547], 2, -1.0, [-0.8036966937080212, -0.009121676271097327]
[-0.8036966937080212, -0.009121676271097327], 2, -1.0, [-0.8099562720842823, -0.006259578376261169]
[-0.8099562720842823, -0.006259578376261169], 2, -1.0, [-0.8133227577246047, -0.0033664856403224077]
[-0.8133227577246047, -0.0033664856403224077], 2, -1.0, [-0.8137797565547038, -0.00045699883009904215]
[-0.8137797565547038, -0.00045699883009904215], 2, -1.0, [-0.8113250580639856, 0.002454698490718232]
[-0.8113250580639856, 0.002454698490718232], 2, -1.0, [-0.8059705777494509, 0.005354480314534655]
[-0.8059705777494509, 0.005354480314534655], 2, -1.0, [-0.7977426636874108, 0.008227914062040109]
[-0.7977426636874108, 0.008227914062040109], 2, -1.0, [-0.786682743126881, 0.011059920560529783]
[-0.786682743126881, 0.011059920560529783], 2, -1.0, [-0.7728482562442723, 0.013834486882608644]
[-0.7728482562442723, 0.013834486882608644], 2, -1.0, [-0.7563137953775241, 0.016534460866748275]
[-0.7563137953775241, 0.016534460866748275], 2, -1.0, [-0.7371723399036146, 0.01914145547390947]
[-0.7371723399036146, 0.01914145547390947], 2, -1.0, [-0.7155364510523256, 0.021635888851289052]
[-0.7155364510523256, 0.021635888851289052], 2, -1.0, [-0.691539269960205, 0.023997181092120512]
[-0.691539269960205, 0.023997181092120512], 2, -1.0, [-0.6653351496264317, 0.026204120333773274]
[-0.6653351496264317, 0.026204120333773274], 2, -1.0, [-0.6370997510650459, 0.028235398561385832]
[-0.6370997510650459, 0.028235398561385832], 2, -1.0, [-0.6070294495382705, 0.030070301526775332]
[-0.6070294495382705, 0.030070301526775332], 2, -1.0, [-0.5753399307808194, 0.03168951875745115]
[-0.5753399307808194, 0.03168951875745115], 2, -1.0, [-0.5422639098184372, 0.03307602096238215]
[-0.5422639098184372, 0.03307602096238215], 2, -1.0, [-0.5080479734932493, 0.03421593632518796]
[-0.5080479734932493, 0.03421593632518796], 2, -1.0, [-0.4729486258815818, 0.03509934761166742]
[-0.4729486258815818, 0.03509934761166742], 2, -1.0, [-0.43722769425668795, 0.035720931624893884]
[-0.43722769425668795, 0.035720931624893884], 2, -1.0, [-0.40114732137889697, 0.036080372877791006]
[-0.40114732137889697, 0.036080372877791006], 2, -1.0, [-0.36496481742425063, 0.036182503954646346]
[-0.36496481742425063, 0.036182503954646346], 2, -1.0, [-0.3289276641984147, 0.03603715322583593]
[-0.3289276641984147, 0.03603715322583593], 2, -1.0, [-0.2932689522687677, 0.03565871192964695]
[-0.2932689522687677, 0.03565871192964695], 2, -1.0, [-0.25820349032732576, 0.035065461941441965]
[-0.25820349032732576, 0.035065461941441965], 2, -1.0, [-0.22392476223479427, 0.034278728092531484]
[-0.22392476223479427, 0.034278728092531484], 2, -1.0, [-0.19060283070603026, 0.033321931528764004]
[-0.19060283070603026, 0.033321931528764004], 2, -1.0, [-0.1583832083737881, 0.03221962233224215]
[-0.1583832083737881, 0.03221962233224215], 2, -1.0, [-0.12738664674741637, 0.030996561626371745]
[-0.12738664674741637, 0.030996561626371745], 2, -1.0, [-0.0977097383807515, 0.029676908366664867]
[-0.0977097383807515, 0.029676908366664867], 2, -1.0, [-0.0694261909625569, 0.028283547418194603]
[-0.0694261909625569, 0.028283547418194603], 1, -1.0, [-0.04358861432927647, 0.025837576633280422]
[-0.04358861432927647, 0.025837576633280422], 1, -1.0, [-0.020229693504851542, 0.02335892082442493]
[-0.020229693504851542, 0.02335892082442493], 1, -1.0, [0.0006338298622701709, 0.020863523367121713]
[0.0006338298622701709, 0.020863523367121713], 0, -1.0, [0.017997357748968833, 0.017363527886698663]
[0.017997357748968833, 0.017363527886698663], 0, -1.0, [0.03186452868050534, 0.01386717093153651]
[0.03186452868050534, 0.01386717093153651], 0, -1.0, [0.042243113583318094, 0.010378584902812753]
[0.042243113583318094, 0.010378584902812753], 0, -1.0, [0.04914174703963729, 0.006898633456319201]
[0.04914174703963729, 0.006898633456319201], 0, -1.0, [0.05256749907795587, 0.003425752038318574]
[0.05256749907795587, 0.003425752038318574], 0, -1.0, [0.052524274337458994, -4.322474049687185e-05]
[0.052524274337458994, -4.322474049687185e-05], 0, -1.0, [0.04901202192568374, -0.0035122524117752497]
[0.04901202192568374, -0.0035122524117752497], 0, -1.0, [0.042026745366520395, -0.006985276559163348]
[0.042026745366520395, -0.006985276559163348], 0, -1.0, [0.031561312781844125, -0.010465432584676266]
[0.031561312781844125, -0.010465432584676266], 0, -1.0, [0.017607078137802518, -0.013954234644041608]
[0.017607078137802518, -0.013954234644041608], 0, -1.0, [0.00015633028645063718, -0.01745074785135188]
[0.00015633028645063718, -0.01745074785135188], 0, -1.0, [-0.020794417289960718, -0.020950747576411355]
[-0.020794417289960718, -0.020950747576411355], 0, -1.0, [-0.04524030185613931, -0.024445884566178588]
[-0.04524030185613931, -0.024445884566178588], 0, -1.0, [-0.07316319653936838, -0.027922894683229074]
[-0.07316319653936838, -0.027922894683229074], 0, -1.0, [-0.10452611299477554, -0.03136291645540716]
[-0.10452611299477554, -0.03136291645540716], 0, -1.0, [-0.1392671191300032, -0.034741006135227646]
[-0.1392671191300032, -0.034741006135227646], 0, -1.0, [-0.17729308339560162, -0.038025964265598414]
[-0.17729308339560162, -0.038025964265598414], 0, -1.0, [-0.21847368647097967, -0.04118060307537805]
[-0.21847368647097967, -0.04118060307537805], 0, -1.0, [-0.262636267960297, -0.044162581489317336]
[-0.262636267960297, -0.044162581489317336], 0, -1.0, [-0.3095621726085723, -0.04692590464827527]
[-0.3095621726085723, -0.04692590464827527], 0, -1.0, [-0.3589852932063109, -0.049423120597738616]
[-0.3589852932063109, -0.049423120597738616], 0, -1.0, [-0.4105934412089049, -0.051608148002594015]
[-0.4105934412089049, -0.051608148002594015], 0, -1.0, [-0.4640329873695916, -0.05343954616068669]
[-0.4640329873695916, -0.05343954616068669], 0, -1.0, [-0.5189169031111702, -0.05488391574157864]
[-0.5189169031111702, -0.05488391574157864], 0, -1.0, [-0.5748359317418676, -0.05591902863069742]
[-0.5748359317418676, -0.05591902863069742], 0, -1.0, [-0.6313721931539762, -0.056536261412108595]
[-0.6313721931539762, -0.056536261412108595], 0, -1.0, [-0.6881141632602039, -0.05674197010622769]
[-0.6881141632602039, -0.05674197010622769], 0, -1.0, [-0.7446717538198904, -0.056557590559686434]
[-0.7446717538198904, -0.056557590559686434], 0, -1.0, [-0.8006902028682116, -0.05601844904832121]
[-0.8006902028682116, -0.05601844904832121], 0, -1.0, [-0.8558616750323881, -0.055171472164176505]
[-0.8558616750323881, -0.055171472164176505], 0, -1.0, [-0.9099338182584038, -0.05407214322601575]
[-0.9099338182584038, -0.05407214322601575], 0, -1.0, [-0.9627149480759173, -0.05278112981751345]
[-0.9627149480759173, -0.05278112981751345], 0, -1.0, [-1.0140759437364313, -0.05136099566051396]
[-1.0140759437364313, -0.05136099566051396], 0, -1.0, [-1.0639492709556748, -0.04987332721924351]
[-1.0639492709556748, -0.04987332721924351], 0, -1.0, [-1.1123257544868335, -0.04837648353115863]
[-1.1123257544868335, -0.04837648353115863], 0, -1.0, [-1.15924980533682, -0.04692405084998653]
[-1.15924980533682, -0.04692405084998653], 0, -1.0, [-1.2, 0.0]
[-1.2, 0.0], 2, -1.0, [-1.1967581039591646, 0.003241896040835368]
[-1.1967581039591646, 0.003241896040835368], 2, -1.0, [-1.1902636585360942, 0.006494445423070332]
[-1.1902636585360942, 0.006494445423070332], 2, -1.0, [-1.1804959639787937, 0.009767694557300442]
[-1.1804959639787937, 0.009767694557300442], 2, -1.0, [-1.1674255149588486, 0.013070449019945182]
[-1.1674255149588486, 0.013070449019945182], 2, -1.0, [-1.1510159267200155, 0.016409588238833067]
[-1.1510159267200155, 0.016409588238833067], 2, -1.0, [-1.1312266168239755, 0.019789309896040046]
[-1.1312266168239755, 0.019789309896040046], 2, -1.0, [-1.108016322100852, 0.02321029472312345]
[-1.108016322100852, 0.02321029472312345], 2, -1.0, [-1.081347524946184, 0.02666879715466819]
[-1.081347524946184, 0.02666879715466819], 2, -1.0, [-1.0511918363028878, 0.03015568864329602]
[-1.0511918363028878, 0.03015568864329602], 2, -1.0, [-1.0175363271434712, 0.0336555091594167]
[-1.0175363271434712, 0.0336555091594167], 2, -1.0, [-0.9803907090723114, 0.03714561807115983]
[-0.9803907090723114, 0.03714561807115983], 2, -1.0, [-0.9397951336374217, 0.04059557543488971]
[-0.9397951336374217, 0.04059557543488971], 2, -1.0, [-0.8958282112564235, 0.043966922380998245]
[-0.8958282112564235, 0.043966922380998245], 2, -1.0, [-0.8486146572192776, 0.04721355403714586]
[-0.8486146572192776, 0.04721355403714586], 2, -1.0, [-0.7983317816221248, 0.05028287559715283]
[-0.7983317816221248, 0.05028287559715283], 2, -1.0, [-0.7452138959379592, 0.0531178856841656]
[-0.7452138959379592, 0.0531178856841656], 2, -1.0, [-0.6895536666604415, 0.0556602292775177]
[-0.6895536666604415, 0.0556602292775177], 2, -1.0, [-0.6316995610792892, 0.057854105581152386]
[-0.6316995610792892, 0.057854105581152386], 2, -1.0, [-0.5720488365336812, 0.05965072454560789]
[-0.5720488365336812, 0.05965072454560789], 2, -1.0, [-0.5110360146660762, 0.061012821867605024]
[-0.5110360146660762, 0.061012821867605024], 2, -1.0, [-0.44911739120176025, 0.061918623464315904]
[-0.44911739120176025, 0.061918623464315904], 2, -1.0, [-0.38675274139346727, 0.06236464980829299]
[-0.38675274139346727, 0.06236464980829299], 2, -1.0, [-0.3243858485235833, 0.06236689286988392]
[-0.3243858485235833, 0.06236689286988392], 2, -1.0, [-0.2624256859117381, 0.061960162611845254]
[-0.2624256859117381, 0.061960162611845254], 2, -1.0, [-0.20122996568717166, 0.061195720224566416]
[-0.20122996568717166, 0.061195720224566416], 2, -1.0, [-0.14109236178367496, 0.06013760390349669]
[-0.14109236178367496, 0.06013760390349669], 2, -1.0, [-0.08223412731502394, 0.05885823446865101]
[-0.08223412731502394, 0.05885823446865101], 2, -1.0, [-0.024800200336085113, 0.05743392697893883]
[-0.024800200336085113, 0.05743392697893883], 2, -1.0, [0.03114064276343887, 0.05594084309952398]
[0.03114064276343887, 0.05594084309952398], 2, -1.0, [0.08559238750154527, 0.0544517447381064]
[0.08559238750154527, 0.0544517447381064], 2, -1.0, [0.13862609852276647, 0.05303371102122119]
[0.13862609852276647, 0.05303371102122119], 1, -1.0, [0.18937290492486428, 0.0507468064020978]
[0.18937290492486428, 0.0507468064020978], 1, -1.0, [0.2380124246106571, 0.048639519685792824]
[0.2380124246106571, 0.048639519685792824], 0, -1.0, [0.28376263411837144, 0.04575020950771431]
[0.28376263411837144, 0.04575020950771431], 0, -1.0, [0.32686530606859854, 0.04310267195022713]
[0.32686530606859854, 0.04310267195022713], 1, -1.0, [0.36857665917035554, 0.04171135310175697]
[0.36857665917035554, 0.04171135310175697], 1, -1.0, [0.40916680700991426, 0.04059014783955869]
[0.40916680700991426, 0.04059014783955869], 1, -1.0, [0.4489154735851735, 0.03974866657525923]
[0.4489154735851735, 0.03974866657525923], 1, -1.0, [0.4881086898714816, 0.03919321628630811]
[0.4881086898714816, 0.03919321628630811], 1, -1.0, [0.5270362331206525, 0.03892754324917092]
