[-0.4004699806397902, 0.0], 1, -1.0, [-0.4013725888241959, -0.0009026081844057065]
[-0.4013725888241959, -0.0009026081844057065], 0, -1.0, [-0.40417148894349775, -0.002798900119301844]
[-0.40417148894349775, -0.002798900119301844], 0, -1.0, [-0.4088470533435664, -0.00467556440006866]
[-0.4088470533435664, -0.00467556440006866], 0, -1.0, [-0.41536635684170087, -0.006519303498134447]
[-0.41536635684170087, -0.006519303498134447], 0, -1.0, [-0.4236832150296168, -0.008316858187915971]
[-0.4236832150296168, -0.008316858187915971], 0, -1.0, [-0.4337382686999642, -0.010055053670347374]
[-0.4337382686999642, -0.010055053670347374], 0, -1.0, [-0.4454591426082367, -0.011720873908272512]
[-0.4454591426082367, -0.011720873908272512], 0, -1.0, [-0.4587607110593741, -0.013301568451137369]
[-0.4587607110593741, -0.013301568451137369], 0, -1.0, [-0.4735455042927511, -0.014784793233376975]
[-0.4735455042927511, -0.014784793233376975], 0, -1.0, [-0.4897042879009861, -0.01615878360823496]
[-0.4897042879009861, -0.01615878360823496], 0, -1.0, [-0.5071168423271658, -0.017412554426179682]
[-0.5071168423271658, -0.017412554426179682], 0, -1.0, [-0.5256529608884533, -0.0185361185612874]
[-0.5256529608884533, -0.0185361185612874], 0, -1.0, [-0.5451736731575793, -0.019520712269126043]
[-0.5451736731575793, -0.019520712269126043], 0, -1.0, [-0.5655326866506141, -0.020359013493034796]
[-0.5655326866506141, -0.020359013493034796], 0, -1.0, [-0.5865780247161511, -0.02104533806553703]
[-0.5865780247161511, -0.02104533806553703], 0, -1.0, [-0.6081538236516312, -0.021575798935480155]
[-0.6081538236516312, -0.021575798935480155], 0, -1.0, [-0.630102238853896, -0.021948415202264884]
[-0.630102238853896, -0.021948415202264884], 0, -1.0, [-0.6522653996372694, -0.022163160783373364]
[-0.6522653996372694, -0.022163160783373364], 0, -1.0, [-0.6744873463487118, -0.02222194671144238]
[-0.6744873463487118, -0.02222194671144238], 0, -1.0, [-0.6966158822633932, -0.022128535914681398]
[-0.6966158822633932, -0.022128535914681398], 0, -1.0, [-0.7185042765989015, -0.021888394335508234]
[-0.7185042765989015, -0.021888394335508234], 0, -1.0, [-0.7400127634212362, -0.02150848682233472]
[-0.7400127634212362, -0.02150848682233472], 0, -1.0, [-0.7610097933152791, -0.020997029894042885]
[-0.7610097933152791, -0.020997029894042885], 0, -1.0, [-0.781373009192326, -0.02036321587704692]
[-0.781373009192326, -0.02036321587704692], 0, -1.0, [-0.800989933084873, -0.019616923892546996]
[-0.800989933084873, -0.019616923892546996], 0, -1.0, [-0.8197583658503036, -0.01876843276543057]
[-0.8197583658503036, -0.01876843276543057], 2, -1.0, [-0.8355865151937613, -0.01582814934345768]
[-0.8355865151937613, -0.01582814934345768], 2, -1.0, [-0.8484017378326243, -0.012815222638862988]
[-0.8484017378326243, -0.012815222638862988], 2, -1.0, [-0.8581485353972809, -0.00974679756465658]
[-0.8581485353972809, -0.00974679756465658], 2, -1.0, [-0.8647867402332495, -0.00663820483596866]
[-0.8647867402332495, -0.00663820483596866], 2, -1.0, [-0.8682900255010343, -0.0035032852677847914]
[-0.8682900255010343, -0.0035032852677847914], 2, -1.0, [-0.8686448379865901, -0.0003548124855558008]
[-0.8686448379865901, -0.0003548124855558008], 2, -1.0, [-0.8658498182311604, 0.0027950197554297133]
[-0.8658498182311604, 0.0027950197554297133], 2, -1.0, [-0.859915741170018, 0.005934077061142361]
[-0.859915741170018, 0.005934077061142361], 2, -1.0, [-0.8508659806041969, 0.009049760565821059]
[-0.8508659806041969, 0.009049760565821059], 2, -1.0, [-0.8387374711325915, 0.012128509471605542]
[-0.8387374711325915, 0.012128509471605542], 2, -1.0, [-0.8235821102025219, 0.01515536093006951]
[-0.8235821102025219, 0.01515536093006951], 2, -1.0, [-0.8054685096961522, 0.018113600506369676]
[-0.8054685096961522, 0.018113600506369676], 2, -1.0, [-0.7844839708898493, 0.020984538806302907]
[-0.7844839708898493, 0.020984538806302907], 2, -1.0, [-0.760736520010743, 0.023747450879106388]
[-0.760736520010743, 0.023747450879106388], 2, -1.0, [-0.7343568069767776, 0.026379713033965337]
[-0.7343568069767776, 0.026379713033965337], 2, -1.0, [-0.7054996420338253, 0.028857164942952273]
[-0.7054996420338253, 0.028857164942952273], 2, -1.0, [-0.6743449301550251, 0.031154711878800218]
[-0.6743449301550251, 0.031154711878800218], 2, -1.0, [-0.6410977681242029, 0.03324716203082215]
[-0.6410977681242029, 0.03324716203082215], 2, -1.0, [-0.6059875002717472, 0.0351102678524557]
[-0.6059875002717472, 0.0351102678524557], 1, -1.0, [-0.5702655893184412, 0.03572191095330601]
[-0.5702655893184412, 0.03572191095330601], 2, -1.0, [-0.5331948194864143, 0.03707076983202685]
[-0.5331948194864143, 0.03707076983202685], 2, -1.0, [-0.4950520892657947, 0.03814273022061966]
[-0.4950520892657947, 0.03814273022061966], 2, -1.0, [-0.4561231975790371, 0.03892889168675762]
[-0.4561231975790371, 0.03892889168675762], 2, -1.0, [-0.41669692365332617, 0.03942627392571092]
[-0.41669692365332617, 0.03942627392571092], 2, -1.0, [-0.3770587402797439, 0.039638183373582284]
[-0.3770587402797439, 0.039638183373582284], 2, -1.0, [-0.33748454621758694, 0.03957419406215697]
[-0.33748454621758694, 0.03957419406215697], 2, -1.0, [-0.29823480541323444, 0.03924974080435249]
[-0.29823480541323444, 0.03924974080435249], 2, -1.0, [-0.2595494381243721, 0.038685367288862356]
[-0.2595494381243721, 0.038685367288862356], 2, -1.0, [-0.22164372958792672, 0.03790570853644536]
[-0.22164372958792672, 0.03790570853644536], 2, -1.0, [-0.18470541916114916, 0.03693831042677756]
[-0.18470541916114916, 0.03693831042677756], 2, -1.0, [-0.148893023210674, 0.035812395950475154]
[-0.148893023210674, 0.035812395950475154], 2, -1.0, [-0.11433534382176785, 0.034557679388906144]
[-0.11433534382176785, 0.034557679388906144], 2, -1.0, [-0.08113203427005508, 0.03320330955171277]
[-0.08113203427005508, 0.03320330955171277], 2, -1.0, [-0.049355037499295734, 0.03177699677075935]
[-0.049355037499295734, 0.03177699677075935], 2, -1.0, [-0.019050686660675394, 0.03030435083862034]
[-0.019050686660675394, 0.03030435083862034], 2, -1.0, [0.009757746014152188, 0.02880843267482758]
[0.009757746014152188, 0.02880843267482758], 2, -1.0, [0.03706724976557255, 0.027309503751420366]
[0.03706724976557255, 0.027309503751420366], 2, -1.0, [0.06289219488135209, 0.025824945115779537]
[0.06289219488135209, 0.025824945115779537], 2, -1.0, [0.08726150671250363, 0.02436931183115154]
[0.08726150671250363, 0.02436931183115154], 2, -1.0, [0.11021599435811442, 0.022954487645610793]
[0.11021599435811442, 0.022954487645610793], 2, -1.0, [0.13180590157739466, 0.021589907219280235]
[0.13180590157739466, 0.021589907219280235], 2, -1.0, [0.15208871942756141, 0.020282817850166744]
[0.15208871942756141, 0.020282817850166744], 2, -1.0, [0.1711272775790978, 0.019038558151536388]
[0.1711272775790978, 0.019038558151536388], 2, -1.0, [0.18898811426487594, 0.017860836685778134]
[0.18898811426487594, 0.017860836685778134], 2, -1.0, [0.20574011287211116, 0.01675199860723522]
[0.20574011287211116, 0.01675199860723522], 2, -1.0, [0.2214533855009464, 0.01571327262883522]
[0.2214533855009464, 0.01571327262883522], 2, -1.0, [0.23619837951654865, 0.014744994015602256]
[0.23619837951654865, 0.014744994015602256], 2, -1.0, [0.2500451813734976, 0.01384680185694895]
[0.2500451813734976, 0.01384680185694895], 2, -1.0, [0.2630629920553803, 0.01301781068188267]
[0.2630629920553803, 0.01301781068188267], 2, -1.0, [0.27531974974340556, 0.012256757688025283]
[0.27531974974340556, 0.012256757688025283], 2, -1.0, [0.2868818773335632, 0.011562127590157614]
[0.2868818773335632, 0.011562127590157614], 2, -1.0, [0.297814134811704, 0.010932257478140812]
[0.297814134811704, 0.010932257478140812], 2, -1.0, [0.3081795590215509, 0.01036542420984695]
[0.3081795590215509, 0.01036542420984695], 2, -1.0, [0.31803947585539066, 0.009859916833839749]
[0.31803947585539066, 0.009859916833839749], 2, -1.0, [0.3274535722567048, 0.00941409640131413]
[0.3274535722567048, 0.00941409640131413], 2, -1.0, [0.3364800175895711, 0.00902644533286628]
[0.3364800175895711, 0.00902644533286628], 2, -1.0, [0.3451756258746466, 0.008695608285075549]
[0.3451756258746466, 0.008695608285075549], 2, -1.0, [0.35359605211075495, 0.00842042623610832]
[0.35359605211075495, 0.00842042623610832], 2, -1.0, [0.36179601740288075, 0.008199965292125822]
[0.36179601740288075, 0.008199965292125822], 2, -1.0, [0.36982955891780217, 0.008033541514921437]
[0.36982955891780217, 0.008033541514921437], 2, -1.0, [0.37775030180734115, 0.007920742889538986]
[0.37775030180734115, 0.007920742889538986], 2, -1.0, [0.38561175119671026, 0.007861449389369113]
[0.38561175119671026, 0.007861449389369113], 2, -1.0, [0.3934676031508413, 0.007855851954131042]
[0.3934676031508413, 0.007855851954131042], 2, -1.0, [0.401372074221393, 0.007904471070551717]
[0.401372074221393, 0.007904471070551717], 2, -1.0, [0.40938024975409687, 0.008008175532703906]
[0.40938024975409687, 0.008008175532703906], 2, -1.0, [0.41754845160825915, 0.008168201854162265]
[0.41754845160825915, 0.008168201854162265], 2, -1.0, [0.42593462630995926, 0.008386174701700106]
[0.42593462630995926, 0.008386174701700106], 2, -1.0, [0.4345987549232816, 0.008664128613322341]
[0.4345987549232816, 0.008664128613322341], 2, -1.0, [0.44360328606692034, 0.009004531143638746]
[0.44360328606692034, 0.009004531143638746], 2, -1.0, [0.4530135935034666, 0.009410307436546236]
[0.4530135935034666, 0.009410307436546236], 2, -1.0, [0.4628984595493329, 0.009884866045866306]
[0.4628984595493329, 0.009884866045866306], 2, -1.0, [0.47333058514176973, 0.010432125592436826]
[0.47333058514176973, 0.010432125592436826], 2, -1.0, [0.48438712668190687, 0.01105654154013712]
[0.48438712668190687, 0.01105654154013712], 2, -1.0, [0.4961502586485874, 0.011763131966680553]
[0.4961502586485874, 0.011763131966680553], 2, -1.0, [0.5087077593125571, 0.0125575006639696]
