[-0.5153883316134438, 0.0], 0, -1.0, [-0.5164499037168978, -0.001061572103454039]
[-0.5164499037168978, -0.001061572103454039], 0, -1.0, [-0.5185650882493369, -0.00211518453243911]
[-0.5185650882493369, -0.00211518453243911], 0, -1.0, [-0.5217180240020439, -0.003152935752707051]
[-0.5217180240020439, -0.003152935752707051], 0, -1.0, [-0.5258850653168807, -0.004167041314836832]
[-0.5258850653168807, -0.004167041314836832], 0, -1.0, [-0.5310349595932734, -0.005149894276392664]
[-0.5310349595932734, -0.005149894276392664], 0, -1.0, [-0.5371290871155596, -0.0060941275222862225]
[-0.5371290871155596, -0.0060941275222862225], 0, -1.0, [-0.5441217651652528, -0.00699267804969315]
[-0.5441217651652528, -0.00699267804969315], 0, -1.0, [-0.5519606180213568, -0.007838852856103985]
[-0.5519606180213568, -0.007838852856103985], 0, -1.0, [-0.5605870136250115, -0.008626395603654746]
[-0.5605870136250115, -0.008626395603654746], 0, -1.0, [-0.569936566396048, -0.009349552771036452]
[-0.569936566396048, -0.009349552771036452], 0, -1.0, [-0.5799397039859688, -0.010003137589920889]
[-0.5799397039859688, -0.010003137589920889], 0, -1.0, [-0.5905222937249329, -0.010582589738964107]
[-0.5905222937249329, -0.010582589738964107], 0, -1.0, [-0.6016063222980618, -0.011084028573128802]
[-0.6016063222980618, -0.011084028573128802], 0, -1.0, [-0.6131106199263554, -0.01150429762829359]
[-0.6131106199263554, -0.01150429762829359], 0, -1.0, [-0.6249516182034485, -0.011840998277093014]
[-0.6249516182034485, -0.011840998277093014], 0, -1.0, [-0.6370441289258356, -0.012092510722387111]
[-0.6370441289258356, -0.012092510722387111], 0, -1.0, [-0.6493021299096728, -0.012258000983837228]
[-0.6493021299096728, -0.012258000983837228], 0, -1.0, [-0.6616395430388033, -0.012337413129130531]
[-0.6616395430388033, -0.012337413129130531], 0, -1.0, [-0.6739709897186354, -0.012331446679832062]
[-0.6739709897186354, -0.012331446679832062], 0, -1.0, [-0.6862125095482087, -0.012241519829573267]
[-0.6862125095482087, -0.012241519829573267], 0, -1.0, [-0.6982822293416486, -0.012069719793439938]
[-0.6982822293416486, -0.012069719793439938], 0, -1.0, [-0.710100971551005, -0.011818742209356456]
[-0.710100971551005, -0.011818742209356456], 1, -1.0, [-0.7205927935420647, -0.010491821991059731]
[-0.7205927935420647, -0.010491821991059731], 1, -1.0, [-0.7296916735756905, -0.009098880033625795]
[-0.7296916735756905, -0.009098880033625795], 2, -1.0, [-0.7363414701929902, -0.006649796617299716]
[-0.7363414701929902, -0.006649796617299716], 2, -1.0, [-0.7405018336649829, -0.004160363471992657]
[-0.7405018336649829, -0.004160363471992657], 2, -1.0, [-0.7421478200979827, -0.001645986432999843]
[-0.7421478200979827, -0.001645986432999843], 2, -1.0, [-0.741269625721928, 0.0008781943760547452]
[-0.741269625721928, 0.0008781943760547452], 2, -1.0, [-0.7378724765996714, 0.003397149122256594]
[-0.7378724765996714, 0.003397149122256594], 2, -1.0, [-0.7319766878356941, 0.005895788763977183]
[-0.7319766878356941, 0.005895788763977183], 2, -1.0, [-0.7236178847635943, 0.008358803072099843]
[-0.7236178847635943, 0.008358803072099843], 2, -1.0, [-0.7128473572242664, 0.010770527539327958]
[-0.7128473572242664, 0.010770527539327958], 2, -1.0, [-0.6997324976358349, 0.01311485958843149]
[-0.6997324976358349, 0.01311485958843149], 2, -1.0, [-0.6843572550212277, 0.015375242614607192]
[-0.6843572550212277, 0.015375242614607192], 2, -1.0, [-0.6668225217052869, 0.01753473331594083]
[-0.6668225217052869, 0.01753473331594083], 2, -1.0, [-0.6472463585223461, 0.019576163182940736]
[-0.6472463585223461, 0.019576163182940736], 2, -1.0, [-0.6257639597854112, 0.02148239873693488]
[-0.6257639597854112, 0.02148239873693488], 2, -1.0, [-0.6025272626307236, 0.023236697154687607]
[-0.6025272626307236, 0.023236697154687607], 2, -1.0, [-0.5777041179760956, 0.024823144654628117]
[-0.5777041179760956, 0.024823144654628117], 2, -1.0, [-0.5514769627653286, 0.0262271552107669]
[-0.5514769627653286, 0.0262271552107669], 2, -1.0, [-0.5240409648164089, 0.02743599794891975]
[-0.5240409648164089, 0.02743599794891975], 2, -1.0, [-0.4956016504493261, 0.028439314367082878]
[-0.4956016504493261, 0.028439314367082878], 2, -1.0, [-0.46637206772398937, 0.02922958272533669]
[-0.46637206772398937, 0.02922958272533669], 1, -1.0, [-0.4375695800330327, 0.028802487690956655]
[-0.4375695800330327, 0.028802487690956655], 0, -1.0, [-0.41040517220671124, 0.027164407826321436]
[-0.41040517220671124, 0.027164407826321436], 0, -1.0, [-0.38507349405461155, 0.025331678152099663]
[-0.38507349405461155, 0.025331678152099663], 0, -1.0, [-0.3617511079733323, 0.023322386081279248]
[-0.3617511079733323, 0.023322386081279248], 0, -1.0, [-0.3405954435713894, 0.02115566440194294]
[-0.3405954435713894, 0.02115566440194294], 0, -1.0, [-0.32174438659521026, 0.01885105697617911]
[-0.32174438659521026, 0.01885105697617911], 0, -1.0, [-0.30531639259924964, 0.01642799399596062]
[-0.30531639259924964, 0.01642799399596062], 1, -1.0, [-0.2904109936483959, 0.014905398950853766]
[-0.2904109936483959, 0.014905398950853766], 0, -1.0, [-0.2781153038333357, 0.012295689815060186]
[-0.2781153038333357, 0.012295689815060186], 0, -1.0, [-0.2684987700497083, 0.009616533783627406]
[-0.2684987700497083, 0.009616533783627406], 0, -1.0, [-0.2616141197513502, 0.006884650298358085]
[-0.2616141197513502, 0.006884650298358085], 0, -1.0, [-0.2574982186650572, 0.004115901086293009]
[-0.2574982186650572, 0.004115901086293009], 0, -1.0, [-0.2561727471277068, 0.001325471537350353]
[-0.2561727471277068, 0.001325471537350353], 0, -1.0, [-0.25764462905409785, -0.0014718819263910329]
[-0.25764462905409785, -0.0014718819263910329], 0, -1.0, [-0.2619061739818032, -0.004261544927705343]
[-0.2619061739818032, -0.004261544927705343], 0, -1.0, [-0.2689349194525178, -0.007028745470714606]
[-0.2689349194525178, -0.007028745470714606], 0, -1.0, [-0.27869318787777353, -0.009758268425255758]
[-0.27869318787777353, -0.009758268425255758], 0, -1.0, [-0.29112739884039224, -0.012434210962618712]
[-0.29112739884039224, -0.012434210962618712], 0, -1.0, [-0.3061672041863439, -0.01503980534595168]
[-0.3061672041863439, -0.01503980534595168], 0, -1.0, [-0.32372453852127037, -0.01755733433492643]
[-0.32372453852127037, -0.01755733433492643], 0, -1.0, [-0.34369270046458883, -0.019968161943318442]
[-0.34369270046458883, -0.019968161943318442], 0, -1.0, [-0.36594559813472294, -0.022252897670134105]
[-0.36594559813472294, -0.022252897670134105], 0, -1.0, [-0.39033730311330367, -0.024391704978580755]
[-0.39033730311330367, -0.024391704978580755], 0, -1.0, [-0.4167020575133537, -0.026364754400050046]
[-0.4167020575133537, -0.026364754400050046], 0, -1.0, [-0.4448548659246805, -0.02815280841132677]
[-0.4448548659246805, -0.02815280841132677], 0, -1.0, [-0.47459277604280065, -0.02973791011812015]
[-0.47459277604280065, -0.02973791011812015], 0, -1.0, [-0.5056969085502815, -0.03110413250748084]
[-0.5056969085502815, -0.03110413250748084], 0, -1.0, [-0.537935240527174, -0.03223833197689253]
[-0.537935240527174, -0.03223833197689253], 0, -1.0, [-0.5710660821636692, -0.033130841636495184]
[-0.5710660821636692, -0.033130841636495184], 0, -1.0, [-0.6048421209773271, -0.03377603881365803]
[-0.6048421209773271, -0.03377603881365803], 0, -1.0, [-0.6390148495655438, -0.03417272858821659]
[-0.6390148495655438, -0.03417272858821659], 0, -1.0, [-0.6733391504425881, -0.03432430087704431]
[-0.6733391504425881, -0.03432430087704431], 0, -1.0, [-0.7075777911544089, -0.03423864071182079]
[-0.7075777911544089, -0.03423864071182079], 0, -1.0, [-0.7415055877985222, -0.033927796644113294]
[-0.7415055877985222, -0.033927796644113294], 0, -1.0, [-0.7749130244680835, -0.03340743666956131]
[-0.7749130244680835, -0.03340743666956131], 0, -1.0, [-0.8076091653420449, -0.03269614087396134]
[-0.8076091653420449, -0.03269614087396134], 0, -1.0, [-0.8394237577362095, -0.031814592394164586]
[-0.8394237577362095, -0.031814592394164586], 0, -1.0, [-0.8702084897997384, -0.03078473206352895]
[-0.8702084897997384, -0.03078473206352895], 0, -1.0, [-0.8998374275553144, -0.029628937755575933]
[-0.8998374275553144, -0.029628937755575933], 0, -1.0, [-0.928206706326079, -0.028369278770764672]
[-0.928206706326079, -0.028369278770764672], 0, -1.0, [-0.9552335875190999, -0.0270268811930209]
[-0.9552335875190999, -0.0270268811930209], 0, -1.0, [-0.9808550121506399, -0.0256214246315399]
[-0.9808550121506399, -0.0256214246315399], 2, -1.0, [-1.0030257885393725, -0.02217077638873259]
[-1.0030257885393725, -0.02217077638873259], 2, -1.0, [-1.021718483202564, -0.018692694663191605]
[-1.021718483202564, -0.018692694663191605], 2, -1.0, [-1.036918477618252, -0.01519999441568793]
[-1.036918477618252, -0.01519999441568793], 2, -1.0, [-1.0486196606074758, -0.011701182989223844]
[-1.0486196606074758, -0.011701182989223844], 2, -1.0, [-1.056820866348611, -0.00820120574113507]
[-1.056820866348611, -0.00820120574113507], 2, -1.0, [-1.061523113859574, -0.00470224751096303]
[-1.061523113859574, -0.00470224751096303], 2, -1.0, [-1.0627276697598436, -0.0012045559002695759]
[-1.0627276697598436, -0.0012045559002695759], 2, -1.0, [-1.0604349384958933, 0.002292731263950192]
[-1.0604349384958933, 0.002292731263950192], 2, -1.0, [-1.0546441782926366, 0.005790760203256757]
[-1.0546441782926366, 0.005790760203256757], 2, -1.0, [-1.0453540419013052, 0.009290136391331279]
[-1.0453540419013052, 0.009290136391331279], 2, -1.0, [-1.0325639437432999, 0.012790098158005362]
[-1.0325639437432999, 0.012790098158005362], 2, -1.0, [-1.0162762543011559, 0.01628768944214407]
[-1.0162762543011559, 0.01628768944214407], 2, -1.0, [-0.9964993135721155, 0.019776940729040376]
[-0.9964993135721155, 0.019776940729040376], 2, -1.0, [-0.9732512331457999, 0.023248080426315685]
[-0.9732512331457999, 0.023248080426315685], 2, -1.0, [-0.9465644165065743, 0.02668681663922559]
[-0.9465644165065743, 0.02668681663922559], 2, -1.0, [-0.91649066623265, 0.030073750273924286]
[-0.91649066623265, 0.030073750273924286], 2, -1.0, [-0.8831066641279754, 0.033384002104674515]
[-0.8831066641279754, 0.033384002104674515], 2, -1.0, [-0.846519509504017, 0.03658715462395843]
[-0.846519509504017, 0.03658715462395843], 2, -1.0, [-0.8068718914930432, 0.03964761801097382]
[-0.8068718914930432, 0.03964761801097382], 2, -1.0, [-0.764346370568574, 0.04252552092446921]
[-0.764346370568574, 0.04252552092446921], 2, -1.0, [-0.7191681767672958, 0.04517819380127819]
[-0.7191681767672958, 0.04517819380127819], 2, -1.0, [-0.6716059261512699, 0.047562250616025974]
[-0.6716059261512699, 0.047562250616025974], 2, -1.0, [-0.6219697394697973, 0.04963618668147264]
[-0.6219697394697973, 0.04963618668147264], 2, -1.0, [-0.5706064331303012, 0.051363306339496]
[-0.5706064331303012, 0.051363306339496], 2, -1.0, [-0.5178917367776008, 0.052714696352700444]
[-0.5178917367776008, 0.052714696352700444], 2, -1.0, [-0.46421984112493714, 0.05367189565266368]
[-0.46421984112493714, 0.05367189565266368], 2, -1.0, [-0.409990935896104, 0.05422890522883312]
[-0.409990935896104, 0.05422890522883312], 2, -1.0, [-0.3555976890558964, 0.05439324684020764]
[-0.3555976890558964, 0.05439324684020764], 2, -1.0, [-0.30141177941170694, 0.05418590964418948]
[-0.30141177941170694, 0.05418590964418948], 2, -1.0, [-0.24777158663886498, 0.05364019277284195]
[-0.24777158663886498, 0.05364019277284195], 2, -1.0, [-0.19497196737420755, 0.052799619264657434]
[-0.19497196737420755, 0.052799619264657434], 2, -1.0, [-0.14325674441388694, 0.051715222960320606]
[-0.14325674441388694, 0.051715222960320606], 2, -1.0, [-0.09281417522540023, 0.05044256918848672]
[-0.09281417522540023, 0.05044256918848672], 2, -1.0, [-0.043775317760251405, 0.04903885746514882]
[-0.043775317760251405, 0.04903885746514882], 2, -1.0, [0.0037850668716717523, 0.04756038463192316]
[0.0037850668716717523, 0.04756038463192316], 2, -1.0, [0.049845612677589336, 0.046060545805917584]
[0.049845612677589336, 0.046060545805917584], 2, -1.0, [0.0944340580186622, 0.04458844534107286]
[0.0944340580186622, 0.04458844534107286], 2, -1.0, [0.13762215929554253, 0.04318810127688034]
[0.13762215929554253, 0.04318810127688034], 2, -1.0, [0.17952032444315139, 0.04189816514760885]
[0.17952032444315139, 0.04189816514760885], 2, -1.0, [0.22027237046965448, 0.040752046026503105]
[0.22027237046965448, 0.040752046026503105], 2, -1.0, [0.2600506890385304, 0.039778318568875905]
[0.2600506890385304, 0.039778318568875905], 2, -1.0, [0.29905199114710573, 0.03900130210857533]
[0.29905199114710573, 0.03900130210857533], 2, -1.0, [0.3374937051210258, 0.03844171397392004]
[0.3374937051210258, 0.03844171397392004], 2, -1.0, [0.37561102409749164, 0.038117318976465885]
[0.37561102409749164, 0.038117318976465885], 2, -1.0, [0.413654538394987, 0.038043514297495355]
[0.413654538394987, 0.038043514297495355], 2, -1.0, [0.4518883407875804, 0.038233802392593386]
[0.4518883407875804, 0.038233802392593386], 2, -1.0, [0.49058845391069394, 0.03870011312311354]
[0.49058845391069394, 0.03870011312311354], 1, -1.0, [0.5290413940934932, 0.03845294018279926]
