[-0.47160854972942673, 0.0], 0, -1.0, [-0.472996897397124, -0.001388347667697307]
[-0.472996897397124, -0.001388347667697307], 0, -1.0, [-0.4757633031827439, -0.0027664057856198582]
[-0.4757633031827439, -0.0027664057856198582], 0, -1.0, [-0.4798872448687103, -0.00412394168596639]
[-0.4798872448687103, -0.00412394168596639], 0, -1.0, [-0.4853380842479733, -0.005450839379262986]
[-0.4853380842479733, -0.005450839379262986], 0, -1.0, [-0.49207524912516004, -0.006737164877186717]
[-0.49207524912516004, -0.006737164877186717], 0, -1.0, [-0.5000484881914083, -0.007973239066248305]
[-0.5000484881914083, -0.007973239066248305], 0, -1.0, [-0.5091982075094974, -0.009149719318089052]
[-0.5091982075094974, -0.009149719318089052], 0, -1.0, [-0.5194558974950917, -0.010257689985594239]
[-0.5194558974950917, -0.010257689985594239], 0, -1.0, [-0.5307446582665233, -0.011288760771431572]
[-0.5307446582665233, -0.011288760771431572], 0, -1.0, [-0.5429798290229151, -0.012235170756391765]
[-0.5429798290229151, -0.012235170756391765], 0, -1.0, [-0.5560697237649224, -0.013089894742007285]
[-0.5560697237649224, -0.013089894742007285], 0, -1.0, [-0.569916471369658, -0.013846747604735534]
[-0.569916471369658, -0.013846747604735534], 0, -1.0, [-0.5844169530527087, -0.01450048168305073]
[-0.5844169530527087, -0.01450048168305073], 0, -1.0, [-0.5994638249660513, -0.015046871913342651]
[-0.5994638249660513, -0.015046871913342651], 0, -1.0, [-0.6149466085216865, -0.015482783555635163]
[-0.6149466085216865, -0.015482783555635163], 0, -1.0, [-0.6307528264473393, -0.01580621792565286]
[-0.6307528264473393, -0.01580621792565286], 0, -1.0, [-0.6467691589958631, -0.016016332548523755]
[-0.6467691589958631, -0.016016332548523755], 0, -1.0, [-0.6628825924925581, -0.016113433496695]
[-0.6628825924925581, -0.016113433496695], 0, -1.0, [-0.6789815317472905, -0.016098939254732367]
[-0.6789815317472905, -0.016098939254732367], 0, -1.0, [-0.6949568488702883, -0.015975317122997806]
[-0.6949568488702883, -0.015975317122997806], 0, -1.0, [-0.71070284364747, -0.015745994777181704]
[-0.71070284364747, -0.015745994777181704], 0, -1.0, [-0.7261180946447687, -0.015415250997298718]
[-0.7261180946447687, -0.015415250997298718], 0, -1.0, [-0.7411061852962373, -0.014988090651468562]
[-0.7411061852962373, -0.014988090651468562], 0, -1.0, [-0.7555762949868632, -0.01447010969062595]
[-0.7555762949868632, -0.01447010969062595], 2, -1.0, [-0.7674436511381934, -0.011867356151330123]
[-0.7674436511381934, -0.011867356151330123], 2, -1.0, [-0.7766409762551139, -0.009197325116920516]
[-0.7766409762551139, -0.009197325116920516], 2, -1.0, [-0.783117581091823, -0.006476604836709075]
[-0.783117581091823, -0.006476604836709075], 2, -1.0, [-0.7868385548692919, -0.0037209737774689723]
[-0.7868385548692919, -0.0037209737774689723], 2, -1.0, [-0.7877841393925686, -0.000945584523276788]
[-0.7877841393925686, -0.000945584523276788], 2, -1.0, [-0.7859493488087885, 0.0018347905837801026]
[-0.7859493488087885, 0.0018347905837801026], 2, -1.0, [-0.781343870588065, 0.004605478220723493]
[-0.781343870588065, 0.004605478220723493], 2, -1.0, [-0.7739922567750175, 0.007351613813047534]
[-0.7739922567750175, 0.007351613813047534], 2, -1.0, [-0.7639343879562189, 0.010057868818798608]
[-0.7639343879562189, 0.010057868818798608], 2, -1.0, [-0.7512261659286504, 0.012708222027568527]
[-0.7512261659286504, 0.012708222027568527], 2, -1.0, [-0.7359403651341131, 0.01528580079453733]
[-0.7359403651341131, 0.01528580079453733], 2, -1.0, [-0.7181675483865286, 0.01777281674758443]
[-0.7181675483865286, 0.01777281674758443], 2, -1.0, [-0.6980169307326125, 0.020150617653916146]
[-0.6980169307326125, 0.020150617653916146], 2, -1.0, [-0.675617058606215, 0.022399872126397526]
[-0.675617058606215, 0.022399872126397526], 2, -1.0, [-0.6511161624825612, 0.02450089612365383]
[-0.6511161624825612, 0.02450089612365383], 2, -1.0, [-0.6246820429584485, 0.02643411952411271]
[-0.6246820429584485, 0.02643411952411271], 2, -1.0, [-0.5965013651963814, 0.028180677762067157]
[-0.5965013651963814, 0.028180677762067157], 2, -1.0, [-0.5667782665440952, 0.029723098652286173]
[-0.5667782665440952, 0.029723098652286173], 2, -1.0, [-0.5357322266516039, 0.031046039892491353]
[-0.5357322266516039, 0.031046039892491353], 2, -1.0, [-0.5035952059706931, 0.03213702068091086]
[-0.5035952059706931, 0.03213702068091086], 2, -1.0, [-0.47060812203000374, 0.03298708394068932]
[-0.47060812203000374, 0.03298708394068932], 2, -1.0, [-0.43701679612472344, 0.033591325905280314]
[-0.43701679612472344, 0.033591325905280314], 2, -1.0, [-0.4030675577720277, 0.03394923835269573]
[-0.4030675577720277, 0.03394923835269573], 2, -1.0, [-0.3690027326206613, 0.034064825151366364]
[-0.3690027326206613, 0.034064825151366364], 2, -1.0, [-0.3350562556591259, 0.03394647696153538]
[-0.3350562556591259, 0.03394647696153538], 0, -1.0, [-0.303449643048622, 0.03160661261050389]
[-0.303449643048622, 0.03160661261050389], 0, -1.0, [-0.2743767060162846, 0.029072937032337376]
[-0.2743767060162846, 0.029072937032337376], 0, -1.0, [-0.24800359222442453, 0.026373113791860085]
[-0.24800359222442453, 0.026373113791860085], 0, -1.0, [-0.22446987395290674, 0.023533718271517783]
[-0.22446987395290674, 0.023533718271517783], 0, -1.0, [-0.20389040514745072, 0.020579468805456025]
[-0.20389040514745072, 0.020579468805456025], 0, -1.0, [-0.1863576600638026, 0.01753274508364811]
[-0.1863576600638026, 0.01753274508364811], 0, -1.0, [-0.17194428289770308, 0.014413377166099521]
[-0.17194428289770308, 0.014413377166099521], 0, -1.0, [-0.16070561126537003, 0.011238671632333067]
[-0.16070561126537003, 0.011238671632333067], 0, -1.0, [-0.15268197819913526, 0.008023633066234766]
[-0.15268197819913526, 0.008023633066234766], 0, -1.0, [-0.14790064085759963, 0.004781337341535618]
[-0.14790064085759963, 0.004781337341535618], 0, -1.0, [-0.14637722519717739, 0.0015234156604222375]
[-0.14637722519717739, 0.0015234156604222375], 0, -1.0, [-0.14811661247605998, -0.0017393872788825922]
[-0.14811661247605998, -0.0017393872788825922], 0, -1.0, [-0.15311322561046017, -0.0049966131344002]
[-0.15311322561046017, -0.0049966131344002], 0, -1.0, [-0.16135070237329419, -0.008237476762834005]
[-0.16135070237329419, -0.008237476762834005], 0, -1.0, [-0.17280097030409403, -0.011450267930799828]
[-0.17280097030409403, -0.011450267930799828], 0, -1.0, [-0.18742276732093432, -0.014621797016840302]
[-0.18742276732093432, -0.014621797016840302], 0, -1.0, [-0.20515968444204052, -0.017736917121106192]
[-0.20515968444204052, -0.017736917121106192], 0, -1.0, [-0.22593784396137356, -0.02077815951933304]
[-0.22593784396137356, -0.02077815951933304], 0, -1.0, [-0.24966336771797165, -0.02372552375659809]
[-0.24966336771797165, -0.02372552375659809], 0, -1.0, [-0.27621983367574243, -0.02655646595777078]
[-0.27621983367574243, -0.02655646595777078], 0, -1.0, [-0.3054659605076764, -0.029246126831933967]
[-0.3054659605076764, -0.029246126831933967], 0, -1.0, [-0.33723379251813473, -0.031767832010458366]
[-0.33723379251813473, -0.031767832010458366], 0, -1.0, [-0.37132767245757325, -0.03409387993943855]
[-0.37132767245757325, -0.03409387993943855], 0, -1.0, [-0.4075242784360202, -0.03619660597844692]
[-0.4075242784360202, -0.03619660597844692], 0, -1.0, [-0.4455739555735227, -0.0380496771375025]
[-0.4455739555735227, -0.0380496771375025], 0, -1.0, [-0.4852034896736759, -0.03962953410015319]
[-0.4852034896736759, -0.03962953410015319], 0, -1.0, [-0.5261203520652139, -0.04091686239153802]
[-0.5261203520652139, -0.04091686239153802], 0, -1.0, [-0.5680183028136214, -0.041897950748407575]
[-0.5680183028136214, -0.041897950748407575], 0, -1.0, [-0.6105840922269309, -0.04256578941330947]
[-0.6105840922269309, -0.04256578941330947], 0, -1.0, [-0.6535048710035516, -0.04292077877662067]
[-0.6535048710035516, -0.04292077877662067], 0, -1.0, [-0.69647583017915, -0.042970959175598435]
[-0.69647583017915, -0.042970959175598435], 0, -1.0, [-0.73920755992887, -0.04273172974971991]
[-0.73920755992887, -0.04273172974971991], 0, -1.0, [-0.7814326474953781, -0.042225087566508154]
[-0.7814326474953781, -0.042225087566508154], 0, -1.0, [-0.8229111230294004, -0.04147847553402234]
[-0.8229111230294004, -0.04147847553402234], 0, -1.0, [-0.863434491341863, -0.04052336831246267]
[-0.863434491341863, -0.04052336831246267], 0, -1.0, [-0.9028282347140476, -0.03939374337218464]
[-0.9028282347140476, -0.03939374337218464], 0, -1.0, [-0.9409528137152947, -0.03812457900124711]
[-0.9409528137152947, -0.03812457900124711], 0, -1.0, [-0.9777033106366091, -0.03675049692131435]
[-0.9777033106366091, -0.03675049692131435], 0, -1.0, [-1.0130079423566465, -0.03530463172003742]
[-1.0130079423566465, -0.03530463172003742], 0, -1.0, [-1.0468257130069785, -0.033817770650331876]
[-1.0468257130069785, -0.033817770650331876], 0, -1.0, [-1.0791434852127761, -0.03231777220579766]
[-1.0791434852127761, -0.03231777220579766], 0, -1.0, [-1.109972729738922, -0.030829244526145844]
[-1.109972729738922, -0.030829244526145844], 0, -1.0, [-1.1393461765256325, -0.02937344678671071]
[-1.1393461765256325, -0.02937344678671071], 0, -1.0, [-1.1673145443909254, -0.02796836786529283]
[-1.1673145443909254, -0.02796836786529283], 0, -1.0, [-1.1939434794437882, -0.026628935052862887]
[-1.1939434794437882, -0.026628935052862887], 0, -1.0, [-1.2, 0.0]
[-1.2, 0.0], 2, -1.0, [-1.1967581039591646, 0.003241896040835368]
[-1.1967581039591646, 0.003241896040835368], 2, -1.0, [-1.1902636585360942, 0.006494445423070332]
[-1.1902636585360942, 0.006494445423070332], 2, -1.0, [-1.1804959639787937, 0.009767694557300442]
[-1.1804959639787937, 0.009767694557300442], 2, -1.0, [-1.1674255149588486, 0.013070449019945182]
[-1.1674255149588486, 0.013070449019945182], 2, -1.0, [-1.1510159267200155, 0.016409588238833067]
[-1.1510159267200155, 0.016409588238833067], 2, -1.0, [-1.1312266168239755, 0.019789309896040046]
[-1.1312266168239755, 0.019789309896040046], 2, -1.0, [-1.108016322100852, 0.02321029472312345]
[-1.108016322100852, 0.02321029472312345], 2, -1.0, [-1.081347524946184, 0.02666879715466819]
[-1.081347524946184, 0.02666879715466819], 2, -1.0, [-1.0511918363028878, 0.03015568864329602]
[-1.0511918363028878, 0.03015568864329602], 2, -1.0, [-1.0175363271434712, 0.0336555091594167]
[-1.0175363271434712, 0.0336555091594167], 2, -1.0, [-0.9803907090723114, 0.03714561807115983]
[-0.9803907090723114, 0.03714561807115983], 2, -1.0, [-0.9397951336374217, 0.04059557543488971]
[-0.9397951336374217, 0.04059557543488971], 2, -1.0, [-0.8958282112564235, 0.043966922380998245]
[-0.8958282112564235, 0.043966922380998245], 2, -1.0, [-0.8486146572192776, 0.04721355403714586]
[-0.8486146572192776, 0.04721355403714586], 2, -1.0, [-0.7983317816221248, 0.05028287559715283]
[-0.7983317816221248, 0.05028287559715283], 2, -1.0, [-0.7452138959379592, 0.0531178856841656]
[-0.7452138959379592, 0.0531178856841656], 2, -1.0, [-0.6895536666604415, 0.0556602292775177]
[-0.6895536666604415, 0.0556602292775177], 2, -1.0, [-0.6316995610792892, 0.057854105581152386]
[-0.6316995610792892, 0.057854105581152386], 2, -1.0, [-0.5720488365336812, 0.05965072454560789]
[-0.5720488365336812, 0.05965072454560789], 2, -1.0, [-0.5110360146660762, 0.061012821867605024]
[-0.5110360146660762, 0.061012821867605024], 2, -1.0, [-0.44911739120176025, 0.061918623464315904]
[-0.44911739120176025, 0.061918623464315904], 1, -1.0, [-0.38775274139346727, 0.061364649808292995]
[-0.38775274139346727, 0.061364649808292995], 2, -1.0, [-0.3263789672475157, 0.06137377414595155]
[-0.3263789672475157, 0.06137377414595155], 2, -1.0, [-0.26539954095165597, 0.06097942629585973]
[-0.26539954095165597, 0.06097942629585973], 2, -1.0, [-0.20516868618070963, 0.060230854770946335]
[-0.20516868618070963, 0.060230854770946335], 2, -1.0, [-0.14597903482861013, 0.059189651352099505]
[-0.14597903482861013, 0.059189651352099505], 2, -1.0, [-0.08805345449177748, 0.057925580336832656]
[-0.08805345449177748, 0.057925580336832656], 2, -1.0, [-0.03154115432807773, 0.05651230016369975]
[-0.03154115432807773, 0.05651230016369975], 2, -1.0, [0.023482329487074037, 0.05502348381515177]
[0.023482329487074037, 0.05502348381515177], 2, -1.0, [0.077012014209841, 0.05352968472276695]
[0.077012014209841, 0.05352968472276695], 1, -1.0, [0.12810812473746896, 0.05109611052762796]
[0.12810812473746896, 0.05109611052762796], 1, -1.0, [0.17688660536868817, 0.048778480631219194]
[0.17688660536868817, 0.048778480631219194], 1, -1.0, [0.2235089026906983, 0.046622297322010155]
[0.2235089026906983, 0.046622297322010155], 1, -1.0, [0.2681724638156097, 0.04466356112491142]
[0.2681724638156097, 0.04466356112491142], 1, -1.0, [0.3111023773572076, 0.04292991354159787]
[0.3111023773572076, 0.04292991354159787], 1, -1.0, [0.3525443417617673, 0.04144196440455971]
[0.3525443417617673, 0.04144196440455971], 1, -1.0, [0.3927589672817466, 0.04021462551997927]
[0.3927589672817466, 0.04021462551997927], 1, -1.0, [0.43201729918923387, 0.039258331907487294]
[0.43201729918923387, 0.039258331907487294], 1, -1.0, [0.4705973786958736, 0.03858007950663972]
[0.4705973786958736, 0.03858007950663972], 1, -1.0, [0.5087816206083107, 0.03818424191243705]
