[-0.5309257324066213, 0.0], 0, -1.0, [-0.5318707846555554, -0.0009450522489340159]
[-0.5318707846555554, -0.0009450522489340159], 0, -1.0, [-0.5337538032041069, -0.0018830185485515084]
[-0.5337538032041069, -0.0018830185485515084], 0, -1.0, [-0.5365606708264395, -0.002806867622332645]
[-0.5365606708264395, -0.002806867622332645], 0, -1.0, [-0.5402703487322552, -0.003709677905815711]
[-0.5402703487322552, -0.003709677905815711], 0, -1.0, [-0.5448550419623917, -0.004584693230136428]
[-0.5448550419623917, -0.004584693230136428], 0, -1.0, [-0.5502804212200202, -0.00542537925762856]
[-0.5502804212200202, -0.00542537925762856], 0, -1.0, [-0.5565059017600679, -0.006225480540047705]
[-0.5565059017600679, -0.006225480540047705], 0, -1.0, [-0.5634849795459829, -0.006979077785914993]
[-0.5634849795459829, -0.006979077785914993], 0, -1.0, [-0.5711656241638751, -0.0076806446178921805]
[-0.5711656241638751, -0.0076806446178921805], 0, -1.0, [-0.5794907269665139, -0.008325102802638921]
[-0.5794907269665139, -0.008325102802638921], 0, -1.0, [-0.5883986016406364, -0.008907874674122407]
[-0.5883986016406364, -0.008907874674122407], 0, -1.0, [-0.5978235329160709, -0.009424931275434534]
[-0.5978235329160709, -0.009424931275434534], 0, -1.0, [-0.6076963675545333, -0.009872834638462316]
[-0.6076963675545333, -0.009872834638462316], 0, -1.0, [-0.6179451401778739, -0.010248772623340644]
[-0.6179451401778739, -0.010248772623340644], 0, -1.0, [-0.6284957250376864, -0.010550584859812449]
[-0.6284957250376864, -0.010550584859812449], 0, -1.0, [-0.6392725036071805, -0.010776778569494097]
[-0.6392725036071805, -0.010776778569494097], 0, -1.0, [-0.6501990369971054, -0.010926533389924933]
[-0.6501990369971054, -0.010926533389924933], 0, -1.0, [-0.6611987317435747, -0.010999694746469372]
[-0.6611987317435747, -0.010999694746469372], 0, -1.0, [-0.6721954875403631, -0.01099675579678839]
[-0.6721954875403631, -0.01099675579678839], 0, -1.0, [-0.6831143160099515, -0.010918828469588476]
[-0.6831143160099515, -0.010918828469588476], 0, -1.0, [-0.693881920607791, -0.010767604597839481]
[-0.693881920607791, -0.010767604597839481], 0, -1.0, [-0.7044272291795559, -0.010545308571764986]
[-0.7044272291795559, -0.010545308571764986], 0, -1.0, [-0.714681872458741, -0.010254643279185155]
[-0.714681872458741, -0.010254643279185155], 2, -1.0, [-0.722580603797566, -0.007898731338824877]
[-0.722580603797566, -0.007898731338824877], 2, -1.0, [-0.7280740380291553, -0.005493434231589288]
[-0.7280740380291553, -0.005493434231589288], 2, -1.0, [-0.7311282921787852, -0.0030542541496298586]
[-0.7311282921787852, -0.0030542541496298586], 2, -1.0, [-0.7317246963873774, -0.0005964042085921592]
[-0.7317246963873774, -0.0005964042085921592], 2, -1.0, [-0.7298596192261385, 0.0018650771612388484]
[-0.7298596192261385, 0.0018650771612388484], 2, -1.0, [-0.7255444324191936, 0.004315186806944868]
[-0.7255444324191936, 0.004315186806944868], 2, -1.0, [-0.7188056198949356, 0.006738812524258052]
[-0.7188056198949356, 0.006738812524258052], 2, -1.0, [-0.7096850158162981, 0.009120604078637542]
[-0.7096850158162981, 0.009120604078637542], 2, -1.0, [-0.6982401365237894, 0.011444879292508705]
[-0.6982401365237894, 0.011444879292508705], 2, -1.0, [-0.6845445529867327, 0.013695583537056636]
[-0.6845445529867327, 0.013695583537056636], 2, -1.0, [-0.6686882344181139, 0.015856318568618803]
[-0.6686882344181139, 0.015856318568618803], 2, -1.0, [-0.6507777814275986, 0.01791045299051535]
[-0.6507777814275986, 0.01791045299051535], 2, -1.0, [-0.630936459925831, 0.019841321501767487]
[-0.630936459925831, 0.019841321501767487], 2, -1.0, [-0.6093039464662052, 0.02163251345962578]
[-0.6093039464662052, 0.02163251345962578], 2, -1.0, [-0.5860357031401867, 0.023268243326018533]
[-0.5860357031401867, 0.023268243326018533], 2, -1.0, [-0.5613019163331536, 0.02473378680703303]
[-0.5613019163331536, 0.02473378680703303], 2, -1.0, [-0.5352859585403142, 0.02601595779283942]
[-0.5352859585403142, 0.02601595779283942], 2, -1.0, [-0.5081823648333017, 0.027103593707012555]
[-0.5081823648333017, 0.027103593707012555], 1, -1.0, [-0.48119435299197055, 0.026988011841331146]
[-0.48119435299197055, 0.026988011841331146], 0, -1.0, [-0.45552351721413054, 0.025670835777840025]
[-0.45552351721413054, 0.025670835777840025], 0, -1.0, [-0.4313597041503594, 0.02416381306377115]
[-0.4313597041503594, 0.02416381306377115], 0, -1.0, [-0.4088788891519032, 0.022480814998456226]
[-0.4088788891519032, 0.022480814998456226], 0, -1.0, [-0.3882415884883484, 0.020637300663554795]
[-0.3882415884883484, 0.020637300663554795], 0, -1.0, [-0.3695917963461799, 0.018649792142168487]
[-0.3695917963461799, 0.018649792142168487], 0, -1.0, [-0.35305639936769395, 0.016535396978485932]
[-0.35305639936769395, 0.016535396978485932], 0, -1.0, [-0.3387449940583309, 0.014311405309363045]
[-0.3387449940583309, 0.014311405309363045], 0, -1.0, [-0.32675001483926225, 0.011994979219068651]
[-0.32675001483926225, 0.011994979219068651], 0, -1.0, [-0.31714707279029536, 0.009602942048966903]
[-0.31714707279029536, 0.009602942048966903], 0, -1.0, [-0.30999540618230637, 0.007151666607988996]
[-0.30999540618230637, 0.007151666607988996], 0, -1.0, [-0.3053383521486127, 0.004657054033693674]
[-0.3053383521486127, 0.004657054033693674], 0, -1.0, [-0.30320376252907505, 0.002134589619537661]
[-0.30320376252907505, 0.002134589619537661], 0, -1.0, [-0.3036043043920798, -0.0004005418630047353]
[-0.3036043043920798, -0.0004005418630047353], 0, -1.0, [-0.30653760562702626, -0.002933301234946456]
[-0.30653760562702626, -0.002933301234946456], 0, -1.0, [-0.3119862272488301, -0.005448621621803829]
[-0.3119862272488301, -0.005448621621803829], 0, -1.0, [-0.31991746586853953, -0.007931238619709468]
[-0.31991746586853953, -0.007931238619709468], 0, -1.0, [-0.33028301149395844, -0.010365545625418901]
[-0.33028301149395844, -0.010365545625418901], 0, -1.0, [-0.3430185067394252, -0.01273549524546675]
[-0.3430185067394252, -0.01273549524546675], 0, -1.0, [-0.3580430727768713, -0.015024566037446105]
[-0.3580430727768713, -0.015024566037446105], 0, -1.0, [-0.3752588837987175, -0.017215811021846203]
[-0.3752588837987175, -0.017215811021846203], 0, -1.0, [-0.3945508839191696, -0.019292000120452055]
[-0.3945508839191696, -0.019292000120452055], 0, -1.0, [-0.4157867466070705, -0.021235862687900918]
[-0.4157867466070705, -0.021235862687900918], 0, -1.0, [-0.4388171751766195, -0.02303042856954902]
[-0.4388171751766195, -0.02303042856954902], 0, -1.0, [-0.4634766321030933, -0.024659456926473783]
[-0.4634766321030933, -0.024659456926473783], 0, -1.0, [-0.48958456420886864, -0.026107932105775306]
[-0.48958456420886864, -0.026107932105775306], 0, -1.0, [-0.5169471604058163, -0.0273625961969477]
[-0.5169471604058163, -0.0273625961969477], 0, -1.0, [-0.5453596404059665, -0.02841248000015018]
[-0.5453596404059665, -0.02841248000015018], 0, -1.0, [-0.5746090298213921, -0.029249389415425528]
[-0.5746090298213921, -0.029249389415425528], 0, -1.0, [-0.6044773338067572, -0.029868303985365056]
[-0.6044773338067572, -0.029868303985365056], 0, -1.0, [-0.634744982970416, -0.03026764916365888]
[-0.634744982970416, -0.03026764916365888], 0, -1.0, [-0.6651943966632018, -0.030449413692785744]
[-0.6651943966632018, -0.030449413692785744], 0, -1.0, [-0.6956134938647511, -0.030419097201549377]
[-0.6956134938647511, -0.030419097201549377], 0, -1.0, [-0.7257989828145542, -0.03018548894980311]
[-0.7257989828145542, -0.03018548894980311], 0, -1.0, [-0.7555592771099092, -0.02976029429535498]
[-0.7555592771099092, -0.02976029429535498], 0, -1.0, [-0.7847169158216173, -0.02915763871170805]
[-0.7847169158216173, -0.02915763871170805], 0, -1.0, [-0.8131104041305757, -0.028393488308958388]
[-0.8131104041305757, -0.028393488308958388], 0, -1.0, [-0.8405954340086274, -0.027485029878051657]
[-0.8405954340086274, -0.027485029878051657], 0, -1.0, [-0.8670454864917994, -0.02645005248317197]
[-0.8670454864917994, -0.02645005248317197], 2, -1.0, [-0.8903518538592003, -0.023306367367401028]
[-0.8903518538592003, -0.023306367367401028], 2, -1.0, [-0.9104299089315855, -0.020078055072385192]
[-0.9104299089315855, -0.020078055072385192], 2, -1.0, [-0.9272154639257392, -0.01678555499415364]
[-0.9272154639257392, -0.01678555499415364], 2, -1.0, [-0.9406612295376294, -0.013445765611890238]
[-0.9406612295376294, -0.013445765611890238], 2, -1.0, [-0.9507335992693983, -0.010072369731768806]
[-0.9507335992693983, -0.010072369731768806], 2, -1.0, [-0.9574099250049264, -0.00667632573552817]
[-0.9574099250049264, -0.00667632573552817], 2, -1.0, [-0.9606763991378078, -0.003266474132881413]
[-0.9606763991378078, -0.003266474132881413], 2, -1.0, [-0.9605266179882509, 0.00014978114955693398]
[-0.9605266179882509, 0.00014978114955693398], 2, -1.0, [-0.9569608701198923, 0.0035657478683586387]
[-0.9569608701198923, 0.0035657478683586387], 2, -1.0, [-0.9499861690950764, 0.0069747010248158835]
[-0.9499861690950764, 0.0069747010248158835], 2, -1.0, [-0.9396170297990469, 0.010369139296029483]
[-0.9396170297990469, 0.010369139296029483], 2, -1.0, [-0.9258769668844253, 0.013740062914621543]
[-0.9258769668844253, 0.013740062914621543], 2, -1.0, [-0.908800669321848, 0.01707629756257737]
[-0.908800669321848, 0.01707629756257737], 2, -1.0, [-0.8884367731655985, 0.02036389615624945]
[-0.8884367731655985, 0.02036389615624945], 2, -1.0, [-0.864851113184516, 0.023585659981082537]
[-0.864851113184516, 0.023585659981082537], 2, -1.0, [-0.8381302824632513, 0.026720830721264785]
[-0.8381302824632513, 0.026720830721264785], 2, -1.0, [-0.8083852695320135, 0.02974501293123776]
[-0.8083852695320135, 0.02974501293123776], 2, -1.0, [-0.7757548804970784, 0.03263038903493511]
[-0.7757548804970784, 0.03263038903493511], 2, -1.0, [-0.740408598308744, 0.03534628218833448]
[-0.740408598308744, 0.03534628218833448], 2, -1.0, [-0.7025484955140702, 0.03786010279467378]
[-0.7025484955140702, 0.03786010279467378], 2, -1.0, [-0.6624098153669704, 0.0401386801470997]
[-0.6624098153669704, 0.0401386801470997], 2, -1.0, [-0.6202598827529684, 0.04214993261400207]
[-0.6202598827529684, 0.04214993261400207], 2, -1.0, [-0.576395109531566, 0.043864773221402316]
[-0.576395109531566, 0.043864773221402316], 2, -1.0, [-0.5311360173622011, 0.045259092169364926]
[-0.5311360173622011, 0.045259092169364926], 2, -1.0, [-0.4848204006966303, 0.046315616665570776]
[-0.4848204006966303, 0.046315616665570776], 2, -1.0, [-0.4377949662601762, 0.047025434436454044]
[-0.4377949662601762, 0.047025434436454044], 2, -1.0, [-0.3904059771321004, 0.047388989128075806]
[-0.3904059771321004, 0.047388989128075806], 2, -1.0, [-0.34298956296441774, 0.047416414167682636]
[-0.34298956296441774, 0.047416414167682636], 2, -1.0, [-0.29586240557923826, 0.047127157385179454]
[-0.29586240557923826, 0.047127157385179454], 2, -1.0, [-0.24931346094004173, 0.046548944639196545]
[-0.24931346094004173, 0.046548944639196545], 2, -1.0, [-0.203597244378, 0.045716216562041716]
[-0.203597244378, 0.045716216562041716], 2, -1.0, [-0.15892901332308002, 0.044668231054919995]
[-0.15892901332308002, 0.044668231054919995], 2, -1.0, [-0.11548196731813638, 0.04344704600494363]
[-0.11548196731813638, 0.04344704600494363], 2, -1.0, [-0.0733863849877403, 0.042095582330396085]
[-0.0733863849877403, 0.042095582330396085], 2, -1.0, [-0.03273045941895229, 0.04065592556878801]
[-0.03273045941895229, 0.04065592556878801], 2, -1.0, [0.006437508403128886, 0.03916796782208118]
[0.006437508403128886, 0.03916796782208118], 2, -1.0, [0.044105942427757144, 0.03766843402462826]
[0.044105942427757144, 0.03766843402462826], 2, -1.0, [0.08029622955004323, 0.036190287122286086]
[0.08029622955004323, 0.036190287122286086], 2, -1.0, [0.11505870080310918, 0.03476247125306594]
[0.11505870080310918, 0.03476247125306594], 2, -1.0, [0.14846863235426316, 0.033409931551153974]
[0.14846863235426316, 0.033409931551153974], 2, -1.0, [0.1806224742317721, 0.032153841877508936]
[0.1806224742317721, 0.032153841877508936], 2, -1.0, [0.2116344484163481, 0.03101197418457599]
[0.2116344484163481, 0.03101197418457599], 2, -1.0, [0.2416336000355797, 0.02999915161923162]
[0.2416336000355797, 0.02999915161923162], 2, -1.0, [0.2707613386516905, 0.029127738616110774]
[0.2707613386516905, 0.029127738616110774], 2, -1.0, [0.2991694713866379, 0.028408132734947415]
[0.2991694713866379, 0.028408132734947415], 2, -1.0, [0.32701870471405753, 0.027849233327419606]
[0.32701870471405753, 0.027849233327419606], 2, -1.0, [0.35447757520081163, 0.02745887048675413]
[0.35447757520081163, 0.02745887048675413], 2, -1.0, [0.3817217590615457, 0.027244183860734066]
[0.3817217590615457, 0.027244183860734066], 2, -1.0, [0.40893370389666805, 0.027211944835122324]
[0.40893370389666805, 0.027211944835122324], 2, -1.0, [0.43630252141107406, 0.027368817514405994]
[0.43630252141107406, 0.027368817514405994], 2, -1.0, [0.46402407549182995, 0.027721554080755884]
[0.46402407549182995, 0.027721554080755884], 2, -1.0, [0.4923011942171105, 0.028277118725280548]
[0.4923011942171105, 0.028277118725280548], 2, -1.0, [0.5213439258234146, 0.02904273160630409]
