[-0.4889251155597766, 0.0], 0, -1.0, [-0.49018469928668357, -0.0012595837269069612]
[-0.49018469928668357, -0.0012595837269069612], 0, -1.0, [-0.49269446909487735, -0.0025097698081938064]
[-0.49269446909487735, -0.0025097698081938064], 0, -1.0, [-0.4964356892899075, -0.003741220195030153]
[-0.4964356892899075, -0.003741220195030153], 0, -1.0, [-0.5013804072365304, -0.004944717946622906]
[-0.5013804072365304, -0.004944717946622906], 0, -1.0, [-0.5074916395807045, -0.006111232344174077]
[-0.5074916395807045, -0.006111232344174077], 0, -1.0, [-0.5147236284386316, -0.007231988857927052]
[-0.5147236284386316, -0.007231988857927052], 0, -1.0, [-0.5230221730358884, -0.008298544597256742]
[-0.5230221730358884, -0.008298544597256742], 0, -1.0, [-0.5323250421502066, -0.009302869114318157]
[-0.5323250421502066, -0.009302869114318157], 0, -1.0, [-0.5425624717405897, -0.010237429590383124]
[-0.5425624717405897, -0.010237429590383124], 0, -1.0, [-0.5536577503197682, -0.011095278579178433]
[-0.5536577503197682, -0.011095278579178433], 0, -1.0, [-0.5655278920092079, -0.011870141689439749]
[-0.5655278920092079, -0.011870141689439749], 0, -1.0, [-0.5780843939468167, -0.012556501937608709]
[-0.5780843939468167, -0.012556501937608709], 0, -1.0, [-0.5912340710106256, -0.013149677063808997]
[-0.5912340710106256, -0.013149677063808997], 0, -1.0, [-0.6048799569495144, -0.013645885938888668]
[-0.6048799569495144, -0.013645885938888668], 0, -1.0, [-0.6189222572839925, -0.014042300334478229]
[-0.6189222572839925, -0.014042300334478229], 0, -1.0, [-0.6332593360743095, -0.014337078790317002]
[-0.6332593360743095, -0.014337078790317002], 0, -1.0, [-0.6477887161444735, -0.01452938007016398]
[-0.6477887161444735, -0.01452938007016398], 0, -1.0, [-0.6624080708389767, -0.01461935469450318]
[-0.6624080708389767, -0.01461935469450318], 0, -1.0, [-0.6770161850323642, -0.014608114193387495]
[-0.6770161850323642, -0.014608114193387495], 0, -1.0, [-0.691513863969148, -0.014497678936783847]
[-0.691513863969148, -0.014497678936783847], 0, -1.0, [-0.7058047705363744, -0.014290906567226288]
[-0.7058047705363744, -0.014290906567226288], 0, -1.0, [-0.7197961746178635, -0.013991404081489134]
[-0.7197961746178635, -0.013991404081489134], 0, -1.0, [-0.7333996020212559, -0.013603427403392383]
[-0.7333996020212559, -0.013603427403392383], 0, -1.0, [-0.7465313748256183, -0.01313177280436242]
[-0.7465313748256183, -0.01313177280436242], 0, -1.0, [-0.7591130395642622, -0.012581664738643921]
[-0.7591130395642622, -0.012581664738643921], 2, -1.0, [-0.7690716841379718, -0.009958644573709536]
[-0.7690716841379718, -0.009958644573709536], 2, -1.0, [-0.7763512313749144, -0.0072795472369425905]
[-0.7763512313749144, -0.0072795472369425905], 2, -1.0, [-0.7809116354198825, -0.004560404044968133]
[-0.7809116354198825, -0.004560404044968133], 2, -1.0, [-0.7827282253234303, -0.0018165899035477938]
[-0.7827282253234303, -0.0018165899035477938], 2, -1.0, [-0.7817912643146065, 0.0009369610088237391]
[-0.7817912643146065, 0.0009369610088237391], 2, -1.0, [-0.7781057679412255, 0.003685496373381045]
[-0.7781057679412255, 0.003685496373381045], 2, -1.0, [-0.771691598316821, 0.006414169624404564]
[-0.771691598316821, 0.006414169624404564], 2, -1.0, [-0.7625838255806843, 0.009107772736136749]
[-0.7625838255806843, 0.009107772736136749], 2, -1.0, [-0.7508333216365917, 0.011750503944092619]
[-0.7508333216365917, 0.011750503944092619], 2, -1.0, [-0.736507525659, 0.014325795977591635]
[-0.736507525659, 0.014325795977591635], 2, -1.0, [-0.7196912964617665, 0.016816229197233423]
[-0.7196912964617665, 0.016816229197233423], 2, -1.0, [-0.7004877448770168, 0.01920355158474971]
[-0.7004877448770168, 0.01920355158474971], 2, -1.0, [-0.6790189216884257, 0.021468823188591148]
[-0.6790189216884257, 0.021468823188591148], 2, -1.0, [-0.6554262258702099, 0.02359269581821581]
[-0.6554262258702099, 0.02359269581821581], 2, -1.0, [-0.6298703966715653, 0.025555829198644662]
[-0.6298703966715653, 0.025555829198644662], 2, -1.0, [-0.6025309640575198, 0.027339432614045533]
[-0.6025309640575198, 0.027339432614045533], 2, -1.0, [-0.5736050569574742, 0.028925907100045667]
[-0.5736050569574742, 0.028925907100045667], 2, -1.0, [-0.5433055079451138, 0.03029954901236045]
[-0.5433055079451138, 0.03029954901236045], 2, -1.0, [-0.5118582445237638, 0.031447263421349986]
[-0.5118582445237638, 0.031447263421349986], 2, -1.0, [-0.47949901688055135, 0.032359227643212495]
[-0.47949901688055135, 0.032359227643212495], 2, -1.0, [-0.4464695734187418, 0.033029443461809534]
[-0.4464695734187418, 0.033029443461809534], 2, -1.0, [-0.41301345088062724, 0.033456122538114606]
[-0.41301345088062724, 0.033456122538114606], 2, -1.0, [-0.3793715877271619, 0.03364186315346533]
[-0.3793715877271619, 0.03364186315346533], 2, -1.0, [-0.3457779914491347, 0.033593596278027195]
[-0.3457779914491347, 0.033593596278027195], 2, -1.0, [-0.31245568928929224, 0.03332230215984247]
[-0.31245568928929224, 0.03332230215984247], 0, -1.0, [-0.28161316768930894, 0.0308425215999833]
[-0.28161316768930894, 0.0308425215999833], 0, -1.0, [-0.253430274391842, 0.02818289329746694]
[-0.253430274391842, 0.02818289329746694], 0, -1.0, [-0.22805897015879692, 0.025371304233045087]
[-0.22805897015879692, 0.025371304233045087], 0, -1.0, [-0.2056250147538406, 0.022433955404956327]
[-0.2056250147538406, 0.022433955404956327], 0, -1.0, [-0.18623028482130038, 0.01939472993254021]
[-0.18623028482130038, 0.01939472993254021], 0, -1.0, [-0.16995542935079905, 0.01627485547050135]
[-0.16995542935079905, 0.01627485547050135], 0, -1.0, [-0.1568625983177331, 0.013092831033065942]
[-0.1568625983177331, 0.013092831033065942], 0, -1.0, [-0.14699802210946222, 0.009864576208270878]
[-0.14699802210946222, 0.009864576208270878], 0, -1.0, [-0.14039426541165714, 0.0066037566978050756]
[-0.14039426541165714, 0.0066037566978050756], 0, -1.0, [-0.13707202372432034, 0.0033222416873367987]
[-0.13707202372432034, 0.0033222416873367987], 0, -1.0, [-0.13704137055571017, 3.0653168610178614e-05]
[-0.13704137055571017, 3.0653168610178614e-05], 0, -1.0, [-0.1403023977922637, -0.003261027236553532]
[-0.1403023977922637, -0.003261027236553532], 0, -1.0, [-0.14684522164642905, -0.006542823854165341]
[-0.14684522164642905, -0.006542823854165341], 0, -1.0, [-0.15664935393206902, -0.00980413228563997]
[-0.15664935393206902, -0.00980413228563997], 0, -1.0, [-0.1696824657404414, -0.013033111808372386]
[-0.1696824657404414, -0.013033111808372386], 0, -1.0, [-0.18589860042528983, -0.016216134684848428]
[-0.18589860042528983, -0.016216134684848428], 0, -1.0, [-0.20523592715841735, -0.019337326733127515]
[-0.20523592715841735, -0.019337326733127515], 0, -1.0, [-0.227614166096039, -0.02237823893762164]
[-0.227614166096039, -0.02237823893762164], 0, -1.0, [-0.2529318606255379, -0.02531769452949892]
[-0.2529318606255379, -0.02531769452949892], 0, -1.0, [-0.28106371824074317, -0.028131857615205272]
[-0.28106371824074317, -0.028131857615205272], 0, -1.0, [-0.31185828375576174, -0.030794565515018562]
[-0.31185828375576174, -0.030794565515018562], 0, -1.0, [-0.3451362387794928, -0.033277955023731064]
[-0.3451362387794928, -0.033277955023731064], 0, -1.0, [-0.3806896299288155, -0.03555339114932268]
[-0.3806896299288155, -0.03555339114932268], 0, -1.0, [-0.41828230545069844, -0.03759267552188292]
[-0.41828230545069844, -0.03759267552188292], 0, -1.0, [-0.45765177854126116, -0.039369473090562684]
[-0.45765177854126116, -0.039369473090562684], 0, -1.0, [-0.49851263387435907, -0.040860855333097884]
[-0.49851263387435907, -0.040860855333097884], 0, -1.0, [-0.5405614577161056, -0.04204882384174662]
[-0.5405614577161056, -0.04204882384174662], 0, -1.0, [-0.5834831163429188, -0.04292165862681317]
[-0.5834831163429188, -0.04292165862681317], 0, -1.0, [-0.6269580544928097, -0.04347493814989088]
[-0.6269580544928097, -0.04347493814989088], 0, -1.0, [-0.6706701607376857, -0.04371210624487599]
[-0.6706701607376857, -0.04371210624487599], 0, -1.0, [-0.7143146728326222, -0.043644512094936444]
[-0.7143146728326222, -0.043644512094936444], 0, -1.0, [-0.7576055875612197, -0.043290914728597474]
[-0.7576055875612197, -0.043290914728597474], 0, -1.0, [-0.8002820980750897, -0.042676510513870024]
[-0.8002820980750897, -0.042676510513870024], 0, -1.0, [-0.842113695858969, -0.04183159778387931]
[-0.842113695858969, -0.04183159778387931], 0, -1.0, [-0.8829037229480924, -0.0407900270891234]
[-0.8829037229480924, -0.0407900270891234], 0, -1.0, [-0.9224913172967485, -0.039587594348656066]
[-0.9224913172967485, -0.039587594348656066], 0, -1.0, [-0.9607518365057258, -0.03826051920897733]
[-0.9607518365057258, -0.03826051920897733], 0, -1.0, [-0.997595955281742, -0.036844118776016226]
[-0.997595955281742, -0.036844118776016226], 0, -1.0, [-1.0329677016029202, -0.03537174632117814]
[-1.0329677016029202, -0.03537174632117814], 0, -1.0, [-1.0668417255751368, -0.03387402397221672]
[-1.0668417255751368, -0.03387402397221672], 0, -1.0, [-1.0992200895938922, -0.032378364018755386]
[-1.0992200895938922, -0.032378364018755386], 0, -1.0, [-1.130128838239654, -0.03090874864576184]
[-1.130128838239654, -0.03090874864576184], 0, -1.0, [-1.1596145615844218, -0.029485723344767845]
[-1.1596145615844218, -0.029485723344767845], 0, -1.0, [-1.1877411153094861, -0.028126553725064236]
[-1.1877411153094861, -0.028126553725064236], 0, -1.0, [-1.2, 0.0]
[-1.2, 0.0], 2, -1.0, [-1.1967581039591646, 0.003241896040835368]
[-1.1967581039591646, 0.003241896040835368], 2, -1.0, [-1.1902636585360942, 0.006494445423070332]
[-1.1902636585360942, 0.006494445423070332], 2, -1.0, [-1.1804959639787937, 0.009767694557300442]
[-1.1804959639787937, 0.009767694557300442], 2, -1.0, [-1.1674255149588486, 0.013070449019945182]
[-1.1674255149588486, 0.013070449019945182], 2, -1.0, [-1.1510159267200155, 0.016409588238833067]
[-1.1510159267200155, 0.016409588238833067], 2, -1.0, [-1.1312266168239755, 0.019789309896040046]
[-1.1312266168239755, 0.019789309896040046], 2, -1.0, [-1.108016322100852, 0.02321029472312345]
[-1.108016322100852, 0.02321029472312345], 2, -1.0, [-1.081347524946184, 0.02666879715466819]
[-1.081347524946184, 0.02666879715466819], 2, -1.0, [-1.0511918363028878, 0.03015568864329602]
[-1.0511918363028878, 0.03015568864329602], 2, -1.0, [-1.0175363271434712, 0.0336555091594167]
[-1.0175363271434712, 0.0336555091594167], 2, -1.0, [-0.9803907090723114, 0.03714561807115983]
[-0.9803907090723114, 0.03714561807115983], 2, -1.0, [-0.9397951336374217, 0.04059557543488971]
[-0.9397951336374217, 0.04059557543488971], 2, -1.0, [-0.8958282112564235, 0.043966922380998245]
[-0.8958282112564235, 0.043966922380998245], 2, -1.0, [-0.8486146572192776, 0.04721355403714586]
[-0.8486146572192776, 0.04721355403714586], 2, -1.0, [-0.7983317816221248, 0.05028287559715283]
[-0.7983317816221248, 0.05028287559715283], 2, -1.0, [-0.7452138959379592, 0.0531178856841656]
[-0.7452138959379592, 0.0531178856841656], 2, -1.0, [-0.6895536666604415, 0.0556602292775177]
[-0.6895536666604415, 0.0556602292775177], 2, -1.0, [-0.6316995610792892, 0.057854105581152386]
[-0.6316995610792892, 0.057854105581152386], 2, -1.0, [-0.5720488365336812, 0.05965072454560789]
[-0.5720488365336812, 0.05965072454560789], 2, -1.0, [-0.5110360146660762, 0.061012821867605024]
[-0.5110360146660762, 0.061012821867605024], 2, -1.0, [-0.44911739120176025, 0.061918623464315904]
[-0.44911739120176025, 0.061918623464315904], 1, -1.0, [-0.38775274139346727, 0.061364649808292995]
[-0.38775274139346727, 0.061364649808292995], 2, -1.0, [-0.3263789672475157, 0.06137377414595155]
[-0.3263789672475157, 0.06137377414595155], 2, -1.0, [-0.26539954095165597, 0.06097942629585973]
[-0.26539954095165597, 0.06097942629585973], 2, -1.0, [-0.20516868618070963, 0.060230854770946335]
[-0.20516868618070963, 0.060230854770946335], 2, -1.0, [-0.14597903482861013, 0.059189651352099505]
[-0.14597903482861013, 0.059189651352099505], 2, -1.0, [-0.08805345449177748, 0.057925580336832656]
[-0.08805345449177748, 0.057925580336832656], 2, -1.0, [-0.03154115432807773, 0.05651230016369975]
[-0.03154115432807773, 0.05651230016369975], 2, -1.0, [0.023482329487074037, 0.05502348381515177]
[0.023482329487074037, 0.05502348381515177], 2, -1.0, [0.077012014209841, 0.05352968472276695]
[0.077012014209841, 0.05352968472276695], 2, -1.0, [0.12910812473746897, 0.05209611052762796]
[0.12910812473746897, 0.05209611052762796], 2, -1.0, [0.17988942779041306, 0.0507813030529441]
[0.17988942779041306, 0.0507813030529441], 1, -1.0, [0.2285260328892842, 0.048636605098871126]
[0.2285260328892842, 0.048636605098871126], 1, -1.0, [0.2752275050624491, 0.046701472173164886]
[0.2752275050624491, 0.046701472173164886], 1, -1.0, [0.32023383856661275, 0.04500633350416368]
[0.32023383856661275, 0.04500633350416368], 1, -1.0, [0.36380780914764715, 0.04357397058103442]
[0.36380780914764715, 0.04357397058103442], 1, -1.0, [0.4062287226044603, 0.04242091345681312]
[0.4062287226044603, 0.04242091345681312], 1, -1.0, [0.44778743789045095, 0.04155871528599067]
[0.44778743789045095, 0.04155871528599067], 1, -1.0, [0.4887824572750647, 0.04099501938461374]
[0.4887824572750647, 0.04099501938461374], 1, -1.0, [0.5295168288027787, 0.04073437152771407]
