[-0.5954802865057782, 0.0], 2, -1.0, [-0.5939453438127841, 0.00153494269299412]
[-0.5939453438127841, 0.00153494269299412], 2, -1.0, [-0.5908867094941017, 0.003058634318682367]
[-0.5908867094941017, 0.003058634318682367], 2, -1.0, [-0.5863268360893826, 0.004559873404719107]
[-0.5863268360893826, 0.004559873404719107], 2, -1.0, [-0.5802992740768622, 0.006027562012520421]
[-0.5802992740768622, 0.006027562012520421], 2, -1.0, [-0.5728485061129649, 0.007450767963897296]
[-0.5728485061129649, 0.007450767963897296], 2, -1.0, [-0.5640297075952864, 0.008818798517678498]
[-0.5640297075952864, 0.008818798517678498], 2, -1.0, [-0.5539084200628157, 0.010121287532470607]
[-0.5539084200628157, 0.010121287532470607], 2, -1.0, [-0.5425601233202497, 0.01134829674256604]
[-0.5425601233202497, 0.01134829674256604], 0, -1.0, [-0.5320696931511394, 0.010490430169110297]
[-0.5320696931511394, 0.010490430169110297], 0, -1.0, [-0.5225157379383949, 0.009553955212744528]
[-0.5225157379383949, 0.009553955212744528], 0, -1.0, [-0.5139699054938079, 0.008545832444586917]
[-0.5139699054938079, 0.008545832444586917], 0, -1.0, [-0.5064962795320759, 0.00747362596173211]
[-0.5064962795320759, 0.00747362596173211], 0, -1.0, [-0.5001508660212367, 0.006345413510839175]
[-0.5001508660212367, 0.006345413510839175], 0, -1.0, [-0.4949811668357439, 0.005169699185492831]
[-0.4949811668357439, 0.005169699185492831], 0, -1.0, [-0.4910258361480836, 0.003955330687660317]
[-0.4910258361480836, 0.003955330687660317], 0, -1.0, [-0.4883144138944648, 0.0027114222536188054]
[-0.4883144138944648, 0.0027114222536188054], 0, -1.0, [-0.48686713043431556, 0.0014472834601492218]
[-0.48686713043431556, 0.0014472834601492218], 0, -1.0, [-0.4866947771143441, 0.00017235331997147128]
[-0.4866947771143441, 0.00017235331997147128], 0, -1.0, [-0.48779863870730544, -0.001103861592961307]
[-0.48779863870730544, -0.001103861592961307], 0, -1.0, [-0.4901704854381428, -0.002371846730837325]
[-0.4901704854381428, -0.002371846730837325], 0, -1.0, [-0.49379262431874715, -0.003622138880604387]
[-0.49379262431874715, -0.003622138880604387], 0, -1.0, [-0.4986380115532106, -0.004845387234463422]
[-0.4986380115532106, -0.004845387234463422], 0, -1.0, [-0.5046704296121426, -0.0060324180589319595]
[-0.5046704296121426, -0.0060324180589319595], 0, -1.0, [-0.5118447339842468, -0.007174304372104208]
[-0.5118447339842468, -0.007174304372104208], 0, -1.0, [-0.5201071754006166, -0.008262441416369823]
[-0.5201071754006166, -0.008262441416369823], 0, -1.0, [-0.5293958033395924, -0.009288627938975783]
[-0.5293958033395924, -0.009288627938975783], 0, -1.0, [-0.5396409557621125, -0.010245152422520115]
[-0.5396409557621125, -0.010245152422520115], 0, -1.0, [-0.5507658382734237, -0.011124882511311262]
[-0.5507658382734237, -0.011124882511311262], 0, -1.0, [-0.5626871933093704, -0.011921355035946683]
[-0.5626871933093704, -0.011921355035946683], 0, -1.0, [-0.5753160566385346, -0.012628863329164167]
[-0.5753160566385346, -0.012628863329164167], 0, -1.0, [-0.5885585946670363, -0.01324253802850173]
[-0.5885585946670363, -0.01324253802850173], 0, -1.0, [-0.602317012007218, -0.013758417340181697]
[-0.602317012007218, -0.013758417340181697], 0, -1.0, [-0.6164905148441122, -0.014173502836894251]
[-0.6164905148441122, -0.014173502836894251], 0, -1.0, [-0.6309763121379319, -0.014485797293819661]
[-0.6309763121379319, -0.014485797293819661], 0, -1.0, [-0.6456706339509091, -0.014694321812977093]
[-0.6456706339509091, -0.014694321812977093], 0, -1.0, [-0.6604697444438259, -0.014799110492916821]
[-0.6604697444438259, -0.014799110492916821], 0, -1.0, [-0.675270926530676, -0.01480118208685009]
[-0.675270926530676, -0.01480118208685009], 0, -1.0, [-0.689973415885894, -0.01470248935521799]
[-0.689973415885894, -0.01470248935521799], 0, -1.0, [-0.7044792639337474, -0.01450584804785338]
[-0.7044792639337474, -0.01450584804785338], 0, -1.0, [-0.7186941124745087, -0.014214848540761302]
[-0.7186941124745087, -0.014214848540761302], 0, -1.0, [-0.7325278664896219, -0.013833754015113232]
[-0.7325278664896219, -0.013833754015113232], 0, -1.0, [-0.745895256130007, -0.013367389640385037]
[-0.745895256130007, -0.013367389640385037], 2, -1.0, [-0.7567162836111366, -0.010821027481129664]
[-0.7567162836111366, -0.010821027481129664], 2, -1.0, [-0.7649280052540024, -0.008211721642865714]
[-0.7649280052540024, -0.008211721642865714], 2, -1.0, [-0.7704837834248982, -0.005555778170895792]
[-0.7704837834248982, -0.005555778170895792], 2, -1.0, [-0.7733526328928313, -0.0028688494679331303]
[-0.7733526328928313, -0.0028688494679331303], 2, -1.0, [-0.7735187366742681, -0.000166103781436749]
[-0.7735187366742681, -0.000166103781436749], 2, -1.0, [-0.7709811828316915, 0.0025375538425766227]
[-0.7709811828316915, 0.0025375538425766227], 2, -1.0, [-0.7657539489598606, 0.005227233871830876]
[-0.7657539489598606, 0.005227233871830876], 2, -1.0, [-0.7578661359103227, 0.007887813049537885]
[-0.7578661359103227, 0.007887813049537885], 2, -1.0, [-0.7473624270981385, 0.010503708812184265]
[-0.7473624270981385, 0.010503708812184265], 2, -1.0, [-0.7343037249174401, 0.013058702180698427]
[-0.7343037249174401, 0.013058702180698427], 2, -1.0, [-0.7187678920005034, 0.015535832916936774]
[-0.7187678920005034, 0.015535832916936774], 2, -1.0, [-0.7008505033475455, 0.017917388652957906]
[-0.7008505033475455, 0.017917388652957906], 2, -1.0, [-0.680665497328954, 0.02018500601859151]
[-0.680665497328954, 0.02018500601859151], 2, -1.0, [-0.6583456013399123, 0.022319895989041695]
[-0.6583456013399123, 0.022319895989041695], 2, -1.0, [-0.6340424039319086, 0.024303197408003685]
[-0.6340424039319086, 0.024303197408003685], 2, -1.0, [-0.6079259519873874, 0.02611645194452112]
[-0.6079259519873874, 0.02611645194452112], 2, -1.0, [-0.5801837708029404, 0.027742181184447073]
[-0.5801837708029404, 0.027742181184447073], 2, -1.0, [-0.5510192374646317, 0.029164533338308676]
[-0.5510192374646317, 0.029164533338308676], 2, -1.0, [-0.5206492825244848, 0.030369954940146774]
[-0.5206492825244848, 0.030369954940146774], 2, -1.0, [-0.4893014484937274, 0.031347834030757395]
[-0.4893014484937274, 0.031347834030757395], 2, -1.0, [-0.45721039078448983, 0.032091057709237585]
[-0.45721039078448983, 0.032091057709237585], 2, -1.0, [-0.42461396071882096, 0.03259643006566884]
[-0.42461396071882096, 0.03259643006566884], 2, -1.0, [-0.39174905392929843, 0.03286490678952254]
[-0.39174905392929843, 0.03286490678952254], 2, -1.0, [-0.3588474346602055, 0.032901619269092915]
[-0.3588474346602055, 0.032901619269092915], 2, -1.0, [-0.3261317530975548, 0.03271568156265071]
[-0.3261317530975548, 0.03271568156265071], 0, -1.0, [-0.2958119579396839, 0.03031979515787091]
[-0.2958119579396839, 0.03031979515787091], 0, -1.0, [-0.26807066894504444, 0.027741288994639447]
[-0.26807066894504444, 0.027741288994639447], 0, -1.0, [-0.2430635775238922, 0.025007091421152237]
[-0.2430635775238922, 0.025007091421152237], 0, -1.0, [-0.22092077068811006, 0.02214280683578215]
[-0.22092077068811006, 0.02214280683578215], 0, -1.0, [-0.2017487028513538, 0.01917206783675626]
[-0.2017487028513538, 0.01917206783675626], 0, -1.0, [-0.18563254025337844, 0.016116162597975353]
[-0.18563254025337844, 0.016116162597975353], 0, -1.0, [-0.17263862508563774, 0.012993915167740712]
[-0.17263862508563774, 0.012993915167740712], 0, -1.0, [-0.1628168420538946, 0.009821783031743133]
[-0.1628168420538946, 0.009821783031743133], 0, -1.0, [-0.156202711576244, 0.006614130477650601]
[-0.156202711576244, 0.006614130477650601], 0, -1.0, [-0.15281907555127264, 0.003383636024971347]
[-0.15281907555127264, 0.003383636024971347], 0, -1.0, [-0.15267728038177894, 0.00014179516949370434]
[-0.15267728038177894, 0.00014179516949370434], 0, -1.0, [-0.15577779651694312, -0.003100516135164194]
[-0.15577779651694312, -0.003100516135164194], 0, -1.0, [-0.16211024462255708, -0.006332448105613965]
[-0.16211024462255708, -0.006332448105613965], 0, -1.0, [-0.17165282714498095, -0.009542582522423869]
[-0.17165282714498095, -0.009542582522423869], 0, -1.0, [-0.18437119259462514, -0.012718365449644196]
[-0.18437119259462514, -0.012718365449644196], 0, -1.0, [-0.20021679045678378, -0.015845597862158636]
[-0.20021679045678378, -0.015845597862158636], 0, -1.0, [-0.2191248088516548, -0.01890801839487103]
[-0.2191248088516548, -0.01890801839487103], 0, -1.0, [-0.24101182547156388, -0.021887016619909085]
[-0.24101182547156388, -0.021887016619909085], 0, -1.0, [-0.26577334389643376, -0.024761518424869892]
[-0.26577334389643376, -0.024761518424869892], 0, -1.0, [-0.2932814290630149, -0.02750808516658114]
[-0.2932814290630149, -0.02750808516658114], 0, -1.0, [-0.3233826921055738, -0.030101263042558904]
[-0.3233826921055738, -0.030101263042558904], 0, -1.0, [-0.3558968985954455, -0.03251420648987167]
[-0.3558968985954455, -0.03251420648987167], 0, -1.0, [-0.39061647675988087, -0.034719578164435376]
[-0.39061647675988087, -0.034719578164435376], 0, -1.0, [-0.4273071753093357, -0.03669069854945486]
[-0.4273071753093357, -0.03669069854945486], 0, -1.0, [-0.4657100584316309, -0.03840288312229517]
[-0.4657100584316309, -0.03840288312229517], 0, -1.0, [-0.5055449278216357, -0.03983486939000484]
[-0.5055449278216357, -0.03983486939000484], 2, -1.0, [-0.5445151348790861, -0.03897020705745033]
[-0.5445151348790861, -0.03897020705745033], 0, -1.0, [-0.5843285721679793, -0.03981343728889316]
[-0.5843285721679793, -0.03981343728889316], 0, -1.0, [-0.6246890515571755, -0.040360479389196124]
[-0.6246890515571755, -0.040360479389196124], 2, -1.0, [-0.6633029225425535, -0.03861387098537803]
[-0.6633029225425535, -0.03861387098537803], 0, -1.0, [-0.7018994188476877, -0.03859649630513413]
[-0.7018994188476877, -0.03859649630513413], 0, -1.0, [-0.740221523477282, -0.03832210462959426]
[-0.740221523477282, -0.03832210462959426], 0, -1.0, [-0.7780309243284327, -0.037809400851150705]
[-0.7780309243284327, -0.037809400851150705], 0, -1.0, [-0.815112057478107, -0.03708113314967426]
[-0.815112057478107, -0.03708113314967426], 0, -1.0, [-0.8512750694690652, -0.03616301199095819]
[-0.8512750694690652, -0.03616301199095819], 0, -1.0, [-0.8863576296757187, -0.03508256020665352]
[-0.8863576296757187, -0.03508256020665352], 0, -1.0, [-0.920225618548998, -0.033867988873279194]
[-0.920225618548998, -0.033867988873279194], 0, -1.0, [-0.9527727960272966, -0.032547177478298606]
[-0.9527727960272966, -0.032547177478298606], 0, -1.0, [-0.9839196099393063, -0.031146813912009658]
[-0.9839196099393063, -0.031146813912009658], 0, -1.0, [-1.013611334837773, -0.029691724898466797]
[-1.013611334837773, -0.029691724898466797], 0, -1.0, [-1.0418157393851912, -0.02820440454741823]
[-1.0418157393851912, -0.02820440454741823], 0, -1.0, [-1.068520469769388, -0.026704730384196712]
[-1.068520469769388, -0.026704730384196712], 0, -1.0, [-1.0937303134117413, -0.025209843642353347]
[-1.0937303134117413, -0.025209843642353347], 0, -1.0, [-1.1174644771224784, -0.023734163710737218]
[-1.1174644771224784, -0.023734163710737218], 0, -1.0, [-1.1397539816554458, -0.022289504532967373]
[-1.1397539816554458, -0.022289504532967373], 0, -1.0, [-1.160639243858668, -0.020885262203222163]
[-1.160639243858668, -0.020885262203222163], 0, -1.0, [-1.1801678905458781, -0.019528646687210195]
[-1.1801678905458781, -0.019528646687210195], 0, -1.0, [-1.1983928259397607, -0.018224935393882567]
[-1.1983928259397607, -0.018224935393882567], 0, -1.0, [-1.2, 0.0]
[-1.2, 0.0], 2, -1.0, [-1.1967581039591646, 0.003241896040835368]
[-1.1967581039591646, 0.003241896040835368], 2, -1.0, [-1.1902636585360942, 0.006494445423070332]
[-1.1902636585360942, 0.006494445423070332], 2, -1.0, [-1.1804959639787937, 0.009767694557300442]
[-1.1804959639787937, 0.009767694557300442], 2, -1.0, [-1.1674255149588486, 0.013070449019945182]
[-1.1674255149588486, 0.013070449019945182], 2, -1.0, [-1.1510159267200155, 0.016409588238833067]
[-1.1510159267200155, 0.016409588238833067], 2, -1.0, [-1.1312266168239755, 0.019789309896040046]
[-1.1312266168239755, 0.019789309896040046], 2, -1.0, [-1.108016322100852, 0.02321029472312345]
[-1.108016322100852, 0.02321029472312345], 2, -1.0, [-1.081347524946184, 0.02666879715466819]
[-1.081347524946184, 0.02666879715466819], 2, -1.0, [-1.0511918363028878, 0.03015568864329602]
[-1.0511918363028878, 0.03015568864329602], 2, -1.0, [-1.0175363271434712, 0.0336555091594167]
[-1.0175363271434712, 0.0336555091594167], 2, -1.0, [-0.9803907090723114, 0.03714561807115983]
[-0.9803907090723114, 0.03714561807115983], 2, -1.0, [-0.9397951336374217, 0.04059557543488971]
[-0.9397951336374217, 0.04059557543488971], 2, -1.0, [-0.8958282112564235, 0.043966922380998245]
[-0.8958282112564235, 0.043966922380998245], 2, -1.0, [-0.8486146572192776, 0.04721355403714586]
[-0.8486146572192776, 0.04721355403714586], 2, -1.0, [-0.7983317816221248, 0.05028287559715283]
[-0.7983317816221248, 0.05028287559715283], 2, -1.0, [-0.7452138959379592, 0.0531178856841656]
[-0.7452138959379592, 0.0531178856841656], 2, -1.0, [-0.6895536666604415, 0.0556602292775177]
[-0.6895536666604415, 0.0556602292775177], 2, -1.0, [-0.6316995610792892, 0.057854105581152386]
[-0.6316995610792892, 0.057854105581152386], 2, -1.0, [-0.5720488365336812, 0.05965072454560789]
[-0.5720488365336812, 0.05965072454560789], 2, -1.0, [-0.5110360146660762, 0.061012821867605024]
[-0.5110360146660762, 0.061012821867605024], 2, -1.0, [-0.44911739120176025, 0.061918623464315904]
[-0.44911739120176025, 0.061918623464315904], 2, -1.0, [-0.38675274139346727, 0.06236464980829299]
[-0.38675274139346727, 0.06236464980829299], 2, -1.0, [-0.3243858485235833, 0.06236689286988392]
[-0.3243858485235833, 0.06236689286988392], 2, -1.0, [-0.2624256859117381, 0.061960162611845254]
[-0.2624256859117381, 0.061960162611845254], 2, -1.0, [-0.20122996568717166, 0.061195720224566416]
[-0.20122996568717166, 0.061195720224566416], 2, -1.0, [-0.14109236178367496, 0.06013760390349669]
[-0.14109236178367496, 0.06013760390349669], 2, -1.0, [-0.08223412731502394, 0.05885823446865101]
[-0.08223412731502394, 0.05885823446865101], 2, -1.0, [-0.024800200336085113, 0.05743392697893883]
[-0.024800200336085113, 0.05743392697893883], 2, -1.0, [0.03114064276343887, 0.05594084309952398]
[0.03114064276343887, 0.05594084309952398], 2, -1.0, [0.08559238750154527, 0.0544517447381064]
[0.08559238750154527, 0.0544517447381064], 2, -1.0, [0.13862609852276647, 0.05303371102122119]
[0.13862609852276647, 0.05303371102122119], 2, -1.0, [0.19037290492486428, 0.0517468064020978]
[0.19037290492486428, 0.0517468064020978], 1, -1.0, [0.24001646944167865, 0.04964356451681436]
[0.24001646944167865, 0.04964356451681436], 1, -1.0, [0.28778060108566533, 0.047764131643986706]
[0.28778060108566533, 0.047764131643986706], 1, -1.0, [0.3339199795570522, 0.04613937847138687]
[0.3339199795570522, 0.04613937847138687], 1, -1.0, [0.3787123066970787, 0.0447923271400265]
[0.3787123066970787, 0.0447923271400265], 1, -1.0, [0.4224518800794228, 0.0437395733823441]
[0.4224518800794228, 0.0437395733823441], 1, -1.0, [0.4654444398008648, 0.042992559721442024]
[0.4654444398008648, 0.042992559721442024], 1, -1.0, [0.5080030512181968, 0.042558611417332]
