[-0.5905600664245986, 0.0], 2, -1.0, [-0.5890612276572119, 0.0014988387673866052]
[-0.5890612276572119, 0.0014988387673866052], 2, -1.0, [-0.5860745703633425, 0.002986657293869343]
[-0.5860745703633425, 0.002986657293869343], 2, -1.0, [-0.5816220831862764, 0.00445248717706617]
[-0.5816220831862764, 0.00445248717706617], 2, -1.0, [-0.575736615532504, 0.0058854676537723905]
[-0.575736615532504, 0.0058854676537723905], 2, -1.0, [-0.5684617065825781, 0.0072749089499258715]
[-0.5684617065825781, 0.0072749089499258715], 2, -1.0, [-0.5598513405475788, 0.008610366034999314]
[-0.5598513405475788, 0.008610366034999314], 2, -1.0, [-0.5499696159634253, 0.009881724584153437]
[-0.5499696159634253, 0.009881724584153437], 0, -1.0, [-0.5408903163239526, 0.009079299639472712]
[-0.5408903163239526, 0.009079299639472712], 0, -1.0, [-0.5326813882851227, 0.008208928038829921]
[-0.5326813882851227, 0.008208928038829921], 0, -1.0, [-0.5254043490800006, 0.007277039205122178]
[-0.5254043490800006, 0.007277039205122178], 0, -1.0, [-0.5191137681399869, 0.006290580940013689]
[-0.5191137681399869, 0.006290580940013689], 0, -1.0, [-0.5138568237409759, 0.005256944399011047]
[-0.5138568237409759, 0.005256944399011047], 0, -1.0, [-0.509672933579971, 0.00418389016100486]
[-0.509672933579971, 0.00418389016100486], 0, -1.0, [-0.506593456854716, 0.0030794767252549614]
[-0.506593456854716, 0.0030794767252549614], 0, -1.0, [-0.5046414647040929, 0.0019519921506231865]
[-0.5046414647040929, 0.0019519921506231865], 0, -1.0, [-0.503831575752766, 0.0008098889513268545]
[-0.503831575752766, 0.0008098889513268545], 0, -1.0, [-0.50416985392192, -0.00033827816915400115]
[-0.50416985392192, -0.00033827816915400115], 0, -1.0, [-0.5056537665091758, -0.001483912587255788]
[-0.5056537665091758, -0.001483912587255788], 0, -1.0, [-0.5082722016635105, -0.002618435154334668]
[-0.5082722016635105, -0.002618435154334668], 0, -1.0, [-0.5120055456235828, -0.0037333439600723316]
[-0.5120055456235828, -0.0037333439600723316], 0, -1.0, [-0.5168258212801731, -0.004820275656590323]
[-0.5168258212801731, -0.004820275656590323], 0, -1.0, [-0.5226968905989013, -0.00587106931872826]
[-0.5226968905989013, -0.00587106931872826], 0, -1.0, [-0.5295747240468722, -0.006877833447970856]
[-0.5295747240468722, -0.006877833447970856], 0, -1.0, [-0.5374077402823345, -0.007833016235462323]
[-0.5374077402823345, -0.007833016235462323], 0, -1.0, [-0.5461372189035913, -0.00872947862125679]
[-0.5461372189035913, -0.00872947862125679], 0, -1.0, [-0.5556977879731125, -0.0095605690695212]
[-0.5556977879731125, -0.0095605690695212], 0, -1.0, [-0.5660179863498134, -0.010320198376700881]
[-0.5660179863498134, -0.010320198376700881], 0, -1.0, [-0.5770208986484858, -0.011002912298672412]
[-0.5770208986484858, -0.011002912298672412], 0, -1.0, [-0.5886248580275282, -0.011603959379042399]
[-0.5886248580275282, -0.011603959379042399], 0, -1.0, [-0.6007442091598496, -0.012119351132321406]
[-0.6007442091598496, -0.012119351132321406], 0, -1.0, [-0.6132901208781462, -0.012545911718296538]
[-0.6132901208781462, -0.012545911718296538], 0, -1.0, [-0.6261714353335467, -0.012881314455400566]
[-0.6261714353335467, -0.012881314455400566], 0, -1.0, [-0.6392955382914325, -0.013124102957885773]
[-0.6392955382914325, -0.013124102957885773], 0, -1.0, [-0.6525692336098836, -0.013273695318451073]
[-0.6525692336098836, -0.013273695318451073], 0, -1.0, [-0.6658996041580744, -0.01333037054819075]
[-0.6658996041580744, -0.01333037054819075], 0, -1.0, [-0.6791948415246319, -0.013295237366557612]
[-0.6791948415246319, -0.013295237366557612], 0, -1.0, [-0.6923650278577331, -0.013170186333101182]
[-0.6923650278577331, -0.013170186333101182], 0, -1.0, [-0.7053228550139603, -0.012957827156227187]
[-0.7053228550139603, -0.012957827156227187], 0, -1.0, [-0.7179842687490885, -0.012661413735128182]
[-0.7179842687490885, -0.012661413735128182], 0, -1.0, [-0.7302690287854758, -0.012284760036387296]
[-0.7302690287854758, -0.012284760036387296], 0, -1.0, [-0.7421011790281656, -0.011832150242689783]
[-0.7421011790281656, -0.011832150242689783], 2, -1.0, [-0.751409425753294, -0.00930824672512828]
[-0.751409425753294, -0.00930824672512828], 2, -1.0, [-0.7581390277114577, -0.00672960195816376]
[-0.7581390277114577, -0.00672960195816376], 2, -1.0, [-0.762251172755665, -0.004112145044207288]
[-0.762251172755665, -0.004112145044207288], 2, -1.0, [-0.7637224680872361, -0.001471295331571045]
[-0.7637224680872361, -0.001471295331571045], 2, -1.0, [-0.762544604406976, 0.0011778636802600544]
[-0.762544604406976, 0.0011778636802600544], 2, -1.0, [-0.758724231269969, 0.0038203731370070023]
[-0.758724231269969, 0.0038203731370070023], 2, -1.0, [-0.7522830570602183, 0.006441174209750724]
[-0.7522830570602183, 0.006441174209750724], 2, -1.0, [-0.7432581628418209, 0.009024894218397325]
[-0.7432581628418209, 0.009024894218397325], 2, -1.0, [-0.7317024954041106, 0.011555667437710339]
[-0.7317024954041106, 0.011555667437710339], 2, -1.0, [-0.7176854816917446, 0.014017013712365951]
[-0.7176854816917446, 0.014017013712365951], 2, -1.0, [-0.7012936853793316, 0.016391796312413057]
[-0.7012936853793316, 0.016391796312413057], 2, -1.0, [-0.6826314079217725, 0.018662277457559145]
[-0.6826314079217725, 0.018662277457559145], 2, -1.0, [-0.6618211227544513, 0.020810285167321186]
[-0.6618211227544513, 0.020810285167321186], 2, -1.0, [-0.6390036245564903, 0.022817498197960927]
[-0.6390036245564903, 0.022817498197960927], 2, -1.0, [-0.6143377778390906, 0.02466584671739963]
[-0.6143377778390906, 0.02466584671739963], 2, -1.0, [-0.5879997624567248, 0.026338015382365826]
[-0.5879997624567248, 0.026338015382365826], 2, -1.0, [-0.5601817389701049, 0.027818023486619894]
[-0.5601817389701049, 0.027818023486619894], 2, -1.0, [-0.5310898937205408, 0.029091845249564048]
[-0.5310898937205408, 0.029091845249564048], 2, -1.0, [-0.5009418698141925, 0.030148023906348267]
[-0.5009418698141925, 0.030148023906348267], 2, -1.0, [-0.46996364188729434, 0.03097822792689818]
[-0.46996364188729434, 0.03097822792689818], 2, -1.0, [-0.43838594390512714, 0.0315776979821672]
[-0.43838594390512714, 0.0315776979821672], 2, -1.0, [-0.40644040393653025, 0.03194553996859687]
[-0.40644040393653025, 0.03194553996859687], 2, -1.0, [-0.3743555717595629, 0.03208483217696734]
[-0.3743555717595629, 0.03208483217696734], 2, -1.0, [-0.34235303970781067, 0.032002532051752235]
[-0.34235303970781067, 0.032002532051752235], 0, -1.0, [-0.31264385222921487, 0.029709187478595786]
[-0.31264385222921487, 0.029709187478595786], 0, -1.0, [-0.28541330762637157, 0.02723054460284332]
[-0.28541330762637157, 0.02723054460284332], 0, -1.0, [-0.2608209690130226, 0.024592338613348988]
[-0.2608209690130226, 0.024592338613348988], 0, -1.0, [-0.23900157857908205, 0.021819390433940558]
[-0.23900157857908205, 0.021819390433940558], 0, -1.0, [-0.22006663160784257, 0.01893494697123948]
[-0.22006663160784257, 0.01893494697123948], 0, -1.0, [-0.20410635877867814, 0.015960272829164422]
[-0.20410635877867814, 0.015960272829164422], 0, -1.0, [-0.19119187917847927, 0.012914479600198878]
[-0.19119187917847927, 0.012914479600198878], 0, -1.0, [-0.181377314750134, 0.009814564428345286]
[-0.181377314750134, 0.009814564428345286], 0, -1.0, [-0.17470169278266395, 0.006675621967470037]
[-0.17470169278266395, 0.006675621967470037], 0, -1.0, [-0.17119050116874607, 0.00351119161391788]
[-0.17119050116874607, 0.00351119161391788], 0, -1.0, [-0.17085679810083618, 0.0003337030679098933]
[-0.17085679810083618, 0.0003337030679098933], 0, -1.0, [-0.17370181207776506, -0.002845013976928867]
[-0.17370181207776506, -0.002845013976928867], 0, -1.0, [-0.17971499950531575, -0.0060131874275506985]
[-0.17971499950531575, -0.0060131874275506985], 0, -1.0, [-0.188873556819971, -0.00915855731465525]
[-0.188873556819971, -0.00915855731465525], 0, -1.0, [-0.2011414135321762, -0.012267856712205198]
[-0.2011414135321762, -0.012267856712205198], 2, -1.0, [-0.21446776351515157, -0.013326349982975369]
[-0.21446776351515157, -0.013326349982975369], 0, -1.0, [-0.23079426021593002, -0.01632649670077847]
[-0.23079426021593002, -0.01632649670077847], 0, -1.0, [-0.25004507466301845, -0.019250814447088416]
[-0.25004507466301845, -0.019250814447088416], 0, -1.0, [-0.2721248808307874, -0.022079806167768962]
[-0.2721248808307874, -0.022079806167768962], 0, -1.0, [-0.2969168554566024, -0.024791974625815023]
[-0.2969168554566024, -0.024791974625815023], 0, -1.0, [-0.32428090159596307, -0.027364046139360654]
[-0.32428090159596307, -0.027364046139360654], 0, -1.0, [-0.3540523285944959, -0.029771426998532878]
[-0.3540523285944959, -0.029771426998532878], 0, -1.0, [-0.3860412288122448, -0.03198890021774885]
[-0.3860412288122448, -0.03198890021774885], 0, -1.0, [-0.42003277661888627, -0.03399154780664149]
[-0.42003277661888627, -0.03399154780664149], 0, -1.0, [-0.4557886326455107, -0.03575585602662446]
[-0.4557886326455107, -0.03575585602662446], 0, -1.0, [-0.4930495641819334, -0.037260931536422674]
[-0.4930495641819334, -0.037260931536422674], 0, -1.0, [-0.5315392941990871, -0.038489730017153646]
[-0.5315392941990871, -0.038489730017153646], 0, -1.0, [-0.5709694759590481, -0.039430181759961005]
[-0.5709694759590481, -0.039430181759961005], 0, -1.0, [-0.6110455721237148, -0.04007609616466664]
[-0.6110455721237148, -0.04007609616466664], 0, -1.0, [-0.6514733143514073, -0.04042774222769254]
[-0.6514733143514073, -0.04042774222769254], 0, -1.0, [-0.6919653487012972, -0.04049203434988992]
[-0.6919653487012972, -0.04049203434988992], 0, -1.0, [-0.7322476462769067, -0.04028229757560947]
[-0.7322476462769067, -0.04028229757560947], 0, -1.0, [-0.7720652821571912, -0.03981763588028438]
[-0.7720652821571912, -0.03981763588028438], 0, -1.0, [-0.811187254441422, -0.03912197228423081]
[-0.811187254441422, -0.03912197228423081], 0, -1.0, [-0.8494101168827736, -0.038222862441351486]
[-0.8494101168827736, -0.038222862441351486], 0, -1.0, [-0.8865603159956263, -0.03715019911285272]
[-0.8865603159956263, -0.03715019911285272], 0, -1.0, [-0.9224952388168132, -0.03593492282118685]
[-0.9224952388168132, -0.03593492282118685], 0, -1.0, [-0.9571030757500174, -0.03460783693320425]
[-0.9571030757500174, -0.03460783693320425], 0, -1.0, [-0.9903016745358666, -0.033198598785849215]
[-0.9903016745358666, -0.033198598785849215], 0, -1.0, [-1.022036602824082, -0.03173492828821527]
[-1.022036602824082, -0.03173492828821527], 0, -1.0, [-1.0522786498062264, -0.03024204698214453]
[-1.0522786498062264, -0.03024204698214453], 0, -1.0, [-1.0810209872303316, -0.028742337424105247]
[-1.0810209872303316, -0.028742337424105247], 0, -1.0, [-1.1082761838945696, -0.027255196664238007]
[-1.1082761838945696, -0.027255196664238007], 0, -1.0, [-1.134073232505266, -0.025797048610696427]
[-1.134073232505266, -0.025797048610696427], 0, -1.0, [-1.1584547096475577, -0.024381477142291563]
[-1.1584547096475577, -0.024381477142291563], 0, -1.0, [-1.1814741530451665, -0.02301944339760872]
[-1.1814741530451665, -0.02301944339760872], 0, -1.0, [-1.2, 0.0]
[-1.2, 0.0], 2, -1.0, [-1.1967581039591646, 0.003241896040835368]
[-1.1967581039591646, 0.003241896040835368], 2, -1.0, [-1.1902636585360942, 0.006494445423070332]
[-1.1902636585360942, 0.006494445423070332], 2, -1.0, [-1.1804959639787937, 0.009767694557300442]
[-1.1804959639787937, 0.009767694557300442], 2, -1.0, [-1.1674255149588486, 0.013070449019945182]
[-1.1674255149588486, 0.013070449019945182], 2, -1.0, [-1.1510159267200155, 0.016409588238833067]
[-1.1510159267200155, 0.016409588238833067], 2, -1.0, [-1.1312266168239755, 0.019789309896040046]
[-1.1312266168239755, 0.019789309896040046], 2, -1.0, [-1.108016322100852, 0.02321029472312345]
[-1.108016322100852, 0.02321029472312345], 2, -1.0, [-1.081347524946184, 0.02666879715466819]
[-1.081347524946184, 0.02666879715466819], 2, -1.0, [-1.0511918363028878, 0.03015568864329602]
[-1.0511918363028878, 0.03015568864329602], 2, -1.0, [-1.0175363271434712, 0.0336555091594167]
[-1.0175363271434712, 0.0336555091594167], 2, -1.0, [-0.9803907090723114, 0.03714561807115983]
[-0.9803907090723114, 0.03714561807115983], 2, -1.0, [-0.9397951336374217, 0.04059557543488971]
[-0.9397951336374217, 0.04059557543488971], 2, -1.0, [-0.8958282112564235, 0.043966922380998245]
[-0.8958282112564235, 0.043966922380998245], 2, -1.0, [-0.8486146572192776, 0.04721355403714586]
[-0.8486146572192776, 0.04721355403714586], 2, -1.0, [-0.7983317816221248, 0.05028287559715283]
[-0.7983317816221248, 0.05028287559715283], 2, -1.0, [-0.7452138959379592, 0.0531178856841656]
[-0.7452138959379592, 0.0531178856841656], 2, -1.0, [-0.6895536666604415, 0.0556602292775177]
[-0.6895536666604415, 0.0556602292775177], 2, -1.0, [-0.6316995610792892, 0.057854105581152386]
[-0.6316995610792892, 0.057854105581152386], 2, -1.0, [-0.5720488365336812, 0.05965072454560789]
[-0.5720488365336812, 0.05965072454560789], 2, -1.0, [-0.5110360146660762, 0.061012821867605024]
[-0.5110360146660762, 0.061012821867605024], 2, -1.0, [-0.44911739120176025, 0.061918623464315904]
[-0.44911739120176025, 0.061918623464315904], 2, -1.0, [-0.38675274139346727, 0.06236464980829299]
[-0.38675274139346727, 0.06236464980829299], 2, -1.0, [-0.3243858485235833, 0.06236689286988392]
[-0.3243858485235833, 0.06236689286988392], 2, -1.0, [-0.2624256859117381, 0.061960162611845254]
[-0.2624256859117381, 0.061960162611845254], 2, -1.0, [-0.20122996568717166, 0.061195720224566416]
[-0.20122996568717166, 0.061195720224566416], 2, -1.0, [-0.14109236178367496, 0.06013760390349669]
[-0.14109236178367496, 0.06013760390349669], 2, -1.0, [-0.08223412731502394, 0.05885823446865101]
[-0.08223412731502394, 0.05885823446865101], 2, -1.0, [-0.024800200336085113, 0.05743392697893883]
[-0.024800200336085113, 0.05743392697893883], 2, -1.0, [0.03114064276343887, 0.05594084309952398]
[0.03114064276343887, 0.05594084309952398], 2, -1.0, [0.08559238750154527, 0.0544517447381064]
[0.08559238750154527, 0.0544517447381064], 2, -1.0, [0.13862609852276647, 0.05303371102122119]
[0.13862609852276647, 0.05303371102122119], 2, -1.0, [0.19037290492486428, 0.0517468064020978]
[0.19037290492486428, 0.0517468064020978], 1, -1.0, [0.24001646944167865, 0.04964356451681436]
[0.24001646944167865, 0.04964356451681436], 1, -1.0, [0.28778060108566533, 0.047764131643986706]
[0.28778060108566533, 0.047764131643986706], 1, -1.0, [0.3339199795570522, 0.04613937847138687]
[0.3339199795570522, 0.04613937847138687], 1, -1.0, [0.3787123066970787, 0.0447923271400265]
[0.3787123066970787, 0.0447923271400265], 1, -1.0, [0.4224518800794228, 0.0437395733823441]
[0.4224518800794228, 0.0437395733823441], 1, -1.0, [0.4654444398008648, 0.042992559721442024]
[0.4654444398008648, 0.042992559721442024], 1, -1.0, [0.5080030512181968, 0.042558611417332]
