[-0.4892953894437071, 0.0], 0, -1.0, [-0.4905522109677254, -0.0012568215240182765]
[-0.4905522109677254, -0.0012568215240182765], 0, -1.0, [-0.4930564759208601, -0.002504264953134744]
[-0.4930564759208601, -0.002504264953134744], 0, -1.0, [-0.4967894877341837, -0.0037330118133235934]
[-0.4967894877341837, -0.0037330118133235934], 0, -1.0, [-0.5017233525020077, -0.004933864767824076]
[-0.5017233525020077, -0.004933864767824076], 0, -1.0, [-0.5078211652018736, -0.006097812699865862]
[-0.5078211652018736, -0.006097812699865862], 0, -1.0, [-0.515037265799525, -0.0072161005976514574]
[-0.515037265799525, -0.0072161005976514574], 0, -1.0, [-0.5233175706609181, -0.008280304861393082]
[-0.5233175706609181, -0.008280304861393082], 0, -1.0, [-0.5325999845590914, -0.009282413898173277]
[-0.5325999845590914, -0.009282413898173277], 0, -1.0, [-0.542814897594315, -0.010214913035223643]
[-0.542814897594315, -0.010214913035223643], 0, -1.0, [-0.5538857695282969, -0.011070871933981883]
[-0.5538857695282969, -0.011070871933981883], 0, -1.0, [-0.5657298014299141, -0.011844031901617206]
[-0.5657298014299141, -0.011844031901617206], 0, -1.0, [-0.5782586912810241, -0.012528889851109967]
[-0.5782586912810241, -0.012528889851109967], 0, -1.0, [-0.5913794665085345, -0.013120775227510312]
[-0.5913794665085345, -0.013120775227510312], 0, -1.0, [-0.6049953825636221, -0.013615916055087605]
[-0.6049953825636221, -0.013615916055087605], 0, -1.0, [-0.6190068729680096, -0.01401149040438752]
[-0.6190068729680096, -0.01401149040438752], 0, -1.0, [-0.6333125330062012, -0.014305660038191555]
[-0.6333125330062012, -0.014305660038191555], 0, -1.0, [-0.6478101167539428, -0.014497583747741684]
[-0.6478101167539428, -0.014497583747741684], 0, -1.0, [-0.6623975256347475, -0.014587408880804627]
[-0.6623975256347475, -0.014587408880804627], 0, -1.0, [-0.6769737663450002, -0.014576240710252614]
[-0.6769737663450002, -0.014576240710252614], 0, -1.0, [-0.691439856842287, -0.014466090497286888]
[-0.691439856842287, -0.014466090497286888], 0, -1.0, [-0.7056996611049308, -0.014259804262643769]
[-0.7056996611049308, -0.014259804262643769], 0, -1.0, [-0.7196606363988877, -0.013960975293956887]
[-0.7196606363988877, -0.013960975293956887], 0, -1.0, [-0.733234480606475, -0.013573844207587282]
[-0.733234480606475, -0.013573844207587282], 0, -1.0, [-0.7463376715011674, -0.013103190894692382]
[-0.7463376715011674, -0.013103190894692382], 0, -1.0, [-0.7588918943920198, -0.012554222890852356]
[-0.7588918943920198, -0.012554222890852356], 2, -1.0, [-0.7688243590156834, -0.00993246462366355]
[-0.7688243590156834, -0.00993246462366355], 2, -1.0, [-0.7760791010488779, -0.00725474203319455]
[-0.7760791010488779, -0.00725474203319455], 2, -1.0, [-0.7806161822848038, -0.0045370812359258866]
[-0.7806161822848038, -0.0045370812359258866], 2, -1.0, [-0.7824110378879134, -0.001794855603109628]
[-0.7824110378879134, -0.001794855603109628], 2, -1.0, [-0.7814540389322171, 0.0009569989556963768]
[-0.7814540389322171, 0.0009569989556963768], 2, -1.0, [-0.7777503131608592, 0.003703725771357867]
[-0.7777503131608592, 0.003703725771357867], 2, -1.0, [-0.7713198409905637, 0.00643047217029544]
[-0.7713198409905637, 0.00643047217029544], 2, -1.0, [-0.7621978176821214, 0.009122023308442365]
[-0.7621978176821214, 0.009122023308442365], 2, -1.0, [-0.7504352465912159, 0.011762571090905533]
[-0.7504352465912159, 0.011762571090905533], 2, -1.0, [-0.7360997028801858, 0.014335543711030033]
[-0.7360997028801858, 0.014335543711030033], 2, -1.0, [-0.719276182735975, 0.016823520144210725]
[-0.719276182735975, 0.016823520144210725], 2, -1.0, [-0.7000679312706469, 0.01920825146532808]
[-0.7000679312706469, 0.01920825146532808], 2, -1.0, [-0.678597124778213, 0.021470806492433978]
[-0.678597124778213, 0.021470806492433978], 2, -1.0, [-0.6550052723487181, 0.023591852429494863]
[-0.6550052723487181, 0.023591852429494863], 2, -1.0, [-0.6294532007595903, 0.025552071589127746]
[-0.6294532007595903, 0.025552071589127746], 2, -1.0, [-0.6021204976609591, 0.02733270309863122]
[-0.6021204976609591, 0.02733270309863122], 2, -1.0, [-0.5732043131110287, 0.028916184549930442]
[-0.5732043131110287, 0.028916184549930442], 2, -1.0, [-0.5429174587390646, 0.0302868543719641]
[-0.5429174587390646, 0.0302868543719641], 2, -1.0, [-0.511485795341918, 0.03143166339714663]
[-0.511485795341918, 0.03143166339714663], 2, -1.0, [-0.4791449593037444, 0.03234083603817358]
[-0.4791449593037444, 0.03234083603817358], 2, -1.0, [-0.4461365394870061, 0.03300841981673828]
[-0.4461365394870061, 0.03300841981673828], 2, -1.0, [-0.412703871494532, 0.033432667992474054]
[-0.412703871494532, 0.033432667992474054], 2, -1.0, [-0.3790876577747378, 0.03361621371979425]
[-0.3790876577747378, 0.03361621371979425], 2, -1.0, [-0.34552164378195765, 0.03356601399278016]
[-0.34552164378195765, 0.03356601399278016], 2, -1.0, [-0.3122285789954656, 0.033293064786492084]
[-0.3122285789954656, 0.033293064786492084], 0, -1.0, [-0.281416667311128, 0.030811911684337535]
[-0.281416667311128, 0.030811911684337535], 0, -1.0, [-0.2532654858084126, 0.028151181502715374]
[-0.2532654858084126, 0.028151181502715374], 0, -1.0, [-0.2279267448571219, 0.02533874095129073]
[-0.2279267448571219, 0.02533874095129073], 0, -1.0, [-0.20552597936449785, 0.022400765492624052]
[-0.20552597936449785, 0.022400765492624052], 0, -1.0, [-0.18616486893590053, 0.01936111042859731]
[-0.18616486893590053, 0.01936111042859731], 0, -1.0, [-0.16992389299422656, 0.016240975941673993]
[-0.16992389299422656, 0.016240975941673993], 0, -1.0, [-0.15686505691760788, 0.01305883607661868]
[-0.15686505691760788, 0.01305883607661868], 0, -1.0, [-0.14703446730506547, 0.009830589612542408]
[-0.14703446730506547, 0.009830589612542408], 0, -1.0, [-0.14046458051784358, 0.006569886787221894]
[-0.14046458051784358, 0.006569886787221894], 0, -1.0, [-0.13717599308303272, 0.0032885874348108665]
[-0.13717599308303272, 0.0032885874348108665], 0, -1.0, [-0.13717868236237615, -2.6892793434439392e-06]
[-0.13717868236237615, -2.6892793434439392e-06], 0, -1.0, [-0.1404726402877555, -0.0032939579253793497]
[-0.1404726402877555, -0.0032939579253793497], 0, -1.0, [-0.14704787283956017, -0.0065752325518046665]
[-0.14704787283956017, -0.0065752325518046665], 0, -1.0, [-0.15688376528991574, -0.009835892450355582]
[-0.15688376528991574, -0.009835892450355582], 0, -1.0, [-0.16994784058065512, -0.013064075290739394]
[-0.16994784058065512, -0.013064075290739394], 0, -1.0, [-0.1861939680866092, -0.016246127505954083]
[-0.1861939680866092, -0.016246127505954083], 0, -1.0, [-0.20556011442189448, -0.01936614633528528]
[-0.20556011442189448, -0.01936614633528528], 0, -1.0, [-0.22796576777189992, -0.02240565335000545]
[-0.22796576777189992, -0.02240565335000545], 0, -1.0, [-0.2533092116783031, -0.025343443906403224]
[-0.2533092116783031, -0.025343443906403224], 0, -1.0, [-0.28146487024125466, -0.02815565856295152]
[-0.28146487024125466, -0.02815565856295152], 0, -1.0, [-0.31228098874051113, -0.0308161184992565]
[-0.31228098874051113, -0.0308161184992565], 0, -1.0, [-0.3455779436643464, -0.0332969549238353]
[-0.3455779436643464, -0.0332969549238353], 0, -1.0, [-0.38114748436328705, -0.03556954069894063]
[-0.38114748436328705, -0.03556954069894063], 0, -1.0, [-0.41875318533123795, -0.037605700967950906]
[-0.41875318533123795, -0.037605700967950906], 0, -1.0, [-0.4581323263025841, -0.03937914097134616]
[-0.4581323263025841, -0.03937914097134616], 0, -1.0, [-0.49899931520338936, -0.040866988900805264]
[-0.49899931520338936, -0.040866988900805264], 0, -1.0, [-0.5410506326357443, -0.04205131743235486]
[-0.5410506326357443, -0.04205131743235486], 0, -1.0, [-0.5839711209288572, -0.04292048829311285]
[-0.5839711209288572, -0.04292048829311285], 0, -1.0, [-0.6274412880961737, -0.043470167167316595]
[-0.6274412880961737, -0.043470167167316595], 0, -1.0, [-0.6711451727504785, -0.0437038846543047]
[-0.6711451727504785, -0.0437038846543047], 0, -1.0, [-0.7147782429254084, -0.04363307017492985]
[-0.7147782429254084, -0.04363307017492985], 0, -1.0, [-0.7580547939792749, -0.04327655105386656]
[-0.7580547939792749, -0.04327655105386656], 0, -1.0, [-0.8007143698854005, -0.04265957590612556]
[-0.8007143698854005, -0.04265957590612556], 0, -1.0, [-0.842526846759767, -0.0418124768743665]
[-0.842526846759767, -0.0418124768743665], 0, -1.0, [-0.8832959660893838, -0.04076911932961676]
[-0.8832959660893838, -0.04076911932961676], 0, -1.0, [-0.9228612622317558, -0.03956529614237201]
[-0.9228612622317558, -0.03956529614237201], 0, -1.0, [-0.9610984706885305, -0.03823720845677471]
[-0.9610984706885305, -0.03823720845677471], 0, -1.0, [-0.9979186133376976, -0.03682014264916715]
[-0.9979186133376976, -0.03682014264916715], 2, -1.0, [-1.0312660259198434, -0.03334741258214579]
[-1.0312660259198434, -0.03334741258214579], 0, -1.0, [-1.0631162933603244, -0.03185026744048102]
[-1.0631162933603244, -0.03185026744048102], 0, -1.0, [-1.0934694110804952, -0.030353117720170856]
[-1.0934694110804952, -0.030353117720170856], 0, -1.0, [-1.1223465773523773, -0.028877166271882113]
[-1.1223465773523773, -0.028877166271882113], 0, -1.0, [-1.1497870079652561, -0.027440430612878812]
[-1.1497870079652561, -0.027440430612878812], 0, -1.0, [-1.1758449086385323, -0.026057900673276107]
[-1.1758449086385323, -0.026057900673276107], 0, -1.0, [-1.2, 0.0]
[-1.2, 0.0], 2, -1.0, [-1.1967581039591646, 0.003241896040835368]
[-1.1967581039591646, 0.003241896040835368], 2, -1.0, [-1.1902636585360942, 0.006494445423070332]
[-1.1902636585360942, 0.006494445423070332], 2, -1.0, [-1.1804959639787937, 0.009767694557300442]
[-1.1804959639787937, 0.009767694557300442], 2, -1.0, [-1.1674255149588486, 0.013070449019945182]
[-1.1674255149588486, 0.013070449019945182], 2, -1.0, [-1.1510159267200155, 0.016409588238833067]
[-1.1510159267200155, 0.016409588238833067], 2, -1.0, [-1.1312266168239755, 0.019789309896040046]
[-1.1312266168239755, 0.019789309896040046], 2, -1.0, [-1.108016322100852, 0.02321029472312345]
[-1.108016322100852, 0.02321029472312345], 2, -1.0, [-1.081347524946184, 0.02666879715466819]
[-1.081347524946184, 0.02666879715466819], 2, -1.0, [-1.0511918363028878, 0.03015568864329602]
[-1.0511918363028878, 0.03015568864329602], 2, -1.0, [-1.0175363271434712, 0.0336555091594167]
[-1.0175363271434712, 0.0336555091594167], 2, -1.0, [-0.9803907090723114, 0.03714561807115983]
[-0.9803907090723114, 0.03714561807115983], 2, -1.0, [-0.9397951336374217, 0.04059557543488971]
[-0.9397951336374217, 0.04059557543488971], 2, -1.0, [-0.8958282112564235, 0.043966922380998245]
[-0.8958282112564235, 0.043966922380998245], 2, -1.0, [-0.8486146572192776, 0.04721355403714586]
[-0.8486146572192776, 0.04721355403714586], 2, -1.0, [-0.7983317816221248, 0.05028287559715283]
[-0.7983317816221248, 0.05028287559715283], 2, -1.0, [-0.7452138959379592, 0.0531178856841656]
[-0.7452138959379592, 0.0531178856841656], 2, -1.0, [-0.6895536666604415, 0.0556602292775177]
[-0.6895536666604415, 0.0556602292775177], 2, -1.0, [-0.6316995610792892, 0.057854105581152386]
[-0.6316995610792892, 0.057854105581152386], 2, -1.0, [-0.5720488365336812, 0.05965072454560789]
[-0.5720488365336812, 0.05965072454560789], 2, -1.0, [-0.5110360146660762, 0.061012821867605024]
[-0.5110360146660762, 0.061012821867605024], 2, -1.0, [-0.44911739120176025, 0.061918623464315904]
[-0.44911739120176025, 0.061918623464315904], 2, -1.0, [-0.38675274139346727, 0.06236464980829299]
[-0.38675274139346727, 0.06236464980829299], 2, -1.0, [-0.3243858485235833, 0.06236689286988392]
[-0.3243858485235833, 0.06236689286988392], 0, -1.0, [-0.2644256859117381, 0.05996016261184525]
[-0.2644256859117381, 0.05996016261184525], 2, -1.0, [-0.2052193074793949, 0.05920637843234319]
[-0.2052193074793949, 0.05920637843234319], 2, -1.0, [-0.1470539132375403, 0.05816539424185461]
[-0.1470539132375403, 0.05816539424185461], 2, -1.0, [-0.09014915955067435, 0.056904753686865955]
[-0.09014915955067435, 0.056904753686865955], 2, -1.0, [-0.03465353447194531, 0.05549562507872904]
[-0.03465353447194531, 0.05549562507872904], 2, -1.0, [0.019355588202422364, 0.05400912267436767]
[0.019355588202422364, 0.05400912267436767], 2, -1.0, [0.07186892437912429, 0.052513336176701925]
[0.07186892437912429, 0.052513336176701925], 2, -1.0, [0.12294014365363143, 0.05107121927450714]
[0.12294014365363143, 0.05107121927450714], 2, -1.0, [0.17267947980998222, 0.049739336156350795]
[0.17267947980998222, 0.049739336156350795], 1, -1.0, [0.22024683554139043, 0.04756735573140821]
[0.22024683554139043, 0.04756735573140821], 1, -1.0, [0.26584034627816755, 0.045593510736777094]
[0.26584034627816755, 0.045593510736777094], 1, -1.0, [0.3096876498531942, 0.04384730357502666]
[0.3096876498531942, 0.04384730357502666], 1, -1.0, [0.352038491233151, 0.04235084137995682]
[0.352038491233151, 0.04235084137995682], 1, -1.0, [0.3931586899312855, 0.04112019869813448]
[0.3931586899312855, 0.04112019869813448], 1, -1.0, [0.43332536562671764, 0.04016667569543216]
[0.43332536562671764, 0.04016667569543216], 1, -1.0, [0.4728232366706624, 0.03949787104394478]
[0.4728232366706624, 0.03949787104394478], 1, -1.0, [0.5119417621713135, 0.03911852550065105]
