[-0.5209255642617595, 0.0], 0, -1.0, [-0.5219456131318764, -0.0010200488701168245]
[-0.5219456131318764, -0.0010200488701168245], 0, -1.0, [-0.5239780606696639, -0.0020324475377875113]
[-0.5239780606696639, -0.0020324475377875113], 0, -1.0, [-0.52700766357003, -0.0030296029003661065]
[-0.52700766357003, -0.0030296029003661065], 0, -1.0, [-0.5310117002562526, -0.0040040366862225075]
[-0.5310117002562526, -0.0040040366862225075], 0, -1.0, [-0.5359601445901255, -0.0049484443338729854]
[-0.5359601445901255, -0.0049484443338729854], 0, -1.0, [-0.5418158999047709, -0.005855755314645321]
[-0.5418158999047709, -0.005855755314645321], 0, -1.0, [-0.5485350947899702, -0.00671919488519933]
[-0.5485350947899702, -0.00671919488519933], 0, -1.0, [-0.5560674416738282, -0.007532346883857937]
[-0.5560674416738282, -0.007532346883857937], 0, -1.0, [-0.5643566584549599, -0.008289216781131684]
[-0.5643566584549599, -0.008289216781131684], 0, -1.0, [-0.5733409522514551, -0.008984293796495218]
[-0.5733409522514551, -0.008984293796495218], 0, -1.0, [-0.5829535627903428, -0.009612610538887699]
[-0.5829535627903428, -0.009612610538887699], 0, -1.0, [-0.5931233611452916, -0.010169798354948788]
[-0.5931233611452916, -0.010169798354948788], 0, -1.0, [-0.603775497554739, -0.010652136409447397]
[-0.603775497554739, -0.010652136409447397], 0, -1.0, [-0.6148320900560899, -0.01105659250135085]
[-0.6148320900560899, -0.01105659250135085], 0, -1.0, [-0.6262129438060016, -0.011380853749911756]
[-0.6262129438060016, -0.011380853749911756], 0, -1.0, [-0.6378362893739832, -0.011623345567981638]
[-0.6378362893739832, -0.011623345567981638], 0, -1.0, [-0.6496195271341698, -0.011783237760186627]
[-0.6496195271341698, -0.011783237760186627], 0, -1.0, [-0.6614799642479965, -0.01186043711382664]
[-0.6614799642479965, -0.01186043711382664], 0, -1.0, [-0.6733355306995447, -0.011855566451548128]
[-0.6733355306995447, -0.011855566451548128], 0, -1.0, [-0.6851054614405268, -0.011769930740982048]
[-0.6851054614405268, -0.011769930740982048], 0, -1.0, [-0.69671093289979, -0.011605471459263328]
[-0.69671093289979, -0.011605471459263328], 0, -1.0, [-0.7080756438438087, -0.011364710944018709]
[-0.7080756438438087, -0.011364710944018709], 1, -1.0, [-0.7181263327325911, -0.0100506888887824]
[-0.7181263327325911, -0.0100506888887824], 2, -1.0, [-0.7257994786610981, -0.0076731459285069884]
[-0.7257994786610981, -0.0076731459285069884], 2, -1.0, [-0.7310474268797867, -0.005247948218688724]
[-0.7310474268797867, -0.005247948218688724], 2, -1.0, [-0.7338380178954312, -0.002790591015644456]
[-0.7338380178954312, -0.002790591015644456], 2, -1.0, [-0.7341542975380243, -0.00031627964259305]
[-0.7341542975380243, -0.00031627964259305], 2, -1.0, [-0.7319943507551478, 0.0021599467828764827]
[-0.7319943507551478, 0.0021599467828764827], 2, -1.0, [-0.7273712822467475, 0.0046230685084003575]
[-0.7273712822467475, 0.0046230685084003575], 2, -1.0, [-0.7203133465753689, 0.007057935671378579]
[-0.7203133465753689, 0.007057935671378579], 2, -1.0, [-0.7108642098187712, 0.009449136756597712]
[-0.7108642098187712, 0.009449136756597712], 2, -1.0, [-0.6990833048953651, 0.011780904923406069]
[-0.6990833048953651, 0.011780904923406069], 2, -1.0, [-0.6850462242241502, 0.014037080671214876]
[-0.6850462242241502, 0.014037080671214876], 2, -1.0, [-0.6688450774315762, 0.016201146792574044]
[-0.6688450774315762, 0.016201146792574044], 2, -1.0, [-0.650588729695186, 0.018256347736390188]
[-0.650588729695186, 0.018256347736390188], 2, -1.0, [-0.6304028295297145, 0.020185900165471487]
[-0.6304028295297145, 0.020185900165471487], 2, -1.0, [-0.6084295349330948, 0.021973294596619623]
[-0.6084295349330948, 0.021973294596619623], 2, -1.0, [-0.5848268551559657, 0.023602679777129133]
[-0.5848268551559657, 0.023602679777129133], 2, -1.0, [-0.5597675427159139, 0.025059312440051797]
[-0.5597675427159139, 0.025059312440051797], 2, -1.0, [-0.5334374965057489, 0.026330046210165027]
[-0.5334374965057489, 0.026330046210165027], 2, -1.0, [-0.5060336706027259, 0.027403825903023052]
[-0.5060336706027259, 0.027403825903023052], 2, -1.0, [-0.47776152202723743, 0.028272148575488452]
[-0.47776152202723743, 0.028272148575488452], 1, -1.0, [-0.4498320704289081, 0.027929451598329335]
[-0.4498320704289081, 0.027929451598329335], 1, -1.0, [-0.42245136437481606, 0.02738070605409204]
[-0.42245136437481606, 0.02738070605409204], 0, -1.0, [-0.3968176756727063, 0.025633688702109744]
[-0.3968176756727063, 0.025633688702109744], 0, -1.0, [-0.3731120851153752, 0.023705590557331124]
[-0.3731120851153752, 0.023705590557331124], 0, -1.0, [-0.3514971940258386, 0.021614891089536563]
[-0.3514971940258386, 0.021614891089536563], 0, -1.0, [-0.33211647778457826, 0.019380716241260372]
[-0.33211647778457826, 0.019380716241260372], 0, -1.0, [-0.3150941879052026, 0.017022289879375672]
[-0.3150941879052026, 0.017022289879375672], 0, -1.0, [-0.3005356826223586, 0.014558505282844029]
[-0.3005356826223586, 0.014558505282844029], 0, -1.0, [-0.28852805314523333, 0.012007629477125255]
[-0.28852805314523333, 0.012007629477125255], 0, -1.0, [-0.2791409121782592, 0.009387140966974135]
[-0.2791409121782592, 0.009387140966974135], 0, -1.0, [-0.27242722058249974, 0.006713691595759462]
[-0.27242722058249974, 0.006713691595759462], 0, -1.0, [-0.2684240444515616, 0.004003176130938169]
[-0.2684240444515616, 0.004003176130938169], 0, -1.0, [-0.2671531559388697, 0.0012708885126918967]
[-0.2671531559388697, 0.0012708885126918967], 0, -1.0, [-0.268621414950134, -0.001468259011264309]
[-0.268621414950134, -0.001468259011264309], 0, -1.0, [-0.2728208939665962, -0.004199479016462202]
[-0.2728208939665962, -0.004199479016462202], 0, -1.0, [-0.27972873399405906, -0.006907840027462874]
[-0.27972873399405906, -0.006907840027462874], 0, -1.0, [-0.28930674550614716, -0.009578011512088067]
[-0.28930674550614716, -0.009578011512088067], 0, -1.0, [-0.30150079395557045, -0.012194048449423286]
[-0.30150079395557045, -0.012194048449423286], 0, -1.0, [-0.3162400345121387, -0.014739240556568296]
[-0.3162400345121387, -0.014739240556568296], 0, -1.0, [-0.33343608431963206, -0.017196049807493324]
[-0.33343608431963206, -0.017196049807493324], 0, -1.0, [-0.35298224136282946, -0.01954615704319738]
[-0.35298224136282946, -0.01954615704319738], 0, -1.0, [-0.3747528750098557, -0.02177063364702627]
[-0.3747528750098557, -0.02177063364702627], 0, -1.0, [-0.3986031219490146, -0.023850246939158874]
[-0.3986031219490146, -0.023850246939158874], 0, -1.0, [-0.42436901987846726, -0.02576589792945264]
[-0.42436901987846726, -0.02576589792945264], 0, -1.0, [-0.45186819753857993, -0.027499177660112648]
[-0.45186819753857993, -0.027499177660112648], 0, -1.0, [-0.48090121205905534, -0.029033014520475384]
[-0.48090121205905534, -0.029033014520475384], 0, -1.0, [-0.5112535833112057, -0.030352371252150408]
[-0.5112535833112057, -0.030352371252150408], 0, -1.0, [-0.5426985223406048, -0.03144493902939906]
[-0.5426985223406048, -0.03144493902939906], 0, -1.0, [-0.5750002916420004, -0.032301769301395604]
[-0.5750002916420004, -0.032301769301395604], 0, -1.0, [-0.6079180756061113, -0.032917783964110936]
[-0.6079180756061113, -0.032917783964110936], 0, -1.0, [-0.6412101875230695, -0.03329211191695812]
[-0.6412101875230695, -0.03329211191695812], 0, -1.0, [-0.6746384023640039, -0.03342821484093444]
[-0.6746384023640039, -0.03342821484093444], 0, -1.0, [-0.7079721877030857, -0.03333378533908186]
[-0.7079721877030857, -0.03333378533908186], 0, -1.0, [-0.7409926111467168, -0.033020423443631104]
[-0.7409926111467168, -0.033020423443631104], 0, -1.0, [-0.7734957305242891, -0.032503119377572304]
[-0.7734957305242891, -0.032503119377572304], 0, -1.0, [-0.8052953185602221, -0.031799588035932955]
[-0.8052953185602221, -0.031799588035932955], 0, -1.0, [-0.8362248300994903, -0.030929511539268286]
[-0.8362248300994903, -0.030929511539268286], 0, -1.0, [-0.8661385795145133, -0.029913749415023002]
[-0.8661385795145133, -0.029913749415023002], 0, -1.0, [-0.8949121514560092, -0.028773571941495917]
[-0.8949121514560092, -0.028773571941495917], 0, -1.0, [-0.9224421140185692, -0.02752996256256005]
[-0.9224421140185692, -0.02752996256256005], 0, -1.0, [-0.9486451363276976, -0.02620302230912846]
[-0.9486451363276976, -0.02620302230912846], 2, -1.0, [-0.9714566315156231, -0.02281149518792547]
[-0.9714566315156231, -0.02281149518792547], 2, -1.0, [-0.9908323872342178, -0.019375755718594744]
[-0.9908323872342178, -0.019375755718594744], 2, -1.0, [-1.0067437994764992, -0.01591141224228138]
[-1.0067437994764992, -0.01591141224228138], 2, -1.0, [-1.0191735998257818, -0.012429800349282722]
[-1.0191735998257818, -0.012429800349282722], 2, -1.0, [-1.02811223006818, -0.008938630242398132]
[-1.02811223006818, -0.008938630242398132], 2, -1.0, [-1.0335549569979114, -0.00544272692973145]
[-1.0335549569979114, -0.00544272692973145], 2, -1.0, [-1.0354997774896129, -0.0019448204917013531]
[-1.0354997774896129, -0.0019448204917013531], 2, -1.0, [-1.033946137249816, 0.001553640239796965]
[-1.033946137249816, 0.001553640239796965], 2, -1.0, [-1.02889447224954, 0.005051665000276149]
[-1.02889447224954, 0.005051665000276149], 2, -1.0, [-1.0203465750828082, 0.008547897166731584]
[-1.0203465750828082, 0.008547897166731584], 2, -1.0, [-1.0083067844990024, 0.01203979058380588]
[-1.0083067844990024, 0.01203979058380588], 2, -1.0, [-0.992783990154075, 0.01552279434492729]
[-0.992783990154075, 0.01552279434492729], 2, -1.0, [-0.9737944313078579, 0.018989558846217076]
[-0.9737944313078579, 0.018989558846217076], 2, -1.0, [-0.9513652431129849, 0.02242918819487303]
[-0.9513652431129849, 0.02242918819487303], 2, -1.0, [-0.9255386633357069, 0.025826579777277994]
[-0.9255386633357069, 0.025826579777277994], 2, -1.0, [-0.8963767533313589, 0.029161910004348035]
[-0.8963767533313589, 0.029161910004348035], 2, -1.0, [-0.8639664100339773, 0.03241034329738153]
[-0.8639664100339773, 0.03241034329738153], 2, -1.0, [-0.8284243549225444, 0.03554205511143291]
[-0.8284243549225444, 0.03554205511143291], 2, -1.0, [-0.7899016913157774, 0.03852266360676702]
[-0.7899016913157774, 0.03852266360676702], 2, -1.0, [-0.7485875392571494, 0.041314152058628005]
[-0.7485875392571494, 0.041314152058628005], 2, -1.0, [-0.704711209699762, 0.04387632955738738]
[-0.704711209699762, 0.04387632955738738], 2, -1.0, [-0.6585423912514144, 0.04616881844834755]
[-0.6585423912514144, 0.04616881844834755], 2, -1.0, [-0.6103889145886434, 0.04815347666277102]
[-0.6103889145886434, 0.04815347666277102], 2, -1.0, [-0.5605918416721333, 0.049797072916510164]
[-0.5605918416721333, 0.049797072916510164], 2, -1.0, [-0.5095178899353838, 0.05107395173674941]
[-0.5095178899353838, 0.05107395173674941], 2, -1.0, [-0.4575495134357525, 0.051968376499631305]
[-0.4575495134357525, 0.051968376499631305], 2, -1.0, [-0.40507327118234043, 0.052476242253412075]
[-0.40507327118234043, 0.052476242253412075], 2, -1.0, [-0.35246735611158986, 0.05260591507075059]
[-0.35246735611158986, 0.05260591507075059], 2, -1.0, [-0.3000892829145477, 0.052378073197042185]
[-0.3000892829145477, 0.052378073197042185], 2, -1.0, [-0.24826471004962175, 0.05182457286492593]
[-0.24826471004962175, 0.05182457286492593], 2, -1.0, [-0.19727820583659245, 0.05098650421302929]
[-0.19727820583659245, 0.05098650421302929], 2, -1.0, [-0.14736649805256263, 0.04991170778402982]
[-0.14736649805256263, 0.04991170778402982], 2, -1.0, [-0.09871442879963976, 0.04865206925292287]
[-0.09871442879963976, 0.04865206925292287], 2, -1.0, [-0.05145353234211032, 0.04726089645752944]
[-0.05145353234211032, 0.04726089645752944], 2, -1.0, [-0.005662910984317537, 0.045790621357792785]
[-0.005662910984317537, 0.045790621357792785], 2, -1.0, [0.03862807113610745, 0.04429098212042499]
[0.03862807113610745, 0.04429098212042499], 2, -1.0, [0.08143582091795135, 0.042807749781843894]
[0.08143582091795135, 0.042807749781843894], 2, -1.0, [0.12281780802078102, 0.04138198710282967]
[0.12281780802078102, 0.04138198710282967], 2, -1.0, [0.1628675813833769, 0.04004977336259588]
[0.1628675813833769, 0.04004977336259588], 2, -1.0, [0.2017098807912931, 0.038842299407916205]
[0.2017098807912931, 0.038842299407916205], 2, -1.0, [0.23949610931157206, 0.03778622852027898]
[0.23949610931157206, 0.03778622852027898], 2, -1.0, [0.2764003337239636, 0.03690422441239153]
[0.2764003337239636, 0.03690422441239153], 2, -1.0, [0.312615895259132, 0.03621556153516844]
[0.312615895259132, 0.03621556153516844], 2, -1.0, [0.34835264485332285, 0.03573674959419079]
[0.34835264485332285, 0.03573674959419079], 2, -1.0, [0.3838347649063674, 0.03548212005304459]
[0.3838347649063674, 0.03548212005304459], 2, -1.0, [0.4192991001763037, 0.03546433526993627]
[0.4192991001763037, 0.03546433526993627], 2, -1.0, [0.45499388996949003, 0.035694789793186354]
[0.45499388996949003, 0.035694789793186354], 2, -1.0, [0.4911777680350775, 0.036183878065587496]
[0.4911777680350775, 0.036183878065587496], 1, -1.0, [0.5271188717449281, 0.03594110370985057]
