[-0.570745711254563, 0.0], 1, -1.0, [-0.5703932870560178, 0.00035242419854522496]
[-0.5703932870560178, 0.00035242419854522496], 2, -1.0, [-0.568691055641865, 0.0017022314141527835]
[-0.568691055641865, 0.0017022314141527835], 2, -1.0, [-0.5656516626599613, 0.003039392981903665]
[-0.5656516626599613, 0.003039392981903665], 2, -1.0, [-0.5612977090021446, 0.004353953657816701]
[-0.5612977090021446, 0.004353953657816701], 2, -1.0, [-0.5556616157118885, 0.005636093290256073]
[-0.5556616157118885, 0.005636093290256073], 2, -1.0, [-0.5487854217652964, 0.006876193946592086]
[-0.5487854217652964, 0.006876193946592086], 0, -1.0, [-0.5427205076689314, 0.006064914096365056]
[-0.5427205076689314, 0.006064914096365056], 0, -1.0, [-0.5375122592255216, 0.00520824844340988]
[-0.5375122592255216, 0.00520824844340988], 0, -1.0, [-0.5331996899534917, 0.004312569272029969]
[-0.5331996899534917, 0.004312569272029969], 0, -1.0, [-0.529815123779509, 0.0033845661739826047]
[-0.529815123779509, 0.0033845661739826047], 0, -1.0, [-0.5273839376965757, 0.0024311860829333873]
[-0.5273839376965757, 0.0024311860829333873], 0, -1.0, [-0.5259243635080082, 0.001459574188567449]
[-0.5259243635080082, 0.001459574188567449], 0, -1.0, [-0.5254473475516157, 0.0004770159563924491]
[-0.5254473475516157, 0.0004770159563924491], 0, -1.0, [-0.5259564673766393, -0.0005091198250235212]
[-0.5259564673766393, -0.0005091198250235212], 0, -1.0, [-0.5274479046607643, -0.0014914372841250182]
[-0.5274479046607643, -0.0014914372841250182], 0, -1.0, [-0.5299104741184805, -0.0024625694577161852]
[-0.5299104741184805, -0.0024625694577161852], 0, -1.0, [-0.5333257086659731, -0.003415234547492587]
[-0.5333257086659731, -0.003415234547492587], 0, -1.0, [-0.5376680015683533, -0.004342292902380147]
[-0.5376680015683533, -0.004342292902380147], 0, -1.0, [-0.5429048066033653, -0.005236805035011994]
[-0.5429048066033653, -0.005236805035011994], 0, -1.0, [-0.5489968973449965, -0.006092090741631212]
[-0.5489968973449965, -0.006092090741631212], 0, -1.0, [-0.5558986864336081, -0.006901789088611657]
[-0.5558986864336081, -0.006901789088611657], 0, -1.0, [-0.5635586051153787, -0.007659918681770616]
[-0.5635586051153787, -0.007659918681770616], 0, -1.0, [-0.5719195423931172, -0.008360937277738442]
[-0.5719195423931172, -0.008360937277738442], 0, -1.0, [-0.5809193418568165, -0.008999799463699384]
[-0.5809193418568165, -0.008999799463699384], 0, -1.0, [-0.5904913527136947, -0.00957201085687816]
[-0.5904913527136947, -0.00957201085687816], 0, -1.0, [-0.6005650298031754, -0.01007367708948068]
[-0.6005650298031754, -0.01007367708948068], 0, -1.0, [-0.6110665755769182, -0.010501545773742809]
[-0.6110665755769182, -0.010501545773742809], 0, -1.0, [-0.6219196152787192, -0.010853039701801]
[-0.6219196152787192, -0.010853039701801], 0, -1.0, [-0.6330458950103757, -0.011126279731656464]
[-0.6330458950103757, -0.011126279731656464], 0, -1.0, [-0.6443659911469396, -0.011320096136563953]
[-0.6443659911469396, -0.011320096136563953], 0, -1.0, [-0.6558000187783567, -0.011434027631417102]
[-0.6558000187783567, -0.011434027631417102], 0, -1.0, [-0.6672683265843333, -0.011468307805976668]
[-0.6672683265843333, -0.011468307805976668], 0, -1.0, [-0.6786921658372904, -0.01142383925295712]
[-0.6786921658372904, -0.01142383925295712], 0, -1.0, [-0.6899943220740685, -0.011302156236778054]
[-0.6899943220740685, -0.011302156236778054], 1, -1.0, [-0.7000996993382353, -0.010105377264166781]
[-0.7000996993382353, -0.010105377264166781], 1, -1.0, [-0.7089423159368466, -0.008842616598611337]
[-0.7089423159368466, -0.008842616598611337], 2, -1.0, [-0.7154653851718356, -0.006523069234988899]
[-0.7154653851718356, -0.006523069234988899], 2, -1.0, [-0.7196276092456639, -0.0041622240738284355]
[-0.7196276092456639, -0.0041622240738284355], 2, -1.0, [-0.7214029083166805, -0.0017752990710165504]
[-0.7214029083166805, -0.0017752990710165504], 2, -1.0, [-0.7207802241912191, 0.0006226841254614087]
[-0.7207802241912191, 0.0006226841254614087], 2, -1.0, [-0.7177634310190792, 0.003016793172139878]
[-0.7177634310190792, 0.003016793172139878], 2, -1.0, [-0.7123713669970878, 0.005392064021991387]
[-0.7123713669970878, 0.005392064021991387], 2, -1.0, [-0.7046379821554194, 0.007733384841668421]
[-0.7046379821554194, 0.007733384841668421], 2, -1.0, [-0.6946125785682637, 0.010025403587155673]
[-0.6946125785682637, 0.010025403587155673], 2, -1.0, [-0.682360101586475, 0.012252476981788725]
[-0.682360101586475, 0.012252476981788725], 2, -1.0, [-0.6679614248493365, 0.01439867673713848]
[-0.6679614248493365, 0.01439867673713848], 2, -1.0, [-0.6515135589892104, 0.01644786586012612]
[-0.6515135589892104, 0.01644786586012612], 2, -1.0, [-0.6331297053623404, 0.018383853626870044]
[-0.6331297053623404, 0.018383853626870044], 2, -1.0, [-0.6129390731677788, 0.02019063219456149]
[-0.6129390731677788, 0.02019063219456149], 2, -1.0, [-0.591086382199342, 0.021852690968436943]
[-0.591086382199342, 0.021852690968436943], 2, -1.0, [-0.5677309850978575, 0.023355397101484508]
[-0.5677309850978575, 0.023355397101484508], 2, -1.0, [-0.5430455625625242, 0.024685422535333228]
[-0.5430455625625242, 0.024685422535333228], 2, -1.0, [-0.5172143718471799, 0.02583119071534438]
[-0.5172143718471799, 0.02583119071534438], 2, -1.0, [-0.49043106123241037, 0.026783310614769535]
[-0.49043106123241037, 0.026783310614769535], 2, -1.0, [-0.4628960981917834, 0.02753496304062698]
[-0.4628960981917834, 0.02753496304062698], 0, -1.0, [-0.4368138930219252, 0.026082205169858187]
[-0.4368138930219252, 0.026082205169858187], 0, -1.0, [-0.41237524601138953, 0.02443864701053567]
[-0.41237524601138953, 0.02443864701053567], 0, -1.0, [-0.38975538242595675, 0.022619863585432803]
[-0.38975538242595675, 0.022619863585432803], 0, -1.0, [-0.369112587026834, 0.02064279539912273]
[-0.369112587026834, 0.02064279539912273], 0, -1.0, [-0.3505874028828468, 0.018525184143987218]
[-0.3505874028828468, 0.018525184143987218], 0, -1.0, [-0.33430232297735846, 0.016285079905488328]
[-0.33430232297735846, 0.016285079905488328], 0, -1.0, [-0.32036187781287273, 0.013940445164485702]
[-0.32036187781287273, 0.013940445164485702], 0, -1.0, [-0.30885300841466873, 0.011508869398203983]
[-0.30885300841466873, 0.011508869398203983], 0, -1.0, [-0.29984561099536217, 0.009007397419306586]
[-0.29984561099536217, 0.009007397419306586], 0, -1.0, [-0.2933931453579764, 0.0064524656373858005]
[-0.2933931453579764, 0.0064524656373858005], 0, -1.0, [-0.28953321180954955, 0.003859933548426817]
[-0.28953321180954955, 0.003859933548426817], 0, -1.0, [-0.2882880188956112, 0.0012451929139383946]
[-0.2882880188956112, 0.0012451929139383946], 0, -1.0, [-0.2896646849204338, -0.0013766660248226343]
[-0.2896646849204338, -0.0013766660248226343], 0, -1.0, [-0.293655338680024, -0.0039906537595902295]
[-0.293655338680024, -0.0039906537595902295], 0, -1.0, [-0.3002370081918745, -0.006581669511850481]
[-0.3002370081918745, -0.006581669511850481], 0, -1.0, [-0.30937130981998695, -0.009134301628112481]
[-0.30937130981998695, -0.009134301628112481], 0, -1.0, [-0.32100397352264937, -0.011632663702662398]
[-0.32100397352264937, -0.011632663702662398], 0, -1.0, [-0.33506426234651304, -0.01406028882386367]
[-0.33506426234651304, -0.01406028882386367], 0, -1.0, [-0.35146436482353216, -0.016400102477019098]
[-0.35146436482353216, -0.016400102477019098], 0, -1.0, [-0.3700988562670497, -0.01863449144351753]
[-0.3700988562670497, -0.01863449144351753], 0, -1.0, [-0.39084433736283103, -0.020745481095781355]
[-0.39084433736283103, -0.020745481095781355], 0, -1.0, [-0.41355936386554354, -0.022715026502712527]
[-0.41355936386554354, -0.022715026502712527], 0, -1.0, [-0.43808477757234027, -0.02452541370679671]
[-0.43808477757234027, -0.02452541370679671], 0, -1.0, [-0.4642445343772038, -0.026159756804863526]
[-0.4642445343772038, -0.026159756804863526], 0, -1.0, [-0.49184709933596865, -0.02760256495876484]
[-0.49184709933596865, -0.02760256495876484], 0, -1.0, [-0.5206874419056883, -0.028840342569719603]
[-0.5206874419056883, -0.028840342569719603], 0, -1.0, [-0.5505496192004977, -0.029862177294809476]
[-0.5505496192004977, -0.029862177294809476], 0, -1.0, [-0.5812098853228382, -0.03066026612234054]
[-0.5812098853228382, -0.03066026612234054], 0, -1.0, [-0.6124402160643607, -0.031230330741522486]
[-0.6124402160643607, -0.031230330741522486], 0, -1.0, [-0.6440120966197587, -0.03157188055539795]
[-0.6440120966197587, -0.03157188055539795], 0, -1.0, [-0.6757003910760094, -0.031688294456250744]
[-0.6757003910760094, -0.031688294456250744], 0, -1.0, [-0.7072871004521293, -0.03158670937611986]
[-0.7072871004521293, -0.03158670937611986], 0, -1.0, [-0.7385648227050496, -0.03127772225292035]
[-0.7385648227050496, -0.03127772225292035], 0, -1.0, [-0.7693397523575995, -0.03077492965254995]
[-0.7693397523575995, -0.03077492965254995], 0, -1.0, [-0.7994340956714064, -0.030094343313806844]
[-0.7994340956714064, -0.030094343313806844], 0, -1.0, [-0.8286878242081873, -0.029253728536780824]
[-0.8286878242081873, -0.029253728536780824], 0, -1.0, [-0.8569597390909662, -0.028271914882778956]
[-0.8569597390909662, -0.028271914882778956], 0, -1.0, [-0.8841278645541616, -0.02716812546319535]
[-0.8841278645541616, -0.02716812546319535], 0, -1.0, [-0.9100892279687122, -0.02596136341455061]
[-0.9100892279687122, -0.02596136341455061], 0, -1.0, [-0.9347591117015809, -0.02466988373286869]
[-0.9347591117015809, -0.02466988373286869], 2, -1.0, [-0.9560698790003808, -0.021310767298799882]
[-0.9560698790003808, -0.021310767298799882], 2, -1.0, [-0.9739734887338453, -0.017903609733464488]
[-0.9739734887338453, -0.017903609733464488], 2, -1.0, [-0.9884371761290185, -0.014463687395173199]
[-0.9884371761290185, -0.014463687395173199], 2, -1.0, [-0.9994396068328514, -0.011002430703832895]
[-0.9994396068328514, -0.011002430703832895], 2, -1.0, [-1.0069676529126645, -0.007528046079813127]
[-1.0069676529126645, -0.007528046079813127], 2, -1.0, [-1.011013884405382, -0.004046231492717494]
[-1.011013884405382, -0.004046231492717494], 2, -1.0, [-1.011574830590192, -0.0005609461848098936]
[-1.011574830590192, -0.0005609461848098936], 2, -1.0, [-1.0086500391982318, 0.0029247913919600325]
[-1.0086500391982318, 0.0029247913919600325], 2, -1.0, [-1.0022419456803244, 0.006408093517907339]
[-1.0022419456803244, 0.006408093517907339], 2, -1.0, [-0.9923565540433711, 0.009885391636953313]
[-0.9923565540433711, 0.009885391636953313], 2, -1.0, [-0.9790049209242062, 0.01335163311916486]
[-0.9790049209242062, 0.01335163311916486], 2, -1.0, [-0.9622054207428868, 0.016799500181319378]
[-0.9622054207428868, 0.016799500181319378], 2, -1.0, [-0.9419867474350934, 0.020218673307793533]
[-0.9419867474350934, 0.020218673307793533], 2, -1.0, [-0.918391573483895, 0.02359517395119833]
[-0.918391573483895, 0.02359517395119833], 2, -1.0, [-0.8914807370741307, 0.026910836409764355]
[-0.8914807370741307, 0.026910836409764355], 2, -1.0, [-0.8613377626837045, 0.03014297439042615]
[-0.8613377626837045, 0.03014297439042615], 2, -1.0, [-0.8280734422054246, 0.033264320478280006]
[-0.8280734422054246, 0.033264320478280006], 2, -1.0, [-0.7918301202947873, 0.03624332191063725]
[-0.7918301202947873, 0.03624332191063725], 2, -1.0, [-0.7527852520320202, 0.03904486826276713]
[-0.7527852520320202, 0.03904486826276713], 2, -1.0, [-0.7111537512494147, 0.04163150078260548]
[-0.7111537512494147, 0.04163150078260548], 2, -1.0, [-0.6671886450117276, 0.04396510623768711]
[-0.6671886450117276, 0.04396510623768711], 2, -1.0, [-0.6211796132079515, 0.046009031803776156]
[-0.6211796132079515, 0.046009031803776156], 2, -1.0, [-0.5734491335477857, 0.04773047966016572]
[-0.5734491335477857, 0.04773047966016572], 2, -1.0, [-0.5243461683070318, 0.04910296524075385]
[-0.5243461683070318, 0.04910296524075385], 2, -1.0, [-0.47423759762565926, 0.05010857068137258]
[-0.47423759762565926, 0.05010857068137258], 2, -1.0, [-0.4234978842267079, 0.050739713398951315]
[-0.4234978842267079, 0.050739713398951315], 2, -1.0, [-0.372497694199623, 0.05100019002708497]
[-0.372497694199623, 0.05100019002708497], 2, -1.0, [-0.3215923480533446, 0.05090534614627842]
[-0.3215923480533446, 0.05090534614627842], 2, -1.0, [-0.27111100226397866, 0.0504813457893659]
[-0.27111100226397866, 0.0504813457893659], 2, -1.0, [-0.2213473578585053, 0.04976364440547338]
[-0.2213473578585053, 0.04976364440547338], 2, -1.0, [-0.17255248225613262, 0.04879487560237268]
[-0.17255248225613262, 0.04879487560237268], 2, -1.0, [-0.1249300585679694, 0.04762242368816321]
[-0.1249300585679694, 0.04762242368816321], 2, -1.0, [-0.07863409601556612, 0.046295962552403286]
[-0.07863409601556612, 0.046295962552403286], 2, -1.0, [-0.03376889309827557, 0.04486520291729055]
[-0.03376889309827557, 0.04486520291729055], 2, -1.0, [0.009609127654974015, 0.043378020753249584]
[0.009609127654974015, 0.043378020753249584], 2, -1.0, [0.05148818710879979, 0.04187905945382578]
[0.05148818710879979, 0.04187905945382578], 2, -1.0, [0.09189701143708279, 0.04040882432828299]
[0.09189701143708279, 0.04040882432828299], 2, -1.0, [0.13090024246636592, 0.03900323102928314]
[0.13090024246636592, 0.03900323102928314], 2, -1.0, [0.16859377623882965, 0.03769353377246372]
[0.16859377623882965, 0.03769353377246372], 2, -1.0, [0.20510031952458732, 0.03650654328575766]
[0.20510031952458732, 0.03650654328575766], 2, -1.0, [0.2405653633870965, 0.03546504386250918]
[0.2405653633870965, 0.03546504386250918], 2, -1.0, [0.2751536915684688, 0.0345883281813723]
[0.2751536915684688, 0.0345883281813723], 2, -1.0, [0.3090464742195752, 0.033892782651106394]
[0.3090464742195752, 0.033892782651106394], 2, -1.0, [0.34243894529820124, 0.03339247107862602]
[0.34243894529820124, 0.03339247107862602], 2, -1.0, [0.37553862321957526, 0.03309967792137405]
[0.37553862321957526, 0.03309967792137405], 2, -1.0, [0.4085640061217107, 0.03302538290213541]
[0.4085640061217107, 0.03302538290213541], 2, -1.0, [0.44174365193006976, 0.033179645808359075]
[0.44174365193006976, 0.033179645808359075], 2, -1.0, [0.4753155358046599, 0.03357188387459014]
[0.4753155358046599, 0.03357188387459014], 2, -1.0, [0.5095265603679517, 0.034211024563291795]
