[-0.5118194466096244, 0.0], 0, -1.0, [-0.5129077731910477, -0.0010883265814233406]
[-0.5129077731910477, -0.0010883265814233406], 0, -1.0, [-0.5150762685442366, -0.002168495353188827]
[-0.5150762685442366, -0.002168495353188827], 0, -1.0, [-0.5183086757366248, -0.003232407192388162]
[-0.5183086757366248, -0.003232407192388162], 0, -1.0, [-0.5225807570124984, -0.004272081275873623]
[-0.5225807570124984, -0.004272081275873623], 0, -1.0, [-0.5278604734158964, -0.005279716403397982]
[-0.5278604734158964, -0.005279716403397982], 0, -1.0, [-0.5341082279564193, -0.006247754540522911]
[-0.5341082279564193, -0.006247754540522911], 0, -1.0, [-0.5412771746620919, -0.007168946705672547]
[-0.5412771746620919, -0.007168946705672547], 0, -1.0, [-0.5493135955217968, -0.008036420859704874]
[-0.5493135955217968, -0.008036420859704874], 0, -1.0, [-0.5581573464698819, -0.00884375094808507]
[-0.5581573464698819, -0.00884375094808507], 0, -1.0, [-0.5677423722095766, -0.009585025739694678]
[-0.5677423722095766, -0.009585025739694678], 0, -1.0, [-0.5779972878596964, -0.010254915650119795]
[-0.5779972878596964, -0.010254915650119795], 0, -1.0, [-0.588846023237544, -0.010848735377847541]
[-0.588846023237544, -0.010848735377847541], 0, -1.0, [-0.6002085231985088, -0.011362499960964884]
[-0.6002085231985088, -0.011362499960964884], 0, -1.0, [-0.6120014950103098, -0.01179297181180094]
[-0.6120014950103098, -0.01179297181180094], 0, -1.0, [-0.6241391914360447, -0.012137696425734888]
[-0.6241391914360447, -0.012137696425734888], 0, -1.0, [-0.6365342162255018, -0.012395024789457048]
[-0.6365342162255018, -0.012395024789457048], 0, -1.0, [-0.6490983372419453, -0.012564121016443589]
[-0.6490983372419453, -0.012564121016443589], 0, -1.0, [-0.661743291620937, -0.01264495437899166]
[-0.661743291620937, -0.01264495437899166], 0, -1.0, [-0.6743815672591282, -0.012638275638191181]
[-0.6743815672591282, -0.012638275638191181], 0, -1.0, [-0.6869271455967487, -0.012545578337620487]
[-0.6869271455967487, -0.012545578337620487], 0, -1.0, [-0.6992961920589227, -0.01236904646217394]
[-0.6992961920589227, -0.01236904646217394], 0, -1.0, [-0.711407682571588, -0.012111490512665324]
[-0.711407682571588, -0.012111490512665324], 0, -1.0, [-0.7231839571333768, -0.011776274561788785]
[-0.7231839571333768, -0.011776274561788785], 0, -1.0, [-0.7345511943374667, -0.011367237204089992]
[-0.7345511943374667, -0.011367237204089992], 2, -1.0, [-0.7434398038126536, -0.008888609475186868]
[-0.7434398038126536, -0.008888609475186868], 2, -1.0, [-0.7497965632307543, -0.006356759418100677]
[-0.7497965632307543, -0.006356759418100677], 2, -1.0, [-0.7535840760496816, -0.0037875128189273043]
[-0.7535840760496816, -0.0037875128189273043], 2, -1.0, [-0.7547803309418635, -0.001196254892181892]
[-0.7547803309418635, -0.001196254892181892], 2, -1.0, [-0.753378418366255, 0.001401912575608516]
[-0.753378418366255, 0.001401912575608516], 2, -1.0, [-0.7493864378049978, 0.003991980561257116]
[-0.7493864378049978, 0.003991980561257116], 2, -1.0, [-0.7428276063175655, 0.006558831487432306]
[-0.7428276063175655, 0.006558831487432306], 2, -1.0, [-0.7337405559311748, 0.009087050386390648]
[-0.7337405559311748, 0.009087050386390648], 2, -1.0, [-0.7221797845651176, 0.011560771366057297]
[-0.7221797845651176, 0.011560771366057297], 2, -1.0, [-0.7082162033582378, 0.01396358120687977]
[-0.7082162033582378, 0.01396358120687977], 2, -1.0, [-0.6919377033803262, 0.016278499977911528]
[-0.6919377033803262, 0.016278499977911528], 2, -1.0, [-0.6734496480808849, 0.018488055299441294]
[-0.6734496480808849, 0.018488055299441294], 2, -1.0, [-0.6528751861657626, 0.020574461915122383]
[-0.6528751861657626, 0.020574461915122383], 2, -1.0, [-0.630355274856474, 0.02251991130928855]
[-0.630355274856474, 0.02251991130928855], 2, -1.0, [-0.6060483076321296, 0.024306967224344448]
[-0.6060483076321296, 0.024306967224344448], 2, -1.0, [-0.5801292551215977, 0.02591905251053179]
[-0.5801292551215977, 0.02591905251053179], 2, -1.0, [-0.5527882534534755, 0.02734100166812223]
[-0.5527882534534755, 0.02734100166812223], 2, -1.0, [-0.524228610383742, 0.028559643069733468]
[-0.524228610383742, 0.028559643069733468], 2, -1.0, [-0.49466424355592853, 0.029564366827813476]
[-0.49466424355592853, 0.029564366827813476], 2, -1.0, [-0.46431661329886964, 0.030347630257058895]
[-0.46431661329886964, 0.030347630257058895], 1, -1.0, [-0.43441125914092504, 0.029905354157944604]
[-0.43441125914092504, 0.029905354157944604], 0, -1.0, [-0.40616685873970804, 0.028244400401217003]
[-0.40616685873970804, 0.028244400401217003], 0, -1.0, [-0.3797850920069697, 0.026381766732738364]
[-0.3797850920069697, 0.026381766732738364], 0, -1.0, [-0.35544877586155726, 0.02433631614541241]
[-0.35544877586155726, 0.02433631614541241], 0, -1.0, [-0.3333207747674449, 0.022128001094112365]
[-0.3333207747674449, 0.022128001094112365], 0, -1.0, [-0.31354360869456027, 0.019777166072884662]
[-0.31354360869456027, 0.019777166072884662], 0, -1.0, [-0.2962396388191768, 0.01730396987538345]
[-0.2962396388191768, 0.01730396987538345], 0, -1.0, [-0.2815116864528956, 0.014727952366281221]
[-0.2815116864528956, 0.014727952366281221], 0, -1.0, [-0.2694439315188734, 0.01206775493402219]
[-0.2694439315188734, 0.01206775493402219], 0, -1.0, [-0.26010294091683267, 0.009340990602040751]
[-0.26010294091683267, 0.009340990602040751], 0, -1.0, [-0.25353869110336863, 0.006564249813464046]
[-0.25353869110336863, 0.006564249813464046], 0, -1.0, [-0.2497854699076502, 0.0037532211957184364]
[-0.2497854699076502, 0.0037532211957184364], 0, -1.0, [-0.248862567245397, 0.0009229026622531921]
[-0.248862567245397, 0.0009229026622531921], 0, -1.0, [-0.2507746909814178, -0.0019121237360208271]
[-0.2507746909814178, -0.0019121237360208271], 0, -1.0, [-0.25551207150758826, -0.004737380526170435]
[-0.25551207150758826, -0.004737380526170435], 0, -1.0, [-0.26305024608687244, -0.007538174579284209]
[-0.26305024608687244, -0.007538174579284209], 0, -1.0, [-0.2733495415101887, -0.010299295423316231]
[-0.2733495415101887, -0.010299295423316231], 0, -1.0, [-0.28635430107065085, -0.013004759560462178]
[-0.28635430107065085, -0.013004759560462178], 0, -1.0, [-0.3019919290146694, -0.015637627944018576]
[-0.3019919290146694, -0.015637627944018576], 2, -1.0, [-0.31817185171496315, -0.01617992270029372]
[-0.31817185171496315, -0.01617992270029372], 0, -1.0, [-0.33679678478790753, -0.018624933072944393]
[-0.33679678478790753, -0.018624933072944393], 0, -1.0, [-0.3577505431517402, -0.020953758363832693]
[-0.3577505431517402, -0.020953758363832693], 0, -1.0, [-0.38089747492772275, -0.02314693177598252]
[-0.38089747492772275, -0.02314693177598252], 0, -1.0, [-0.4060822731186263, -0.025184798190903555]
[-0.4060822731186263, -0.025184798190903555], 0, -1.0, [-0.43313030037994266, -0.027048027261316332]
[-0.43313030037994266, -0.027048027261316332], 0, -1.0, [-0.4618485418441578, -0.02871824146421514]
[-0.4618485418441578, -0.02871824146421514], 0, -1.0, [-0.4920272656861323, -0.03017872384197452]
[-0.4920272656861323, -0.03017872384197452], 0, -1.0, [-0.5234424219824214, -0.03141515629628912]
[-0.5234424219824214, -0.03141515629628912], 0, -1.0, [-0.5558587509307866, -0.0324163289483652]
[-0.5558587509307866, -0.0324163289483652], 0, -1.0, [-0.5890335075852543, -0.03317475665446766]
[-0.5890335075852543, -0.03317475665446766], 0, -1.0, [-0.6227206496191809, -0.03368714203392667]
[-0.6227206496191809, -0.03368714203392667], 0, -1.0, [-0.6566752854862179, -0.0339546358670369]
[-0.6566752854862179, -0.0339546358670369], 0, -1.0, [-0.6906581499117024, -0.03398286442548446]
[-0.6906581499117024, -0.03398286442548446], 0, -1.0, [-0.7244398665726914, -0.03378171666098908]
[-0.7244398665726914, -0.03378171666098908], 0, -1.0, [-0.7578047751819733, -0.03336490860928187]
[-0.7578047751819733, -0.03336490860928187], 0, -1.0, [-0.7905541392084171, -0.03274936402644378]
[-0.7905541392084171, -0.03274936402644378], 0, -1.0, [-0.8225086051521926, -0.03195446594377545]
[-0.8225086051521926, -0.03195446594377545], 0, -1.0, [-0.8535098467422727, -0.03100124159008008]
[-0.8535098467422727, -0.03100124159008008], 0, -1.0, [-0.8834213894179395, -0.02991154267566681]
[-0.8834213894179395, -0.02991154267566681], 0, -1.0, [-0.912128664942106, -0.028707275524166485]
[-0.912128664942106, -0.028707275524166485], 0, -1.0, [-0.9395383880909972, -0.027409723148891212]
[-0.9395383880909972, -0.027409723148891212], 2, -1.0, [-0.9635773747568891, -0.024038986665891854]
[-0.9635773747568891, -0.024038986665891854], 2, -1.0, [-0.9841946135112026, -0.020617238754313545]
[-0.9841946135112026, -0.020617238754313545], 2, -1.0, [-1.0013563748975867, -0.01716176138638408]
[-1.0013563748975867, -0.01716176138638408], 2, -1.0, [-1.0150417399492218, -0.013685365051634991]
[-1.0150417399492218, -0.013685365051634991], 2, -1.0, [-1.0252387284399331, -0.010196988490711408]
[-1.0252387284399331, -0.010196988490711408], 2, -1.0, [-1.0319411396054894, -0.0067024111655562026]
[-1.0319411396054894, -0.0067024111655562026], 2, -1.0, [-1.0351461688425294, -0.0032050292370400003]
[-1.0351461688425294, -0.0032050292370400003], 2, -1.0, [-1.0348528318045385, 0.00029333703799092146]
[-1.0348528318045385, 0.00029333703799092146], 2, -1.0, [-1.0310612089816993, 0.0037916228228392166]
[-1.0310612089816993, 0.0037916228228392166], 2, -1.0, [-1.0237725148791803, 0.00728869410251891]
[-1.0237725148791803, 0.00728869410251891], 2, -1.0, [-1.0129899914751608, 0.010782523404019615]
[-1.0129899914751608, 0.010782523404019615], 2, -1.0, [-0.9987206207898481, 0.014269370685312617]
[-0.9987206207898481, 0.014269370685312617], 2, -1.0, [-0.980977641184567, 0.01774297960528118]
[-0.980977641184567, 0.01774297960528118], 2, -1.0, [-0.9597838316591855, 0.02119380952538148]
[-0.9597838316591855, 0.02119380952538148], 2, -1.0, [-0.9351754936504614, 0.0246083380087241]
[-0.9351754936504614, 0.0246083380087241], 2, -1.0, [-0.9072070075211401, 0.02796848612932123]
[-0.9072070075211401, 0.02796848612932123], 2, -1.0, [-0.8759557701225928, 0.03125123739854728]
[-0.8759557701225928, 0.03125123739854728], 2, -1.0, [-0.8415272331540259, 0.034428536968566945]
[-0.8415272331540259, 0.034428536968566945], 2, -1.0, [-0.8040596672877802, 0.03746756586624564]
[-0.8040596672877802, 0.03746756586624564], 2, -1.0, [-0.7637281881913232, 0.04033147909645702]
[-0.7637281881913232, 0.04033147909645702], 2, -1.0, [-0.7207475178407244, 0.042980670350598674]
[-0.7207475178407244, 0.042980670350598674], 2, -1.0, [-0.6753729420669299, 0.04537457577379459]
[-0.6753729420669299, 0.04537457577379459], 2, -1.0, [-0.6278989863441468, 0.04747395572278316]
[-0.6278989863441468, 0.04747395572278316], 2, -1.0, [-0.5786554813246299, 0.04924350501951689]
[-0.5786554813246299, 0.04924350501951689], 2, -1.0, [-0.5280009259668108, 0.05065455535781906]
[-0.5280009259668108, 0.05065455535781906], 2, -1.0, [-0.4763133554409453, 0.051687570525865534]
[-0.4763133554409453, 0.051687570525865534], 2, -1.0, [-0.42397923734505283, 0.052334118095892466]
[-0.42397923734505283, 0.052334118095892466], 2, -1.0, [-0.37138119326774527, 0.05259804407730758]
[-0.37138119326774527, 0.05259804407730758], 2, -1.0, [-0.31888551496826406, 0.052495678299481215]
[-0.31888551496826406, 0.052495678299481215], 2, -1.0, [-0.2668304759327675, 0.05205503903549657]
[-0.2668304759327675, 0.05205503903549657], 2, -1.0, [-0.215516322138544, 0.05131415379422351]
[-0.215516322138544, 0.05131415379422351], 2, -1.0, [-0.1651975872755363, 0.05031873486300771]
[-0.1651975872755363, 0.05031873486300771], 2, -1.0, [-0.11607806984909758, 0.049119517426438726]
[-0.11607806984909758, 0.049119517426438726], 2, -1.0, [-0.06830849425695443, 0.047769575592143156]
[-0.06830849425695443, 0.047769575592143156], 2, -1.0, [-0.021986609042466063, 0.046321885214488365]
[-0.021986609042466063, 0.046321885214488365], 2, -1.0, [0.02284071257407449, 0.04482732161654055]
[0.02284071257407449, 0.04482732161654055], 2, -1.0, [0.06617390099874634, 0.043333188424671855]
[0.06617390099874634, 0.043333188424671855], 2, -1.0, [0.10805619142564127, 0.04188229042689492]
[0.10805619142564127, 0.04188229042689492], 2, -1.0, [0.1485686921515818, 0.04051250072594053]
[0.1485686921515818, 0.04051250072594053], 2, -1.0, [0.18782542661689283, 0.03925673446531101]
[0.18782542661689283, 0.03925673446531101], 2, -1.0, [0.22596865247339248, 0.03814322585649964]
[0.22596865247339248, 0.03814322585649964], 2, -1.0, [0.2631646589990879, 0.037196006525695435]
[0.2631646589990879, 0.037196006525695435], 2, -1.0, [0.29960015382323396, 0.03643549482414606]
[0.29960015382323396, 0.03643549482414606], 2, -1.0, [0.3354792757682793, 0.03587912194504536]
[0.3354792757682793, 0.03587912194504536], 2, -1.0, [0.3710212129586683, 0.035541937190388985]
[0.3710212129586683, 0.035541937190388985], 2, -1.0, [0.40645836180668027, 0.03543714884801196]
[0.40645836180668027, 0.03543714884801196], 2, -1.0, [0.442034929314548, 0.03557656750786776]
[0.442034929314548, 0.03557656750786776], 2, -1.0, [0.47800585416346525, 0.03597092484891724]
[0.47800585416346525, 0.03597092484891724], 2, -1.0, [0.5146358973196997, 0.03663004315623442]
