[-0.46616019983493284, 0.0], 0, -1.0, [-0.46758886043228465, -0.0014286605973518117]
[-0.46758886043228465, -0.0014286605973518117], 0, -1.0, [-0.4704356214524481, -0.002846761020163481]
[-0.4704356214524481, -0.002846761020163481], 0, -1.0, [-0.4746794178957673, -0.0042437964433191585]
[-0.4746794178957673, -0.0042437964433191585], 0, -1.0, [-0.48028879391217955, -0.0056093760164122545]
[-0.48028879391217955, -0.0056093760164122545], 0, -1.0, [-0.48722208162481945, -0.006933287712639881]
[-0.48722208162481945, -0.006933287712639881], 0, -1.0, [-0.4954276533350307, -0.008205571710211272]
[-0.4954276533350307, -0.008205571710211272], 0, -1.0, [-0.5048442570364001, -0.00941660370136941]
[-0.5048442570364001, -0.00941660370136941], 0, -1.0, [-0.5154014454273874, -0.01055718839098733]
[-0.5154014454273874, -0.01055718839098733], 0, -1.0, [-0.5270201075980108, -0.011618662170623349]
[-0.5270201075980108, -0.011618662170623349], 0, -1.0, [-0.5396131102291789, -0.012593002631168143]
[-0.5396131102291789, -0.012593002631168143], 0, -1.0, [-0.5530860515492457, -0.013472941320066802]
[-0.5530860515492457, -0.013472941320066802], 0, -1.0, [-0.5673381266275046, -0.014252075078258849]
[-0.5673381266275046, -0.014252075078258849], 0, -1.0, [-0.5822630971528104, -0.014924970525305866]
[-0.5822630971528104, -0.014924970525305866], 0, -1.0, [-0.5977503530524767, -0.01548725589966629]
[-0.5977503530524767, -0.01548725589966629], 0, -1.0, [-0.6136860476265619, -0.0159356945740852]
[-0.6136860476265619, -0.0159356945740852], 0, -1.0, [-0.6299542828049802, -0.0162682351784183]
[-0.6299542828049802, -0.0162682351784183], 0, -1.0, [-0.6464383171510216, -0.016484034346041437]
[-0.6464383171510216, -0.016484034346041437], 0, -1.0, [-0.6630217667246825, -0.016583449573660824]
[-0.6630217667246825, -0.016583449573660824], 0, -1.0, [-0.6795897681441717, -0.01656800141948921]
[-0.6795897681441717, -0.01656800141948921], 0, -1.0, [-0.696030074245298, -0.016440306101126248]
[-0.696030074245298, -0.016440306101126248], 0, -1.0, [-0.712234055565474, -0.016203981320176118]
[-0.712234055565474, -0.016203981320176118], 0, -1.0, [-0.7280975852399137, -0.015863529674439682]
[-0.7280975852399137, -0.015863529674439682], 0, -1.0, [-0.7435217904302385, -0.01542420519032476]
[-0.7435217904302385, -0.01542420519032476], 0, -1.0, [-0.7584136596641408, -0.014891869233902339]
[-0.7584136596641408, -0.014891869233902339], 2, -1.0, [-0.7706865019722299, -0.012272842308089086]
[-0.7706865019722299, -0.012272842308089086], 2, -1.0, [-0.7802712938015902, -0.009584791829360359]
[-0.7802712938015902, -0.009584791829360359], 2, -1.0, [-0.787115716028046, -0.0068444222264558]
[-0.787115716028046, -0.0068444222264558], 2, -1.0, [-0.7911832861104514, -0.004067570082405412]
[-0.7911832861104514, -0.004067570082405412], 2, -1.0, [-0.7924526767606095, -0.0012693906501580845]
[-0.7924526767606095, -0.0012693906501580845], 2, -1.0, [-0.7909172869163463, 0.0015353898442631948]
[-0.7909172869163463, 0.0015353898442631948], 2, -1.0, [-0.7865851041920021, 0.004332182724344256]
[-0.7865851041920021, 0.004332182724344256], 2, -1.0, [-0.7794788710310083, 0.007106233160993765]
[-0.7794788710310083, 0.007106233160993765], 2, -1.0, [-0.7696365397739408, 0.009842331257067585]
[-0.7696365397739408, 0.009842331257067585], 2, -1.0, [-0.7571119749214054, 0.012524564852535445]
[-0.7571119749214054, 0.012524564852535445], 2, -1.0, [-0.7419758343170658, 0.015136140604339546]
[-0.7419758343170658, 0.015136140604339546], 2, -1.0, [-0.7243165355450585, 0.01765929877200737]
[-0.7243165355450585, 0.01765929877200737], 2, -1.0, [-0.7042411909191796, 0.02007534462587893]
[-0.7042411909191796, 0.02007534462587893], 2, -1.0, [-0.6818763761647966, 0.022364814754383063]
[-0.6818763761647966, 0.022364814754383063], 2, -1.0, [-0.6573685870290249, 0.024507789135771636]
[-0.6573685870290249, 0.024507789135771636], 2, -1.0, [-0.630884237700846, 0.02648434932817887]
[-0.630884237700846, 0.02648434932817887], 2, -1.0, [-0.602609067959637, 0.028275169741209066]
[-0.602609067959637, 0.028275169741209066], 2, -1.0, [-0.5727468543157564, 0.029862213643880576]
[-0.5727468543157564, 0.029862213643880576], 2, -1.0, [-0.5415173642173989, 0.03122949009835751]
[-0.5415173642173989, 0.03122949009835751], 2, -1.0, [-0.5091535494188342, 0.0323638147985648]
[-0.5091535494188342, 0.0323638147985648], 2, -1.0, [-0.4758980399099733, 0.03325550950886086]
[-0.4758980399099733, 0.03325550950886086], 2, -1.0, [-0.44199906613440554, 0.03389897377556776]
[-0.44199906613440554, 0.03389897377556776], 2, -1.0, [-0.40770599597596685, 0.03429307015843871]
[-0.40770599597596685, 0.03429307015843871], 2, -1.0, [-0.3732647157679525, 0.034441280208014353]
[-0.3732647157679525, 0.034441280208014353], 2, -1.0, [-0.33891310487280596, 0.03435161089514653]
[-0.33891310487280596, 0.03435161089514653], 2, -1.0, [-0.3048768480283341, 0.03403625684447187]
[-0.3048768480283341, 0.03403625684447187], 2, -1.0, [-0.27136579956072227, 0.03351104846761182]
[-0.27136579956072227, 0.03351104846761182], 2, -1.0, [-0.23857106349327825, 0.03279473606744402]
[-0.23857106349327825, 0.03279473606744402], 0, -1.0, [-0.20866289109862332, 0.029908172394654934]
[-0.20866289109862332, 0.029908172394654934], 0, -1.0, [-0.1817806793369739, 0.02688221176164942]
[-0.1817806793369739, 0.02688221176164942], 0, -1.0, [-0.1580358423805015, 0.023744836956472382]
[-0.1580358423805015, 0.023744836956472382], 0, -1.0, [-0.13751525674791903, 0.02052058563258247]
[-0.13751525674791903, 0.02052058563258247], 0, -1.0, [-0.12028492882594388, 0.017230327921975153]
[-0.12028492882594388, 0.017230327921975153], 0, -1.0, [-0.10639358931034969, 0.013891339515594197]
[-0.10639358931034969, 0.013891339515594197], 0, -1.0, [-0.09587598180108653, 0.01051760750926315]
[-0.09587598180108653, 0.01051760750926315], 0, -1.0, [-0.08875567297512282, 0.007120308825963699]
[-0.08875567297512282, 0.007120308825963699], 0, -1.0, [-0.08504726385496267, 0.0037084091201601576]
[-0.08504726385496267, 0.0037084091201601576], 0, -1.0, [-0.08475792353402778, 0.0002893403209348884]
[-0.08475792353402778, 0.0002893403209348884], 0, -1.0, [-0.08788819878440912, -0.0031302752503813403]
[-0.08788819878440912, -0.0031302752503813403], 0, -1.0, [-0.09443207752189843, -0.0065438787374893104]
[-0.09443207752189843, -0.0065438787374893104], 0, -1.0, [-0.10437630447556581, -0.00994422695366738]
[-0.10437630447556581, -0.00994422695366738], 0, -1.0, [-0.11769896744839166, -0.013322662972825848]
[-0.11769896744839166, -0.013322662972825848], 0, -1.0, [-0.13436739614335377, -0.016668428694962125]
[-0.13436739614335377, -0.016668428694962125], 0, -1.0, [-0.15433544612561395, -0.019968049982260167]
[-0.15433544612561395, -0.019968049982260167], 0, -1.0, [-0.17754028058791146, -0.023204834462297517]
[-0.17754028058791146, -0.023204834462297517], 0, -1.0, [-0.2038988130149841, -0.026358532427072656]
[-0.2038988130149841, -0.026358532427072656], 0, -1.0, [-0.23330403295243243, -0.029405219937448317]
[-0.23330403295243243, -0.029405219937448317], 0, -1.0, [-0.2656214999193819, -0.032317466966949454]
[-0.2656214999193819, -0.032317466966949454], 0, -1.0, [-0.300686348264014, -0.035064848344632124]
[-0.300686348264014, -0.035064848344632124], 0, -1.0, [-0.338301185974916, -0.03761483771090197]
[-0.338301185974916, -0.03761483771090197], 0, -1.0, [-0.37823527832272263, -0.03993409234780662]
[-0.37823527832272263, -0.03993409234780662], 0, -1.0, [-0.4202253683829665, -0.041990090060243845]
[-0.4202253683829665, -0.041990090060243845], 0, -1.0, [-0.46397839125658014, -0.043753022873613684]
[-0.46397839125658014, -0.043753022873613684], 0, -1.0, [-0.5091761866555853, -0.04519779539900512]
[-0.5091761866555853, -0.04519779539900512], 0, -1.0, [-0.5554821177241652, -0.04630593106857999]
[-0.5554821177241652, -0.04630593106857999], 0, -1.0, [-0.6025492881830259, -0.04706717045886065]
[-0.6025492881830259, -0.04706717045886065], 0, -1.0, [-0.6500298505609168, -0.047480562377890834]
[-0.6500298505609168, -0.047480562377890834], 0, -1.0, [-0.6975847528893763, -0.04755490232845951]
[-0.6975847528893763, -0.04755490232845951], 0, -1.0, [-0.7448932094298453, -0.04730845654046897]
[-0.7448932094298453, -0.04730845654046897], 0, -1.0, [-0.7916612159718848, -0.04676800654203947]
[-0.7916612159718848, -0.04676800654203947], 0, -1.0, [-0.8376285546935136, -0.045967338721628864]
[-0.8376285546935136, -0.045967338721628864], 0, -1.0, [-0.8825739219076634, -0.044945367214149816]
[-0.8825739219076634, -0.044945367214149816], 0, -1.0, [-0.9263180278398384, -0.043744105932175086]
[-0.9263180278398384, -0.043744105932175086], 0, -1.0, [-0.9687247236054417, -0.04240669576560326]
[-0.9687247236054417, -0.04240669576560326], 0, -1.0, [-1.009700377332545, -0.04097565372710335]
[-1.009700377332545, -0.04097565372710335], 0, -1.0, [-1.049191832314264, -0.039491454981718924]
[-1.049191832314264, -0.039491454981718924], 0, -1.0, [-1.0871833320388675, -0.037991499724603695]
[-1.0871833320388675, -0.037991499724603695], 0, -1.0, [-1.123692797409544, -0.03650946537067657]
[-1.123692797409544, -0.03650946537067657], 0, -1.0, [-1.1587678040145168, -0.035075006604972675]
[-1.1587678040145168, -0.035075006604972675], 0, -1.0, [-1.1924815472099162, -0.03371374319539926]
[-1.1924815472099162, -0.03371374319539926], 0, -1.0, [-1.2, 0.0]
[-1.2, 0.0], 2, -1.0, [-1.1967581039591646, 0.003241896040835368]
[-1.1967581039591646, 0.003241896040835368], 2, -1.0, [-1.1902636585360942, 0.006494445423070332]
[-1.1902636585360942, 0.006494445423070332], 2, -1.0, [-1.1804959639787937, 0.009767694557300442]
[-1.1804959639787937, 0.009767694557300442], 2, -1.0, [-1.1674255149588486, 0.013070449019945182]
[-1.1674255149588486, 0.013070449019945182], 2, -1.0, [-1.1510159267200155, 0.016409588238833067]
[-1.1510159267200155, 0.016409588238833067], 2, -1.0, [-1.1312266168239755, 0.019789309896040046]
[-1.1312266168239755, 0.019789309896040046], 2, -1.0, [-1.108016322100852, 0.02321029472312345]
[-1.108016322100852, 0.02321029472312345], 2, -1.0, [-1.081347524946184, 0.02666879715466819]
[-1.081347524946184, 0.02666879715466819], 2, -1.0, [-1.0511918363028878, 0.03015568864329602]
[-1.0511918363028878, 0.03015568864329602], 2, -1.0, [-1.0175363271434712, 0.0336555091594167]
[-1.0175363271434712, 0.0336555091594167], 2, -1.0, [-0.9803907090723114, 0.03714561807115983]
[-0.9803907090723114, 0.03714561807115983], 2, -1.0, [-0.9397951336374217, 0.04059557543488971]
[-0.9397951336374217, 0.04059557543488971], 1, -1.0, [-0.8968282112564235, 0.042966922380998245]
[-0.8968282112564235, 0.042966922380998245], 2, -1.0, [-0.850611377377237, 0.046216833879186466]
[-0.850611377377237, 0.046216833879186466], 2, -1.0, [-0.801316855987749, 0.04929452138948794]
[-0.801316855987749, 0.04929452138948794], 2, -1.0, [-0.7491721935543563, 0.05214466243339272]
[-0.7491721935543563, 0.05214466243339272], 2, -1.0, [-0.6944619326069708, 0.05471026094738556]
[-0.6944619326069708, 0.05471026094738556], 2, -1.0, [-0.6375255827739059, 0.056936349833064864]
[-0.6375255827739059, 0.056936349833064864], 2, -1.0, [-0.5787513202823543, 0.058774262491551585]
[-0.5787513202823543, 0.058774262491551585], 2, -1.0, [-0.5185652984597922, 0.06018602182256213]
[-0.5185652984597922, 0.06018602182256213], 2, -1.0, [-0.4574170262810993, 0.06114827217869285]
[-0.4574170262810993, 0.06114827217869285], 2, -1.0, [-0.3957618625204415, 0.06165516376065785]
[-0.3957618625204415, 0.06165516376065785], 2, -1.0, [-0.33404214495037804, 0.061719717570063455]
[-0.33404214495037804, 0.061719717570063455], 2, -1.0, [-0.2726687067614133, 0.061373438188964714]
[-0.2726687067614133, 0.061373438188964714], 2, -1.0, [-0.21200446274009074, 0.060664244021322554]
[-0.21200446274009074, 0.060664244021322554], 2, -1.0, [-0.15235139412897902, 0.059653068611111734]
[-0.15235139412897902, 0.059653068611111734], 2, -1.0, [-0.09394171651258959, 0.058409677616389426]
[-0.09394171651258959, 0.058409677616389426], 2, -1.0, [-0.03693341251491789, 0.0570083039976717]
[-0.03693341251491789, 0.0570083039976717], 2, -1.0, [0.01859022165527057, 0.05552363417018846]
[0.01859022165527057, 0.05552363417018846], 2, -1.0, [0.07261774277665366, 0.054027521121383086]
[0.07261774277665366, 0.054027521121383086], 2, -1.0, [0.12520435467461283, 0.05258661189795918]
[0.12520435467461283, 0.05258661189795918], 2, -1.0, [0.1764652593261935, 0.051260904651580674]
[0.1764652593261935, 0.051260904651580674], 2, -1.0, [0.22656838305933702, 0.050103123733143524]
[0.22656838305933702, 0.050103123733143524], 1, -1.0, [0.27472711157975976, 0.048158728520422744]
[0.27472711157975976, 0.048158728520422744], 1, -1.0, [0.3211879448828836, 0.046460833303123845]
[0.3211879448828836, 0.046460833303123845], 1, -1.0, [0.36622228596889167, 0.04503434108600808]
[0.36622228596889167, 0.04503434108600808], 1, -1.0, [0.4101196674948038, 0.04389738152591212]
[0.4101196674948038, 0.04389738152591212], 1, -1.0, [0.4531823006462869, 0.043062633151483114]
[0.4531823006462869, 0.043062633151483114], 1, -1.0, [0.49572072951538615, 0.042538428869099226]
[0.49572072951538615, 0.042538428869099226], 1, -1.0, [0.5380503167007649, 0.042329587185378756]
