[-0.43728660944862113, 0.0], 0, -1.0, [-0.43892674107227536, -0.001640131623654252]
[-0.43892674107227536, -0.001640131623654252], 0, -1.0, [-0.4421951057115306, -0.0032683646392552036]
[-0.4421951057115306, -0.0032683646392552036], 0, -1.0, [-0.4470679474017709, -0.00487284169024034]
[-0.4470679474017709, -0.00487284169024034], 0, -1.0, [-0.4535097408934003, -0.0064417934916294]
[-0.4535097408934003, -0.0064417934916294], 0, -1.0, [-0.4614733372062506, -0.007963596312850327]
[-0.4614733372062506, -0.007963596312850327], 0, -1.0, [-0.47090018149150126, -0.009426844285250669]
[-0.47090018149150126, -0.009426844285250669], 0, -1.0, [-0.4817206208348923, -0.010820439343391032]
[-0.4817206208348923, -0.010820439343391032], 0, -1.0, [-0.4938543207338786, -0.012133699898986279]
[-0.4938543207338786, -0.012133699898986279], 0, -1.0, [-0.5072108081084451, -0.013356487374566493]
[-0.5072108081084451, -0.013356487374566493], 0, -1.0, [-0.5216901557311929, -0.014479347622747827]
[-0.5216901557311929, -0.014479347622747827], 0, -1.0, [-0.5371838179247255, -0.015493662193532504]
[-0.5371838179247255, -0.015493662193532504], 0, -1.0, [-0.5535756205040783, -0.016391802579352823]
[-0.5535756205040783, -0.016391802579352823], 0, -1.0, [-0.5707428996713233, -0.017167279167245076]
[-0.5707428996713233, -0.017167279167245076], 0, -1.0, [-0.5885577755163346, -0.01781487584501134]
[-0.5885577755163346, -0.01781487584501134], 0, -1.0, [-0.6068885367003649, -0.018330761184030375]
[-0.6068885367003649, -0.018330761184030375], 0, -1.0, [-0.6256011046241131, -0.018712567923748234]
[-0.6256011046241131, -0.018712567923748234], 0, -1.0, [-0.6445605387119865, -0.018959434087873362]
[-0.6445605387119865, -0.018959434087873362], 0, -1.0, [-0.6636325400590193, -0.01907200134703284]
[-0.6636325400590193, -0.01907200134703284], 0, -1.0, [-0.6826849090539658, -0.019052368994946573]
[-0.6826849090539658, -0.019052368994946573], 0, -1.0, [-0.7015889139034551, -0.018904004849489238]
[-0.7015889139034551, -0.018904004849489238], 0, -1.0, [-0.7202205311289231, -0.01863161722546805]
[-0.7202205311289231, -0.01863161722546805], 0, -1.0, [-0.7384615256984071, -0.018240994569483953]
[-0.7384615256984071, -0.018240994569483953], 0, -1.0, [-0.7562003468717127, -0.017738821173305566]
[-0.7562003468717127, -0.017738821173305566], 0, -1.0, [-0.7733328253230923, -0.017132478451379708]
[-0.7733328253230923, -0.017132478451379708], 0, -1.0, [-0.7897626668630642, -0.016429841539971846]
[-0.7897626668630642, -0.016429841539971846], 2, -1.0, [-0.8034017473672835, -0.01363908050421937]
[-0.8034017473672835, -0.01363908050421937], 2, -1.0, [-0.8141802067143724, -0.010778459347088914]
[-0.8141802067143724, -0.010778459347088914], 2, -1.0, [-0.8220450347105751, -0.00786482799620268]
[-0.8220450347105751, -0.00786482799620268], 2, -1.0, [-0.826958810336796, -0.004913775626220881]
[-0.826958810336796, -0.004913775626220881], 2, -1.0, [-0.8288987037110702, -0.0019398933742741987]
[-0.8288987037110702, -0.0019398933742741987], 2, -1.0, [-0.8278558197204038, 0.0010428839906663815]
[-0.8278558197204038, 0.0010428839906663815], 2, -1.0, [-0.8238349320375932, 0.0040208876828106465]
[-0.8238349320375932, 0.0040208876828106465], 2, -1.0, [-0.8168546265932982, 0.006980305444294904]
[-0.8168546265932982, 0.006980305444294904], 2, -1.0, [-0.8069478442635118, 0.009906782329786394]
[-0.8069478442635118, 0.009906782329786394], 2, -1.0, [-0.7941627830350637, 0.012785061228448167]
[-0.7941627830350637, 0.012785061228448167], 2, -1.0, [-0.7785640898472406, 0.015598693187823177]
[-0.7785640898472406, 0.015598693187823177], 2, -1.0, [-0.7602342418350485, 0.018329848012192097]
[-0.7602342418350485, 0.018329848012192097], 2, -1.0, [-0.7392749868615651, 0.020959254973483412]
[-0.7392749868615651, 0.020959254973483412], 2, -1.0, [-0.7158086861852849, 0.02346630067628017]
[-0.7158086861852849, 0.02346630067628017], 2, -1.0, [-0.6899793811934857, 0.02582930499179922]
[-0.6899793811934857, 0.02582930499179922], 2, -1.0, [-0.6619533956128628, 0.028025985580622907]
[-0.6619533956128628, 0.028025985580622907], 2, -1.0, [-0.6319192891099107, 0.030034106502952084]
[-0.6319192891099107, 0.030034106502952084], 2, -1.0, [-0.6000870017582567, 0.031832287351653984]
[-0.6000870017582567, 0.031832287351653984], 2, -1.0, [-0.5666860737408033, 0.03340092801745337]
[-0.5666860737408033, 0.03340092801745337], 2, -1.0, [-0.5319628901483133, 0.03472318359248988]
[-0.5319628901483133, 0.03472318359248988], 2, -1.0, [-0.49617698227931806, 0.03578590786899527]
[-0.49617698227931806, 0.03578590786899527], 2, -1.0, [-0.4595965059642862, 0.036580476315031855]
[-0.4595965059642862, 0.036580476315031855], 2, -1.0, [-0.42249310266975615, 0.037103403294530025]
[-0.42249310266975615, 0.037103403294530025], 2, -1.0, [-0.38513641798569004, 0.037356684684066124]
[-0.38513641798569004, 0.037356684684066124], 2, -1.0, [-0.34778859359373354, 0.03734782439195649]
[-0.34778859359373354, 0.03734782439195649], 2, -1.0, [-0.31069905603125, 0.03708953756248358]
[-0.31069905603125, 0.03708953756248358], 2, -1.0, [-0.27409989731148077, 0.03659915871976923]
[-0.27409989731148077, 0.03659915871976923], 2, -1.0, [-0.23820208357823952, 0.035897813733241246]
[-0.23820208357823952, 0.035897813733241246], 2, -1.0, [-0.20319264817386518, 0.03500943540437435]
[-0.20319264817386518, 0.03500943540437435], 2, -1.0, [-0.16923293708620568, 0.03395971108765948]
[-0.16923293708620568, 0.03395971108765948], 2, -1.0, [-0.13645788995815522, 0.03277504712805047]
[-0.13645788995815522, 0.03277504712805047], 2, -1.0, [-0.10497626858996056, 0.031481621368194664]
[-0.10497626858996056, 0.031481621368194664], 2, -1.0, [-0.07487169330588983, 0.03010457528407074]
[-0.07487169330588983, 0.03010457528407074], 2, -1.0, [-0.04620431780424825, 0.028667375501641577]
[-0.04620431780424825, 0.028667375501641577], 2, -1.0, [-0.01901296379364234, 0.027191354010605913]
[-0.01901296379364234, 0.027191354010605913], 2, -1.0, [0.006682455908408082, 0.025695419702050422]
[0.006682455908408082, 0.025695419702050422], 2, -1.0, [0.030878377964824497, 0.024195922056416415]
[0.030878377964824497, 0.024195922056416415], 2, -1.0, [0.05358501893783249, 0.02270664097300799]
[0.05358501893783249, 0.02270664097300799], 2, -1.0, [0.07482389314165251, 0.02123887420382002]
[0.07482389314165251, 0.02123887420382002], 2, -1.0, [0.0946254877387189, 0.019801594597066388]
[0.0946254877387189, 0.019801594597066388], 2, -1.0, [0.11302713999172932, 0.018401652253010423]
[0.11302713999172932, 0.018401652253010423], 2, -1.0, [0.13007114073893092, 0.017044000747201585]
[0.13007114073893092, 0.017044000747201585], 2, -1.0, [0.14580307174078447, 0.015731931001853553]
[0.14580307174078447, 0.015731931001853553], 2, -1.0, [0.16027037238501832, 0.014467300644233839]
[0.16027037238501832, 0.014467300644233839], 2, -1.0, [0.17352112284418375, 0.013250750459165423]
[0.17352112284418375, 0.013250750459165423], 2, -1.0, [0.1856030255149933, 0.012081902670809563]
[0.1856030255149933, 0.012081902670809563], 2, -1.0, [0.19656256376263775, 0.01095953824764445]
[0.19656256376263775, 0.01095953824764445], 2, -1.0, [0.2064443160228616, 0.009881752260223847]
[0.2064443160228616, 0.009881752260223847], 2, -1.0, [0.21529040364261326, 0.008846087619751657]
[0.21529040364261326, 0.008846087619751657], 2, -1.0, [0.2231400520296198, 0.007849648387006546]
[0.2231400520296198, 0.007849648387006546], 2, -1.0, [0.23002924639403557, 0.006889194364415773]
[0.23002924639403557, 0.006889194364415773], 1, -1.0, [0.23499046535150925, 0.004961218957473672]
[0.23499046535150925, 0.004961218957473672], 1, -1.0, [0.2380476090895459, 0.0030571437380366383]
[0.2380476090895459, 0.0030571437380366383], 1, -1.0, [0.23921561547479747, 0.0011680063852515777]
[0.23921561547479747, 0.0011680063852515777], 0, -1.0, [0.23750023366102516, -0.0017153818137723089]
[0.23750023366102516, -0.0017153818137723089], 0, -1.0, [0.2328930281844313, -0.004607205476593844]
[0.2328930281844313, -0.004607205476593844], 0, -1.0, [0.225371591515647, -0.007521436668784286]
[0.225371591515647, -0.007521436668784286], 0, -1.0, [0.21490013023048105, -0.010471461285165976]
[0.21490013023048105, -0.010471461285165976], 0, -1.0, [0.20143046930600797, -0.013469660924473064]
[0.20143046930600797, -0.013469660924473064], 0, -1.0, [0.18490354610300452, -0.01652692320300344]
[0.18490354610300452, -0.01652692320300344], 0, -1.0, [0.16525149069527373, -0.019652055407730795]
[0.16525149069527373, -0.019652055407730795], 0, -1.0, [0.142400410134298, -0.022851080560975748]
[0.142400410134298, -0.022851080560975748], 0, -1.0, [0.11627400728965509, -0.02612640284464291]
[0.11627400728965509, -0.02612640284464291], 0, -1.0, [0.08679816447721128, -0.029475842812443805]
[0.08679816447721128, -0.029475842812443805], 0, -1.0, [0.05390660044889055, -0.03289156402832073]
[0.05390660044889055, -0.03289156402832073], 0, -1.0, [0.017547656850881138, -0.03635894359800941]
[0.017547656850881138, -0.03635894359800941], 1, -1.0, [-0.021307823444119224, -0.03885548029500036]
[-0.021307823444119224, -0.03885548029500036], 2, -1.0, [-0.061658197715591105, -0.04035037427147188]
[-0.061658197715591105, -0.04035037427147188], 2, -1.0, [-0.1034659242966019, -0.04180772658101079]
[-0.1034659242966019, -0.04180772658101079], 0, -1.0, [-0.14865418125384486, -0.04518825695724296]
[-0.14865418125384486, -0.04518825695724296], 0, -1.0, [-0.1970979279930447, -0.04844374673919985]
[-0.1970979279930447, -0.04844374673919985], 0, -1.0, [-0.2486172251644365, -0.05151929717139179]
[-0.2486172251644365, -0.05151929717139179], 0, -1.0, [-0.30297279789551984, -0.05435557273108333]
[-0.30297279789551984, -0.05435557273108333], 0, -1.0, [-0.35986486893297726, -0.05689207103745741]
[-0.35986486893297726, -0.05689207103745741], 0, -1.0, [-0.4189361546332661, -0.05907128570028885]
[-0.4189361546332661, -0.05907128570028885], 0, -1.0, [-0.47977957527457066, -0.06084342064130457]
[-0.47977957527457066, -0.06084342064130457], 0, -1.0, [-0.5419506941808173, -0.06217111890624661]
[-0.5419506941808173, -0.06217111890624661], 0, -1.0, [-0.6049842432211143, -0.06303354904029702]
[-0.6049842432211143, -0.06303354904029702], 0, -1.0, [-0.6684134476776296, -0.06342920445651518]
[-0.6684134476776296, -0.06342920445651518], 1, -1.0, [-0.7307903868060395, -0.06237693912840993]
[-0.7307903868060395, -0.06237693912840993], 2, -1.0, [-0.7907115355278157, -0.05992114872177619]
[-0.7907115355278157, -0.05992114872177619], 0, -1.0, [-0.8498369646577439, -0.05912542912992825]
[-0.8498369646577439, -0.05912542912992825], 0, -1.0, [-0.9078879421139366, -0.05805097745619266]
[-0.9078879421139366, -0.05805097745619266], 0, -1.0, [-0.9646540907611686, -0.05676614864723195]
[-0.9646540907611686, -0.05676614864723195], 0, -1.0, [-1.019996499523542, -0.05534240876237329]
[-1.019996499523542, -0.05534240876237329], 0, -1.0, [-1.0738472275114852, -0.05385072798794329]
[-1.0738472275114852, -0.05385072798794329], 0, -1.0, [-1.1262059410535683, -0.0523587135420832]
[-1.1262059410535683, -0.0523587135420832], 1, -1.0, [-1.1761345525935658, -0.04992861153999739]
[-1.1761345525935658, -0.04992861153999739], 1, -1.0, [-1.2, 0.0]
[-1.2, 0.0], 2, -1.0, [-1.1967581039591646, 0.003241896040835368]
[-1.1967581039591646, 0.003241896040835368], 2, -1.0, [-1.1902636585360942, 0.006494445423070332]
[-1.1902636585360942, 0.006494445423070332], 2, -1.0, [-1.1804959639787937, 0.009767694557300442]
[-1.1804959639787937, 0.009767694557300442], 2, -1.0, [-1.1674255149588486, 0.013070449019945182]
[-1.1674255149588486, 0.013070449019945182], 2, -1.0, [-1.1510159267200155, 0.016409588238833067]
[-1.1510159267200155, 0.016409588238833067], 2, -1.0, [-1.1312266168239755, 0.019789309896040046]
[-1.1312266168239755, 0.019789309896040046], 2, -1.0, [-1.108016322100852, 0.02321029472312345]
[-1.108016322100852, 0.02321029472312345], 2, -1.0, [-1.081347524946184, 0.02666879715466819]
[-1.081347524946184, 0.02666879715466819], 2, -1.0, [-1.0511918363028878, 0.03015568864329602]
[-1.0511918363028878, 0.03015568864329602], 2, -1.0, [-1.0175363271434712, 0.0336555091594167]
[-1.0175363271434712, 0.0336555091594167], 2, -1.0, [-0.9803907090723114, 0.03714561807115983]
[-0.9803907090723114, 0.03714561807115983], 2, -1.0, [-0.9397951336374217, 0.04059557543488971]
[-0.9397951336374217, 0.04059557543488971], 2, -1.0, [-0.8958282112564235, 0.043966922380998245]
[-0.8958282112564235, 0.043966922380998245], 2, -1.0, [-0.8486146572192776, 0.04721355403714586]
[-0.8486146572192776, 0.04721355403714586], 2, -1.0, [-0.7983317816221248, 0.05028287559715283]
[-0.7983317816221248, 0.05028287559715283], 2, -1.0, [-0.7452138959379592, 0.0531178856841656]
[-0.7452138959379592, 0.0531178856841656], 2, -1.0, [-0.6895536666604415, 0.0556602292775177]
[-0.6895536666604415, 0.0556602292775177], 2, -1.0, [-0.6316995610792892, 0.057854105581152386]
[-0.6316995610792892, 0.057854105581152386], 2, -1.0, [-0.5720488365336812, 0.05965072454560789]
[-0.5720488365336812, 0.05965072454560789], 2, -1.0, [-0.5110360146660762, 0.061012821867605024]
[-0.5110360146660762, 0.061012821867605024], 2, -1.0, [-0.44911739120176025, 0.061918623464315904]
[-0.44911739120176025, 0.061918623464315904], 2, -1.0, [-0.38675274139346727, 0.06236464980829299]
[-0.38675274139346727, 0.06236464980829299], 2, -1.0, [-0.3243858485235833, 0.06236689286988392]
[-0.3243858485235833, 0.06236689286988392], 2, -1.0, [-0.2624256859117381, 0.061960162611845254]
[-0.2624256859117381, 0.061960162611845254], 2, -1.0, [-0.20122996568717166, 0.061195720224566416]
[-0.20122996568717166, 0.061195720224566416], 2, -1.0, [-0.14109236178367496, 0.06013760390349669]
[-0.14109236178367496, 0.06013760390349669], 2, -1.0, [-0.08223412731502394, 0.05885823446865101]
[-0.08223412731502394, 0.05885823446865101], 2, -1.0, [-0.024800200336085113, 0.05743392697893883]
[-0.024800200336085113, 0.05743392697893883], 2, -1.0, [0.03114064276343887, 0.05594084309952398]
[0.03114064276343887, 0.05594084309952398], 2, -1.0, [0.08559238750154527, 0.0544517447381064]
[0.08559238750154527, 0.0544517447381064], 2, -1.0, [0.13862609852276647, 0.05303371102122119]
[0.13862609852276647, 0.05303371102122119], 1, -1.0, [0.18937290492486428, 0.0507468064020978]
[0.18937290492486428, 0.0507468064020978], 1, -1.0, [0.2380124246106571, 0.048639519685792824]
[0.2380124246106571, 0.048639519685792824], 1, -1.0, [0.28476263411837144, 0.04675020950771431]
[0.28476263411837144, 0.04675020950771431], 1, -1.0, [0.3298709544473682, 0.04510832032899673]
[0.3298709544473682, 0.04510832032899673], 1, -1.0, [0.37360674108696645, 0.043735786639598276]
[0.37360674108696645, 0.043735786639598276], 1, -1.0, [0.41625516768535603, 0.0426484265983896]
[0.41625516768535603, 0.0426484265983896], 1, -1.0, [0.4581123601826525, 0.041857192497296455]
[0.4581123601826525, 0.041857192497296455], 1, -1.0, [0.4994815578842463, 0.04136919770159382]
[0.4994815578842463, 0.04136919770159382], 1, -1.0, [0.5406700342215449, 0.0411884763372986]
