[-0.43191971976783716, 0.0], 0, -1.0, [-0.4335986765370841, -0.0016789567692469642]
[-0.4335986765370841, -0.0016789567692469642], 0, -1.0, [-0.4369444626140955, -0.0033457860770113807]
[-0.4369444626140955, -0.0033457860770113807], 0, -1.0, [-0.44193286053183395, -0.004988397917738465]
[-0.44193286053183395, -0.004988397917738465], 0, -1.0, [-0.44852764379287674, -0.006594783261042785]
[-0.44852764379287674, -0.006594783261042785], 0, -1.0, [-0.4566807129880309, -0.008153069195154171]
[-0.4566807129880309, -0.008153069195154171], 0, -1.0, [-0.46633230325445985, -0.009651590266428898]
[-0.46633230325445985, -0.009651590266428898], 0, -1.0, [-0.47741128240145797, -0.011078979146998121]
[-0.47741128240145797, -0.011078979146998121], 0, -1.0, [-0.4898355603365803, -0.012424277935122352]
[-0.4898355603365803, -0.012424277935122352], 0, -1.0, [-0.5035126296121984, -0.01367706927561815]
[-0.5035126296121984, -0.01367706927561815], 0, -1.0, [-0.5183402538312756, -0.014827624219077115]
[-0.5183402538312756, -0.014827624219077115], 0, -1.0, [-0.5342073153277754, -0.015867061496499874]
[-0.5342073153277754, -0.015867061496499874], 0, -1.0, [-0.550994826206964, -0.016787510879188637]
[-0.550994826206964, -0.016787510879188637], 0, -1.0, [-0.5685770979501867, -0.017582271743222702]
[-0.5685770979501867, -0.017582271743222702], 0, -1.0, [-0.5868230550196802, -0.018245957069493533]
[-0.5868230550196802, -0.018245957069493533], 0, -1.0, [-0.6055976680625117, -0.018774613042831494]
[-0.6055976680625117, -0.018774613042831494], 0, -1.0, [-0.6247634733101071, -0.019165805247595313]
[-0.6247634733101071, -0.019165805247595313], 0, -1.0, [-0.6441821374812452, -0.019418664171138175]
[-0.6441821374812452, -0.019418664171138175], 0, -1.0, [-0.6637160226709675, -0.01953388518972236]
[-0.6637160226709675, -0.01953388518972236], 0, -1.0, [-0.6832297038635786, -0.01951368119261107]
[-0.6832297038635786, -0.01951368119261107], 0, -1.0, [-0.7025913930601291, -0.01936168919655051]
[-0.7025913930601291, -0.01936168919655051], 0, -1.0, [-0.721674228443038, -0.01908283538290886]
[-0.721674228443038, -0.01908283538290886], 0, -1.0, [-0.7403573940839319, -0.01868316564089393]
[-0.7403573940839319, -0.01868316564089393], 0, -1.0, [-0.7585270447579082, -0.018169650673976356]
[-0.7585270447579082, -0.018169650673976356], 0, -1.0, [-0.7760770206283286, -0.017549975870420412]
[-0.7760770206283286, -0.017549975870420412], 0, -1.0, [-0.7929093470387126, -0.01683232641038396]
[-0.7929093470387126, -0.01683232641038396], 2, -1.0, [-0.8069345245829137, -0.014025177544201062]
[-0.8069345245829137, -0.014025177544201062], 2, -1.0, [-0.8180814891571448, -0.01114696457423116]
[-0.8180814891571448, -0.01114696457423116], 2, -1.0, [-0.8262961255328503, -0.008214636375705419]
[-0.8262961255328503, -0.008214636375705419], 2, -1.0, [-0.8315399336408741, -0.00524380810802379]
[-0.8315399336408741, -0.00524380810802379], 2, -1.0, [-0.8337889614072409, -0.0022490277663668092]
[-0.8337889614072409, -0.0022490277663668092], 2, -1.0, [-0.833033086901093, 0.0007558745061479201]
[-0.833033086901093, 0.0007558745061479201], 2, -1.0, [-0.8292757018368321, 0.0037573850642609813]
[-0.8292757018368321, 0.0037573850642609813], 2, -1.0, [-0.8225338185189284, 0.006741883317903747]
[-0.8225338185189284, 0.006741883317903747], 2, -1.0, [-0.8128385928224937, 0.009695225696434658]
[-0.8128385928224937, 0.009695225696434658], 2, -1.0, [-0.8002362261445645, 0.012602366677929277]
[-0.8002362261445645, 0.012602366677929277], 2, -1.0, [-0.7847891789253323, 0.015447047219232206]
[-0.7847891789253323, 0.015447047219232206], 2, -1.0, [-0.7665775973294001, 0.01821158159593215]
[-0.7665775973294001, 0.01821158159593215], 2, -1.0, [-0.7457008238857455, 0.020876773443654566]
[-0.7457008238857455, 0.020876773443654566], 2, -1.0, [-0.722278834358601, 0.023421989527144603]
[-0.722278834358601, 0.023421989527144603], 2, -1.0, [-0.6964534201525986, 0.02582541420600233]
[-0.6964534201525986, 0.02582541420600233], 2, -1.0, [-0.6683889224965789, 0.028064497656019694]
[-0.6683889224965789, 0.028064497656019694], 2, -1.0, [-0.6382723263670124, 0.030116596129566516]
[-0.6382723263670124, 0.030116596129566516], 2, -1.0, [-0.6063125430496085, 0.0319597833174039]
[-0.6063125430496085, 0.0319597833174039], 2, -1.0, [-0.57273875318797, 0.03357378986163851]
[-0.57273875318797, 0.03357378986163851], 2, -1.0, [-0.5377977469711785, 0.03494100621679142]
[-0.5377977469711785, 0.03494100621679142], 2, -1.0, [-0.5017502806711592, 0.03604746630001935]
[-0.5017502806711592, 0.03604746630001935], 2, -1.0, [-0.4648665607761263, 0.0368837198950329]
[-0.4648665607761263, 0.0368837198950329], 2, -1.0, [-0.4274210568316395, 0.03744550394448683]
[-0.4274210568316395, 0.03744550394448683], 2, -1.0, [-0.3896869186971159, 0.03773413813452356]
[-0.3896869186971159, 0.03773413813452356], 2, -1.0, [-0.35193032136629127, 0.03775659733082464]
[-0.35193032136629127, 0.03775659733082464], 2, -1.0, [-0.31440507282582747, 0.037525248540463775]
[-0.31440507282582747, 0.037525248540463775], 2, -1.0, [-0.2773477955485539, 0.03705727727727358]
[-0.2773477955485539, 0.03705727727727358], 2, -1.0, [-0.24097393445394044, 0.03637386109461345]
[-0.24097393445394044, 0.03637386109461345], 2, -1.0, [-0.205474763185514, 0.03549917126842646]
[-0.205474763185514, 0.03549917126842646], 2, -1.0, [-0.17101546907390588, 0.034459294111608106]
[-0.17101546907390588, 0.034459294111608106], 2, -1.0, [-0.13773430814595733, 0.03328116092794856]
[-0.13773430814595733, 0.03328116092794856], 2, -1.0, [-0.10574274573101036, 0.03199156241494697]
[-0.10574274573101036, 0.03199156241494697], 2, -1.0, [-0.07512644250238988, 0.030616303228620478]
[-0.07512644250238988, 0.030616303228620478], 2, -1.0, [-0.045946912790168264, 0.029179529712221618]
[-0.045946912790168264, 0.029179529712221618], 2, -1.0, [-0.018243670572135738, 0.027703242218032526]
[-0.018243670572135738, 0.027703242218032526], 2, -1.0, [0.007963315065865083, 0.02620698563800082]
[0.007963315065865083, 0.02620698563800082], 2, -1.0, [0.03267101408178805, 0.024707699015922964]
[0.03267101408178805, 0.024707699015922964], 2, -1.0, [0.055890711683234146, 0.023219697601446095]
[0.055890711683234146, 0.023219697601446095], 2, -1.0, [0.07764546946019071, 0.021754757776956565]
[0.07764546946019071, 0.021754757776956565], 2, -1.0, [0.09796774532928898, 0.02032227586909826]
[0.09796774532928898, 0.02032227586909826], 2, -1.0, [0.11689722009889432, 0.018929474769605343]
[0.11689722009889432, 0.018929474769605343], 2, -1.0, [0.1344788565700698, 0.017581636471175485]
[0.1344788565700698, 0.017581636471175485], 2, -1.0, [0.1507611998050148, 0.01628234323494498]
[0.1507611998050148, 0.01628234323494498], 2, -1.0, [0.16579491436910945, 0.015033714564094658]
[0.16579491436910945, 0.015033714564094658], 2, -1.0, [0.17963154548254384, 0.013836631113434403]
[0.17963154548254384, 0.013836631113434403], 2, -1.0, [0.19232248543485878, 0.012690939952314925]
[0.19232248543485878, 0.012690939952314925], 2, -1.0, [0.20391812361788436, 0.0115956381830256]
[0.20391812361788436, 0.0115956381830256], 2, -1.0, [0.21446715746335246, 0.010549033845468094]
[0.21446715746335246, 0.010549033845468094], 2, -1.0, [0.22401604186414337, 0.009548884400790915]
[0.22401604186414337, 0.009548884400790915], 2, -1.0, [0.23260855585122617, 0.0085925139870828]
[0.23260855585122617, 0.0085925139870828], 2, -1.0, [0.24028546703425677, 0.007676911183030611]
[0.24028546703425677, 0.007676911183030611], 2, -1.0, [0.24708427632790247, 0.006798809293645704]
[0.24708427632790247, 0.006798809293645704], 0, -1.0, [0.25103902759162644, 0.0039547512637239796]
[0.25103902759162644, 0.0039547512637239796], 2, -1.0, [0.25416987737219965, 0.00313084978057319]
[0.25416987737219965, 0.00313084978057319], 2, -1.0, [0.25649296517634257, 0.0023230878041429343]
[0.25649296517634257, 0.0023230878041429343], 0, -1.0, [0.25602036965222175, -0.00047259552412082413]
[0.25602036965222175, -0.00047259552412082413], 0, -1.0, [0.2527496265037895, -0.003270743148432258]
[0.2527496265037895, -0.003270743148432258], 0, -1.0, [0.2466637801472189, -0.006085846356570602]
[0.2466637801472189, -0.006085846356570602], 0, -1.0, [0.23773174779630477, -0.008932032350914129]
[0.23773174779630477, -0.008932032350914129], 0, -1.0, [0.22590902734361049, -0.011822720452694287]
[0.22590902734361049, -0.011822720452694287], 0, -1.0, [0.21113880713103275, -0.014770220212577734]
[0.21113880713103275, -0.014770220212577734], 0, -1.0, [0.19335356184381697, -0.01778524528721578]
[0.19335356184381697, -0.01778524528721578], 0, -1.0, [0.1724772430784734, -0.02087631876534358]
[0.1724772430784734, -0.02087631876534358], 0, -1.0, [0.14842819321579526, -0.02404904986267813]
[0.14842819321579526, -0.02404904986267813], 0, -1.0, [0.12112292302987519, -0.027305270185920064]
[0.12112292302987519, -0.027305270185920064], 0, -1.0, [0.09048089088191093, -0.030642032147964262]
[0.09048089088191093, -0.030642032147964262], 0, -1.0, [0.05643039601544218, -0.034050494866468745]
[0.05643039601544218, -0.034050494866468745], 2, -1.0, [0.020915640054511145, -0.03551475596093104]
[0.020915640054511145, -0.03551475596093104], 2, -1.0, [-0.01609419605094494, -0.037009836105456086]
[-0.01609419605094494, -0.037009836105456086], 2, -1.0, [-0.054601118712055724, -0.03850692266111078]
[-0.054601118712055724, -0.03850692266111078], 2, -1.0, [-0.09457457687464005, -0.039973458162584324]
[-0.09457457687464005, -0.039973458162584324], 0, -1.0, [-0.13794808429628963, -0.043373507421649596]
[-0.13794808429628963, -0.043373507421649596], 0, -1.0, [-0.18461054595494997, -0.04666246165866033]
[-0.18461054595494997, -0.04666246165866033], 0, -1.0, [-0.23439929641521612, -0.049788750460266144]
[-0.23439929641521612, -0.049788750460266144], 0, -1.0, [-0.28709499223337637, -0.05269569581816023]
[-0.28709499223337637, -0.05269569581816023], 0, -1.0, [-0.34241934585092515, -0.055324353617548803]
[-0.34241934585092515, -0.055324353617548803], 0, -1.0, [-0.4000366184393835, -0.05761727258845835]
[-0.4000366184393835, -0.05761727258845835], 0, -1.0, [-0.459559529434942, -0.0595229109955585]
[-0.459559529434942, -0.0595229109955585], 0, -1.0, [-0.5205597856757245, -0.06100025624078249]
[-0.5205597856757245, -0.06100025624078249], 0, -1.0, [-0.5825828340251799, -0.06202304834945533]
[-0.5825828340251799, -0.06202304834945533], 0, -1.0, [-0.6451658069660899, -0.0625829729409101]
[-0.6451658069660899, -0.0625829729409101], 0, -1.0, [-0.7078571047484128, -0.06269129778232282]
[-0.7078571047484128, -0.06269129778232282], 2, -1.0, [-0.7682357751350992, -0.060378670386686456]
[-0.7682357751350992, -0.060378670386686456], 0, -1.0, [-0.8279399982631767, -0.05970422312807744]
[-0.8279399982631767, -0.05970422312807744], 2, -1.0, [-0.8846658316632574, -0.05672583340008078]
[-0.8846658316632574, -0.05672583340008078], 0, -1.0, [-0.9401830098464404, -0.055517178183183]
[-0.9401830098464404, -0.055517178183183], 0, -1.0, [-0.9943279214996646, -0.0541449116532242]
[-0.9943279214996646, -0.0541449116532242], 0, -1.0, [-1.04700421325948, -0.05267629175981523]
[-1.04700421325948, -0.05267629175981523], 0, -1.0, [-1.098180505439815, -0.051176292180335245]
[-1.098180505439815, -0.051176292180335245], 0, -1.0, [-1.1478859823527376, -0.04970547691292258]
[-1.1478859823527376, -0.04970547691292258], 1, -1.0, [-1.1952046489753008, -0.04731866662256318]
[-1.1952046489753008, -0.04731866662256318], 1, -1.0, [-1.2, 0.0]
[-1.2, 0.0], 2, -1.0, [-1.1967581039591646, 0.003241896040835368]
[-1.1967581039591646, 0.003241896040835368], 2, -1.0, [-1.1902636585360942, 0.006494445423070332]
[-1.1902636585360942, 0.006494445423070332], 2, -1.0, [-1.1804959639787937, 0.009767694557300442]
[-1.1804959639787937, 0.009767694557300442], 2, -1.0, [-1.1674255149588486, 0.013070449019945182]
[-1.1674255149588486, 0.013070449019945182], 2, -1.0, [-1.1510159267200155, 0.016409588238833067]
[-1.1510159267200155, 0.016409588238833067], 2, -1.0, [-1.1312266168239755, 0.019789309896040046]
[-1.1312266168239755, 0.019789309896040046], 2, -1.0, [-1.108016322100852, 0.02321029472312345]
[-1.108016322100852, 0.02321029472312345], 2, -1.0, [-1.081347524946184, 0.02666879715466819]
[-1.081347524946184, 0.02666879715466819], 2, -1.0, [-1.0511918363028878, 0.03015568864329602]
[-1.0511918363028878, 0.03015568864329602], 2, -1.0, [-1.0175363271434712, 0.0336555091594167]
[-1.0175363271434712, 0.0336555091594167], 2, -1.0, [-0.9803907090723114, 0.03714561807115983]
[-0.9803907090723114, 0.03714561807115983], 2, -1.0, [-0.9397951336374217, 0.04059557543488971]
[-0.9397951336374217, 0.04059557543488971], 2, -1.0, [-0.8958282112564235, 0.043966922380998245]
[-0.8958282112564235, 0.043966922380998245], 2, -1.0, [-0.8486146572192776, 0.04721355403714586]
[-0.8486146572192776, 0.04721355403714586], 2, -1.0, [-0.7983317816221248, 0.05028287559715283]
[-0.7983317816221248, 0.05028287559715283], 2, -1.0, [-0.7452138959379592, 0.0531178856841656]
[-0.7452138959379592, 0.0531178856841656], 2, -1.0, [-0.6895536666604415, 0.0556602292775177]
[-0.6895536666604415, 0.0556602292775177], 2, -1.0, [-0.6316995610792892, 0.057854105581152386]
[-0.6316995610792892, 0.057854105581152386], 2, -1.0, [-0.5720488365336812, 0.05965072454560789]
[-0.5720488365336812, 0.05965072454560789], 2, -1.0, [-0.5110360146660762, 0.061012821867605024]
[-0.5110360146660762, 0.061012821867605024], 2, -1.0, [-0.44911739120176025, 0.061918623464315904]
[-0.44911739120176025, 0.061918623464315904], 2, -1.0, [-0.38675274139346727, 0.06236464980829299]
[-0.38675274139346727, 0.06236464980829299], 2, -1.0, [-0.3243858485235833, 0.06236689286988392]
[-0.3243858485235833, 0.06236689286988392], 2, -1.0, [-0.2624256859117381, 0.061960162611845254]
[-0.2624256859117381, 0.061960162611845254], 2, -1.0, [-0.20122996568717166, 0.061195720224566416]
[-0.20122996568717166, 0.061195720224566416], 2, -1.0, [-0.14109236178367496, 0.06013760390349669]
[-0.14109236178367496, 0.06013760390349669], 2, -1.0, [-0.08223412731502394, 0.05885823446865101]
[-0.08223412731502394, 0.05885823446865101], 2, -1.0, [-0.024800200336085113, 0.05743392697893883]
[-0.024800200336085113, 0.05743392697893883], 2, -1.0, [0.03114064276343887, 0.05594084309952398]
[0.03114064276343887, 0.05594084309952398], 1, -1.0, [0.08459238750154527, 0.0534517447381064]
[0.08459238750154527, 0.0534517447381064], 2, -1.0, [0.13662420467148473, 0.052031817169939445]
[0.13662420467148473, 0.052031817169939445], 2, -1.0, [0.18736309285988065, 0.05073888818839591]
[0.18736309285988065, 0.05073888818839591], 2, -1.0, [0.23698662238151136, 0.04962352952163071]
[0.23698662238151136, 0.04962352952163071], 1, -1.0, [0.2847158122708679, 0.047729189889356524]
[0.2847158122708679, 0.047729189889356524], 1, -1.0, [0.33080284818383576, 0.04608703591296789]
[0.33080284818383576, 0.04608703591296789], 1, -1.0, [0.3755231974337667, 0.044720349249930985]
[0.3755231974337667, 0.044720349249930985], 1, -1.0, [0.41916914719873943, 0.0436459497649727]
[0.41916914719873943, 0.0436459497649727], 1, -1.0, [0.4620446242219455, 0.042875477023206064]
[0.4620446242219455, 0.042875477023206064], 1, -1.0, [0.5044610644026957, 0.04241644018075015]
