[-0.40170258878461285, 0.0], 0, -1.0, [-0.40359656981080655, -0.0018939810261937168]
[-0.40359656981080655, -0.0018939810261937168], 0, -1.0, [-0.40737125190309004, -0.003774682092283468]
[-0.40737125190309004, -0.003774682092283468], 0, -1.0, [-0.4130000838790491, -0.0056288319759590635]
[-0.4130000838790491, -0.0056288319759590635], 0, -1.0, [-0.4204432700249329, -0.00744318614588386]
[-0.4204432700249329, -0.00744318614588386], 0, -1.0, [-0.4296478325183683, -0.009204562493435368]
[-0.4296478325183683, -0.009204562493435368], 0, -1.0, [-0.44054773462380714, -0.010899902105438862]
[-0.44054773462380714, -0.010899902105438862], 0, -1.0, [-0.4530640950315319, -0.012516360407724731]
[-0.4530640950315319, -0.012516360407724731], 0, -1.0, [-0.4671055265226726, -0.014041431491140706]
[-0.4671055265226726, -0.014041431491140706], 0, -1.0, [-0.4825686319462791, -0.015463105423606455]
[-0.4825686319462791, -0.015463105423606455], 0, -1.0, [-0.4993386869630746, -0.016770055016795505]
[-0.4993386869630746, -0.016770055016795505], 0, -1.0, [-0.5172905320560575, -0.01795184509298287]
[-0.5172905320560575, -0.01795184509298287], 0, -1.0, [-0.536289686151572, -0.01899915409551451]
[-0.536289686151572, -0.01899915409551451], 0, -1.0, [-0.5561936814111359, -0.019903995259563836]
[-0.5561936814111359, -0.019903995259563836], 0, -1.0, [-0.5768536042754279, -0.020659922864291972]
[-0.5768536042754279, -0.020659922864291972], 0, -1.0, [-0.5981158128987635, -0.021262208623335655]
[-0.5981158128987635, -0.021262208623335655], 0, -1.0, [-0.6198237871199376, -0.021707974221174094]
[-0.6198237871199376, -0.021707974221174094], 0, -1.0, [-0.6418200555049527, -0.021996268385015148]
[-0.6418200555049527, -0.021996268385015148], 0, -1.0, [-0.6639481360247279, -0.022128080519775252]
[-0.6639481360247279, -0.022128080519775252], 0, -1.0, [-0.6860544234936236, -0.022106287468895633]
[-0.6860544234936236, -0.022106287468895633], 0, -1.0, [-0.7079899583941919, -0.021935534900568356]
[-0.7079899583941919, -0.021935534900568356], 0, -1.0, [-0.7296120179944718, -0.021622059600279932]
[-0.7296120179944718, -0.021622059600279932], 0, -1.0, [-0.7507854810412868, -0.02117346304681505]
[-0.7507854810412868, -0.02117346304681505], 0, -1.0, [-0.7713839306826206, -0.02059844964133372]
[-0.7713839306826206, -0.02059844964133372], 0, -1.0, [-0.79129047528241, -0.019906544599789463]
[-0.79129047528241, -0.019906544599789463], 2, -1.0, [-0.8083982820373903, -0.017107806754980213]
[-0.8083982820373903, -0.017107806754980213], 2, -1.0, [-0.8226206486001025, -0.014222366562712278]
[-0.8226206486001025, -0.014222366562712278], 2, -1.0, [-0.8338892664145235, -0.01126861781442103]
[-0.8338892664145235, -0.01126861781442103], 2, -1.0, [-0.8421525326482909, -0.008263266233767382]
[-0.8421525326482909, -0.008263266233767382], 2, -1.0, [-0.8473740600871914, -0.005221527438900494]
[-0.8473740600871914, -0.005221527438900494], 2, -1.0, [-0.849531501295007, -0.002157441207815598]
[-0.849531501295007, -0.002157441207815598], 2, -1.0, [-0.8486157702694642, 0.0009157310255427532]
[-0.8486157702694642, 0.0009157310255427532], 2, -1.0, [-0.8446307129996937, 0.003985057269770526]
[-0.8446307129996937, 0.003985057269770526], 2, -1.0, [-0.8375932478547921, 0.00703746514490172]
[-0.8375932478547921, 0.00703746514490172], 2, -1.0, [-0.827533966943254, 0.010059280911538066]
[-0.827533966943254, 0.010059280911538066], 2, -1.0, [-0.8144981594928463, 0.013035807450407676]
[-0.8144981594928463, 0.013035807450407676], 2, -1.0, [-0.7985471870609778, 0.01595097243186853]
[-0.7985471870609778, 0.01595097243186853], 2, -1.0, [-0.7797601077386946, 0.018787079322283212]
[-0.7797601077386946, 0.018787079322283212], 2, -1.0, [-0.7582354132065421, 0.021524694532152534]
[-0.7582354132065421, 0.021524694532152534], 2, -1.0, [-0.7340927106201673, 0.024142702586374735]
[-0.7340927106201673, 0.024142702586374735], 2, -1.0, [-0.7074741544089101, 0.026618556211257187]
[-0.7074741544089101, 0.026618556211257187], 2, -1.0, [-0.6785454160515827, 0.028928738357327483]
[-0.6785454160515827, 0.028928738357327483], 2, -1.0, [-0.6474959784093551, 0.031049437642227562]
[-0.6474959784093551, 0.031049437642227562], 2, -1.0, [-0.6145385606505654, 0.032957417758789735]
[-0.6145385606505654, 0.032957417758789735], 2, -1.0, [-0.579907523928166, 0.03463103672239943]
[-0.579907523928166, 0.03463103672239943], 2, -1.0, [-0.5438561772678683, 0.03605134666029778]
[-0.5438561772678683, 0.03605134666029778], 2, -1.0, [-0.5066529935976175, 0.037203183670250745]
[-0.5066529935976175, 0.037203183670250745], 2, -1.0, [-0.4685768485553396, 0.03807614504227792]
[-0.4685768485553396, 0.03807614504227792], 2, -1.0, [-0.42991149655893174, 0.038665351996407867]
[-0.42991149655893174, 0.038665351996407867], 2, -1.0, [-0.3909395845048091, 0.038971912054122655]
[-0.3909395845048091, 0.038971912054122655], 2, -1.0, [-0.3519365593727185, 0.03900302513209059]
[-0.3519365593727185, 0.03900302513209059], 2, -1.0, [-0.31316484231420977, 0.03877171705850873]
[-0.31316484231420977, 0.03877171705850873], 2, -1.0, [-0.2748686156270246, 0.038296226687185166]
[-0.2748686156270246, 0.038296226687185166], 2, -1.0, [-0.23726950503285577, 0.03759911059416882]
[-0.23726950503285577, 0.03759911059416882], 2, -1.0, [-0.20056334890173577, 0.03670615613111999]
[-0.20056334890173577, 0.03670615613111999], 2, -1.0, [-0.16491814318193274, 0.035645205719803036]
[-0.16491814318193274, 0.035645205719803036], 2, -1.0, [-0.1304731508047302, 0.03444499237720252]
[-0.1304731508047302, 0.03444499237720252], 2, -1.0, [-0.0973390795997795, 0.0331340712049507]
[-0.0973390795997795, 0.0331340712049507], 2, -1.0, [-0.06559917112561192, 0.03173990847416758]
[-0.06559917112561192, 0.03173990847416758], 2, -1.0, [-0.0353110071186689, 0.030288164006943022]
[-0.0353110071186689, 0.030288164006943022], 2, -1.0, [-0.006508828968147636, 0.028802178150521263]
[-0.006508828968147636, 0.028802178150521263], 2, -1.0, [0.020793825771843893, 0.02730265473999153]
[0.020793825771843893, 0.02730265473999153], 2, -1.0, [0.04660134324549542, 0.025807517473651523]
[0.04660134324549542, 0.025807517473651523], 2, -1.0, [0.07093325241039916, 0.024331909164903742]
[0.07093325241039916, 0.024331909164903742], 2, -1.0, [0.09382155296240106, 0.022888300552001906]
[0.09382155296240106, 0.022888300552001906], 2, -1.0, [0.1153082294122565, 0.021486676449855444]
[0.1153082294122565, 0.021486676449855444], 2, -1.0, [0.13544300005253834, 0.020134770640281838]
[0.13544300005253834, 0.020134770640281838], 2, -1.0, [0.15428132585620258, 0.01883832580366422]
[0.15428132585620258, 0.01883832580366422], 2, -1.0, [0.17188268591726066, 0.01760136006105808]
[0.17188268591726066, 0.01760136006105808], 2, -1.0, [0.18830911260696573, 0.016426426689705065]
[0.18830911260696573, 0.016426426689705065], 2, -1.0, [0.20362397053998676, 0.01531485793302104]
[0.20362397053998676, 0.01531485793302104], 2, -1.0, [0.21789095793162488, 0.014266987391638106]
[0.21789095793162488, 0.014266987391638106], 2, -1.0, [0.231173306171573, 0.013282348239948106]
[0.231173306171573, 0.013282348239948106], 2, -1.0, [0.24353315270448705, 0.012359846532914064]
[0.24353315270448705, 0.012359846532914064], 2, -1.0, [0.25503106296723543, 0.011497910262748386]
[0.25503106296723543, 0.011497910262748386], 2, -1.0, [0.26572567868612856, 0.010694615718893115]
[0.26572567868612856, 0.010694615718893115], 2, -1.0, [0.2756734719026075, 0.009947793216478935]
[0.2756734719026075, 0.009947793216478935], 2, -1.0, [0.28492858639459934, 0.00925511449199187]
[0.28492858639459934, 0.00925511449199187], 2, -1.0, [0.29354275050017475, 0.008614164105575394]
[0.29354275050017475, 0.008614164105575394], 2, -1.0, [0.3015652476041714, 0.008022497103996655]
[0.3015652476041714, 0.008022497103996655], 2, -1.0, [0.3090429326410551, 0.007477685036883668]
[0.3090429326410551, 0.007477685036883668], 2, -1.0, [0.31602028485855516, 0.006977352217500043]
[0.31602028485855516, 0.006977352217500043], 2, -1.0, [0.3225394887615982, 0.0065192039030430565]
[0.3225394887615982, 0.0065192039030430565], 0, -1.0, [0.32664053661630094, 0.00410104785470271]
[0.32664053661630094, 0.00410104785470271], 2, -1.0, [0.330348865351331, 0.0037083287350300766]
[0.330348865351331, 0.0037083287350300766], 2, -1.0, [0.3336876576395017, 0.003338792288170714]
[0.3336876576395017, 0.003338792288170714], 2, -1.0, [0.3366779310778695, 0.0029902734383677656]
[0.3366779310778695, 0.0029902734383677656], 2, -1.0, [0.33933862425652644, 0.002660693178656964]
[0.33933862425652644, 0.002660693178656964], 2, -1.0, [0.34168667840846095, 0.0023480541519344837]
[0.34168667840846095, 0.0023480541519344837], 2, -1.0, [0.34373711362804815, 0.002050435219587179]
[0.34373711362804815, 0.002050435219587179], 2, -1.0, [0.34550309888213643, 0.0017659852540882937]
[0.34550309888213643, 0.0017659852540882937], 2, -1.0, [0.3469960152254721, 0.0014929163433356459]
[0.3469960152254721, 0.0014929163433356459], 2, -1.0, [0.3482255117800362, 0.001229496554564122]
[0.3482255117800362, 0.001229496554564122], 2, -1.0, [0.3491995541531427, 0.000974042373106526]
[0.3491995541531427, 0.000974042373106526], 2, -1.0, [0.34992446505814073, 0.0007249109049980284]
[0.34992446505814073, 0.0007249109049980284], 2, -1.0, [0.3504049569696295, 0.0004804919114887558]
[0.3504049569696295, 0.0004804919114887558], 2, -1.0, [0.35064415669681037, 0.0002391997271808746]
[0.35064415669681037, 0.0002391997271808746], 2, -1.0, [0.35064362179793784, -5.348988725199875e-07]
[0.35064362179793784, -5.348988725199875e-07], 2, -1.0, [0.3504033487892848, -0.00024027300865306334]
[0.3504033487892848, -0.00024027300865306334], 2, -1.0, [0.34992177312675776, -0.00048157566252704184]
[0.34992177312675776, -0.00048157566252704184], 2, -1.0, [0.3491957609602104, -0.000726012166547405]
[0.3491957609602104, -0.000726012166547405], 2, -1.0, [0.34822059268242095, -0.0009751682777894444]
[0.34822059268242095, -0.0009751682777894444], 2, -1.0, [0.3469899383194401, -0.0012306543629808796]
[0.3469899383194401, -0.0012306543629808796], 2, -1.0, [0.34549582483949987, -0.0014941134799402248]
[0.34549582483949987, -0.0014941134799402248], 2, -1.0, [0.343728595497061, -0.0017672293424389085]
[0.343728595497061, -0.0017672293424389085], 2, -1.0, [0.34167686138035397, -0.002051734116706991]
[0.34167686138035397, -0.002051734116706991], 2, -1.0, [0.33932744539891885, -0.00234941598143513]
[0.33932744539891885, -0.00234941598143513], 1, -1.0, [0.3356653190367462, -0.003662126362172684]
[0.3356653190367462, -0.003662126362172684], 0, -1.0, [0.3296671870823153, -0.005998131954430895]
[0.3296671870823153, -0.005998131954430895], 0, -1.0, [0.3212952443586605, -0.008371942723654796]
[0.3212952443586605, -0.008371942723654796], 1, -1.0, [0.3114974703736329, -0.009797773985027625]
[0.3114974703736329, -0.009797773985027625], 1, -1.0, [0.3002141295000975, -0.01128334087353538]
[0.3002141295000975, -0.01128334087353538], 1, -1.0, [0.28737802202694, -0.012836107473157507]
[0.28737802202694, -0.012836107473157507], 1, -1.0, [0.2729148678097666, -0.014463154217173396]
[0.2729148678097666, -0.014463154217173396], 1, -1.0, [0.25674386722405174, -0.01617100058571486]
[0.25674386722405174, -0.01617100058571486], 1, -1.0, [0.2387784930776545, -0.017965374146397227]
[0.2387784930776545, -0.017965374146397227], 1, -1.0, [0.2189275764195799, -0.019850916658074584]
[0.2189275764195799, -0.019850916658074584], 1, -1.0, [0.1970967580053335, -0.021830818414246406]
[0.1970967580053335, -0.021830818414246406], 1, -1.0, [0.1731903842674618, -0.0239063737378717]
[0.1731903842674618, -0.0239063737378717], 1, -1.0, [0.14711393006577633, -0.026076454201685466]
[0.14711393006577633, -0.026076454201685466], 1, -1.0, [0.1187770275452538, -0.02833690252052254]
[0.1187770275452538, -0.02833690252052254], 1, -1.0, [0.0880971675577201, -0.0306798599875337]
[0.0880971675577201, -0.0306798599875337], 1, -1.0, [0.055004113018538456, -0.03309305453918164]
[0.055004113018538456, -0.03309305453918164], 1, -1.0, [0.019445017657975294, -0.03555909536056316]
[0.019445017657975294, -0.03555909536056316], 1, -1.0, [-0.018609825185721504, -0.0380548428436968]
[-0.018609825185721504, -0.0380548428436968], 1, -1.0, [-0.05916077287839263, -0.040550947692671126]
[-0.05916077287839263, -0.040550947692671126], 2, -1.0, [-0.10117244885501318, -0.042011675976620554]
[-0.10117244885501318, -0.042011675976620554], 0, -1.0, [-0.14656985266840908, -0.0453974038133959]
[-0.14656985266840908, -0.0453974038133959], 0, -1.0, [-0.1952294448212181, -0.04865959215280902]
[-0.1952294448212181, -0.04865959215280902], 0, -1.0, [-0.2469723664503851, -0.051742921629167]
[-0.2469723664503851, -0.051742921629167], 0, -1.0, [-0.3015599127276964, -0.05458754627731131]
[-0.3015599127276964, -0.05458754627731131], 0, -1.0, [-0.3586923025305097, -0.057132389802813335]
[-0.3586923025305097, -0.057132389802813335], 1, -1.0, [-0.417011654158958, -0.05831935162844834]
[-0.417011654158958, -0.05831935162844834], 1, -1.0, [-0.4761168558629566, -0.059105201703998606]
[-0.4761168558629566, -0.059105201703998606], 0, -1.0, [-0.536576968878864, -0.06046011301590735]
[-0.536576968878864, -0.06046011301590735], 0, -1.0, [-0.5979397700353817, -0.06136280115651767]
[-0.5979397700353817, -0.06136280115651767], 0, -1.0, [-0.659749624334016, -0.061809854298634316]
[-0.659749624334016, -0.061809854298634316], 0, -1.0, [-0.7215665045096563, -0.061816880175640396]
[-0.7215665045096563, -0.061816880175640396], 1, -1.0, [-0.7819843844521083, -0.060417879942451944]
[-0.7819843844521083, -0.060417879942451944], 1, -1.0, [-0.8406526941272209, -0.05866830967511265]
[-0.8406526941272209, -0.05866830967511265], 1, -1.0, [-0.897285776979102, -0.05663308285188109]
[-0.897285776979102, -0.05663308285188109], 1, -1.0, [-0.9516674543401451, -0.0543816773610432]
[-0.9516674543401451, -0.0543816773610432], 1, -1.0, [-1.0036510984079405, -0.05198364406779545]
[-1.0036510984079405, -0.05198364406779545], 0, -1.0, [-1.0541560454547811, -0.050504947046840595]
[-1.0541560454547811, -0.050504947046840595], 0, -1.0, [-1.1031615372140662, -0.04900549175928501]
[-1.1031615372140662, -0.04900549175928501], 0, -1.0, [-1.1507021809227413, -0.04754064370867519]
[-1.1507021809227413, -0.04754064370867519], 1, -1.0, [-1.1958623829368829, -0.04516020201414158]
[-1.1958623829368829, -0.04516020201414158], 1, -1.0, [-1.2, 0.0]
[-1.2, 0.0], 2, -1.0, [-1.1967581039591646, 0.003241896040835368]
[-1.1967581039591646, 0.003241896040835368], 2, -1.0, [-1.1902636585360942, 0.006494445423070332]
[-1.1902636585360942, 0.006494445423070332], 2, -1.0, [-1.1804959639787937, 0.009767694557300442]
[-1.1804959639787937, 0.009767694557300442], 2, -1.0, [-1.1674255149588486, 0.013070449019945182]
[-1.1674255149588486, 0.013070449019945182], 2, -1.0, [-1.1510159267200155, 0.016409588238833067]
[-1.1510159267200155, 0.016409588238833067], 2, -1.0, [-1.1312266168239755, 0.019789309896040046]
[-1.1312266168239755, 0.019789309896040046], 2, -1.0, [-1.108016322100852, 0.02321029472312345]
[-1.108016322100852, 0.02321029472312345], 2, -1.0, [-1.081347524946184, 0.02666879715466819]
[-1.081347524946184, 0.02666879715466819], 2, -1.0, [-1.0511918363028878, 0.03015568864329602]
[-1.0511918363028878, 0.03015568864329602], 2, -1.0, [-1.0175363271434712, 0.0336555091594167]
[-1.0175363271434712, 0.0336555091594167], 2, -1.0, [-0.9803907090723114, 0.03714561807115983]
[-0.9803907090723114, 0.03714561807115983], 2, -1.0, [-0.9397951336374217, 0.04059557543488971]
[-0.9397951336374217, 0.04059557543488971], 2, -1.0, [-0.8958282112564235, 0.043966922380998245]
[-0.8958282112564235, 0.043966922380998245], 2, -1.0, [-0.8486146572192776, 0.04721355403714586]
[-0.8486146572192776, 0.04721355403714586], 2, -1.0, [-0.7983317816221248, 0.05028287559715283]
[-0.7983317816221248, 0.05028287559715283], 0, -1.0, [-0.7472138959379592, 0.0511178856841656]
[-0.7472138959379592, 0.0511178856841656], 2, -1.0, [-0.6935418893104172, 0.053672006627542054]
[-0.6935418893104172, 0.053672006627542054], 2, -1.0, [-0.6376498119374032, 0.055892077373013944]
[-0.6376498119374032, 0.055892077373013944], 2, -1.0, [-0.5799189441365358, 0.05773086780086746]
[-0.5799189441365358, 0.05773086780086746], 2, -1.0, [-0.5207676819656303, 0.05915126217090548]
[-0.5207676819656303, 0.05915126217090548], 2, -1.0, [-0.46063765274169166, 0.06013002922393862]
[-0.46063765274169166, 0.06013002922393862], 2, -1.0, [-0.3999770291194281, 0.060660623622263515]
[-0.3999770291194281, 0.060660623622263515], 1, -1.0, [-0.34022246045439414, 0.059754568665033994]
[-0.34022246045439414, 0.059754568665033994], 2, -1.0, [-0.28077488467367906, 0.0594475757807151]
[-0.28077488467367906, 0.0594475757807151], 2, -1.0, [-0.22199163385868428, 0.05878325081499477]
[-0.22199163385868428, 0.05878325081499477], 2, -1.0, [-0.16417417014205668, 0.05781746371662761]
[-0.16417417014205668, 0.05781746371662761], 2, -1.0, [-0.10755956366041136, 0.056614606481645326]
[-0.10755956366041136, 0.056614606481645326], 2, -1.0, [-0.05231593064606175, 0.05524363301434961]
[-0.05231593064606175, 0.05524363301434961], 2, -1.0, [0.00145842997717055, 0.0537743606232323]
[0.00145842997717055, 0.0537743606232323], 2, -1.0, [0.053732814529317156, 0.052274384552146606]
[0.053732814529317156, 0.052274384552146606], 2, -1.0, [0.10453960998002063, 0.05080679545070347]
[0.10453960998002063, 0.05080679545070347], 2, -1.0, [0.15396834697790387, 0.049428736997883256]
[0.15396834697790387, 0.049428736997883256], 1, -1.0, [0.20115907114390455, 0.04719072416600068]
[0.20115907114390455, 0.04719072416600068], 1, -1.0, [0.24629137719263844, 0.04513230604873389]
[0.24629137719263844, 0.04513230604873389], 1, -1.0, [0.28957561511636615, 0.04328423792372771]
[0.28957561511636615, 0.04328423792372771], 1, -1.0, [0.331245355206816, 0.041669740090449804]
[0.331245355206816, 0.041669740090449804], 1, -1.0, [0.3715511888208203, 0.04030583361400428]
[0.3715511888208203, 0.04030583361400428], 1, -1.0, [0.4107558011255584, 0.03920461230473811]
[0.4107558011255584, 0.03920461230473811], 1, -1.0, [0.44913016376158105, 0.03837436263602266]
[0.44913016376158105, 0.03837436263602266], 1, -1.0, [0.4869506461547468, 0.03782048239316574]
[0.4869506461547468, 0.03782048239316574], 1, -1.0, [0.5244968209851386, 0.03754617483039177]
