[-0.5245034377929726, 0.0], 0, -1.0, [-0.5254966528348419, -0.0009932150418693084]
[-0.5254966528348419, -0.0009932150418693084], 0, -1.0, [-0.5274756338743425, -0.0019789810395005178]
[-0.5274756338743425, -0.0019789810395005178], 0, -1.0, [-0.5304255391322978, -0.0029499052579553433]
[-0.5304255391322978, -0.0029499052579553433], 0, -1.0, [-0.5343242472429649, -0.0038987081106670613]
[-0.5343242472429649, -0.0038987081106670613], 0, -1.0, [-0.5391425281959701, -0.004818280953005176]
[-0.5391425281959701, -0.004818280953005176], 0, -1.0, [-0.5448442732492608, -0.005701745053290681]
[-0.5448442732492608, -0.005701745053290681], 0, -1.0, [-0.5513867849313163, -0.00654251168205554]
[-0.5513867849313163, -0.00654251168205554], 0, -1.0, [-0.5587211278525974, -0.0073343429212811]
[-0.5587211278525974, -0.0073343429212811], 0, -1.0, [-0.5667925402814257, -0.008071412428828294]
[-0.5667925402814257, -0.008071412428828294], 0, -1.0, [-0.5755409053142462, -0.008748365032820454]
[-0.5755409053142462, -0.008748365032820454], 0, -1.0, [-0.58490127902584, -0.009360373711593865]
[-0.58490127902584, -0.009360373711593865], 0, -1.0, [-0.5948044712968793, -0.009903192271039333]
[-0.5948044712968793, -0.009903192271039333], 0, -1.0, [-0.6051776731892666, -0.010373201892387307]
[-0.6051776731892666, -0.010373201892387307], 0, -1.0, [-0.6159451229011182, -0.0107674497118516]
[-0.6159451229011182, -0.0107674497118516], 0, -1.0, [-0.6270288006219601, -0.011083677720841805]
[-0.6270288006219601, -0.011083677720841805], 0, -1.0, [-0.6383491411632192, -0.011320340541259064]
[-0.6383491411632192, -0.011320340541259064], 0, -1.0, [-0.649825752184586, -0.01147661102136683]
[-0.649825752184586, -0.01147661102136683], 0, -1.0, [-0.6613781252729714, -0.011552373088385267]
[-0.6613781252729714, -0.011552373088385267], 0, -1.0, [-0.672926327121851, -0.011548201848879593]
[-0.672926327121851, -0.011548201848879593], 0, -1.0, [-0.6843916586272017, -0.011465331505350819]
[-0.6843916586272017, -0.011465331505350819], 0, -1.0, [-0.6956972708404305, -0.011305612213228811]
[-0.6956972708404305, -0.011305612213228811], 0, -1.0, [-0.7067687283356248, -0.011071457495194243]
[-0.7067687283356248, -0.011071457495194243], 1, -1.0, [-0.7165345125601468, -0.009765784224522006]
[-0.7165345125601468, -0.009765784224522006], 2, -1.0, [-0.7239327322255796, -0.007398219665432908]
[-0.7239327322255796, -0.007398219665432908], 2, -1.0, [-0.7289172792190783, -0.004984546993498705]
[-0.7289172792190783, -0.004984546993498705], 2, -1.0, [-0.7314574794758636, -0.0025402002567852357]
[-0.7314574794758636, -0.0025402002567852357], 2, -1.0, [-0.7315378248345277, -8.034535866403934e-05]
[-0.7315378248345277, -8.034535866403934e-05], 2, -1.0, [-0.7291578261575323, 0.0023799986769953456]
[-0.7291578261575323, 0.0023799986769953456], 0, -1.0, [-0.72633200857265, 0.0028258175848823613]
[-0.72633200857265, 0.0028258175848823613], 2, -1.0, [-0.7210777136894356, 0.005254294883214399]
[-0.7210777136894356, 0.005254294883214399], 2, -1.0, [-0.7134274582633132, 0.0076502554261224445]
[-0.7134274582633132, 0.0076502554261224445], 2, -1.0, [-0.7034292046352212, 0.009998253628092087]
[-0.7034292046352212, 0.009998253628092087], 2, -1.0, [-0.6911467020129186, 0.012282502622302582]
[-0.6911467020129186, 0.012282502622302582], 2, -1.0, [-0.6766598394031775, 0.014486862609741136]
[-0.6766598394031775, 0.014486862609741136], 2, -1.0, [-0.660064936654491, 0.01659490274868658]
[-0.660064936654491, 0.01659490274868658], 2, -1.0, [-0.6414748899250708, 0.0185900467294201]
[-0.6414748899250708, 0.0185900467294201], 2, -1.0, [-0.6210190834224881, 0.020455806502582687]
[-0.6210190834224881, 0.020455806502582687], 2, -1.0, [-0.5988429818987349, 0.02217610152375328]
[-0.5988429818987349, 0.02217610152375328], 2, -1.0, [-0.5751073292380275, 0.02373565266070727]
[-0.5751073292380275, 0.02373565266070727], 2, -1.0, [-0.5499868980036707, 0.02512043123435678]
[-0.5499868980036707, 0.02512043123435678], 2, -1.0, [-0.5236687625043644, 0.026318135499306266]
[-0.5236687625043644, 0.026318135499306266], 2, -1.0, [-0.4963501021032665, 0.027318660401097903]
[-0.4963501021032665, 0.027318660401097903], 2, -1.0, [-0.46823557922084413, 0.028114522882422388]
[-0.46823557922084413, 0.028114522882422388], 0, -1.0, [-0.4415343738984148, 0.026701205322429332]
[-0.4415343738984148, 0.026701205322429332], 0, -1.0, [-0.4164424528876081, 0.025091921010806695]
[-0.4164424528876081, 0.025091921010806695], 0, -1.0, [-0.3931404334200445, 0.02330201946756362]
[-0.3931404334200445, 0.02330201946756362], 0, -1.0, [-0.37179206352700905, 0.021348369893035433]
[-0.37179206352700905, 0.021348369893035433], 0, -1.0, [-0.3525432928014648, 0.019248770725544245]
[-0.3525432928014648, 0.019248770725544245], 0, -1.0, [-0.3355218678143692, 0.017021424987095586]
[-0.3355218678143692, 0.017021424987095586], 0, -1.0, [-0.32083735766567784, 0.014684510148691383]
[-0.32083735766567784, 0.014684510148691383], 0, -1.0, [-0.30858149829103054, 0.012255859374647304]
[-0.30858149829103054, 0.012255859374647304], 0, -1.0, [-0.2988287385578409, 0.009752759733189596]
[-0.2988287385578409, 0.009752759733189596], 0, -1.0, [-0.2916368752421975, 0.007191863315643393]
[-0.2916368752421975, 0.007191863315643393], 0, -1.0, [-0.2870476755621691, 0.004589199680028418]
[-0.2870476755621691, 0.004589199680028418], 0, -1.0, [-0.2850874029018185, 0.0019602726603506135]
[-0.2850874029018185, 0.0019602726603506135], 0, -1.0, [-0.28576718182176625, -0.000679778919947748]
[-0.28576718182176625, -0.000679778919947748], 0, -1.0, [-0.289083160976642, -0.00331597915487576]
[-0.289083160976642, -0.00331597915487576], 0, -1.0, [-0.29501645614454736, -0.005933295167905349]
[-0.29501645614454736, -0.005933295167905349], 0, -1.0, [-0.30353287954681774, -0.00851642340227036]
[-0.30353287954681774, -0.00851642340227036], 0, -1.0, [-0.3145824854793336, -0.011049605932515852]
[-0.3145824854793336, -0.011049605932515852], 0, -1.0, [-0.32809898541683297, -0.013516499937499383]
[-0.32809898541683297, -0.013516499937499383], 0, -1.0, [-0.3439991073655899, -0.015900121948756937]
[-0.3439991073655899, -0.015900121948756937], 0, -1.0, [-0.36218199310687654, -0.0181828857412866]
[-0.36218199310687654, -0.0181828857412866], 0, -1.0, [-0.38252874142241594, -0.02034674831553938]
[-0.38252874142241594, -0.02034674831553938], 0, -1.0, [-0.40490221337847065, -0.02237347195605472]
[-0.40490221337847065, -0.02237347195605472], 0, -1.0, [-0.42914721508336645, -0.024245001704895772]
[-0.42914721508336645, -0.024245001704895772], 0, -1.0, [-0.4550911620943199, -0.025943947010953407]
[-0.4550911620943199, -0.025943947010953407], 0, -1.0, [-0.4825453066672834, -0.0274541445729635]
[-0.4825453066672834, -0.0274541445729635], 0, -1.0, [-0.5113065744486721, -0.028761267781388707]
[-0.5113065744486721, -0.028761267781388707], 0, -1.0, [-0.5411600128451459, -0.029853438396473825]
[-0.5411600128451459, -0.029853438396473825], 0, -1.0, [-0.571881802881944, -0.03072179003679804]
[-0.571881802881944, -0.03072179003679804], 0, -1.0, [-0.6032427351845776, -0.031360932302633565]
[-0.6032427351845776, -0.031360932302633565], 0, -1.0, [-0.635012005026447, -0.03176926984186932]
[-0.635012005026447, -0.03176926984186932], 0, -1.0, [-0.6669611472965814, -0.03194914227013446]
[-0.6669611472965814, -0.03194914227013446], 0, -1.0, [-0.6988679146030039, -0.03190676730642251]
[-0.6988679146030039, -0.03190676730642251], 0, -1.0, [-0.7305199031131886, -0.031651988510184685]
[-0.7305199031131886, -0.031651988510184685], 0, -1.0, [-0.7617177508939126, -0.03119784778072393]
[-0.7617177508939126, -0.03119784778072393], 0, -1.0, [-0.7922777694240096, -0.03056001853009708]
[-0.7922777694240096, -0.03056001853009708], 0, -1.0, [-0.8220339154570642, -0.029756146033054553]
[-0.8220339154570642, -0.029756146033054553], 0, -1.0, [-0.850839061263944, -0.0288051458068799]
[-0.850839061263944, -0.0288051458068799], 0, -1.0, [-0.8785655703296489, -0.027726509065704834]
[-0.8785655703296489, -0.027726509065704834], 0, -1.0, [-0.9051052277465267, -0.026539657416877842]
[-0.9051052277465267, -0.026539657416877842], 2, -1.0, [-0.9283686064911795, -0.023263378744652792]
[-0.9283686064911795, -0.023263378744652792], 2, -1.0, [-0.9482891636273816, -0.01992055713620206]
[-0.9482891636273816, -0.01992055713620206], 2, -1.0, [-0.9648189729005527, -0.01652980927317117]
[-0.9648189729005527, -0.01652980927317117], 2, -1.0, [-0.9779247394817548, -0.013105766581202133]
[-0.9779247394817548, -0.013105766581202133], 2, -1.0, [-0.9875842976734046, -0.00965955819164981]
[-0.9875842976734046, -0.00965955819164981], 2, -1.0, [-0.9937837289957829, -0.0061994313223783706]
[-0.9937837289957829, -0.0061994313223783706], 2, -1.0, [-0.9965151883567381, -0.0027314593609552556]
[-0.9965151883567381, -0.0027314593609552556], 2, -1.0, [-0.9957754899844256, 0.0007396983723126109]
[-0.9957754899844256, 0.0007396983723126109], 2, -1.0, [-0.9915654802336337, 0.004210009750791928]
[-0.9915654802336337, 0.004210009750791928], 2, -1.0, [-0.9838902076709616, 0.007675272562672055]
[-0.9838902076709616, 0.007675272562672055], 2, -1.0, [-0.972759887714911, 0.011130319956050624]
[-0.972759887714911, 0.011130319956050624], 2, -1.0, [-0.9581916450030533, 0.014568242711857643]
[-0.9581916450030533, 0.014568242711857643], 2, -1.0, [-0.9402119970974278, 0.017979647905625524]
[-0.9402119970974278, 0.017979647905625524], 2, -1.0, [-0.9188600140673314, 0.021351983030096385]
[-0.9188600140673314, 0.021351983030096385], 2, -1.0, [-0.8941910467965412, 0.024668967270790303]
[-0.8941910467965412, 0.024668967270790303], 2, -1.0, [-0.8662808611457445, 0.02791018565079659]
[-0.8662808611457445, 0.02791018565079659], 2, -1.0, [-0.8352299466706313, 0.031050914475113215]
[-0.8352299466706313, 0.031050914475113215], 2, -1.0, [-0.8011676925961773, 0.03406225407445403]
[-0.8011676925961773, 0.03406225407445403], 2, -1.0, [-0.7642560500560038, 0.0369116425401734]
[-0.7642560500560038, 0.0369116425401734], 2, -1.0, [-0.724692242972712, 0.03956380708329188]
[-0.724692242972712, 0.03956380708329188], 2, -1.0, [-0.6827100687314803, 0.04198217424123167]
[-0.6827100687314803, 0.04198217424123167], 2, -1.0, [-0.6385793627360017, 0.04413070599547868]
[-0.6385793627360017, 0.04413070599547868], 2, -1.0, [-0.5926033020660986, 0.0459760606699031]
[-0.5926033020660986, 0.0459760606699031], 2, -1.0, [-0.5451133959888852, 0.04748990607721335]
[-0.5451133959888852, 0.04748990607721335], 2, -1.0, [-0.49646224227037405, 0.04865115371851112]
[-0.49646224227037405, 0.04865115371851112], 2, -1.0, [-0.44701438781630987, 0.049447854454064195]
[-0.44701438781630987, 0.049447854454064195], 2, -1.0, [-0.39713587631233915, 0.049878511503970706]
[-0.39713587631233915, 0.049878511503970706], 2, -1.0, [-0.347183246572025, 0.04995262974031418]
[-0.347183246572025, 0.04995262974031418], 2, -1.0, [-0.29749282470119265, 0.04969042187083234]
[-0.29749282470119265, 0.04969042187083234], 2, -1.0, [-0.24837111318825245, 0.049121711512940196]
[-0.24837111318825245, 0.049121711512940196], 2, -1.0, [-0.20008692931688768, 0.04828418387136476]
[-0.20008692931688768, 0.04828418387136476], 2, -1.0, [-0.15286571628275333, 0.04722121303413434]
[-0.15286571628275333, 0.04722121303413434], 2, -1.0, [-0.10688618927042595, 0.04597952701232739]
[-0.10688618927042595, 0.04597952701232739], 2, -1.0, [-0.06227923238019584, 0.044606956890230115]
[-0.06227923238019584, 0.044606956890230115], 2, -1.0, [-0.019128766872591088, 0.04315046550760475]
[-0.019128766872591088, 0.04315046550760475], 2, -1.0, [0.022525813989814666, 0.041654580862405755]
[0.022525813989814666, 0.041654580862405755], 2, -1.0, [0.06268610106850017, 0.04016028707868551]
[0.06268610106850017, 0.04016028707868551], 2, -1.0, [0.10139046542111346, 0.03870436435261329]
[0.10139046542111346, 0.03870436435261329], 2, -1.0, [0.13870959115088113, 0.03731912572976768]
[0.13870959115088113, 0.03731912572976768], 2, -1.0, [0.17474206531186584, 0.0360324741609847]
[0.17474206531186584, 0.0360324741609847], 2, -1.0, [0.209610260664905, 0.03486819535303918]
[0.209610260664905, 0.03486819535303918], 2, -1.0, [0.24345666653169773, 0.03384640586679271]
[0.24345666653169773, 0.03384640586679271], 2, -1.0, [0.2764407533738692, 0.032984086842171474]
[0.2764407533738692, 0.032984086842171474], 2, -1.0, [0.3087364008896534, 0.032295647515784204]
[0.3087364008896534, 0.032295647515784204], 2, -1.0, [0.34052987725977113, 0.03179347637011775]
[0.34052987725977113, 0.03179347637011775], 2, -1.0, [0.37201832674844687, 0.03148844948867573]
[0.37201832674844687, 0.03148844948867573], 2, -1.0, [0.40340870133513823, 0.03139037458669138]
[0.40340870133513823, 0.03139037458669138], 2, -1.0, [0.43491705630764976, 0.031508354972511525]
[0.43491705630764976, 0.031508354972511525], 2, -1.0, [0.4667681167828078, 0.03185106047515801]
[0.4667681167828078, 0.03185106047515801], 2, -1.0, [0.4991950092253052, 0.032426892442497406]
[0.4991950092253052, 0.032426892442497406], 2, -1.0, [0.5324390368782039, 0.03324402765289879]
