[-0.5140054518019217, 0.0], 0, -1.0, [-0.515077391798277, -0.0010719399963553958]
[-0.515077391798277, -0.0010719399963553958], 0, -1.0, [-0.5172132352121794, -0.0021358434139024237]
[-0.5172132352121794, -0.0021358434139024237], 0, -1.0, [-0.5203969672498553, -0.003183732037675909]
[-0.5203969672498553, -0.003183732037675909], 0, -1.0, [-0.5246047124808809, -0.004207745231025621]
[-0.5246047124808809, -0.004207745231025621], 0, -1.0, [-0.5298049131967387, -0.005200200715857813]
[-0.5298049131967387, -0.005200200715857813], 0, -1.0, [-0.5359585705697222, -0.006153657372983403]
[-0.5359585705697222, -0.006153657372983403], 0, -1.0, [-0.5430195507205156, -0.00706098015079332]
[-0.5430195507205156, -0.00706098015079332], 0, -1.0, [-0.5509349574486486, -0.0079154067281331]
[-0.5509349574486486, -0.0079154067281331], 0, -1.0, [-0.5596455725441383, -0.008710615095489637]
[-0.5596455725441383, -0.008710615095489637], 0, -1.0, [-0.5690863632840755, -0.009440790739937192]
[-0.5690863632840755, -0.009440790739937192], 0, -1.0, [-0.5791870549731092, -0.010100691689033662]
[-0.5791870549731092, -0.010100691689033662], 0, -1.0, [-0.5898727643046118, -0.010685709331502554]
[-0.5898727643046118, -0.010685709331502554], 0, -1.0, [-0.6010646870321776, -0.011191922727565879]
[-0.6010646870321776, -0.011191922727565879], 0, -1.0, [-0.6126808311115536, -0.011616144079375897]
[-0.6126808311115536, -0.011616144079375897], 0, -1.0, [-0.6246367842806557, -0.011955953169102088]
[-0.6246367842806557, -0.011955953169102088], 0, -1.0, [-0.6368465031704774, -0.01220971888982166]
[-0.6368465031704774, -0.01220971888982166], 0, -1.0, [-0.6492231096466649, -0.012376606476187381]
[-0.6492231096466649, -0.012376606476187381], 0, -1.0, [-0.6616796793019223, -0.012456569655257448]
[-0.6616796793019223, -0.012456569655257448], 0, -1.0, [-0.6741300069386345, -0.01245032763671216]
[-0.6741300069386345, -0.01245032763671216], 0, -1.0, [-0.6864893345296186, -0.01235932759098412]
[-0.6864893345296186, -0.01235932759098412], 0, -1.0, [-0.6986750284953323, -0.012185693965713703]
[-0.6986750284953323, -0.012185693965713703], 0, -1.0, [-0.7106071951062211, -0.011932166610888799]
[-0.7106071951062211, -0.011932166610888799], 0, -1.0, [-0.722209225281826, -0.011602030175604867]
[-0.722209225281826, -0.011602030175604867], 2, -1.0, [-0.7314082628544499, -0.009199037572624014]
[-0.7314082628544499, -0.009199037572624014], 2, -1.0, [-0.7381477451985697, -0.006739482344119816]
[-0.7381477451985697, -0.006739482344119816], 2, -1.0, [-0.7423869359586187, -0.004239190760049024]
[-0.7423869359586187, -0.004239190760049024], 2, -1.0, [-0.7441005247816204, -0.0017135888230016502]
[-0.7441005247816204, -0.0017135888230016502], 2, -1.0, [-0.7432783503776107, 0.0008221744040096614]
[-0.7432783503776107, 0.0008221744040096614], 2, -1.0, [-0.7399252830523274, 0.003353067325283317]
[-0.7399252830523274, 0.003353067325283317], 2, -1.0, [-0.7340612814644194, 0.005864001587907975]
[-0.7340612814644194, 0.005864001587907975], 2, -1.0, [-0.7257216165193662, 0.008339664945053275]
[-0.7257216165193662, 0.008339664945053275], 2, -1.0, [-0.7149572336839461, 0.010764382835420028]
[-0.7149572336839461, 0.010764382835420028], 2, -1.0, [-0.7018352042997338, 0.01312202938421237]
[-0.7018352042997338, 0.01312202938421237], 2, -1.0, [-0.6864391976009135, 0.015396006698820271]
[-0.6864391976009135, 0.015396006698820271], 2, -1.0, [-0.6688698893058226, 0.017569308295090992]
[-0.6688698893058226, 0.017569308295090992], 2, -1.0, [-0.649245211369239, 0.019624677936583648]
[-0.649245211369239, 0.019624677936583648], 2, -1.0, [-0.6277003424840768, 0.021544868885162202]
[-0.6277003424840768, 0.021544868885162202], 2, -1.0, [-0.6043873419286054, 0.02331300055547138]
[-0.6043873419286054, 0.02331300055547138], 2, -1.0, [-0.5794743417421444, 0.024913000186461077]
[-0.5794743417421444, 0.024913000186461077], 2, -1.0, [-0.5531442345933708, 0.0263301071487736]
[-0.5531442345933708, 0.0263301071487736], 2, -1.0, [-0.5255928265396287, 0.02755140805374213]
[-0.5255928265396287, 0.02755140805374213], 2, -1.0, [-0.4970264631930257, 0.028566363346603]
[-0.4970264631930257, 0.028566363346603], 2, -1.0, [-0.46765918117968547, 0.029367282013340212]
[-0.46765918117968547, 0.029367282013340212], 2, -1.0, [-0.4377094796021339, 0.02994970157755154]
[-0.4377094796021339, 0.02994970157755154], 2, -1.0, [-0.4073968433374864, 0.030312636264647516]
[-0.4073968433374864, 0.030312636264647516], 0, -1.0, [-0.3789381765682344, 0.028458666769251944]
[-0.3789381765682344, 0.028458666769251944], 0, -1.0, [-0.3525307268123935, 0.026407449755840896]
[-0.3525307268123935, 0.026407449755840896], 0, -1.0, [-0.328350704899769, 0.02418002191262455]
[-0.328350704899769, 0.02418002191262455], 0, -1.0, [-0.30655273220707757, 0.021797972692691424]
[-0.30655273220707757, 0.021797972692691424], 0, -1.0, [-0.28726998966581413, 0.01928274254126342]
[-0.28726998966581413, 0.01928274254126342], 0, -1.0, [-0.27061490894625295, 0.016655080719561153]
[-0.27061490894625295, 0.016655080719561153], 0, -1.0, [-0.25668023109802396, 0.013934677848228978]
[-0.25668023109802396, 0.013934677848228978], 0, -1.0, [-0.2455402591022464, 0.011139971995777573]
[-0.2455402591022464, 0.011139971995777573], 0, -1.0, [-0.237252144374143, 0.008288114728103403]
[-0.237252144374143, 0.008288114728103403], 0, -1.0, [-0.23185706915693666, 0.0053950752172063415]
[-0.23185706915693666, 0.0053950752172063415], 0, -1.0, [-0.2293812133986433, 0.002475855758293336]
[-0.2293812133986433, 0.002475855758293336], 0, -1.0, [-0.22983642345903285, -0.00045521006038953685]
[-0.22983642345903285, -0.00045521006038953685], 0, -1.0, [-0.23322052924385225, -0.0033841057848193975]
[-0.23322052924385225, -0.0033841057848193975], 0, -1.0, [-0.23951728541530484, -0.006296756171452593]
[-0.23951728541530484, -0.006296756171452593], 0, -1.0, [-0.24869594114747742, -0.009178655732172584]
[-0.24869594114747742, -0.009178655732172584], 0, -1.0, [-0.2607104717645534, -0.012014530617076004]
[-0.2607104717645534, -0.012014530617076004], 0, -1.0, [-0.27549853474118546, -0.014788062976632052]
[-0.27549853474118546, -0.014788062976632052], 0, -1.0, [-0.2929802417537151, -0.017481707012529667]
[-0.2929802417537151, -0.017481707012529667], 0, -1.0, [-0.31305686679326666, -0.020076625039551547]
[-0.31305686679326666, -0.020076625039551547], 0, -1.0, [-0.3356096358590117, -0.022552769065745028]
[-0.3356096358590117, -0.022552769065745028], 0, -1.0, [-0.3604987634866873, -0.024889127627675596]
[-0.3604987634866873, -0.024889127627675596], 0, -1.0, [-0.3875629115443344, -0.02706414805764713]
[-0.3875629115443344, -0.02706414805764713], 0, -1.0, [-0.41661924222357055, -0.02905633067923615]
[-0.41661924222357055, -0.02905633067923615], 0, -1.0, [-0.4474642163388185, -0.030844974115247958]
[-0.4474642163388185, -0.030844974115247958], 0, -1.0, [-0.4798752478251199, -0.032411031486301416]
[-0.4798752478251199, -0.032411031486301416], 0, -1.0, [-0.5136132662097991, -0.0337380183846792]
[-0.5136132662097991, -0.0337380183846792], 0, -1.0, [-0.5484261647142296, -0.03481289850443051]
[-0.5484261647142296, -0.03481289850443051], 0, -1.0, [-0.5840530299178621, -0.03562686520363261]
[-0.5840530299178621, -0.03562686520363261], 0, -1.0, [-0.6202289697402132, -0.03617593982235117]
[-0.6202289697402132, -0.03617593982235117], 0, -1.0, [-0.6566902911258822, -0.03646132138566892]
[-0.6566902911258822, -0.03646132138566892], 0, -1.0, [-0.693179737378927, -0.0364894462530449]
[-0.693179737378927, -0.0364894462530449], 0, -1.0, [-0.7294514843281813, -0.036271746949254315]
[-0.7294514843281813, -0.036271746949254315], 0, -1.0, [-0.7652756161730805, -0.0358241318448992]
[-0.7652756161730805, -0.0358241318448992], 0, -1.0, [-0.800441852298361, -0.03516623612528046]
[-0.800441852298361, -0.03516623612528046], 0, -1.0, [-0.8347623673428468, -0.03432051504448586]
[-0.8347623673428468, -0.03432051504448586], 0, -1.0, [-0.8680736274957451, -0.03331126015289834]
[-0.8680736274957451, -0.03331126015289834], 0, -1.0, [-0.9002372451873144, -0.03216361769156931]
[-0.9002372451873144, -0.03216361769156931], 0, -1.0, [-0.9311399226427242, -0.030902677455409748]
[-0.9311399226427242, -0.030902677455409748], 0, -1.0, [-0.9606926059530742, -0.029552683310350044]
[-0.9606926059530742, -0.029552683310350044], 0, -1.0, [-0.9888290027866962, -0.028136396833622]
[-0.9888290027866962, -0.028136396833622], 0, -1.0, [-1.0155036292710293, -0.026674626484333115]
[-1.0155036292710293, -0.026674626484333115], 0, -1.0, [-1.0406895479219689, -0.025185918650939523]
[-1.0406895479219689, -0.025185918650939523], 0, -1.0, [-1.0643759430414723, -0.023686395119503437]
[-1.0643759430414723, -0.023686395119503437], 2, -1.0, [-1.0845656572691804, -0.02018971422770809]
[-1.0845656572691804, -0.02018971422770809], 2, -1.0, [-1.1012710642745043, -0.016705407005323785]
[-1.1012710642745043, -0.016705407005323785], 2, -1.0, [-1.1145092935862493, -0.013238229311745035]
[-1.1145092935862493, -0.013238229311745035], 2, -1.0, [-1.1242983222165706, -0.009789028630321345]
[-1.1242983222165706, -0.009789028630321345], 2, -1.0, [-1.1306539291686304, -0.00635560695205973]
[-1.1306539291686304, -0.00635560695205973], 2, -1.0, [-1.133587483544419, -0.0029335543757886]
[-1.133587483544419, -0.0029335543757886], 2, -1.0, [-1.1331045302349365, 0.00048295330948245957]
[-1.1331045302349365, 0.00048295330948245957], 2, -1.0, [-1.1292041434989635, 0.003900386735972995]
[-1.1292041434989635, 0.003900386735972995], 2, -1.0, [-1.12187903309491, 0.007325110404053396]
[-1.12187903309491, 0.007325110404053396], 2, -1.0, [-1.1111164055602394, 0.01076262753467062]
[-1.1111164055602394, 0.01076262753467062], 2, -1.0, [-1.0968996005812435, 0.01421680497899586]
[-1.0968996005812435, 0.01421680497899586], 2, -1.0, [-1.0792105349560748, 0.0176890656251686]
[-1.0792105349560748, 0.0176890656251686], 2, -1.0, [-1.058032989822106, 0.021177545133968932]
[-1.058032989822106, 0.021177545133968932], 2, -1.0, [-1.0333567653975506, 0.024676224424555377]
[-1.0333567653975506, 0.024676224424555377], 2, -1.0, [-1.005182695796078, 0.02817406960147261]
[-1.005182695796078, 0.02817406960147261], 2, -1.0, [-0.9735284589572611, 0.031654236838816956]
[-0.9735284589572611, 0.031654236838816956], 2, -1.0, [-0.9384350292767607, 0.0350934296805005]
[-0.9384350292767607, 0.0350934296805005], 2, -1.0, [-0.8999735025713869, 0.038461526705373825]
[-0.8999735025713869, 0.038461526705373825], 2, -1.0, [-0.8582518804516204, 0.041721622119766495]
[-0.8582518804516204, 0.041721622119766495], 2, -1.0, [-0.8134212493056241, 0.044830631145996294]
[-0.8134212493056241, 0.044830631145996294], 2, -1.0, [-0.7656806546405142, 0.04774059466510995]
[-0.7656806546405142, 0.04774059466510995], 2, -1.0, [-0.7152798917588363, 0.050400762881677885]
[-0.7152798917588363, 0.050400762881677885], 2, -1.0, [-0.6625194509574466, 0.052760440801389794]
[-0.6625194509574466, 0.052760440801389794], 2, -1.0, [-0.6077470057498745, 0.054772445207572025]
[-0.6077470057498745, 0.054772445207572025], 2, -1.0, [-0.5513501307709575, 0.05639687497891703]
[-0.5513501307709575, 0.05639687497891703], 2, -1.0, [-0.4937453609840411, 0.05760476978691643]
[-0.4937453609840411, 0.05760476978691643], 2, -1.0, [-0.4353641926075619, 0.05838116837647924]
[-0.4353641926075619, 0.05838116837647924], 2, -1.0, [-0.37663708259862066, 0.058727110008941194]
[-0.37663708259862066, 0.058727110008941194], 2, -1.0, [-0.3179768227767418, 0.0586602598218789]
[-0.3179768227767418, 0.0586602598218789], 2, -1.0, [-0.2597627667066912, 0.05821405607005062]
[-0.2597627667066912, 0.05821405607005062], 2, -1.0, [-0.20232724534114915, 0.05743552136554203]
[-0.20232724534114915, 0.05743552136554203], 2, -1.0, [-0.1459451573430529, 0.056382087998096235]
[-0.1459451573430529, 0.056382087998096235], 2, -1.0, [-0.09082724809726689, 0.05511790924578602]
[-0.09082724809726689, 0.05511790924578602], 2, -1.0, [-0.03711710377614993, 0.05371014432111696]
[-0.03711710377614993, 0.05371014432111696], 2, -1.0, [0.015108523430373284, 0.05222562720652321]
[0.015108523430373284, 0.05222562720652321], 2, -1.0, [0.06583671820643464, 0.05072819477606135]
[0.06583671820643464, 0.05072819477606135], 2, -1.0, [0.11511351749407296, 0.049276799287638326]
[0.11511351749407296, 0.049276799287638326], 2, -1.0, [0.16303791622091193, 0.047924398726838964]
[0.16303791622091193, 0.047924398726838964], 2, -1.0, [0.20975544093558116, 0.04671752471466923]
[0.20975544093558116, 0.04671752471466923], 2, -1.0, [0.2554518168180694, 0.045696375882488253]
[0.2554518168180694, 0.045696375882488253], 2, -1.0, [0.30034708521191644, 0.04489526839384704]
[0.30034708521191644, 0.04489526839384704], 1, -1.0, [0.3436903686360637, 0.04334328342414728]
[0.3436903686360637, 0.04334328342414728], 1, -1.0, [0.385748901330672, 0.04205853269460828]
[0.385748901330672, 0.04205853269460828], 1, -1.0, [0.4268027784179475, 0.04105387708727549]
[0.4268027784179475, 0.04105387708727549], 1, -1.0, [0.46714084551999746, 0.04033806710204995]
[0.46714084551999746, 0.04033806710204995], 1, -1.0, [0.5070574997892212, 0.039916654269223716]
