[-0.45257545656696646, 0.0], 0, -1.0, [-0.4541041101313315, -0.0015286535643650428]
[-0.4541041101313315, -0.0015286535643650428], 0, -1.0, [-0.4571502061018943, -0.0030460959705627647]
[-0.4571502061018943, -0.0030460959705627647], 0, -1.0, [-0.4616913721701421, -0.004541166068247811]
[-0.4616913721701421, -0.004541166068247811], 0, -1.0, [-0.4676941791687984, -0.00600280699865629]
[-0.4676941791687984, -0.00600280699865629], 0, -1.0, [-0.47511430780355757, -0.007420128634759143]
[-0.47511430780355757, -0.007420128634759143], 0, -1.0, [-0.48389678908874073, -0.00878248128518314]
[-0.48389678908874073, -0.00878248128518314], 0, -1.0, [-0.49397633174508127, -0.010079542656340512]
[-0.49397633174508127, -0.010079542656340512], 0, -1.0, [-0.5052777504203122, -0.011301418675230945]
[-0.5052777504203122, -0.011301418675230945], 0, -1.0, [-0.5177165076114375, -0.012438757191125291]
[-0.5177165076114375, -0.012438757191125291], 0, -1.0, [-0.5311993795227559, -0.01348287191131834]
[-0.5311993795227559, -0.01348287191131834], 0, -1.0, [-0.5456252518441698, -0.014425872321413886]
[-0.5456252518441698, -0.014425872321413886], 0, -1.0, [-0.5608860457905049, -0.01526079394633512]
[-0.5608860457905049, -0.01526079394633512], 0, -1.0, [-0.576867768068141, -0.015981722277636102]
[-0.576867768068141, -0.015981722277636102], 0, -1.0, [-0.5934516712295774, -0.01658390316143638]
[-0.5934516712295774, -0.01658390316143638], 0, -1.0, [-0.6105155037367647, -0.017063832507187206]
[-0.6105155037367647, -0.017063832507187206], 0, -1.0, [-0.6279348226184882, -0.017419318881723492]
[-0.6279348226184882, -0.017419318881723492], 0, -1.0, [-0.6455843364861755, -0.01764951386768735]
[-0.6455843364861755, -0.01764951386768735], 0, -1.0, [-0.66333924337636, -0.01775490689018447]
[-0.66333924337636, -0.01775490689018447], 0, -1.0, [-0.6810765267627142, -0.01773728338635425]
[-0.6810765267627142, -0.01773728338635425], 0, -1.0, [-0.6986761742636093, -0.017599647500895058]
[-0.6986761742636093, -0.017599647500895058], 0, -1.0, [-0.7160222869747169, -0.017346112711107618]
[-0.7160222869747169, -0.017346112711107618], 0, -1.0, [-0.7330040526808542, -0.016981765706137325]
[-0.7330040526808542, -0.016981765706137325], 0, -1.0, [-0.7495165629780512, -0.016512510297197074]
[-0.7495165629780512, -0.016512510297197074], 0, -1.0, [-0.7654614619894982, -0.015944899011446873]
[-0.7654614619894982, -0.015944899011446873], 0, -1.0, [-0.7807474222761228, -0.015285960286624675]
[-0.7807474222761228, -0.015285960286624675], 2, -1.0, [-0.7932904511469384, -0.012543028870815626]
[-0.7932904511469384, -0.012543028870815626], 2, -1.0, [-0.8030243572753998, -0.009733906128461398]
[-0.8030243572753998, -0.009733906128461398], 2, -1.0, [-0.8098995338882102, -0.006875176612810417]
[-0.8098995338882102, -0.006875176612810417], 2, -1.0, [-0.8138818957274354, -0.003982361839225144]
[-0.8138818957274354, -0.003982361839225144], 2, -1.0, [-0.8149520666881925, -0.001070170960757134]
[-0.8149520666881925, -0.001070170960757134], 2, -1.0, [-0.813104886286819, 0.0018471804013734947]
[-0.813104886286819, 0.0018471804013734947], 2, -1.0, [-0.8083492741865055, 0.004755612100313549]
[-0.8083492741865055, 0.004755612100313549], 2, -1.0, [-0.800708463280019, 0.007640810906486469]
[-0.800708463280019, 0.007640810906486469], 2, -1.0, [-0.7902205831946959, 0.010487880085323038]
[-0.7902205831946959, 0.010487880085323038], 2, -1.0, [-0.7769395473004777, 0.013281035894218245]
[-0.7769395473004777, 0.013281035894218245], 2, -1.0, [-0.7609361673569298, 0.0160033799435478]
[-0.7609361673569298, 0.0160033799435478], 2, -1.0, [-0.7422993913948297, 0.018636775962100137]
[-0.7422993913948297, 0.018636775962100137], 2, -1.0, [-0.7211375337048251, 0.02116185769000456]
[-0.7211375337048251, 0.02116185769000456], 2, -1.0, [-0.697579343302125, 0.023558190402700137]
[-0.697579343302125, 0.023558190402700137], 2, -1.0, [-0.6717747422811371, 0.025804601020987906]
[-0.6717747422811371, 0.025804601020987906], 2, -1.0, [-0.6438950619854104, 0.027879680295726707]
[-0.6438950619854104, 0.027879680295726707], 2, -1.0, [-0.6141326167535072, 0.029762445231903183]
[-0.6141326167535072, 0.029762445231903183], 2, -1.0, [-0.582699485032433, 0.03143313172107415]
[-0.582699485032433, 0.03143313172107415], 2, -1.0, [-0.5498254167087138, 0.03287406832371924]
[-0.5498254167087138, 0.03287406832371924], 2, -1.0, [-0.5157548514598802, 0.03407056524883353]
[-0.5157548514598802, 0.03407056524883353], 2, -1.0, [-0.4807431102128247, 0.03501174124705554]
[-0.4807431102128247, 0.03501174124705554], 2, -1.0, [-0.4450519017107675, 0.03569120850205722]
[-0.4450519017107675, 0.03569120850205722], 2, -1.0, [-0.40894435808732305, 0.03610754362344442]
[-0.40894435808732305, 0.03610754362344442], 2, -1.0, [-0.37267986655906915, 0.036264491528253874]
[-0.37267986655906915, 0.036264491528253874], 2, -1.0, [-0.33650899044367377, 0.03617087611539539]
[-0.33650899044367377, 0.03617087611539539], 2, -1.0, [-0.30066876742226883, 0.03584022302140494]
[-0.30066876742226883, 0.03584022302140494], 2, -1.0, [-0.2653786372201229, 0.03529013020214593]
[-0.2653786372201229, 0.03529013020214593], 2, -1.0, [-0.23083719058906607, 0.03454144663105683]
[-0.23083719058906607, 0.03454144663105683], 2, -1.0, [-0.1972198561464002, 0.03361733444266586]
[-0.1972198561464002, 0.03361733444266586], 2, -1.0, [-0.16467756224387176, 0.032542293902528455]
[-0.16467756224387176, 0.032542293902528455], 2, -1.0, [-0.13333633784757482, 0.03134122439629693]
[-0.13333633784757482, 0.03134122439629693], 2, -1.0, [-0.1032977571610944, 0.030038580686480416]
[-0.1032977571610944, 0.030038580686480416], 2, -1.0, [-0.07464009178190756, 0.02865766537918685]
[-0.07464009178190756, 0.02865766537918685], 2, -1.0, [-0.04742001248335028, 0.027220079298557277]
[-0.04742001248335028, 0.027220079298557277], 2, -1.0, [-0.02167467842209244, 0.02574533406125784]
[-0.02167467842209244, 0.02574533406125784], 2, -1.0, [0.0025759389336888067, 0.024250617355781247]
[0.0025759389336888067, 0.024250617355781247], 2, -1.0, [0.025326630938039194, 0.022750692004350388]
[0.025326630938039194, 0.022750692004350388], 2, -1.0, [0.04658453565164722, 0.02125790471360802]
[0.04658453565164722, 0.02125790471360802], 2, -1.0, [0.06636681449373662, 0.0197822788420894]
[0.06636681449373662, 0.0197822788420894], 2, -1.0, [0.0846984810968938, 0.01833166660315719]
[0.0846984810968938, 0.01833166660315719], 2, -1.0, [0.1016104200249206, 0.0169119389280268]
[0.1016104200249206, 0.0169119389280268], 2, -1.0, [0.11713761492685765, 0.015527194901937045]
[0.11713761492685765, 0.015527194901937045], 2, -1.0, [0.13131759154360476, 0.01417997661674711]
[0.13131759154360476, 0.01417997661674711], 2, -1.0, [0.14418907056267508, 0.012871479019070332]
[0.14418907056267508, 0.012871479019070332], 2, -1.0, [0.15579081818186588, 0.011601747619190804]
[0.15579081818186588, 0.011601747619190804], 2, -1.0, [0.16616067782996471, 0.010369859648098835]
[0.16616067782996471, 0.010369859648098835], 2, -1.0, [0.17533476422193828, 0.009174086391973566]
[0.17533476422193828, 0.009174086391973566], 2, -1.0, [0.1833468002619656, 0.008012036040027318]
[0.1833468002619656, 0.008012036040027318], 0, -1.0, [0.1882275777910206, 0.004880777529054995]
[0.1882275777910206, 0.004880777529054995], 0, -1.0, [0.1899964592513678, 0.0017688814603472156]
[0.1899964592513678, 0.0017688814603472156], 0, -1.0, [0.18866057394366728, -0.0013358853077005024]
[0.18866057394366728, -0.0013358853077005024], 0, -1.0, [0.18421453222567996, -0.0044460417179873115]
[0.18421453222567996, -0.0044460417179873115], 0, -1.0, [0.17664064108151448, -0.007573891144165488]
[0.17664064108151448, -0.007573891144165488], 0, -1.0, [0.1659096335916291, -0.010731007489885362]
[0.1659096335916291, -0.010731007489885362], 0, -1.0, [0.1519819533000271, -0.013927680291602018]
[0.1519819533000271, -0.013927680291602018], 0, -1.0, [0.13480966061681182, -0.017172292683215278]
[0.13480966061681182, -0.017172292683215278], 0, -1.0, [0.1143390498356592, -0.020470610781152615]
[0.1143390498356592, -0.020470610781152615], 0, -1.0, [0.09051407856549515, -0.023824971270164058]
[0.09051407856549515, -0.023824971270164058], 0, -1.0, [0.06328071132626614, -0.027233367239229003]
[0.06328071132626614, -0.027233367239229003], 0, -1.0, [0.032592258993829976, -0.03068845233243617]
[0.032592258993829976, -0.03068845233243617], 2, -1.0, [0.0004157475163130142, -0.03217651147751696]
[0.0004157475163130142, -0.03217651147751696], 2, -1.0, [-0.03326076201668673, -0.03367650953299974]
[-0.03326076201668673, -0.03367650953299974], 2, -1.0, [-0.06842483624174658, -0.035164074225059856]
[-0.06842483624174658, -0.035164074225059856], 0, -1.0, [-0.10703642313348156, -0.03861158689173498]
[-0.10703642313348156, -0.03861158689173498], 0, -1.0, [-0.14902022476293414, -0.04198380162945256]
[-0.14902022476293414, -0.04198380162945256], 0, -1.0, [-0.19425833068269913, -0.04523810591976498]
[-0.19425833068269913, -0.04523810591976498], 2, -1.0, [-0.24058378327540947, -0.046325452592710335]
[-0.24058378327540947, -0.046325452592710335], 0, -1.0, [-0.28978586027692416, -0.04920207700151469]
[-0.28978586027692416, -0.04920207700151469], 0, -1.0, [-0.34160123086270444, -0.0518153705857803]
[-0.34160123086270444, -0.0518153705857803], 0, -1.0, [-0.3957147681073862, -0.05411353724468174]
[-0.3957147681073862, -0.05411353724468174], 0, -1.0, [-0.45176407908322475, -0.05604931097583854]
[-0.45176407908322475, -0.05604931097583854], 0, -1.0, [-0.5093479897709625, -0.05758391068773783]
[-0.5093479897709625, -0.05758391068773783], 0, -1.0, [-0.5680387487965378, -0.05869075902557533]
[-0.5680387487965378, -0.05869075902557533], 0, -1.0, [-0.627397194502292, -0.05935844570575424]
[-0.627397194502292, -0.05935844570575424], 0, -1.0, [-0.6869896724858396, -0.05959247798354756]
[-0.6869896724858396, -0.05959247798354756], 0, -1.0, [-0.7464052048398899, -0.05941553235405034]
[-0.7464052048398899, -0.05941553235405034], 0, -1.0, [-0.805271371655915, -0.05886616681602503]
[-0.805271371655915, -0.05886616681602503], 0, -1.0, [-0.8632675811753814, -0.05799620951946643]
[-0.8632675811753814, -0.05799620951946643], 2, -1.0, [-0.9181348217104014, -0.05486724053502005]
[-0.9181348217104014, -0.05486724053502005], 0, -1.0, [-0.9716871261946022, -0.0535523044842008]
[-0.9716871261946022, -0.0535523044842008], 0, -1.0, [-1.0238033023609117, -0.05211617616630949]
[-1.0238033023609117, -0.05211617616630949], 0, -1.0, [-1.0744256330227584, -0.05062233066184685]
[-1.0744256330227584, -0.05062233066184685], 0, -1.0, [-1.1235562994431065, -0.04913066642034819]
[-1.1235562994431065, -0.04913066642034819], 0, -1.0, [-1.1712522744259903, -0.04769597498288383]
[-1.1712522744259903, -0.04769597498288383], 0, -1.0, [-1.2, 0.0]
[-1.2, 0.0], 2, -1.0, [-1.1967581039591646, 0.003241896040835368]
[-1.1967581039591646, 0.003241896040835368], 2, -1.0, [-1.1902636585360942, 0.006494445423070332]
[-1.1902636585360942, 0.006494445423070332], 2, -1.0, [-1.1804959639787937, 0.009767694557300442]
[-1.1804959639787937, 0.009767694557300442], 2, -1.0, [-1.1674255149588486, 0.013070449019945182]
[-1.1674255149588486, 0.013070449019945182], 2, -1.0, [-1.1510159267200155, 0.016409588238833067]
[-1.1510159267200155, 0.016409588238833067], 2, -1.0, [-1.1312266168239755, 0.019789309896040046]
[-1.1312266168239755, 0.019789309896040046], 2, -1.0, [-1.108016322100852, 0.02321029472312345]
[-1.108016322100852, 0.02321029472312345], 2, -1.0, [-1.081347524946184, 0.02666879715466819]
[-1.081347524946184, 0.02666879715466819], 2, -1.0, [-1.0511918363028878, 0.03015568864329602]
[-1.0511918363028878, 0.03015568864329602], 2, -1.0, [-1.0175363271434712, 0.0336555091594167]
[-1.0175363271434712, 0.0336555091594167], 2, -1.0, [-0.9803907090723114, 0.03714561807115983]
[-0.9803907090723114, 0.03714561807115983], 2, -1.0, [-0.9397951336374217, 0.04059557543488971]
[-0.9397951336374217, 0.04059557543488971], 2, -1.0, [-0.8958282112564235, 0.043966922380998245]
[-0.8958282112564235, 0.043966922380998245], 2, -1.0, [-0.8486146572192776, 0.04721355403714586]
[-0.8486146572192776, 0.04721355403714586], 2, -1.0, [-0.7983317816221248, 0.05028287559715283]
[-0.7983317816221248, 0.05028287559715283], 2, -1.0, [-0.7452138959379592, 0.0531178856841656]
[-0.7452138959379592, 0.0531178856841656], 2, -1.0, [-0.6895536666604415, 0.0556602292775177]
[-0.6895536666604415, 0.0556602292775177], 2, -1.0, [-0.6316995610792892, 0.057854105581152386]
[-0.6316995610792892, 0.057854105581152386], 2, -1.0, [-0.5720488365336812, 0.05965072454560789]
[-0.5720488365336812, 0.05965072454560789], 2, -1.0, [-0.5110360146660762, 0.061012821867605024]
[-0.5110360146660762, 0.061012821867605024], 2, -1.0, [-0.44911739120176025, 0.061918623464315904]
[-0.44911739120176025, 0.061918623464315904], 2, -1.0, [-0.38675274139346727, 0.06236464980829299]
[-0.38675274139346727, 0.06236464980829299], 2, -1.0, [-0.3243858485235833, 0.06236689286988392]
[-0.3243858485235833, 0.06236689286988392], 2, -1.0, [-0.2624256859117381, 0.061960162611845254]
[-0.2624256859117381, 0.061960162611845254], 2, -1.0, [-0.20122996568717166, 0.061195720224566416]
[-0.20122996568717166, 0.061195720224566416], 2, -1.0, [-0.14109236178367496, 0.06013760390349669]
[-0.14109236178367496, 0.06013760390349669], 2, -1.0, [-0.08223412731502394, 0.05885823446865101]
[-0.08223412731502394, 0.05885823446865101], 2, -1.0, [-0.024800200336085113, 0.05743392697893883]
[-0.024800200336085113, 0.05743392697893883], 2, -1.0, [0.03114064276343887, 0.05594084309952398]
[0.03114064276343887, 0.05594084309952398], 2, -1.0, [0.08559238750154527, 0.0544517447381064]
[0.08559238750154527, 0.0544517447381064], 2, -1.0, [0.13862609852276647, 0.05303371102122119]
[0.13862609852276647, 0.05303371102122119], 2, -1.0, [0.19037290492486428, 0.0517468064020978]
[0.19037290492486428, 0.0517468064020978], 2, -1.0, [0.24101646944167865, 0.050643564516814364]
[0.24101646944167865, 0.050643564516814364], 0, -1.0, [0.28878555519931315, 0.04776908575763451]
[0.28878555519931315, 0.04776908575763451], 0, -1.0, [0.3339356235386528, 0.04515006833933963]
[0.3339356235386528, 0.04515006833933963], 1, -1.0, [0.37773873938920594, 0.04380311585055314]
[0.37773873938920594, 0.04380311585055314], 1, -1.0, [0.4204824831914212, 0.04274374380221523]
[0.4204824831914212, 0.04274374380221523], 1, -1.0, [0.4624651307792867, 0.04198264758786551]
[0.4624651307792867, 0.04198264758786551], 1, -1.0, [0.5039918420683221, 0.041526711289035505]
