[-0.4808291069456986, 0.0], 0, -1.0, [-0.48214900002775407, -0.0013198930820555149]
[-0.48214900002775407, -0.0013198930820555149], 0, -1.0, [-0.48477896588610914, -0.0026299658583550413]
[-0.48477896588610914, -0.0026299658583550413], 0, -1.0, [-0.4886994226318891, -0.003920456745779962]
[-0.4886994226318891, -0.003920456745779962], 0, -1.0, [-0.49388114659236104, -0.005181723960471933]
[-0.49388114659236104, -0.005181723960471933], 0, -1.0, [-0.5002854576342347, -0.006404311041873677]
[-0.5002854576342347, -0.006404311041873677], 0, -1.0, [-0.5078644760464999, -0.007579018412265111]
[-0.5078644760464999, -0.007579018412265111], 0, -1.0, [-0.5165614578880259, -0.008696981841526055]
[-0.5165614578880259, -0.008696981841526055], 0, -1.0, [-0.5263112156916726, -0.009749757803646727]
[-0.5263112156916726, -0.009749757803646727], 0, -1.0, [-0.5370406304191269, -0.010729414727454284]
[-0.5370406304191269, -0.010729414727454284], 0, -1.0, [-0.548669258556313, -0.011628628137186165]
[-0.548669258556313, -0.011628628137186165], 0, -1.0, [-0.5611100352933769, -0.012440776737063937]
[-0.5611100352933769, -0.012440776737063937], 0, -1.0, [-0.5742700710031285, -0.013160035709751716]
[-0.5742700710031285, -0.013160035709751716], 0, -1.0, [-0.5880515339615555, -0.013781462958426974]
[-0.5880515339615555, -0.013781462958426974], 0, -1.0, [-0.6023526077595748, -0.014301073798019228]
[-0.6023526077595748, -0.014301073798019228], 0, -1.0, [-0.6170685074992464, -0.014715899739671601]
[-0.6170685074992464, -0.014715899739671601], 0, -1.0, [-0.6320925350259878, -0.015024027526741502]
[-0.6320925350259878, -0.015024027526741502], 0, -1.0, [-0.6473171504712958, -0.015224615445308008]
[-0.6473171504712958, -0.015224615445308008], 0, -1.0, [-0.6626350355547506, -0.015317885083454776]
[-0.6626350355547506, -0.015317885083454776], 0, -1.0, [-0.6779401236098372, -0.015305088055086721]
[-0.6779401236098372, -0.015305088055086721], 0, -1.0, [-0.6931285722271009, -0.015188448617263654]
[-0.6931285722271009, -0.015188448617263654], 0, -1.0, [-0.7080996566959407, -0.014971084468839765]
[-0.7080996566959407, -0.014971084468839765], 0, -1.0, [-0.7227565659002039, -0.014656909204263218]
[-0.7227565659002039, -0.014656909204263218], 0, -1.0, [-0.7370070867136176, -0.014250520813413669]
[-0.7370070867136176, -0.014250520813413669], 0, -1.0, [-0.7507641679161915, -0.013757081202573884]
[-0.7507641679161915, -0.013757081202573884], 0, -1.0, [-0.7639463598533273, -0.01318219193713572]
[-0.7639463598533273, -0.01318219193713572], 2, -1.0, [-0.7744781311383458, -0.01053177128501862]
[-0.7744781311383458, -0.01053177128501862], 2, -1.0, [-0.7823009858486888, -0.007822854710342945]
[-0.7823009858486888, -0.007822854710342945], 2, -1.0, [-0.7873725749414726, -0.005071589092783857]
[-0.7873725749414726, -0.005071589092783857], 2, -1.0, [-0.7896659572547843, -0.002293382313311665]
[-0.7896659572547843, -0.002293382313311665], 2, -1.0, [-0.7891690847286803, 0.0004968725261039787]
[-0.7891690847286803, 0.0004968725261039787], 2, -1.0, [-0.7858845604628215, 0.0032845242658587383]
[-0.7858845604628215, 0.0032845242658587383], 2, -1.0, [-0.779829691616936, 0.006054868845885479]
[-0.779829691616936, 0.006054868845885479], 2, -1.0, [-0.7710368323861486, 0.008792859230787464]
[-0.7710368323861486, 0.008792859230787464], 2, -1.0, [-0.7595539855388084, 0.01148284684734029]
[-0.7595539855388084, 0.01148284684734029], 2, -1.0, [-0.7454456045350872, 0.014108381003721096]
[-0.7454456045350872, 0.014108381003721096], 2, -1.0, [-0.7287935126295634, 0.016652091905523827]
[-0.7287935126295634, 0.016652091905523827], 2, -1.0, [-0.7096978317442687, 0.01909568088529465]
[-0.7096978317442687, 0.01909568088529465], 2, -1.0, [-0.6882777941195966, 0.021420037624672133]
[-0.6882777941195966, 0.021420037624672133], 2, -1.0, [-0.6646722963194508, 0.023605497800145734]
[-0.6646722963194508, 0.023605497800145734], 2, -1.0, [-0.6390400510367523, 0.02563224528269846]
[-0.6390400510367523, 0.02563224528269846], 2, -1.0, [-0.6115592002515906, 0.027480850785161673]
[-0.6115592002515906, 0.027480850785161673], 2, -1.0, [-0.5824262758905118, 0.02913292436107888]
[-0.5824262758905118, 0.02913292436107888], 2, -1.0, [-0.5518544320202132, 0.030571843870298522]
[-0.5518544320202132, 0.030571843870298522], 2, -1.0, [-0.5200709244222098, 0.03178350759800339]
[-0.5200709244222098, 0.03178350759800339], 2, -1.0, [-0.48731387521407954, 0.0327570492081303]
[-0.48731387521407954, 0.0327570492081303], 2, -1.0, [-0.4538284256367346, 0.03348544957734496]
[-0.4538284256367346, 0.03348544957734496], 2, -1.0, [-0.41986244114917703, 0.033965984487557575]
[-0.41986244114917703, 0.033965984487557575], 2, -1.0, [-0.3856619811308353, 0.03420046001834173]
[-0.3856619811308353, 0.03420046001834173], 2, -1.0, [-0.35146677363195383, 0.03419520749888143]
[-0.35146677363195383, 0.03419520749888143], 0, -1.0, [-0.31950593938927696, 0.031960834242676844]
[-0.31950593938927696, 0.031960834242676844], 0, -1.0, [-0.2899819390128881, 0.029524000376388866]
[-0.2899819390128881, 0.029524000376388866], 0, -1.0, [-0.26307010853624596, 0.026911830476642154]
[-0.26307010853624596, 0.026911830476642154], 0, -1.0, [-0.23891929316942384, 0.024150815366822134]
[-0.23891929316942384, 0.024150815366822134], 0, -1.0, [-0.21765332674937993, 0.02126596642004392]
[-0.21765332674937993, 0.02126596642004392], 0, -1.0, [-0.19937308276414256, 0.01828024398523738]
[-0.19937308276414256, 0.01828024398523738], 0, -1.0, [-0.18415882904610606, 0.015214253718036507]
[-0.18415882904610606, 0.015214253718036507], 0, -1.0, [-0.172072644030376, 0.012086185015730043]
[-0.172072644030376, 0.012086185015730043], 0, -1.0, [-0.16316068952207027, 0.008911954508305737]
[-0.16316068952207027, 0.008911954508305737], 0, -1.0, [-0.15745517624425467, 0.005705513277815587]
[-0.15745517624425467, 0.005705513277815587], 0, -1.0, [-0.1549758991644113, 0.002479277079843397]
[-0.1549758991644113, 0.002479277079843397], 0, -1.0, [-0.15573125704797547, -0.0007553578835641874]
[-0.15573125704797547, -0.0007553578835641874], 0, -1.0, [-0.1597187041279834, -0.003987447080007923]
[-0.1597187041279834, -0.003987447080007923], 0, -1.0, [-0.1669246119495552, -0.007205907821571822]
[-0.1669246119495552, -0.007205907821571822], 0, -1.0, [-0.17732354802737962, -0.010398936077824415]
[-0.17732354802737962, -0.010398936077824415], 0, -1.0, [-0.19087700702906404, -0.01355345900168443]
[-0.19087700702906404, -0.01355345900168443], 0, -1.0, [-0.20753166172967014, -0.016654654700606102]
[-0.20753166172967014, -0.016654654700606102], 0, -1.0, [-0.2272172362813081, -0.01968557455163796]
[-0.2272172362813081, -0.01968557455163796], 0, -1.0, [-0.24984414352184656, -0.02262690724053845]
[-0.24984414352184656, -0.02262690724053845], 0, -1.0, [-0.275301069518211, -0.025456925996364448]
[-0.275301069518211, -0.025456925996364448], 0, -1.0, [-0.3034527286123125, -0.0281516590941015]
[-0.3034527286123125, -0.0281516590941015], 0, -1.0, [-0.33413804500907945, -0.030685316396766988]
[-0.33413804500907945, -0.030685316396766988], 0, -1.0, [-0.36716903467787, -0.03303098966879052]
[-0.36716903467787, -0.03303098966879052], 0, -1.0, [-0.40233065550812647, -0.035161620830256465]
[-0.40233065550812647, -0.035161620830256465], 0, -1.0, [-0.4393818567486898, -0.037051201240563304]
[-0.4393818567486898, -0.037051201240563304], 0, -1.0, [-0.4780579865842559, -0.03867612983556614]
[-0.4780579865842559, -0.03867612983556614], 0, -1.0, [-0.5180746107669171, -0.04001662418266121]
[-0.5180746107669171, -0.04001662418266121], 0, -1.0, [-0.5591326642893416, -0.04105805352242453]
[-0.5591326642893416, -0.04105805352242453], 0, -1.0, [-0.6009247181149838, -0.041792053825642266]
[-0.6009247181149838, -0.041792053825642266], 0, -1.0, [-0.6431420148891287, -0.04221729677414484]
[-0.6431420148891287, -0.04221729677414484], 0, -1.0, [-0.6854818330126289, -0.04233981812350017]
[-0.6854818330126289, -0.04233981812350017], 0, -1.0, [-0.7276546947171452, -0.04217286170451634]
[-0.7276546947171452, -0.04217286170451634], 0, -1.0, [-0.7693909491448402, -0.041736254427695005]
[-0.7693909491448402, -0.041736254427695005], 0, -1.0, [-0.8104463329815654, -0.04105538383672523]
[-0.8104463329815654, -0.04105538383672523], 0, -1.0, [-0.8506062255409614, -0.04015989255939605]
[-0.8506062255409614, -0.04015989255939605], 0, -1.0, [-0.8896884520796573, -0.03908222653869581]
[-0.8896884520796573, -0.03908222653869581], 0, -1.0, [-0.9275446264589048, -0.037856174379247494]
[-0.9275446264589048, -0.037856174379247494], 0, -1.0, [-0.9640601430549006, -0.03651551659599586]
[-0.9640601430549006, -0.03651551659599586], 0, -1.0, [-0.9991530154700548, -0.035092872415154186]
[-0.9991530154700548, -0.035092872415154186], 0, -1.0, [-1.032771811081007, -0.033618795610952136]
[-1.032771811081007, -0.033618795610952136], 0, -1.0, [-1.064892947473835, -0.0321211363928281]
[-1.064892947473835, -0.0321211363928281], 0, -1.0, [-1.0955176057187619, -0.03062465824492702]
[-1.0955176057187619, -0.03062465824492702], 0, -1.0, [-1.124668484810813, -0.029150879092051225]
[-1.124668484810813, -0.029150879092051225], 0, -1.0, [-1.1523865801602953, -0.02771809534948228]
[-1.1523865801602953, -0.02771809534948228], 0, -1.0, [-1.1787281241768228, -0.026341544016527628]
[-1.1787281241768228, -0.026341544016527628], 0, -1.0, [-1.2, 0.0]
[-1.2, 0.0], 0, -1.0, [-1.1987581039591646, 0.0012418960408353678]
[-1.1987581039591646, 0.0012418960408353678], 2, -1.0, [-1.194270205713714, 0.004487898245450695]
[-1.194270205713714, 0.004487898245450695], 2, -1.0, [-1.186521726934427, 0.007748478779287044]
[-1.186521726934427, 0.007748478779287044], 2, -1.0, [-1.1754884636894503, 0.011033263244976785]
[-1.1754884636894503, 0.011033263244976785], 2, -1.0, [-1.1611380848950468, 0.014350378794403413]
[-1.1611380848950468, 0.014350378794403413], 2, -1.0, [-1.143432342047459, 0.017705742847587774]
[-1.143432342047459, 0.017705742847587774], 2, -1.0, [-1.1223300653031654, 0.021102276744293724]
[-1.1223300653031654, 0.021102276744293724], 2, -1.0, [-1.0977910252193157, 0.02453904008384962]
[-1.0977910252193157, 0.02453904008384962], 2, -1.0, [-1.069780726515531, 0.028010298703784787]
[-1.069780726515531, 0.028010298703784787], 2, -1.0, [-1.0382761631153241, 0.03150456340020692]
[-1.0382761631153241, 0.03150456340020692], 2, -1.0, [-1.0032724950622787, 0.03500366805304554]
[-1.0032724950622787, 0.03500366805304554], 2, -1.0, [-0.9647905014865185, 0.03848199357576025]
[-0.9647905014865185, 0.03848199357576025], 2, -1.0, [-0.9228845174643611, 0.04190598402215737]
[-0.9228845174643611, 0.04190598402215737], 2, -1.0, [-0.8776503822024007, 0.045234135261960434]
[-0.8776503822024007, 0.045234135261960434], 2, -1.0, [-0.8292327297216987, 0.04841765248070197]
[-0.8292327297216987, 0.04841765248070197], 2, -1.0, [-0.7778307750146369, 0.0514019547070618]
[-0.7778307750146369, 0.0514019547070618], 2, -1.0, [-0.7237016375683751, 0.05412913744626181]
[-0.7237016375683751, 0.05412913744626181], 2, -1.0, [-0.6671602572884912, 0.05654138027988394]
[-0.6671602572884912, 0.05654138027988394], 2, -1.0, [-0.6085751449039507, 0.058585112384540505]
[-0.6085751449039507, 0.058585112384540505], 2, -1.0, [-0.5483595904985755, 0.06021555440537517]
[-0.5483595904985755, 0.06021555440537517], 2, -1.0, [-0.48695850071839203, 0.06140108978018348]
[-0.48695850071839203, 0.06140108978018348], 1, -1.0, [-0.4258316599473611, 0.06112684077103094]
[-0.4258316599473611, 0.06112684077103094], 2, -1.0, [-0.364427604567773, 0.06140405537958812]
[-0.364427604567773, 0.06140405537958812], 2, -1.0, [-0.30317247981080886, 0.06125512475696413]
[-0.30317247981080886, 0.06125512475696413], 2, -1.0, [-0.24245267170731197, 0.0607198081034969]
[-0.24245267170731197, 0.0607198081034969], 2, -1.0, [-0.1826001977515602, 0.059852473955751766]
[-0.1826001977515602, 0.059852473955751766], 2, -1.0, [-0.12388190394819264, 0.05871829380336756]
[-0.12388190394819264, 0.05871829380336756], 2, -1.0, [-0.0664929375661572, 0.057388966382035424]
[-0.0664929375661572, 0.057388966382035424], 2, -1.0, [-0.010554396155767254, 0.05593854141038995]
[-0.010554396155767254, 0.05593854141038995], 2, -1.0, [0.04388539834680593, 0.054439794502573184]
[0.04388539834680593, 0.054439794502573184], 2, -1.0, [0.09684682826320172, 0.05296142991639579]
[0.09684682826320172, 0.05296142991639579], 2, -1.0, [0.14841303522277483, 0.0515662069595731]
[0.14841303522277483, 0.0515662069595731], 1, -1.0, [0.19772297289565754, 0.049309937672882734]
[0.19772297289565754, 0.049309937672882734], 1, -1.0, [0.24495997695093996, 0.04723700405528243]
[0.24495997695093996, 0.04723700405528243], 1, -1.0, [0.2903422028440157, 0.04538222589307572]
[0.2903422028440157, 0.04538222589307572], 1, -1.0, [0.3341143248846654, 0.04377212204064976]
[0.3341143248846654, 0.04377212204064976], 1, -1.0, [0.3765406237266146, 0.042426298841949185]
[0.3765406237266146, 0.042426298841949185], 1, -1.0, [0.41789941816422904, 0.04135879443761443]
[0.41789941816422904, 0.04135879443761443], 1, -1.0, [0.4584786860332928, 0.040579267869063754]
[0.4584786860332928, 0.040579267869063754], 1, -1.0, [0.4985726539944975, 0.04009396796120472]
[0.4985726539944975, 0.04009396796120472], 1, -1.0, [0.5384791023268116, 0.03990644833231408]
