[-0.5845020896976445, 0.0], 2, -1.0, [-0.5830478520165867, 0.00145423768105784]
[-0.5830478520165867, 0.00145423768105784], 2, -1.0, [-0.5801501061816043, 0.0028977458349823204]
[-0.5801501061816043, 0.0028977458349823204], 2, -1.0, [-0.5758302570504072, 0.004319849131197054]
[-0.5758302570504072, 0.004319849131197054], 2, -1.0, [-0.5701202729006382, 0.005709984149769108]
[-0.5701202729006382, 0.005709984149769108], 2, -1.0, [-0.5630625091150082, 0.0070577637856299455]
[-0.5630625091150082, 0.0070577637856299455], 2, -1.0, [-0.5547094582717056, 0.008353050843302599]
[-0.5547094582717056, 0.008353050843302599], 1, -1.0, [-0.5461234159122786, 0.008586042359426898]
[-0.5461234159122786, 0.008586042359426898], 0, -1.0, [-0.5383685672871423, 0.007754848625136348]
[-0.5383685672871423, 0.007754848625136348], 0, -1.0, [-0.5315029814680791, 0.006865585819063218]
[-0.5315029814680791, 0.006865585819063218], 0, -1.0, [-0.5255781196603887, 0.0059248618076903105]
[-0.5255781196603887, 0.0059248618076903105], 0, -1.0, [-0.5206384128594727, 0.004939706800915989]
[-0.5206384128594727, 0.004939706800915989], 0, -1.0, [-0.5167209084872304, 0.003917504372242198]
[-0.5167209084872304, 0.003917504372242198], 0, -1.0, [-0.5138549844581228, 0.002865924029107517]
[-0.5138549844581228, 0.002865924029107517], 0, -1.0, [-0.5120621284557508, 0.0017928560023719672]
[-0.5120621284557508, 0.0017928560023719672], 0, -1.0, [-0.5113557800340447, 0.0007063484217061]
[-0.5113557800340447, 0.0007063484217061], 0, -1.0, [-0.5117412334354291, -0.0003854534013844576]
[-0.5117412334354291, -0.0003854534013844576], 0, -1.0, [-0.5132155996483801, -0.0014743662129510858]
[-0.5132155996483801, -0.0014743662129510858], 0, -1.0, [-0.5157678270881618, -0.0025522274397816423]
[-0.5157678270881618, -0.0025522274397816423], 0, -1.0, [-0.519378781239408, -0.003610954151246154]
[-0.519378781239408, -0.003610954151246154], 0, -1.0, [-0.5240213845029021, -0.004642603263494211]
[-0.5240213845029021, -0.004642603263494211], 0, -1.0, [-0.529660818200461, -0.005639433697558806]
[-0.529660818200461, -0.005639433697558806], 0, -1.0, [-0.536254789084626, -0.006593970884165076]
[-0.536254789084626, -0.006593970884165076], 0, -1.0, [-0.5437538626716947, -0.007499073587068742]
[-0.5437538626716947, -0.007499073587068742], 0, -1.0, [-0.5521018651988291, -0.008348002527134375]
[-0.5521018651988291, -0.008348002527134375], 0, -1.0, [-0.5612363549710969, -0.009134489772267808]
[-0.5612363549710969, -0.009134489772267808], 0, -1.0, [-0.5710891623311738, -0.0098528073600769]
[-0.5710891623311738, -0.0098528073600769], 0, -1.0, [-0.5815869955201443, -0.010497833188970424]
[-0.5815869955201443, -0.010497833188970424], 0, -1.0, [-0.592652107415479, -0.011065111895334776]
[-0.592652107415479, -0.011065111895334776], 0, -1.0, [-0.6042030156841778, -0.011550908268698777]
[-0.6042030156841778, -0.011550908268698777], 0, -1.0, [-0.6161552664555092, -0.01195225077133144]
[-0.6161552664555092, -0.01195225077133144], 0, -1.0, [-0.6284222293917419, -0.012266962936232598]
[-0.6284222293917419, -0.012266962936232598], 1, -1.0, [-0.6399159102046869, -0.01149368081294503]
[-0.6399159102046869, -0.01149368081294503], 0, -1.0, [-0.651554809526433, -0.011638899321746055]
[-0.651554809526433, -0.011638899321746055], 0, -1.0, [-0.6632574342109355, -0.01170262468450257]
[-0.6632574342109355, -0.01170262468450257], 0, -1.0, [-0.6749429958597082, -0.011685561648772606]
[-0.6749429958597082, -0.011685561648772606], 0, -1.0, [-0.6865320745454546, -0.011589078685746452]
[-0.6865320745454546, -0.011589078685746452], 0, -1.0, [-0.6979472365835361, -0.011415162038081503]
[-0.6979472365835361, -0.011415162038081503], 0, -1.0, [-0.7091135969431754, -0.01116636035963935]
[-0.7091135969431754, -0.01116636035963935], 0, -1.0, [-0.7199593190231462, -0.010845722079970758]
[-0.7199593190231462, -0.010845722079970758], 2, -1.0, [-0.7284160469090208, -0.008456727885874591]
[-0.7284160469090208, -0.008456727885874591], 2, -1.0, [-0.7344314980654121, -0.00601545115639124]
[-0.7344314980654121, -0.00601545115639124], 2, -1.0, [-0.7379690454581906, -0.0035375473927785643]
[-0.7379690454581906, -0.0035375473927785643], 2, -1.0, [-0.7390073735636267, -0.0010383281054360694]
[-0.7390073735636267, -0.0010383281054360694], 2, -1.0, [-0.7375402578735282, 0.0014671156900984894]
[-0.7375402578735282, 0.0014671156900984894], 2, -1.0, [-0.7335764976141897, 0.003963760259338417]
[-0.7335764976141897, 0.003963760259338417], 2, -1.0, [-0.7271400104724649, 0.0064364871417247945]
[-0.7271400104724649, 0.0064364871417247945], 2, -1.0, [-0.71827007691349, 0.008869933558974882]
[-0.71827007691349, 0.008869933558974882], 2, -1.0, [-0.7070217008700407, 0.011248376043449252]
[-0.7070217008700407, 0.011248376043449252], 2, -1.0, [-0.693466033956537, 0.0135556669135036]
[-0.693466033956537, 0.0135556669135036], 2, -1.0, [-0.6776907928941149, 0.01577524106242214]
[-0.6776907928941149, 0.01577524106242214], 2, -1.0, [-0.6598005857885271, 0.017890207105587873]
[-0.6598005857885271, 0.017890207105587873], 2, -1.0, [-0.639917053802629, 0.019883531985898106]
[-0.639917053802629, 0.019883531985898106], 2, -1.0, [-0.6181787322654722, 0.02173832153715683]
[-0.6181787322654722, 0.02173832153715683], 2, -1.0, [-0.5947405409034413, 0.023438191362030892]
[-0.5947405409034413, 0.023438191362030892], 2, -1.0, [-0.5697728277521602, 0.024967713151281153]
[-0.5697728277521602, 0.024967713151281153], 2, -1.0, [-0.5434599156546722, 0.026312912097487953]
[-0.5434599156546722, 0.026312912097487953], 2, -1.0, [-0.5159981331294935, 0.02746178252517876]
[-0.5159981331294935, 0.02746178252517876], 2, -1.0, [-0.48759335048322666, 0.02840478264626684]
[-0.48759335048322666, 0.02840478264626684], 2, -1.0, [-0.45845808371424823, 0.029135266768978443]
[-0.45845808371424823, 0.029135266768978443], 1, -1.0, [-0.42980826843033354, 0.028649815283914696]
[-0.42980826843033354, 0.028649815283914696], 0, -1.0, [-0.4028526368874905, 0.026955631542843046]
[-0.4028526368874905, 0.026955631542843046], 0, -1.0, [-0.377782926033493, 0.025069710853997527]
[-0.377782926033493, 0.025069710853997527], 0, -1.0, [-0.3547722870432726, 0.02301063899022039]
[-0.3547722870432726, 0.02301063899022039], 0, -1.0, [-0.33397440230543773, 0.02079788473783488]
[-0.33397440230543773, 0.02079788473783488], 0, -1.0, [-0.31552322502968644, 0.018451177275751306]
[-0.31552322502968644, 0.018451177275751306], 0, -1.0, [-0.2995332226066702, 0.01599000242301623]
[-0.2995332226066702, 0.01599000242301623], 0, -1.0, [-0.28609998587446495, 0.013433236732205263]
[-0.28609998587446495, 0.013433236732205263], 0, -1.0, [-0.27530106136525034, 0.010798924509214616]
[-0.27530106136525034, 0.010798924509214616], 0, -1.0, [-0.2671968699987258, 0.008104191366524564]
[-0.2671968699987258, 0.008104191366524564], 0, -1.0, [-0.26183159061898, 0.005365279379745779]
[-0.26183159061898, 0.005365279379745779], 0, -1.0, [-0.2592339074027093, 0.002597683216270667]
[-0.2592339074027093, 0.002597683216270667], 0, -1.0, [-0.2594175441627122, -0.00018363676000289052]
[-0.2594175441627122, -0.00018363676000289052], 0, -1.0, [-0.2623815342719209, -0.0029639901092087012]
[-0.2623815342719209, -0.0029639901092087012], 0, -1.0, [-0.2681102013418876, -0.005728667069966739]
[-0.2681102013418876, -0.005728667069966739], 0, -1.0, [-0.2765728524139243, -0.008462651072036673]
[-0.2765728524139243, -0.008462651072036673], 0, -1.0, [-0.2877232120329123, -0.011150359618987998]
[-0.2877232120329123, -0.011150359618987998], 0, -1.0, [-0.3014986519260442, -0.013775439893131899]
[-0.3014986519260442, -0.013775439893131899], 0, -1.0, [-0.3178192965554439, -0.016320644629399715]
[-0.3178192965554439, -0.016320644629399715], 0, -1.0, [-0.3365871084758724, -0.018767811920428513]
[-0.3365871084758724, -0.018767811920428513], 0, -1.0, [-0.35768507745493083, -0.021097968979058416]
[-0.35768507745493083, -0.021097968979058416], 0, -1.0, [-0.38097665128644453, -0.023291573831513694]
[-0.38097665128644453, -0.023291573831513694], 0, -1.0, [-0.40630555127071566, -0.02532889998427114]
[-0.40630555127071566, -0.02532889998427114], 0, -1.0, [-0.4334961085404036, -0.027190557269687957]
[-0.4334961085404036, -0.027190557269687957], 0, -1.0, [-0.46235423647659074, -0.02885812793618716]
[-0.46235423647659074, -0.02885812793618716], 0, -1.0, [-0.4926691184451828, -0.03031488196859206]
[-0.4926691184451828, -0.03031488196859206], 0, -1.0, [-0.5242156401132513, -0.03154652166806846]
[-0.5242156401132513, -0.03154652166806846], 0, -1.0, [-0.5567575353000983, -0.03254189518684704]
[-0.5567575353000983, -0.03254189518684704], 0, -1.0, [-0.590051149740676, -0.03329361444057768]
[-0.590051149740676, -0.03329361444057768], 0, -1.0, [-0.62384966611385, -0.033798516373174]
[-0.62384966611385, -0.033798516373174], 0, -1.0, [-0.6579075845433288, -0.03405791842947885]
[-0.6579075845433288, -0.03405791842947885], 0, -1.0, [-0.6919852227513378, -0.03407763820800906]
[-0.6919852227513378, -0.03407763820800906], 0, -1.0, [-0.7258529937449487, -0.03386777099361095]
[-0.7258529937449487, -0.03386777099361095], 0, -1.0, [-0.7592952372912477, -0.03344224354629896]
[-0.7592952372912477, -0.03344224354629896], 0, -1.0, [-0.7921134215533345, -0.032818184262086776]
[-0.7921134215533345, -0.032818184262086776], 0, -1.0, [-0.8241285869509452, -0.032015165397610616]
[-0.8241285869509452, -0.032015165397610616], 0, -1.0, [-0.8551829675290398, -0.031054380578094655]
[-0.8551829675290398, -0.031054380578094655], 0, -1.0, [-0.8851407875638823, -0.029957820034842483]
[-0.8851407875638823, -0.029957820034842483], 0, -1.0, [-0.9138882857386834, -0.02874749817480116]
[-0.9138882857386834, -0.02874749817480116], 0, -1.0, [-0.9413330611409386, -0.027444775402255175]
[-0.9413330611409386, -0.027444775402255175], 0, -1.0, [-0.9674028623370153, -0.0260698011960767]
[-0.9674028623370153, -0.0260698011960767], 2, -1.0, [-0.9900439530341307, -0.022641090697115354]
[-0.9900439530341307, -0.022641090697115354], 2, -1.0, [-1.0092217022943086, -0.019177749260177915]
[-1.0092217022943086, -0.019177749260177915], 2, -1.0, [-1.024915658370799, -0.0156939560764904]
[-1.024915658370799, -0.0156939560764904], 2, -1.0, [-1.0371151977987105, -0.012199539427911464]
[-1.0371151977987105, -0.012199539427911464], 2, -1.0, [-1.0458158807452487, -0.00870068294653812]
[-1.0458158807452487, -0.00870068294653812], 2, -1.0, [-1.051016585168155, -0.005200704422906277]
[-1.051016585168155, -0.005200704422906277], 2, -1.0, [-1.0527174536707469, -0.0017008685025917901]
[-1.0527174536707469, -0.0017008685025917901], 2, -1.0, [-1.050918664945393, 0.0017987887253539453]
[-1.050918664945393, 0.0017987887253539453], 2, -1.0, [-1.045620031993656, 0.0052986329517369386]
[-1.045620031993656, 0.0052986329517369386], 2, -1.0, [-1.0368214270382436, 0.00879860495541229]
[-1.0368214270382436, 0.00879860495541229], 2, -1.0, [-1.0245240332044971, 0.012297393833746456]
[-1.0245240332044971, 0.012297393833746456], 2, -1.0, [-1.0087324206358779, 0.01579161256861925]
[-1.0087324206358779, 0.01579161256861925], 2, -1.0, [-0.9894574347253129, 0.019274985910564934]
[-0.9894574347253129, 0.019274985910564934], 2, -1.0, [-0.9667198617372491, 0.02273757298806374]
[-0.9667198617372491, 0.02273757298806374], 2, -1.0, [-0.9405547979155844, 0.026165063821664697]
[-0.9405547979155844, 0.026165063821664697], 2, -1.0, [-0.9110165891371843, 0.029538208778400105]
[-0.9110165891371843, 0.029538208778400105], 2, -1.0, [-0.8781841286883694, 0.03283246044881492]
[-0.8781841286883694, 0.03283246044881492], 2, -1.0, [-0.8421662043471488, 0.03601792434122058]
[-0.8421662043471488, 0.03601792434122058], 2, -1.0, [-0.8031064820414445, 0.039059722305704266]
[-0.8031064820414445, 0.039059722305704266], 2, -1.0, [-0.761187618372529, 0.04191886366891555]
[-0.761187618372529, 0.04191886366891555], 2, -1.0, [-0.7166339314448824, 0.0445536869276466]
[-0.7166339314448824, 0.0445536869276466], 2, -1.0, [-0.6697120558306399, 0.04692187561424251]
[-0.6697120558306399, 0.04692187561424251], 2, -1.0, [-0.6207290880991636, 0.04898296773147622]
[-0.6207290880991636, 0.04898296773147622], 2, -1.0, [-0.5700279083541842, 0.05070117974497941]
[-0.5700279083541842, 0.05070117974497941], 2, -1.0, [-0.5179796349851058, 0.05204827336907836]
[-0.5179796349851058, 0.05204827336907836], 2, -1.0, [-0.46497350317464703, 0.053006131810458795]
[-0.46497350317464703, 0.053006131810458795], 2, -1.0, [-0.4114047976422331, 0.05356870553241393]
[-0.4114047976422331, 0.05356870553241393], 2, -1.0, [-0.3576617489911449, 0.053743048651088185]
[-0.3576617489911449, 0.053743048651088185], 2, -1.0, [-0.30411245892357586, 0.05354929006756901]
[-0.30411245892357586, 0.05354929006756901], 2, -1.0, [-0.2510929156233081, 0.05301954330026777]
[-0.2510929156233081, 0.05301954330026777], 2, -1.0, [-0.19889699737063257, 0.052195918252675534]
[-0.19889699737063257, 0.052195918252675534], 2, -1.0, [-0.14776907786641372, 0.05112791950421886]
[-0.14776907786641372, 0.05112791950421886], 2, -1.0, [-0.09789950345341647, 0.04986957441299724]
[-0.09789950345341647, 0.04986957441299724], 2, -1.0, [-0.04942287835733261, 0.04847662509608386]
[-0.04942287835733261, 0.04847662509608386], 2, -1.0, [-0.0024188240806647734, 0.04700405427666784]
[-0.0024188240806647734, 0.04700405427666784], 2, -1.0, [0.043085296016200994, 0.04550412009686577]
[0.043085296016200994, 0.04550412009686577], 2, -1.0, [0.08711027090930293, 0.044024974893101934]
[0.08711027090930293, 0.044024974893101934], 2, -1.0, [0.12972012831141352, 0.04260985740211059]
[0.12972012831141352, 0.04260985740211059], 2, -1.0, [0.17101691584919393, 0.04129678753778041]
[0.17101691584919393, 0.04129678753778041], 2, -1.0, [0.21113557552928097, 0.04011865968008703]
[0.21113557552928097, 0.04011865968008703], 2, -1.0, [0.2502391957888911, 0.03910362025961011]
[0.2502391957888911, 0.03910362025961011], 2, -1.0, [0.2885148171855809, 0.038275621396689836]
[0.2885148171855809, 0.038275621396689836], 2, -1.0, [0.32616987448209933, 0.03765505729651844]
[0.32616987448209933, 0.03765505729651844], 2, -1.0, [0.36342928257491386, 0.03725940809281454]
[0.36342928257491386, 0.03725940809281454], 2, -1.0, [0.4005331153322812, 0.03710383275736732]
[0.4005331153322812, 0.03710383275736732], 2, -1.0, [0.43773478149291756, 0.03720166616063634]
[0.43773478149291756, 0.03720166616063634], 1, -1.0, [0.47429956584196015, 0.03656478434904257]
[0.47429956584196015, 0.03656478434904257], 1, -1.0, [0.5104959525900635, 0.03619638674810336]
