[-0.50210890677475, 0.0], 0, -1.0, [-0.5032699691653894, -0.0011610623906394052]
[-0.5032699691653894, -0.0011610623906394052], 0, -1.0, [-0.5055834031095867, -0.002313433944197356]
[-0.5055834031095867, -0.002313433944197356], 0, -1.0, [-0.5090318865788138, -0.0034484834692271194]
[-0.5090318865788138, -0.0034484834692271194], 0, -1.0, [-0.5135895869451429, -0.004557700366329121]
[-0.5135895869451429, -0.004557700366329121], 0, -1.0, [-0.5192223449458391, -0.005632758000696151]
[-0.5192223449458391, -0.005632758000696151], 0, -1.0, [-0.5258879252334346, -0.006665580287595592]
[-0.5258879252334346, -0.006665580287595592], 0, -1.0, [-0.5335363370337171, -0.007648411800282433]
[-0.5335363370337171, -0.007648411800282433], 0, -1.0, [-0.5421102281633261, -0.00857389112960904]
[-0.5421102281633261, -0.00857389112960904], 0, -1.0, [-0.5515453547508449, -0.009435126587518739]
[-0.5515453547508449, -0.009435126587518739], 0, -1.0, [-0.5617711274576139, -0.01022577270676907]
[-0.5617711274576139, -0.01022577270676907], 0, -1.0, [-0.5727112328629809, -0.01094010540536697]
[-0.5727112328629809, -0.01094010540536697], 0, -1.0, [-0.584284326078108, -0.011573093215127148]
[-0.584284326078108, -0.011573093215127148], 0, -1.0, [-0.5964047877509465, -0.012120461672838522]
[-0.5964047877509465, -0.012120461672838522], 0, -1.0, [-0.6089835356326161, -0.012578747881669614]
[-0.6089835356326161, -0.012578747881669614], 0, -1.0, [-0.6219288780272013, -0.012945342394585196]
[-0.6219288780272013, -0.012945342394585196], 0, -1.0, [-0.6351473939815336, -0.01321851595433234]
[-0.6351473939815336, -0.01321851595433234], 0, -1.0, [-0.6485448232078252, -0.013397429226291611]
[-0.6485448232078252, -0.013397429226291611], 0, -1.0, [-0.6620269476467237, -0.01348212443889841]
[-0.6620269476467237, -0.01348212443889841], 0, -1.0, [-0.6755004463870443, -0.013473498740320661]
[-0.6755004463870443, -0.013473498740320661], 0, -1.0, [-0.6888737064031883, -0.01337326001614401]
[-0.6888737064031883, -0.01337326001614401], 1, -1.0, [-0.7010575732165129, -0.012183866813324454]
[-0.7010575732165129, -0.012183866813324454], 2, -1.0, [-0.7109724843288419, -0.009914911112328974]
[-0.7109724843288419, -0.009914911112328974], 2, -1.0, [-0.7185549400995945, -0.007582455770752706]
[-0.7185549400995945, -0.007582455770752706], 2, -1.0, [-0.723757171522846, -0.005202231423251444]
[-0.723757171522846, -0.005202231423251444], 2, -1.0, [-0.7265468164485361, -0.0027896449256901144]
[-0.7265468164485361, -0.0027896449256901144], 2, -1.0, [-0.7269066622118243, -0.00035984576328822486]
[-0.7269066622118243, -0.00035984576328822486], 2, -1.0, [-0.7248344957591852, 0.0020721664526390355]
[-0.7248344957591852, 0.0020721664526390355], 2, -1.0, [-0.7203430837115059, 0.004491412047679369]
[-0.7203430837115059, 0.004491412047679369], 2, -1.0, [-0.7134602852785075, 0.006882798432998475]
[-0.7134602852785075, 0.006882798432998475], 2, -1.0, [-0.7042292813036, 0.009231003974907448]
[-0.7042292813036, 0.009231003974907448], 2, -1.0, [-0.692708883724718, 0.011520397578882022]
[-0.692708883724718, 0.011520397578882022], 2, -1.0, [-0.6789738722326965, 0.013735011492021484]
[-0.6789738722326965, 0.013735011492021484], 2, -1.0, [-0.6631152899264184, 0.015858582306277992]
[-0.6631152899264184, 0.015858582306277992], 2, -1.0, [-0.6452406185492999, 0.017874671377118536]
[-0.6452406185492999, 0.017874671377118536], 2, -1.0, [-0.6254737478516333, 0.019766870697666618]
[-0.6254737478516333, 0.019766870697666618], 2, -1.0, [-0.6039546541752612, 0.021519093676372156]
[-0.6039546541752612, 0.021519093676372156], 2, -1.0, [-0.5808387116841723, 0.023115942491088795]
[-0.5808387116841723, 0.023115942491088795], 2, -1.0, [-0.5562955764059498, 0.02454313527822246]
[-0.5562955764059498, 0.02454313527822246], 2, -1.0, [-0.5305076081821422, 0.025787968223807658]
[-0.5305076081821422, 0.025787968223807658], 2, -1.0, [-0.5036678274238129, 0.026839780758329216]
[-0.5036678274238129, 0.026839780758329216], 2, -1.0, [-0.4759774397216981, 0.027690387702114818]
[-0.4759774397216981, 0.027690387702114818], 2, -1.0, [-0.44764299833116306, 0.028334441390535026]
[-0.44764299833116306, 0.028334441390535026], 2, -1.0, [-0.41887330818887986, 0.028769690142283214]
[-0.41887330818887986, 0.028769690142283214], 2, -1.0, [-0.3898762012777486, 0.028997106911131297]
[-0.3898762012777486, 0.028997106911131297], 2, -1.0, [-0.360855328418205, 0.029020872859543554]
[-0.360855328418205, 0.029020872859543554], 2, -1.0, [-0.33200711486928985, 0.028848213548915144]
[-0.33200711486928985, 0.028848213548915144], 2, -1.0, [-0.3035180161796264, 0.028489098689663435]
[-0.3035180161796264, 0.028489098689663435], 2, -1.0, [-0.2755621880697557, 0.02795582810987074]
[-0.2755621880697557, 0.02795582810987074], 2, -1.0, [-0.24829965280772148, 0.027262535262034215]
[-0.24829965280772148, 0.027262535262034215], 2, -1.0, [-0.22187500855061126, 0.026424644257110216]
[-0.22187500855061126, 0.026424644257110216], 2, -1.0, [-0.19641669167765002, 0.02545831687296124]
[-0.19641669167765002, 0.02545831687296124], 2, -1.0, [-0.17203676899075762, 0.024379922686892402]
[-0.17203676899075762, 0.024379922686892402], 2, -1.0, [-0.14883120960659796, 0.023205559384159666]
[-0.14883120960659796, 0.023205559384159666], 2, -1.0, [-0.12688056700871425, 0.021950642597883718]
[-0.12688056700871425, 0.021950642597883718], 2, -1.0, [-0.10625099047169093, 0.020629576537023332]
[-0.10625099047169093, 0.020629576537023332], 2, -1.0, [-0.08699548131818052, 0.019255509153510403]
[-0.08699548131818052, 0.019255509153510403], 2, -1.0, [-0.06915531194576031, 0.01784016937242021]
[-0.06915531194576031, 0.01784016937242021], 2, -1.0, [-0.052761532635136305, 0.016393779310624013]
[-0.052761532635136305, 0.016393779310624013], 2, -1.0, [-0.03783650113830638, 0.014925031496829924]
[-0.03783650113830638, 0.014925031496829924], 2, -1.0, [-0.024395381417339625, 0.013441119720966756]
[-0.024395381417339625, 0.013441119720966756], 1, -1.0, [-0.013447569419639172, 0.010947811997700454]
[-0.013447569419639172, 0.010947811997700454], 1, -1.0, [-0.004997723280210345, 0.008449846139428827]
[-0.004997723280210345, 0.008449846139428827], 0, -1.0, [-4.759615211798098e-05, 0.004950127128092364]
[-4.759615211798098e-05, 0.004950127128092364], 0, -1.0, [0.0014025310014600624, 0.0014501271535780434]
[0.0014025310014600624, 0.0014501271535780434], 0, -1.0, [-0.0006473197151959298, -0.002049850716655992]
[-0.0006473197151959298, -0.002049850716655992], 0, -1.0, [-0.006197165717846749, -0.0055498460026508194]
[-0.006197165717846749, -0.0055498460026508194], 0, -1.0, [-0.015246579678234163, -0.009049413960387415]
[-0.015246579678234163, -0.009049413960387415], 0, -1.0, [-0.02779337893986667, -0.01254679926163251]
[-0.02779337893986667, -0.01254679926163251], 0, -1.0, [-0.043831492926077215, -0.016038113986210547]
[-0.043831492926077215, -0.016038113986210547], 0, -1.0, [-0.0633480245397921, -0.01951653161371489]
[-0.0633480245397921, -0.01951653161371489], 0, -1.0, [-0.08631954592967814, -0.02297152138988603]
[-0.08631954592967814, -0.02297152138988603], 0, -1.0, [-0.11270771023972519, -0.026388164310047053]
[-0.11270771023972519, -0.026388164310047053], 0, -1.0, [-0.142454321840643, -0.029746611600917808]
[-0.142454321840643, -0.029746611600917808], 2, -1.0, [-0.17347608816813573, -0.03102176632749274]
[-0.17347608816813573, -0.03102176632749274], 0, -1.0, [-0.20766687025556496, -0.03419078208742925]
[-0.20766687025556496, -0.03419078208742925], 0, -1.0, [-0.24488798068044051, -0.03722111042487556]
[-0.24488798068044051, -0.03722111042487556], 0, -1.0, [-0.28496423127446463, -0.0400762505940241]
[-0.28496423127446463, -0.0400762505940241], 0, -1.0, [-0.3276812305586902, -0.04271699928422555]
[-0.3276812305586902, -0.04271699928422555], 0, -1.0, [-0.37278446032439744, -0.045103229765707256]
[-0.37278446032439744, -0.045103229765707256], 0, -1.0, [-0.41998060003379595, -0.04719613970939849]
[-0.41998060003379595, -0.04719613970939849], 0, -1.0, [-0.4689414205417486, -0.04896082050795267]
[-0.4689414205417486, -0.04896082050795267], 0, -1.0, [-0.5193103367262155, -0.050368916184466886]
[-0.5193103367262155, -0.050368916184466886], 0, -1.0, [-0.5707114153149718, -0.051401078588756303]
[-0.5707114153149718, -0.051401078588756303], 0, -1.0, [-0.6227603243579782, -0.05204890904300635]
[-0.6227603243579782, -0.05204890904300635], 0, -1.0, [-0.6750764427381738, -0.052316118380195606]
[-0.6750764427381738, -0.052316118380195606], 0, -1.0, [-0.727295178792208, -0.052218736054034195]
[-0.727295178792208, -0.052218736054034195], 0, -1.0, [-0.7790795151247918, -0.051784336332583863]
[-0.7790795151247918, -0.051784336332583863], 0, -1.0, [-0.8301299097848629, -0.05105039466007109]
[-0.8301299097848629, -0.05105039466007109], 0, -1.0, [-0.880191916371551, -0.05006200658668819]
[-0.880191916371551, -0.05006200658668819], 0, -1.0, [-0.9290611865126217, -0.04886927014107071]
[-0.9290611865126217, -0.04886927014107071], 0, -1.0, [-0.9765858273578855, -0.047524640845263776]
[-0.9765858273578855, -0.047524640845263776], 0, -1.0, [-1.0226663514323093, -0.04608052407442381]
[-1.0226663514323093, -0.04608052407442381], 0, -1.0, [-1.067253642474059, -0.044587291041749674]
[-1.067253642474059, -0.044587291041749674], 0, -1.0, [-1.110345457427235, -0.04309181495317589]
[-1.110345457427235, -0.04309181495317589], 0, -1.0, [-1.1519819995257985, -0.04163654209856355]
[-1.1519819995257985, -0.04163654209856355], 0, -1.0, [-1.192241050313161, -0.04025905078736269]
[-1.192241050313161, -0.04025905078736269], 0, -1.0, [-1.2, 0.0]
[-1.2, 0.0], 2, -1.0, [-1.1967581039591646, 0.003241896040835368]
[-1.1967581039591646, 0.003241896040835368], 2, -1.0, [-1.1902636585360942, 0.006494445423070332]
[-1.1902636585360942, 0.006494445423070332], 2, -1.0, [-1.1804959639787937, 0.009767694557300442]
[-1.1804959639787937, 0.009767694557300442], 2, -1.0, [-1.1674255149588486, 0.013070449019945182]
[-1.1674255149588486, 0.013070449019945182], 2, -1.0, [-1.1510159267200155, 0.016409588238833067]
[-1.1510159267200155, 0.016409588238833067], 2, -1.0, [-1.1312266168239755, 0.019789309896040046]
[-1.1312266168239755, 0.019789309896040046], 2, -1.0, [-1.108016322100852, 0.02321029472312345]
[-1.108016322100852, 0.02321029472312345], 2, -1.0, [-1.081347524946184, 0.02666879715466819]
[-1.081347524946184, 0.02666879715466819], 2, -1.0, [-1.0511918363028878, 0.03015568864329602]
[-1.0511918363028878, 0.03015568864329602], 2, -1.0, [-1.0175363271434712, 0.0336555091594167]
[-1.0175363271434712, 0.0336555091594167], 2, -1.0, [-0.9803907090723114, 0.03714561807115983]
[-0.9803907090723114, 0.03714561807115983], 2, -1.0, [-0.9397951336374217, 0.04059557543488971]
[-0.9397951336374217, 0.04059557543488971], 2, -1.0, [-0.8958282112564235, 0.043966922380998245]
[-0.8958282112564235, 0.043966922380998245], 2, -1.0, [-0.8486146572192776, 0.04721355403714586]
[-0.8486146572192776, 0.04721355403714586], 2, -1.0, [-0.7983317816221248, 0.05028287559715283]
[-0.7983317816221248, 0.05028287559715283], 2, -1.0, [-0.7452138959379592, 0.0531178856841656]
[-0.7452138959379592, 0.0531178856841656], 2, -1.0, [-0.6895536666604415, 0.0556602292775177]
[-0.6895536666604415, 0.0556602292775177], 2, -1.0, [-0.6316995610792892, 0.057854105581152386]
[-0.6316995610792892, 0.057854105581152386], 2, -1.0, [-0.5720488365336812, 0.05965072454560789]
[-0.5720488365336812, 0.05965072454560789], 2, -1.0, [-0.5110360146660762, 0.061012821867605024]
[-0.5110360146660762, 0.061012821867605024], 2, -1.0, [-0.44911739120176025, 0.061918623464315904]
[-0.44911739120176025, 0.061918623464315904], 2, -1.0, [-0.38675274139346727, 0.06236464980829299]
[-0.38675274139346727, 0.06236464980829299], 2, -1.0, [-0.3243858485235833, 0.06236689286988392]
[-0.3243858485235833, 0.06236689286988392], 2, -1.0, [-0.2624256859117381, 0.061960162611845254]
[-0.2624256859117381, 0.061960162611845254], 2, -1.0, [-0.20122996568717166, 0.061195720224566416]
[-0.20122996568717166, 0.061195720224566416], 2, -1.0, [-0.14109236178367496, 0.06013760390349669]
[-0.14109236178367496, 0.06013760390349669], 2, -1.0, [-0.08223412731502394, 0.05885823446865101]
[-0.08223412731502394, 0.05885823446865101], 2, -1.0, [-0.024800200336085113, 0.05743392697893883]
[-0.024800200336085113, 0.05743392697893883], 2, -1.0, [0.03114064276343887, 0.05594084309952398]
[0.03114064276343887, 0.05594084309952398], 2, -1.0, [0.08559238750154527, 0.0544517447381064]
[0.08559238750154527, 0.0544517447381064], 2, -1.0, [0.13862609852276647, 0.05303371102122119]
[0.13862609852276647, 0.05303371102122119], 2, -1.0, [0.19037290492486428, 0.0517468064020978]
[0.19037290492486428, 0.0517468064020978], 2, -1.0, [0.24101646944167865, 0.050643564516814364]
[0.24101646944167865, 0.050643564516814364], 2, -1.0, [0.29078555519931315, 0.04976908575763451]
[0.29078555519931315, 0.04976908575763451], 2, -1.0, [0.33994708223056147, 0.04916152703124832]
[0.33994708223056147, 0.04916152703124832], 2, -1.0, [0.388799856212751, 0.04885277398218953]
[0.388799856212751, 0.04885277398218953], 2, -1.0, [0.4376689695757199, 0.0488691133629689]
[0.4376689695757199, 0.0488691133629689], 2, -1.0, [0.4869007238355066, 0.04923175425978669]
[0.4869007238355066, 0.04923175425978669], 2, -1.0, [0.5368577983788596, 0.04995707454335301]
