[-0.44379751254408106, 0.0], 0, -1.0, [-0.4453903211990469, -0.0015928086549658743]
[-0.4453903211990469, -0.0015928086549658743], 0, -1.0, [-0.4485643264278075, -0.003174005228760603]
[-0.4485643264278075, -0.003174005228760603], 0, -1.0, [-0.4532963494152813, -0.004732022987473764]
[-0.4532963494152813, -0.004732022987473764], 0, -1.0, [-0.45955174030374574, -0.006255390888464438]
[-0.45955174030374574, -0.006255390888464438], 0, -1.0, [-0.4672845337810092, -0.00773279347726345]
[-0.4672845337810092, -0.00773279347726345], 0, -1.0, [-0.47643767781080654, -0.009153144029797335]
[-0.47643767781080654, -0.009153144029797335], 0, -1.0, [-0.48694335119413323, -0.010505673383326685]
[-0.48694335119413323, -0.010505673383326685], 0, -1.0, [-0.4987233865220315, -0.01178003532789829]
[-0.4987233865220315, -0.01178003532789829], 0, -1.0, [-0.5116898141503958, -0.012966427628364275]
[-0.5116898141503958, -0.012966427628364275], 0, -1.0, [-0.5257455399899312, -0.014055725839535363]
[-0.5257455399899312, -0.014055725839535363], 0, -1.0, [-0.5407851652078318, -0.015039625217900582]
[-0.5407851652078318, -0.015039625217900582], 0, -1.0, [-0.5566959496053238, -0.015910784397491953]
[-0.5566959496053238, -0.015910784397491953], 0, -1.0, [-0.5733589128700394, -0.016662963264715655]
[-0.5733589128700394, -0.016662963264715655], 0, -1.0, [-0.5906500596701055, -0.017291146800066146]
[-0.5906500596701055, -0.017291146800066146], 0, -1.0, [-0.6084417063444603, -0.01779164667435474]
[-0.6084417063444603, -0.01779164667435474], 0, -1.0, [-0.6266038794933352, -0.018162173148874954]
[-0.6266038794933352, -0.018162173148874954], 0, -1.0, [-0.6450057507998033, -0.018401871306468115]
[-0.6450057507998033, -0.018401871306468115], 0, -1.0, [-0.6635170685204724, -0.018511317720669176]
[-0.6635170685204724, -0.018511317720669176], 0, -1.0, [-0.6820095446828305, -0.018492476162358024]
[-0.6820095446828305, -0.018492476162358024], 0, -1.0, [-0.7003581582852225, -0.01834861360239206]
[-0.7003581582852225, -0.01834861360239206], 0, -1.0, [-0.7184423386132156, -0.018084180327993055]
[-0.7184423386132156, -0.018084180327993055], 0, -1.0, [-0.736146998812915, -0.01770466019969946]
[-0.736146998812915, -0.01770466019969946], 0, -1.0, [-0.7533633975472951, -0.017216398734380075]
[-0.7533633975472951, -0.017216398734380075], 2, -1.0, [-0.767989815230628, -0.014626417683332942]
[-0.767989815230628, -0.014626417683332942], 2, -1.0, [-0.7799431559120447, -0.011953340681416576]
[-0.7799431559120447, -0.011953340681416576], 2, -1.0, [-0.7891578946061565, -0.009214738694111827]
[-0.7891578946061565, -0.009214738694111827], 2, -1.0, [-0.7955850402309729, -0.006427145624816404]
[-0.7955850402309729, -0.006427145624816404], 2, -1.0, [-0.7991912286797007, -0.0036061884487278246]
[-0.7991912286797007, -0.0036061884487278246], 2, -1.0, [-0.7999580354762108, -0.0007668067965100941]
[-0.7999580354762108, -0.0007668067965100941], 2, -1.0, [-0.7978815705896564, 0.002076464886554397]
[-0.7978815705896564, 0.002076464886554397], 2, -1.0, [-0.7929723904787633, 0.004909180110893021]
[-0.7929723904787633, 0.004909180110893021], 2, -1.0, [-0.7852557348137513, 0.007716655665012024]
[-0.7852557348137513, 0.007716655665012024], 2, -1.0, [-0.7747720676987535, 0.01048366711499777]
[-0.7747720676987535, 0.01048366711499777], 2, -1.0, [-0.7615778756176871, 0.013194192081066404]
[-0.7615778756176871, 0.013194192081066404], 2, -1.0, [-0.7457466470138704, 0.015831228603816666]
[-0.7457466470138704, 0.015831228603816666], 2, -1.0, [-0.7273699321759708, 0.018376714837899613]
[-0.7273699321759708, 0.018376714837899613], 2, -1.0, [-0.7065583584668264, 0.020811573709144385]
[-0.7065583584668264, 0.020811573709144385], 2, -1.0, [-0.6834424572420333, 0.02311590122479297]
[-0.6834424572420333, 0.02311590122479297], 2, -1.0, [-0.6581731481072035, 0.025269309134829776]
[-0.6581731481072035, 0.025269309134829776], 2, -1.0, [-0.630921726838029, 0.027251421269174424]
[-0.630921726838029, 0.027251421269174424], 2, -1.0, [-0.6018792184303505, 0.02904250840767847]
[-0.6018792184303505, 0.02904250840767847], 2, -1.0, [-0.5712549883419997, 0.03062423008835075]
[-0.5712549883419997, 0.03062423008835075], 2, -1.0, [-0.5392745530323821, 0.031980435309617576]
[-0.5392745530323821, 0.031980435309617576], 2, -1.0, [-0.5061765927223159, 0.03309796031006633]
[-0.5061765927223159, 0.03309796031006633], 2, -1.0, [-0.4722092392997178, 0.03396735342259802]
[-0.4722092392997178, 0.03396735342259802], 2, -1.0, [-0.4376257824322037, 0.03458345686751411]
[-0.4376257824322037, 0.03458345686751411], 2, -1.0, [-0.40267999786300024, 0.034945784569203414]
[-0.40267999786300024, 0.034945784569203414], 2, -1.0, [-0.3676213446321033, 0.03505865323089695]
[-0.3676213446321033, 0.03505865323089695], 2, -1.0, [-0.33269029594239197, 0.0349310486897113]
[-0.33269029594239197, 0.0349310486897113], 2, -1.0, [-0.2981140587312333, 0.03457623721115867]
[-0.2981140587312333, 0.03457623721115867], 2, -1.0, [-0.26410290132287595, 0.034011157408357376]
[-0.26410290132287595, 0.034011157408357376], 2, -1.0, [-0.23084725252927585, 0.033255648793600094]
[-0.23084725252927585, 0.033255648793600094], 2, -1.0, [-0.1985156677411709, 0.032331584788104925]
[-0.1985156677411709, 0.032331584788104925], 1, -1.0, [-0.1682536873902239, 0.03026198035094702]
[-0.1682536873902239, 0.03026198035094702], 1, -1.0, [-0.14017993216263258, 0.028073755227591302]
[-0.14017993216263258, 0.028073755227591302], 1, -1.0, [-0.11438834868412752, 0.025791583478505065]
[-0.11438834868412752, 0.025791583478505065], 0, -1.0, [-0.09195100131377201, 0.022437347370355507]
[-0.09195100131377201, 0.022437347370355507], 0, -1.0, [-0.07291913698569405, 0.019031864328077956]
[-0.07291913698569405, 0.019031864328077956], 0, -1.0, [-0.057327692321598935, 0.015591444664095115]
[-0.057327692321598935, 0.015591444664095115], 0, -1.0, [-0.04519936597639961, 0.012128326345199324]
[-0.04519936597639961, 0.012128326345199324], 0, -1.0, [-0.03654809127067497, 0.008651274705724635]
[-0.03654809127067497, 0.008651274705724635], 0, -1.0, [-0.031381804280160824, 0.005166286990514151]
[-0.031381804280160824, 0.005166286990514151], 0, -1.0, [-0.029704446272023274, 0.0016773580081375487]
[-0.029704446272023274, 0.0016773580081375487], 0, -1.0, [-0.031517168347208996, -0.0018127220751857223]
[-0.031517168347208996, -0.0018127220751857223], 1, -1.0, [-0.0358187237613831, -0.004301555414174105]
[-0.0358187237613831, -0.004301555414174105], 1, -1.0, [-0.04260585952274287, -0.006787135761359777]
[-0.04260585952274287, -0.006787135761359777], 1, -1.0, [-0.05187260140519221, -0.009266741882449336]
[-0.05187260140519221, -0.009266741882449336], 1, -1.0, [-0.06360913320151915, -0.01173653179632693]
[-0.06360913320151915, -0.01173653179632693], 1, -1.0, [-0.07780028409090835, -0.014191150889389196]
[-0.07780028409090835, -0.014191150889389196], 0, -1.0, [-0.09542364860032941, -0.017623364509421063]
[-0.09542364860032941, -0.017623364509421063], 0, -1.0, [-0.11644527196424868, -0.02102162336391927]
[-0.11644527196424868, -0.02102162336391927], 0, -1.0, [-0.14081589596043564, -0.024370623996186967]
[-0.14081589596043564, -0.024370623996186967], 0, -1.0, [-0.16846674029600409, -0.027650844335568442]
[-0.16846674029600409, -0.027650844335568442], 0, -1.0, [-0.1993050365678142, -0.030838296271810124]
[-0.1993050365678142, -0.030838296271810124], 0, -1.0, [-0.23320961043437496, -0.033904573866560754]
[-0.23320961043437496, -0.033904573866560754], 0, -1.0, [-0.27002688742102016, -0.036817276986645185]
[-0.27002688742102016, -0.036817276986645185], 0, -1.0, [-0.3095677644278307, -0.03954087700681054]
[-0.3095677644278307, -0.03954087700681054], 0, -1.0, [-0.3516058237980013, -0.04203805937017061]
[-0.3516058237980013, -0.04203805937017061], 0, -1.0, [-0.39587734942734343, -0.044271525629342084]
[-0.39587734942734343, -0.044271525629342084], 0, -1.0, [-0.44208351795946743, -0.04620616853212399]
[-0.44208351795946743, -0.04620616853212399], 0, -1.0, [-0.48989497558442546, -0.04781145762495804]
[-0.48989497558442546, -0.04781145762495804], 0, -1.0, [-0.5389587812154641, -0.04906380563103868]
[-0.5389587812154641, -0.04906380563103868], 0, -1.0, [-0.5889074275687256, -0.04994864635326142]
[-0.5889074275687256, -0.04994864635326142], 0, -1.0, [-0.6393693867753513, -0.05046195920662562]
[-0.6393693867753513, -0.05046195920662562], 0, -1.0, [-0.6899804175286312, -0.05061103075327988]
[-0.6899804175286312, -0.05061103075327988], 0, -1.0, [-0.7403947608688753, -0.050414343340244215]
[-0.7403947608688753, -0.050414343340244215], 0, -1.0, [-0.7902953661953162, -0.04990060532644085]
[-0.7902953661953162, -0.04990060532644085], 0, -1.0, [-0.839402424940212, -0.049107058744895855]
[-0.839402424940212, -0.049107058744895855], 1, -1.0, [-0.8864797167539007, -0.04707729181368874]
[-0.8864797167539007, -0.04707729181368874], 1, -1.0, [-0.9313420125080797, -0.044862295754178994]
[-0.9313420125080797, -0.044862295754178994], 0, -1.0, [-0.9748537974301078, -0.04351178492202815]
[-0.9748537974301078, -0.04351178492202815], 0, -1.0, [-1.0169242298155914, -0.042070432385483546]
[-1.0169242298155914, -0.042070432385483546], 0, -1.0, [-1.0575049654485182, -0.040580735632926856]
[-1.0575049654485182, -0.040580735632926856], 0, -1.0, [-1.0965868962175809, -0.03908193076906266]
[-1.0965868962175809, -0.03908193076906266], 0, -1.0, [-1.1341962190266504, -0.03760932280906959]
[-1.1341962190266504, -0.03760932280906959], 0, -1.0, [-1.1703902082214463, -0.03619398919479601]
[-1.1703902082214463, -0.03619398919479601], 0, -1.0, [-1.2, 0.0]
[-1.2, 0.0], 1, -1.0, [-1.1977581039591645, 0.002241896040835368]
[-1.1977581039591645, 0.002241896040835368], 2, -1.0, [-1.192266922003125, 0.00549118195603954]
[-1.192266922003125, 0.00549118195603954], 2, -1.0, [-1.1835087842422778, 0.008758137760847242]
[-1.1835087842422778, 0.008758137760847242], 2, -1.0, [-1.1714567831343694, 0.012052001107908413]
[-1.1714567831343694, 0.012052001107908413], 2, -1.0, [-1.1560764837952135, 0.015380299339155815]
[-1.1560764837952135, 0.015380299339155815], 2, -1.0, [-1.137328367422801, 0.018748116372412627]
[-1.137328367422801, 0.018748116372412627], 1, -1.0, [-1.1161710856910116, 0.02115728173178926]
[-1.1161710856910116, 0.02115728173178926], 1, -1.0, [-1.0925671334411617, 0.023603952249849826]
[-1.0925671334411617, 0.023603952249849826], 1, -1.0, [-1.066486302452311, 0.02608083098885081]
[-1.066486302452311, 0.02608083098885081], 1, -1.0, [-1.0379096559247807, 0.028576646527530246]
[-1.0379096559247807, 0.028576646527530246], 2, -1.0, [-1.0058339798156972, 0.03207567610908352]
[-1.0058339798156972, 0.03207567610908352], 2, -1.0, [-0.970277527151587, 0.035556452664110186]
[-0.970277527151587, 0.035556452664110186], 2, -1.0, [-0.9312873424014498, 0.038990184750137144]
[-0.9312873424014498, 0.038990184750137144], 2, -1.0, [-0.888946786510048, 0.04234055589140188]
[-0.888946786510048, 0.04234055589140188], 2, -1.0, [-0.8433827156691726, 0.04556407084087541]
[-0.8433827156691726, 0.04556407084087541], 2, -1.0, [-0.794771595697852, 0.048611119971320525]
[-0.794771595697852, 0.048611119971320525], 2, -1.0, [-0.7433437040789006, 0.05142789161895147]
[-0.7433437040789006, 0.05142789161895147], 2, -1.0, [-0.6893845320625248, 0.053959172016375796]
[-0.6893845320625248, 0.053959172016375796], 2, -1.0, [-0.633232598414029, 0.05615193364849581]
[-0.633232598414029, 0.05615193364849581], 2, -1.0, [-0.5752731558262425, 0.05795944258778654]
[-0.5752731558262425, 0.05795944258778654], 2, -1.0, [-0.5159277058321753, 0.0593454499940672]
[-0.5159277058321753, 0.0593454499940672], 1, -1.0, [-0.4566397837831655, 0.059287922049009796]
[-0.4566397837831655, 0.059287922049009796], 1, -1.0, [-0.39785068360568476, 0.058789100177480735]
[-0.39785068360568476, 0.058789100177480735], 1, -1.0, [-0.3399824832302549, 0.057868200375429904]
[-0.3399824832302549, 0.057868200375429904], 2, -1.0, [-0.28242280967749755, 0.05755967355275731]
[-0.28242280967749755, 0.05755967355275731], 1, -1.0, [-0.2265182182668705, 0.05590459141062706]
[-0.2265182182668705, 0.05590459141062706], 1, -1.0, [-0.17255825853521198, 0.05395995973165851]
[-0.17255825853521198, 0.05395995973165851], 1, -1.0, [-0.12077072927967818, 0.0517875292555338]
[-0.12077072927967818, 0.0517875292555338], 1, -1.0, [-0.07132089952028173, 0.049449829759396456]
[-0.07132089952028173, 0.049449829759396456], 1, -1.0, [-0.024314062696263107, 0.04700683682401862]
[-0.024314062696263107, 0.04700683682401862], 1, -1.0, [0.02019942188299194, 0.044513484579255046]
[0.02019942188299194, 0.044513484579255046], 1, -1.0, [0.06221749524501389, 0.04201807336202195]
[0.06221749524501389, 0.04201807336202195], 1, -1.0, [0.10177899125781151, 0.039561496012797626]
[0.10177899125781151, 0.039561496012797626], 1, -1.0, [0.13895612300188423, 0.037177131744072715]
[0.13895612300188423, 0.037177131744072715], 2, -1.0, [0.17484735120566003, 0.0358912282037758]
[0.17484735120566003, 0.0358912282037758], 1, -1.0, [0.20857469596053113, 0.03372734475487111]
[0.20857469596053113, 0.03372734475487111], 2, -1.0, [0.2412756926026471, 0.032700996642115975]
[0.2412756926026471, 0.032700996642115975], 2, -1.0, [0.2731034974617826, 0.03182780485913547]
[0.2731034974617826, 0.03182780485913547], 2, -1.0, [0.30422448938168395, 0.03112099191990139]
[0.30422448938168395, 0.03112099191990139], 2, -1.0, [0.33481639918770273, 0.03059190980601879]
[0.33481639918770273, 0.03059190980601879], 2, -1.0, [0.36506692624413467, 0.03025052705643192]
[0.36506692624413467, 0.03025052705643192], 2, -1.0, [0.39517278334406364, 0.030105857099928985]
[0.39517278334406364, 0.030105857099928985], 1, -1.0, [0.424339098567337, 0.029166315223273363]
[0.424339098567337, 0.029166315223273363], 2, -1.0, [0.45377191952333257, 0.029432820955995573]
[0.45377191952333257, 0.029432820955995573], 1, -1.0, [0.48268486085079665, 0.028912941327464102]
[0.48268486085079665, 0.028912941327464102], 2, -1.0, [0.5122917177250303, 0.02960685687423373]
