[-0.5602430727810527, 0.0], 1, -1.0, [-0.5599687937867147, 0.0002742789943379982]
[-0.5599687937867147, 0.0002742789943379982], 1, -1.0, [-0.5594222805654021, 0.0005465132213126357]
[-0.5594222805654021, 0.0005465132213126357], 1, -1.0, [-0.5586076079561321, 0.0008146726092700205]
[-0.5586076079561321, 0.0008146726092700205], 0, -1.0, [-0.5585308515470255, 7.675640910656339e-05]
[-0.5585308515470255, 7.675640910656339e-05], 0, -1.0, [-0.5591925838460118, -0.0006617322989862944]
[-0.5591925838460118, -0.0006617322989862944], 0, -1.0, [-0.5605878696068765, -0.0013952857608647267]
[-0.5605878696068765, -0.0013952857608647267], 0, -1.0, [-0.5627063061547437, -0.0021184365478672503]
[-0.5627063061547437, -0.0021184365478672503], 0, -1.0, [-0.5655321086344279, -0.0028258024796841996]
[-0.5655321086344279, -0.0028258024796841996], 0, -1.0, [-0.5690442399874774, -0.003512131353049539]
[-0.5690442399874774, -0.003512131353049539], 0, -1.0, [-0.573216585280036, -0.004172345292558637]
[-0.573216585280036, -0.004172345292558637], 0, -1.0, [-0.5780181697268558, -0.004801584446819732]
[-0.5780181697268558, -0.004801584446819732], 0, -1.0, [-0.5834134193691056, -0.005395249642249788]
[-0.5834134193691056, -0.005395249642249788], 0, -1.0, [-0.5893624628585956, -0.0059490434894900225]
[-0.5893624628585956, -0.0059490434894900225], 0, -1.0, [-0.5958214721848845, -0.006459009326288792]
[-0.5958214721848845, -0.006459009326288792], 0, -1.0, [-0.6027430394735691, -0.0069215672886846205]
[-0.6027430394735691, -0.0069215672886846205], 0, -1.0, [-0.6100765862150366, -0.0073335467414674975]
[-0.6100765862150366, -0.0073335467414674975], 0, -1.0, [-0.6177688004943086, -0.007692214279271987]
[-0.6177688004943086, -0.007692214279271987], 0, -1.0, [-0.625764097032643, -0.007995296538334433]
[-0.625764097032643, -0.007995296538334433], 0, -1.0, [-0.6340050941718418, -0.008240997139198751]
[-0.6340050941718418, -0.008240997139198751], 0, -1.0, [-0.6424331013833011, -0.008428007211459348]
[-0.6424331013833011, -0.008428007211459348], 0, -1.0, [-0.6509886105108806, -0.008555509127579521]
[-0.6509886105108806, -0.008555509127579521], 0, -1.0, [-0.6596117837953491, -0.008623173284468535]
[-0.6596117837953491, -0.008623173284468535], 0, -1.0, [-0.6682429318014532, -0.008631148006104115]
[-0.6682429318014532, -0.008631148006104115], 0, -1.0, [-0.6768229746845855, -0.008580042883132341]
[-0.6768229746845855, -0.008580042883132341], 0, -1.0, [-0.6852938807848856, -0.008470906100300091]
[-0.6852938807848856, -0.008470906100300091], 0, -1.0, [-0.6935990772994598, -0.008305196514574181]
[-0.6935990772994598, -0.008305196514574181], 0, -1.0, [-0.701683828722017, -0.00808475142255718]
[-0.701683828722017, -0.00808475142255718], 0, -1.0, [-0.7094955798069881, -0.007811751084971151]
[-0.7094955798069881, -0.007811751084971151], 2, -1.0, [-0.7149842609588862, -0.005488681151898123]
[-0.7149842609588862, -0.005488681151898123], 2, -1.0, [-0.7181151253564908, -0.003130864397604621]
[-0.7181151253564908, -0.003130864397604621], 2, -1.0, [-0.7188685169382507, -0.0007533915817599266]
[-0.7188685169382507, -0.0007533915817599266], 2, -1.0, [-0.7172397238667605, 0.0016287930714902138]
[-0.7172397238667605, 0.0016287930714902138], 2, -1.0, [-0.7132389417239366, 0.004000782142823834]
[-0.7132389417239366, 0.004000782142823834], 2, -1.0, [-0.706891352328567, 0.0063475893953696474]
[-0.706891352328567, 0.0063475893953696474], 2, -1.0, [-0.6982373054656643, 0.008654046862902671]
[-0.6982373054656643, 0.008654046862902671], 2, -1.0, [-0.6873325727430661, 0.01090473272259816]
[-0.6873325727430661, 0.01090473272259816], 2, -1.0, [-0.6742486260819234, 0.013083946661142737]
[-0.6742486260819234, 0.013083946661142737], 2, -1.0, [-0.6590728789848894, 0.015175747097033959]
[-0.6590728789848894, 0.015175747097033959], 2, -1.0, [-0.6419088178626952, 0.017164061122194305]
[-0.6419088178626952, 0.017164061122194305], 2, -1.0, [-0.6228759446204502, 0.019032873242245042]
[-0.6228759446204502, 0.019032873242245042], 2, -1.0, [-0.6021094516956103, 0.02076649292483991]
[-0.6021094516956103, 0.02076649292483991], 2, -1.0, [-0.5797595578765745, 0.02234989381903573]
[-0.5797595578765745, 0.02234989381903573], 2, -1.0, [-0.5559904481101293, 0.023769109766445164]
[-0.5559904481101293, 0.023769109766445164], 1, -1.0, [-0.5319787829619211, 0.024011665148208128]
[-0.5319787829619211, 0.024011665148208128], 1, -1.0, [-0.5079042743786994, 0.024074508583221743]
[-0.5079042743786994, 0.024074508583221743], 0, -1.0, [-0.48494743106887733, 0.022956843309822093]
[-0.48494743106887733, 0.022956843309822093], 0, -1.0, [-0.4632798236791064, 0.021667607389770926]
[-0.4632798236791064, 0.021667607389770926], 0, -1.0, [-0.44306214350890266, 0.020217680170203773]
[-0.44306214350890266, 0.020217680170203773], 0, -1.0, [-0.4244426285164434, 0.018619514992459292]
[-0.4244426285164434, 0.018619514992459292], 0, -1.0, [-0.4075558654535571, 0.016886763062886286]
[-0.4075558654535571, 0.016886763062886286], 0, -1.0, [-0.39252195086206837, 0.015033914591488744]
[-0.39252195086206837, 0.015033914591488744], 0, -1.0, [-0.3794459720730171, 0.013075978789051285]
[-0.3794459720730171, 0.013075978789051285], 0, -1.0, [-0.36841775366259777, 0.011028218410419365]
[-0.36841775366259777, 0.011028218410419365], 0, -1.0, [-0.35951180560024637, 0.008905948062351421]
[-0.35951180560024637, 0.008905948062351421], 0, -1.0, [-0.3527874064348896, 0.006724399165356755]
[-0.3527874064348896, 0.006724399165356755], 0, -1.0, [-0.34828875765086625, 0.004498648784023367]
[-0.34828875765086625, 0.004498648784023367], 0, -1.0, [-0.34604515283094256, 0.002243604819923704]
[-0.34604515283094256, 0.002243604819923704], 0, -1.0, [-0.3460711164231134, -2.5963592170854394e-05]
[-0.3460711164231134, -2.5963592170854394e-05], 0, -1.0, [-0.3483664806742789, -0.0022953642511655105]
[-0.3483664806742789, -0.0022953642511655105], 0, -1.0, [-0.3529163847104348, -0.004549904036155924]
[-0.3529163847104348, -0.004549904036155924], 0, -1.0, [-0.3596911959500376, -0.006774811239602837]
[-0.3596911959500376, -0.006774811239602837], 0, -1.0, [-0.36864637023521185, -0.008955174285174252]
[-0.36864637023521185, -0.008955174285174252], 0, -1.0, [-0.37972228245422707, -0.01107591221901519]
[-0.37972228245422707, -0.01107591221901519], 0, -1.0, [-0.3928440731465653, -0.013121790692338223]
[-0.3928440731465653, -0.013121790692338223], 0, -1.0, [-0.40792156766960913, -0.015077494523043845]
[-0.40792156766960913, -0.015077494523043845], 0, -1.0, [-0.4248493319157885, -0.016927764246179387]
[-0.4248493319157885, -0.016927764246179387], 0, -1.0, [-0.4435069312347171, -0.01865759931892861]
[-0.4435069312347171, -0.01865759931892861], 0, -1.0, [-0.4637594561865335, -0.020252524951816373]
[-0.4637594561865335, -0.020252524951816373], 0, -1.0, [-0.4854583693855856, -0.021698913199052094]
[-0.4854583693855856, -0.021698913199052094], 0, -1.0, [-0.5084427118616883, -0.022984342476102745]
[-0.5084427118616883, -0.022984342476102745], 0, -1.0, [-0.532540685653632, -0.02409797379194372]
[-0.532540685653632, -0.02409797379194372], 0, -1.0, [-0.5575716031633408, -0.02503091750970871]
[-0.5575716031633408, -0.02503091750970871], 0, -1.0, [-0.5833481653479836, -0.025776562184642852]
[-0.5833481653479836, -0.025776562184642852], 0, -1.0, [-0.609679002935239, -0.02633083758725545]
[-0.609679002935239, -0.02633083758725545], 0, -1.0, [-0.6363713906033984, -0.026692387668159453]
[-0.6363713906033984, -0.026692387668159453], 0, -1.0, [-0.6632340263675485, -0.02686263576415007]
[-0.6632340263675485, -0.02686263576415007], 0, -1.0, [-0.6900797594725198, -0.026845733104971244]
[-0.6900797594725198, -0.026845733104971244], 0, -1.0, [-0.7167281510567314, -0.02664839158421164]
[-0.7167281510567314, -0.02664839158421164], 0, -1.0, [-0.7430077625789352, -0.026279611522203834]
[-0.7430077625789352, -0.026279611522203834], 0, -1.0, [-0.7687580860963696, -0.0257503235174344]
[-0.7687580860963696, -0.0257503235174344], 0, -1.0, [-0.7938310555555101, -0.025072969459140466]
[-0.7938310555555101, -0.025072969459140466], 0, -1.0, [-0.8180921063434532, -0.024261050787942995]
[-0.8180921063434532, -0.024261050787942995], 2, -1.0, [-0.8394207784101319, -0.021328672066678656]
[-0.8394207784101319, -0.021328672066678656], 2, -1.0, [-0.8577196031897861, -0.018298824779654277]
[-0.8577196031897861, -0.018298824779654277], 2, -1.0, [-0.8729115652438135, -0.015191962054027387]
[-0.8729115652438135, -0.015191962054027387], 2, -1.0, [-0.8849375383603948, -0.012025973116581285]
[-0.8849375383603948, -0.012025973116581285], 2, -1.0, [-0.8937539022790971, -0.0088163639187023]
[-0.8937539022790971, -0.0088163639187023], 2, -1.0, [-0.8993305023846156, -0.005576600105518512]
[-0.8993305023846156, -0.005576600105518512], 2, -1.0, [-0.9016490726660602, -0.0023185702814445494]
[-0.9016490726660602, -0.0023185702814445494], 2, -1.0, [-0.9007022044192972, 0.0009468682467629946]
[-0.9007022044192972, 0.0009468682467629946], 2, -1.0, [-0.8964929100239859, 0.004209294395311228]
[-0.8964929100239859, 0.004209294395311228], 2, -1.0, [-0.8890348016105133, 0.007458108413472647]
[-0.8890348016105133, 0.007458108413472647], 2, -1.0, [-0.878352876575333, 0.010681925035180295]
[-0.878352876575333, 0.010681925035180295], 2, -1.0, [-0.864484873358114, 0.01386800321721899]
[-0.864484873358114, 0.01386800321721899], 2, -1.0, [-0.8474831294664377, 0.017001743891676344]
[-0.8474831294664377, 0.017001743891676344], 2, -1.0, [-0.8274168379227201, 0.02006629154371758]
[-0.8274168379227201, 0.02006629154371758], 2, -1.0, [-0.804374557864794, 0.023042280057926214]
[-0.804374557864794, 0.023042280057926214], 2, -1.0, [-0.778466791508505, 0.02590776635628902]
[-0.778466791508505, 0.02590776635628902], 2, -1.0, [-0.749828396873961, 0.02863839463454401]
[-0.749828396873961, 0.02863839463454401], 2, -1.0, [-0.7186205697891175, 0.0312078270848435]
[-0.7186205697891175, 0.0312078270848435], 2, -1.0, [-0.685032107975797, 0.0335884618133204]
[-0.685032107975797, 0.0335884618133204], 2, -1.0, [-0.6492796737367864, 0.0357524342390106]
[-0.6492796737367864, 0.0357524342390106], 2, -1.0, [-0.6116068082319437, 0.03767286550484269]
[-0.6116068082319437, 0.03767286550484269], 2, -1.0, [-0.5722815244576449, 0.039325283774298725]
[-0.5722815244576449, 0.039325283774298725], 2, -1.0, [-0.5315924166925594, 0.04068910776508549]
[-0.5315924166925594, 0.04068910776508549], 2, -1.0, [-0.4898433623653774, 0.04174905432718199]
[-0.4898433623653774, 0.04174905432718199], 2, -1.0, [-0.4473470411633206, 0.042496321202056826]
[-0.4473470411633206, 0.042496321202056826], 2, -1.0, [-0.4044176332875385, 0.0429294078757821]
[-0.4044176332875385, 0.0429294078757821], 2, -1.0, [-0.36136316059603923, 0.043054472691499236]
[-0.36136316059603923, 0.043054472691499236], 2, -1.0, [-0.3184779821111103, 0.04288517848492894]
[-0.3184779821111103, 0.04288517848492894], 2, -1.0, [-0.2760359397940179, 0.042442042317092386]
[-0.2760359397940179, 0.042442042317092386], 2, -1.0, [-0.2342845746032539, 0.04175136519076403]
[-0.2342845746032539, 0.04175136519076403], 2, -1.0, [-0.19344071105271818, 0.0408438635505357]
[-0.19344071105271818, 0.0408438635505357], 2, -1.0, [-0.1536875626767749, 0.03975314837594328]
[-0.1536875626767749, 0.03975314837594328], 2, -1.0, [-0.11517336483412251, 0.038514197842652406]
[-0.11517336483412251, 0.038514197842652406], 2, -1.0, [-0.0780114155692257, 0.037161949264896806]
[-0.0780114155692257, 0.037161949264896806], 2, -1.0, [-0.04228131319596769, 0.03573010237325801]
[-0.04228131319596769, 0.03573010237325801], 2, -1.0, [-0.00803112604243815, 0.03425018715352954]
[-0.00803112604243815, 0.03425018715352954], 2, -1.0, [0.02471978668957804, 0.03275091273201619]
[0.02471978668957804, 0.03275091273201619], 2, -1.0, [0.05597757078493341, 0.031257784095355366]
[0.05597757078493341, 0.031257784095355366], 2, -1.0, [0.08577052385727593, 0.029792953072342532]
[0.08577052385727593, 0.029792953072342532], 2, -1.0, [0.11414578286060575, 0.02837525900332982]
[0.11414578286060575, 0.02837525900332982], 2, -1.0, [0.1411661942595677, 0.02702041139896195]
[0.1411661942595677, 0.02702041139896195], 2, -1.0, [0.16690746373006005, 0.025741269470492347]
[0.16690746373006005, 0.025741269470492347], 2, -1.0, [0.19145564320017172, 0.024548179470111686]
[0.19145564320017172, 0.024548179470111686], 2, -1.0, [0.21490498162043117, 0.023449338420259452]
[0.21490498162043117, 0.023449338420259452], 2, -1.0, [0.23735614226774335, 0.02245116064731217]
[0.23735614226774335, 0.02245116064731217], 2, -1.0, [0.25891477295449167, 0.021558630686748324]
[0.25891477295449167, 0.021558630686748324], 2, -1.0, [0.2796904050915903, 0.020775632137098647]
[0.2796904050915903, 0.020775632137098647], 2, -1.0, [0.29979565185117135, 0.02010524675958103]
[0.29979565185117135, 0.02010524675958103], 2, -1.0, [0.3193456734466411, 0.01955002159546977]
[0.3193456734466411, 0.01955002159546977], 2, -1.0, [0.33845787770096786, 0.019112204254326755]
[0.33845787770096786, 0.019112204254326755], 2, -1.0, [0.35725182570361197, 0.018793948002644105]
[0.35725182570361197, 0.018793948002644105], 2, -1.0, [0.3758493147447226, 0.01859748904111064]
[0.3758493147447226, 0.01859748904111064], 2, -1.0, [0.39437461330540935, 0.018525298560686736]
[0.39437461330540935, 0.018525298560686736], 2, -1.0, [0.4129548252428616, 0.01858021193745223]
[0.4129548252428616, 0.01858021193745223], 2, -1.0, [0.4317203620915732, 0.01876553684871165]
[0.4317203620915732, 0.01876553684871165], 2, -1.0, [0.4508055033062613, 0.01908514121468807]
[0.4508055033062613, 0.01908514121468807], 2, -1.0, [0.47034902400902695, 0.019543520702765643]
[0.47034902400902695, 0.019543520702765643], 2, -1.0, [0.4904948680641075, 0.020145844055080565]
[0.4904948680641075, 0.020145844055080565], 2, -1.0, [0.5113928407337461, 0.020897972669638658]
