[-0.4096743169805382, 0.0], 0, -1.0, [-0.41151221304363483, -0.0018378960630966174]
[-0.41151221304363483, -0.0018378960630966174], 0, -1.0, [-0.4151750055335527, -0.0036627924899178725]
[-0.4151750055335527, -0.0036627924899178725], 0, -1.0, [-0.4206367127269817, -0.0054617071934290355]
[-0.4206367127269817, -0.0054617071934290355], 0, -1.0, [-0.4278584142390736, -0.0072217015120918954]
[-0.4278584142390736, -0.0072217015120918954], 0, -1.0, [-0.43678833636430237, -0.008929922125228727]
[-0.43678833636430237, -0.008929922125228727], 0, -1.0, [-0.4473620018622082, -0.010573665497905829]
[-0.4473620018622082, -0.010573665497905829], 0, -1.0, [-0.4595024714035871, -0.01214046954137886]
[-0.4595024714035871, -0.01214046954137886], 0, -1.0, [-0.4731207062453114, -0.013618234841724326]
[-0.4731207062453114, -0.013618234841724326], 0, -1.0, [-0.4881160812913915, -0.014995375046080124]
[-0.4881160812913915, -0.014995375046080124], 0, -1.0, [-0.5043770742528044, -0.0162609929614129]
[-0.5043770742528044, -0.0162609929614129], 0, -1.0, [-0.5217821500910466, -0.017405075838242162]
[-0.5217821500910466, -0.017405075838242162], 0, -1.0, [-0.5402008505531484, -0.01841870046210181]
[-0.5402008505531484, -0.01841870046210181], 0, -1.0, [-0.5594950869268338, -0.019294236373685388]
[-0.5594950869268338, -0.019294236373685388], 0, -1.0, [-0.5795206210216194, -0.020025534094785538]
[-0.5795206210216194, -0.020025534094785538], 0, -1.0, [-0.6001287059285649, -0.020608084906945504]
[-0.6001287059285649, -0.020608084906945504], 0, -1.0, [-0.621167845591415, -0.02103913966285013]
[-0.621167845591415, -0.02103913966285013], 0, -1.0, [-0.6424856219006421, -0.02131777630922704]
[-0.6424856219006421, -0.02131777630922704], 0, -1.0, [-0.6639305310004314, -0.02144490909978936]
[-0.6639305310004314, -0.02144490909978936], 0, -1.0, [-0.685353767556419, -0.0214232365559875]
[-0.685353767556419, -0.0214232365559875], 0, -1.0, [-0.7066108972109131, -0.021257129654494167]
[-0.7066108972109131, -0.021257129654494167], 0, -1.0, [-0.7275633632059822, -0.020952465995069208]
[-0.7275633632059822, -0.020952465995069208], 0, -1.0, [-0.7480797825738786, -0.020516419367896433]
[-0.7480797825738786, -0.020516419367896433], 0, -1.0, [-0.7680369994032733, -0.019957216829394633]
[-0.7680369994032733, -0.019957216829394633], 0, -1.0, [-0.7873208762943911, -0.019283876891117758]
[-0.7873208762943911, -0.019283876891117758], 2, -1.0, [-0.8038268189721082, -0.016505942677717118]
[-0.8038268189721082, -0.016505942677717118], 2, -1.0, [-0.8174700127070749, -0.013643193734966667]
[-0.8174700127070749, -0.013643193734966667], 2, -1.0, [-0.8281837913096812, -0.010713778602606305]
[-0.8281837913096812, -0.010713778602606305], 2, -1.0, [-0.8359180628814196, -0.007734271571738354]
[-0.8359180628814196, -0.007734271571738354], 2, -1.0, [-0.8406379340788872, -0.004719871197467621]
[-0.8406379340788872, -0.004719871197467621], 2, -1.0, [-0.8423226427429932, -0.001684708664106002]
[-0.8423226427429932, -0.001684708664106002], 2, -1.0, [-0.8409648766388904, 0.0013577661041027094]
[-0.8409648766388904, 0.0013577661041027094], 2, -1.0, [-0.836570524883155, 0.004394351755735422]
[-0.836570524883155, 0.004394351755735422], 2, -1.0, [-0.8291588784984608, 0.007411646384694123]
[-0.8291588784984608, 0.007411646384694123], 2, -1.0, [-0.8187632668539494, 0.010395611644511443]
[-0.8187632668539494, 0.010395611644511443], 2, -1.0, [-0.805432086697831, 0.01333118015611842]
[-0.805432086697831, 0.01333118015611842], 2, -1.0, [-0.7892301494415646, 0.016201937256266345]
[-0.7892301494415646, 0.016201937256266345], 2, -1.0, [-0.770240240315219, 0.018989909126345596]
[-0.770240240315219, 0.018989909126345596], 2, -1.0, [-0.7485647509959772, 0.0216754893192418]
[-0.7485647509959772, 0.0216754893192418], 2, -1.0, [-0.724327217617381, 0.024237533378596274]
[-0.724327217617381, 0.024237533378596274], 2, -1.0, [-0.6976735723609901, 0.026653645256390822]
[-0.6976735723609901, 0.026653645256390822], 2, -1.0, [-0.6687729039157299, 0.028900668445260333]
[-0.6687729039157299, 0.028900668445260333], 2, -1.0, [-0.6378175252726935, 0.03095537864303628]
[-0.6378175252726935, 0.03095537864303628], 2, -1.0, [-0.6050221713699808, 0.03279535390271266]
[-0.6050221713699808, 0.03279535390271266], 2, -1.0, [-0.5706221968629444, 0.034399974507036524]
[-0.5706221968629444, 0.034399974507036524], 2, -1.0, [-0.5348707152887828, 0.035751481574161505]
[-0.5348707152887828, 0.035751481574161505], 2, -1.0, [-0.49803471027798585, 0.036836005010796986]
[-0.49803471027798585, 0.036836005010796986], 2, -1.0, [-0.46039024786237914, 0.03764446241560672]
[-0.46039024786237914, 0.03764446241560672], 2, -1.0, [-0.4222170134539513, 0.03817323440842786]
[-0.4222170134539513, 0.03817323440842786], 2, -1.0, [-0.38379247354474844, 0.03842453990920288]
[-0.38379247354474844, 0.03842453990920288], 2, -1.0, [-0.34538600812026354, 0.0384064654244849]
[-0.34538600812026354, 0.0384064654244849], 2, -1.0, [-0.30725336731831926, 0.038132640801944284]
[-0.30725336731831926, 0.038132640801944284], 2, -1.0, [-0.26963177371386743, 0.03762159360445185]
[-0.26963177371386743, 0.03762159360445185], 2, -1.0, [-0.23273592540145363, 0.03689584831241379]
[-0.23273592540145363, 0.03689584831241379], 2, -1.0, [-0.19675506594047362, 0.03598085946098001]
[-0.19675506594047362, 0.03598085946098001], 2, -1.0, [-0.1618511892398704, 0.03490387670060323]
[-0.1618511892398704, 0.03490387670060323], 2, -1.0, [-0.1281583543784538, 0.03369283486141662]
[-0.1281583543784538, 0.03369283486141662], 2, -1.0, [-0.0957830081415526, 0.03237534623690119]
[-0.0957830081415526, 0.03237534623690119], 2, -1.0, [-0.06480515830435056, 0.030977849837202046]
[-0.06480515830435056, 0.030977849837202046], 2, -1.0, [-0.03528021037551541, 0.02952494792883515]
[-0.03528021037551541, 0.02952494792883515], 2, -1.0, [-0.007241272714695487, 0.028038937660819923]
[-0.007241272714695487, 0.028038937660819923], 2, -1.0, [0.019298254828269027, 0.026539527542964514]
[0.019298254828269027, 0.026539527542964514], 2, -1.0, [0.044341970955788096, 0.02504371612751907]
[0.044341970955788096, 0.02504371612751907], 2, -1.0, [0.0679077743501757, 0.023565803394387602]
[0.0679077743501757, 0.023565803394387602], 2, -1.0, [0.09002527755440827, 0.022117503204232575]
[0.09002527755440827, 0.022117503204232575], 2, -1.0, [0.11073340409204191, 0.020708126537633643]
[0.11073340409204191, 0.020708126537633643], 2, -1.0, [0.1300782129026976, 0.0193448088106557]
[0.1300782129026976, 0.0193448088106557], 2, -1.0, [0.14811097214465582, 0.01803275924195822]
[0.14811097214465582, 0.01803275924195822], 2, -1.0, [0.1648864873468101, 0.016775515202154298]
[0.1648864873468101, 0.016775515202154298], 2, -1.0, [0.18046167648616676, 0.015575189139356642]
[0.18046167648616676, 0.015575189139356642], 2, -1.0, [0.1948943762119649, 0.01443269972579815]
[0.1948943762119649, 0.01443269972579815], 2, -1.0, [0.20824235838726257, 0.013347982175297675]
[0.20824235838726257, 0.013347982175297675], 2, -1.0, [0.22056253362036451, 0.01232017523310194]
[0.22056253362036451, 0.01232017523310194], 2, -1.0, [0.23191031782718194, 0.011347784206817427]
[0.23191031782718194, 0.011347784206817427], 2, -1.0, [0.2423391385222885, 0.010428820695106556]
[0.2423391385222885, 0.010428820695106556], 2, -1.0, [0.25190005901758067, 0.00956092049529217]
[0.25190005901758067, 0.00956092049529217], 2, -1.0, [0.26064150065961084, 0.008741441642030164]
[0.26064150065961084, 0.008741441642030164], 2, -1.0, [0.2686090454023755, 0.007967544742764664]
[0.2686090454023755, 0.007967544742764664], 2, -1.0, [0.27584530321296946, 0.007236257810593928]
[0.27584530321296946, 0.007236257810593928], 2, -1.0, [0.28238983092612485, 0.006544527713155384]
[0.28238983092612485, 0.006544527713155384], 2, -1.0, [0.288279091129674, 0.005889260203549148]
[0.288279091129674, 0.005889260203549148], 2, -1.0, [0.2935464414393458, 0.005267350309671804]
[0.2935464414393458, 0.005267350309671804], 2, -1.0, [0.29822214609424047, 0.004675704654894697]
[0.29822214609424047, 0.004675704654894697], 2, -1.0, [0.3023334031754638, 0.004111257081223345]
[0.3023334031754638, 0.004111257081223345], 2, -1.0, [0.30590438193102226, 0.0035709787555584364]
[0.30590438193102226, 0.0035709787555584364], 2, -1.0, [0.3089562656969791, 0.003051883765956829]
[0.3089562656969791, 0.003051883765956829], 2, -1.0, [0.31150729675751654, 0.0025510310605374176]
[0.31150729675751654, 0.0025510310605374176], 2, -1.0, [0.313572820205216, 0.0020655234476994215]
[0.313572820205216, 0.0020655234476994215], 2, -1.0, [0.31516532446748796, 0.001592504262271992]
[0.31516532446748796, 0.001592504262271992], 2, -1.0, [0.3162944766745864, 0.0011291522070983999]
[0.3162944766745864, 0.0011291522070983999], 2, -1.0, [0.31696715147667076, 0.0006726748020843721]
[0.31696715147667076, 0.0006726748020843721], 2, -1.0, [0.3171874522882319, 0.00022030081156113632]
[0.3171874522882319, 0.00022030081156113632], 2, -1.0, [0.31695672426291555, -0.0002307280253163774]
[0.31695672426291555, -0.0002307280253163774], 2, -1.0, [0.31627355859437517, -0.0006831656685403649]
[0.31627355859437517, -0.0006831656685403649], 2, -1.0, [0.31513378801248304, -0.0011397705818921048]
[0.31513378801248304, -0.0011397705818921048], 2, -1.0, [0.31353047361177666, -0.0016033144007063776]
[0.31353047361177666, -0.0016033144007063776], 2, -1.0, [0.3114538834230078, -0.0020765901887688995]
[0.3114538834230078, -0.0020765901887688995], 1, -1.0, [0.30789146343184737, -0.003562419991160387]
[0.30789146343184737, -0.003562419991160387], 2, -1.0, [0.30382181163388255, -0.004069651797964831]
[0.30382181163388255, -0.004069651797964831], 2, -1.0, [0.2992206895245213, -0.004601122109361266]
[0.2992206895245213, -0.004601122109361266], 0, -1.0, [0.2920609683342449, -0.007159721190276412]
[0.2920609683342449, -0.007159721190276412], 0, -1.0, [0.28230102594680717, -0.009759942387437694]
[0.28230102594680717, -0.009759942387437694], 1, -1.0, [0.27088531697392426, -0.011415708972882882]
[0.27088531697392426, -0.011415708972882882], 1, -1.0, [0.2577506771706927, -0.01313463980323155]
[0.2577506771706927, -0.01313463980323155], 1, -1.0, [0.24282692980829926, -0.01492374736239346]
[0.24282692980829926, -0.01492374736239346], 1, -1.0, [0.22603771580234208, -0.016789214005957183]
[0.22603771580234208, -0.016789214005957183], 1, -1.0, [0.20730160736230235, -0.018736108440039728]
[0.20730160736230235, -0.018736108440039728], 2, -1.0, [0.18753357339174162, -0.019768033970560744]
[0.18753357339174162, -0.019768033970560744], 0, -1.0, [0.1646508624696767, -0.022882710922064918]
[0.1646508624696767, -0.022882710922064918], 0, -1.0, [0.1385669870946545, -0.026083875375022186]
[0.1385669870946545, -0.026083875375022186], 0, -1.0, [0.10919602803171533, -0.029370959062939184]
[0.10919602803171533, -0.029370959062939184], 0, -1.0, [0.07645801607982164, -0.03273801195189368]
[0.07645801607982164, -0.03273801195189368], 0, -1.0, [0.04028548185997937, -0.03617253421984227]
[0.04028548185997937, -0.03617253421984227], 0, -1.0, [0.0006311832782282534, -0.03965429858175112]
[0.0006311832782282534, -0.03965429858175112], 0, -1.0, [-0.042523110821610484, -0.04315429409983874]
[-0.042523110821610484, -0.04315429409983874], 0, -1.0, [-0.08915709007585501, -0.04663397925424453]
[-0.08915709007585501, -0.04663397925424453], 0, -1.0, [-0.13920217509502403, -0.05004508501916903]
[-0.13920217509502403, -0.05004508501916903], 0, -1.0, [-0.19253241583494274, -0.05333024073991872]
[-0.19253241583494274, -0.05333024073991872], 0, -1.0, [-0.24895709907483554, -0.05642468323989279]
[-0.24895709907483554, -0.05642468323989279], 0, -1.0, [-0.3082163271379951, -0.059259228063159565]
[-0.3082163271379951, -0.059259228063159565], 0, -1.0, [-0.36998084241623014, -0.06176451527823501]
[-0.36998084241623014, -0.06176451527823501], 0, -1.0, [-0.4338571401801529, -0.06387629776392277]
[-0.4338571401801529, -0.06387629776392277], 0, -1.0, [-0.4993983988036945, -0.06554125862354163]
[-0.4993983988036945, -0.06554125862354163], 0, -1.0, [-0.5661210008472747, -0.06672260204358019]
[-0.5661210008472747, -0.06672260204358019], 2, -1.0, [-0.6315255504668291, -0.06540454961955439]
[-0.6315255504668291, -0.06540454961955439], 0, -1.0, [-0.6971347182804661, -0.06560916781363706]
[-0.6971347182804661, -0.06560916781363706], 1, -1.0, [-0.7615003672669518, -0.06436564898648568]
[-0.7615003672669518, -0.06436564898648568], 1, -1.0, [-0.8242294191249441, -0.06272905185799223]
[-0.8242294191249441, -0.06272905185799223], 1, -1.0, [-0.8849972171081528, -0.06076779798320875]
[-0.8849972171081528, -0.06076779798320875], 1, -1.0, [-0.9435551965538992, -0.05855797944574632]
[-0.9435551965538992, -0.05855797944574632], 0, -1.0, [-1.0007330501200753, -0.0571778535661761]
[-1.0007330501200753, -0.0571778535661761], 0, -1.0, [-1.0564351525699112, -0.0557021024498358]
[-1.0564351525699112, -0.0557021024498358], 0, -1.0, [-1.1106382149576988, -0.05420306238778769]
[-1.1106382149576988, -0.05420306238778769], 0, -1.0, [-1.1633864189122514, -0.05274820395455254]
[-1.1633864189122514, -0.05274820395455254], 1, -1.0, [-1.2, 0.0]
[-1.2, 0.0], 2, -1.0, [-1.1967581039591646, 0.003241896040835368]
[-1.1967581039591646, 0.003241896040835368], 2, -1.0, [-1.1902636585360942, 0.006494445423070332]
[-1.1902636585360942, 0.006494445423070332], 2, -1.0, [-1.1804959639787937, 0.009767694557300442]
[-1.1804959639787937, 0.009767694557300442], 2, -1.0, [-1.1674255149588486, 0.013070449019945182]
[-1.1674255149588486, 0.013070449019945182], 2, -1.0, [-1.1510159267200155, 0.016409588238833067]
[-1.1510159267200155, 0.016409588238833067], 2, -1.0, [-1.1312266168239755, 0.019789309896040046]
[-1.1312266168239755, 0.019789309896040046], 2, -1.0, [-1.108016322100852, 0.02321029472312345]
[-1.108016322100852, 0.02321029472312345], 2, -1.0, [-1.081347524946184, 0.02666879715466819]
[-1.081347524946184, 0.02666879715466819], 2, -1.0, [-1.0511918363028878, 0.03015568864329602]
[-1.0511918363028878, 0.03015568864329602], 2, -1.0, [-1.0175363271434712, 0.0336555091594167]
[-1.0175363271434712, 0.0336555091594167], 2, -1.0, [-0.9803907090723114, 0.03714561807115983]
[-0.9803907090723114, 0.03714561807115983], 2, -1.0, [-0.9397951336374217, 0.04059557543488971]
[-0.9397951336374217, 0.04059557543488971], 2, -1.0, [-0.8958282112564235, 0.043966922380998245]
[-0.8958282112564235, 0.043966922380998245], 2, -1.0, [-0.8486146572192776, 0.04721355403714586]
[-0.8486146572192776, 0.04721355403714586], 2, -1.0, [-0.7983317816221248, 0.05028287559715283]
[-0.7983317816221248, 0.05028287559715283], 2, -1.0, [-0.7452138959379592, 0.0531178856841656]
[-0.7452138959379592, 0.0531178856841656], 2, -1.0, [-0.6895536666604415, 0.0556602292775177]
[-0.6895536666604415, 0.0556602292775177], 2, -1.0, [-0.6316995610792892, 0.057854105581152386]
[-0.6316995610792892, 0.057854105581152386], 2, -1.0, [-0.5720488365336812, 0.05965072454560789]
[-0.5720488365336812, 0.05965072454560789], 2, -1.0, [-0.5110360146660762, 0.061012821867605024]
[-0.5110360146660762, 0.061012821867605024], 2, -1.0, [-0.44911739120176025, 0.061918623464315904]
[-0.44911739120176025, 0.061918623464315904], 2, -1.0, [-0.38675274139346727, 0.06236464980829299]
[-0.38675274139346727, 0.06236464980829299], 2, -1.0, [-0.3243858485235833, 0.06236689286988392]
[-0.3243858485235833, 0.06236689286988392], 2, -1.0, [-0.2624256859117381, 0.061960162611845254]
[-0.2624256859117381, 0.061960162611845254], 2, -1.0, [-0.20122996568717166, 0.061195720224566416]
[-0.20122996568717166, 0.061195720224566416], 2, -1.0, [-0.14109236178367496, 0.06013760390349669]
[-0.14109236178367496, 0.06013760390349669], 2, -1.0, [-0.08223412731502394, 0.05885823446865101]
[-0.08223412731502394, 0.05885823446865101], 2, -1.0, [-0.024800200336085113, 0.05743392697893883]
[-0.024800200336085113, 0.05743392697893883], 2, -1.0, [0.03114064276343887, 0.05594084309952398]
[0.03114064276343887, 0.05594084309952398], 2, -1.0, [0.08559238750154527, 0.0544517447381064]
[0.08559238750154527, 0.0544517447381064], 2, -1.0, [0.13862609852276647, 0.05303371102122119]
[0.13862609852276647, 0.05303371102122119], 1, -1.0, [0.18937290492486428, 0.0507468064020978]
[0.18937290492486428, 0.0507468064020978], 1, -1.0, [0.2380124246106571, 0.048639519685792824]
[0.2380124246106571, 0.048639519685792824], 1, -1.0, [0.28476263411837144, 0.04675020950771431]
[0.28476263411837144, 0.04675020950771431], 0, -1.0, [0.3288709544473682, 0.04410832032899673]
[0.3288709544473682, 0.04410832032899673], 1, -1.0, [0.37160047867153134, 0.04272952422416316]
[0.37160047867153134, 0.04272952422416316], 1, -1.0, [0.41322911347623925, 0.04162863480470791]
[0.41322911347623925, 0.04162863480470791], 1, -1.0, [0.45404501833850125, 0.04081590486226201]
[0.45404501833850125, 0.04081590486226201], 1, -1.0, [0.49434304721113614, 0.040298028872634915]
[0.49434304721113614, 0.040298028872634915], 1, -1.0, [0.5344219397113659, 0.040078892500229696]
