[-0.511107921225669, 0.0], 0, -1.0, [-0.5122015807105403, -0.0010936594848713484]
[-0.5122015807105403, -0.0010936594848713484], 0, -1.0, [-0.514380702502974, -0.002179121792433668]
[-0.514380702502974, -0.002179121792433668], 0, -1.0, [-0.5176289510319905, -0.0032482485290164583]
[-0.5176289510319905, -0.0032482485290164583], 0, -1.0, [-0.5219219708517717, -0.00429301981978123]
[-0.5219219708517717, -0.00429301981978123], 0, -1.0, [-0.5272275666541124, -0.00530559580234068]
[-0.5272275666541124, -0.00530559580234068], 0, -1.0, [-0.5335059470611055, -0.006278380406993083]
[-0.5335059470611055, -0.006278380406993083], 0, -1.0, [-0.5407100346212473, -0.00720408756014183]
[-0.5407100346212473, -0.00720408756014183], 0, -1.0, [-0.5487858440948515, -0.008075809473604235]
[-0.5487858440948515, -0.008075809473604235], 0, -1.0, [-0.557672930260249, -0.008887086165397483]
[-0.557672930260249, -0.008887086165397483], 0, -1.0, [-0.5673049051026623, -0.009631974842413274]
[-0.5673049051026623, -0.009631974842413274], 0, -1.0, [-0.5776100224132062, -0.010305117310543916]
[-0.5776100224132062, -0.010305117310543916], 0, -1.0, [-0.5885118256242337, -0.010901803211027393]
[-0.5885118256242337, -0.010901803211027393], 0, -1.0, [-0.599929852279849, -0.011418026655615258]
[-0.599929852279849, -0.011418026655615258], 0, -1.0, [-0.6117803860602382, -0.011850533780389295]
[-0.6117803860602382, -0.011850533780389295], 0, -1.0, [-0.6239772449375837, -0.012196858877345472]
[-0.6239772449375837, -0.012196858877345472], 0, -1.0, [-0.6364325920332975, -0.012455347095713805]
[-0.6364325920332975, -0.012455347095713805], 0, -1.0, [-0.6490577542476061, -0.012625162214308655]
[-0.6490577542476061, -0.012625162214308655], 0, -1.0, [-0.6617640328847698, -0.01270627863716369]
[-0.6617640328847698, -0.01270627863716369], 0, -1.0, [-0.6744634903925592, -0.01269945750778929]
[-0.6744634903925592, -0.01269945750778929], 0, -1.0, [-0.6870696980060587, -0.012606207613499542]
[-0.6870696980060587, -0.012606207613499542], 0, -1.0, [-0.6994984305041757, -0.012428732498117013]
[-0.6994984305041757, -0.012428732498117013], 0, -1.0, [-0.7116682963645262, -0.012169865860350541]
[-0.7116682963645262, -0.012169865860350541], 0, -1.0, [-0.7235012942020385, -0.01183299783751224]
[-0.7235012942020385, -0.01183299783751224], 2, -1.0, [-0.7329232893279283, -0.00942199512588981]
[-0.7329232893279283, -0.00942199512588981], 2, -1.0, [-0.7398765191664989, -0.0069532298385706496]
[-0.7398765191664989, -0.0069532298385706496], 2, -1.0, [-0.7443191061353728, -0.0044425869688739334]
[-0.7443191061353728, -0.0044425869688739334], 2, -1.0, [-0.7462246366401518, -0.0019055305047790362]
[-0.7462246366401518, -0.0019055305047790362], 2, -1.0, [-0.7455818646616995, 0.0006427719784523091]
[-0.7455818646616995, 0.0006427719784523091], 2, -1.0, [-0.7423945780610398, 0.0031872866006596593]
[-0.7423945780610398, 0.0031872866006596593], 2, -1.0, [-0.7366816441172649, 0.005712933943774897]
[-0.7366816441172649, 0.005712933943774897], 2, -1.0, [-0.7284772287171464, 0.008204415400118492]
[-0.7284772287171464, 0.008204415400118492], 2, -1.0, [-0.7178311616791785, 0.010646067037967867]
[-0.7178311616791785, 0.010646067037967867], 2, -1.0, [-0.7048093996091006, 0.013021762070077832]
[-0.7048093996091006, 0.013021762070077832], 2, -1.0, [-0.6894945183337068, 0.01531488127539385]
[-0.6894945183337068, 0.01531488127539385], 2, -1.0, [-0.6719861505332743, 0.017508367800432575]
[-0.6719861505332743, 0.017508367800432575], 2, -1.0, [-0.6524012722072888, 0.019584878325985437]
[-0.6524012722072888, 0.019584878325985437], 2, -1.0, [-0.6308742358220885, 0.021527036385200427]
[-0.6308742358220885, 0.021527036385200427], 2, -1.0, [-0.6075564501863179, 0.023317785635770576]
[-0.6075564501863179, 0.023317785635770576], 2, -1.0, [-0.5826156187500193, 0.024940831436298508]
[-0.5826156187500193, 0.024940831436298508], 2, -1.0, [-0.5562344698614251, 0.026381148888594223]
[-0.5562344698614251, 0.026381148888594223], 2, -1.0, [-0.5286089441273939, 0.02762552573403117]
[-0.5286089441273939, 0.02762552573403117], 2, -1.0, [-0.49994584354422567, 0.02866310058316821]
[-0.49994584354422567, 0.02866310058316821], 2, -1.0, [-0.4704599911188394, 0.02948585242538628]
[-0.4704599911188394, 0.02948585242538628], 2, -1.0, [-0.4403709936627085, 0.030088997456130938]
[-0.4403709936627085, 0.030088997456130938], 2, -1.0, [-0.4098997390482647, 0.030471254614443784]
[-0.4098997390482647, 0.030471254614443784], 0, -1.0, [-0.38126478742500536, 0.028634951623259346]
[-0.38126478742500536, 0.028634951623259346], 0, -1.0, [-0.3546651953554526, 0.02659959206955278]
[-0.3546651953554526, 0.02659959206955278], 0, -1.0, [-0.3302790598293495, 0.024386135526103088]
[-0.3302790598293495, 0.024386135526103088], 0, -1.0, [-0.3082628987147029, 0.02201616111464658]
[-0.3082628987147029, 0.02201616111464658], 0, -1.0, [-0.28875174592653574, 0.01951115278816717]
[-0.28875174592653574, 0.01951115278816717], 0, -1.0, [-0.27185980376187596, 0.01689194216465978]
[-0.27185980376187596, 0.01689194216465978], 0, -1.0, [-0.25768147816203285, 0.014178325599843092]
[-0.25768147816203285, 0.014178325599843092], 0, -1.0, [-0.24629262258157278, 0.011388855580460083]
[-0.24629262258157278, 0.011388855580460083], 0, -1.0, [-0.23775182883574547, 0.008540793745827294]
[-0.23775182883574547, 0.008540793745827294], 0, -1.0, [-0.2321016246525764, 0.005650204183169069]
[-0.2321016246525764, 0.005650204183169069], 0, -1.0, [-0.22936946403407069, 0.002732160618505712]
[-0.22936946403407069, 0.002732160618505712], 0, -1.0, [-0.22956842519859466, -0.00019896116452397354]
[-0.22956842519859466, -0.00019896116452397354], 0, -1.0, [-0.23269756013453555, -0.0031291349359408725]
[-0.23269756013453555, -0.0031291349359408725], 0, -1.0, [-0.23874186888138055, -0.006044308746845008]
[-0.23874186888138055, -0.006044308746845008], 0, -1.0, [-0.2476719004913098, -0.008930031609929244]
[-0.2476719004913098, -0.008930031609929244], 0, -1.0, [-0.25944301148319077, -0.011771110991880973]
[-0.25944301148319077, -0.011771110991880973], 0, -1.0, [-0.27399434172674025, -0.014551330243549505]
[-0.27399434172674025, -0.014551330243549505], 0, -1.0, [-0.29124759693595975, -0.017253255209219505]
[-0.29124759693595975, -0.017253255209219505], 0, -1.0, [-0.31110575543038865, -0.019858158494428922]
[-0.31110575543038865, -0.019858158494428922], 0, -1.0, [-0.333451842702318, -0.022346087271929337]
[-0.333451842702318, -0.022346087271929337], 0, -1.0, [-0.3581479377370998, -0.024696095034781807]
[-0.3581479377370998, -0.024696095034781807], 0, -1.0, [-0.3850345862370199, -0.02688664849992009]
[-0.3850345862370199, -0.02688664849992009], 0, -1.0, [-0.413930793771931, -0.028896207534911095]
[-0.413930793771931, -0.028896207534911095], 0, -1.0, [-0.4446347527019719, -0.03070395893004093]
[-0.4446347527019719, -0.03070395893004093], 0, -1.0, [-0.4769254182109363, -0.032290665508964415]
[-0.4769254182109363, -0.032290665508964415], 0, -1.0, [-0.510564991195881, -0.033639572984944674]
[-0.510564991195881, -0.033639572984944674], 0, -1.0, [-0.5453022926562989, -0.03473730146041796]
[-0.5453022926562989, -0.03473730146041796], 0, -1.0, [-0.5808769327263307, -0.03557464007003172]
[-0.5808769327263307, -0.03557464007003172], 0, -1.0, [-0.6170240975702848, -0.03614716484395409]
[-0.6170240975702848, -0.03614716484395409], 0, -1.0, [-0.6534797102727843, -0.03645561270249951]
[-0.6534797102727843, -0.03645561270249951], 0, -1.0, [-0.6899856779325803, -0.036505967659795975]
[-0.6899856779325803, -0.036505967659795975], 0, -1.0, [-0.7262949235400379, -0.03630924560745763]
[-0.7262949235400379, -0.03630924560745763], 0, -1.0, [-0.7621759201195379, -0.03588099657950008]
[-0.7621759201195379, -0.03588099657950008], 0, -1.0, [-0.7974164928445074, -0.03524057272496953]
[-0.7974164928445074, -0.03524057272496953], 0, -1.0, [-0.831826724498603, -0.034410231654095555]
[-0.831826724498603, -0.034410231654095555], 0, -1.0, [-0.8652408800244539, -0.0334141555258509]
[-0.8652408800244539, -0.0334141555258509], 0, -1.0, [-0.8975183457091583, -0.03227746568470447]
[-0.8975183457091583, -0.03227746568470447], 0, -1.0, [-0.9285436481714413, -0.03102530246228298]
[-0.9285436481714413, -0.03102530246228298], 0, -1.0, [-0.9582256711975872, -0.029682023026145886]
[-0.9582256711975872, -0.029682023026145886], 0, -1.0, [-0.9864962217074071, -0.028270550509819914]
[-0.9864962217074071, -0.028270550509819914], 0, -1.0, [-1.0133081101190136, -0.026811888411606505]
[-1.0133081101190136, -0.026811888411606505], 2, -1.0, [-1.036632907964999, -0.02332479784598534]
[-1.036632907964999, -0.02332479784598534], 2, -1.0, [-1.0564589613373547, -0.01982605337235587]
[-1.0564589613373547, -0.01982605337235587], 2, -1.0, [-1.0727859796019616, -0.016327018264606877]
[-1.0727859796019616, -0.016327018264606877], 2, -1.0, [-1.085620360386216, -0.012834380784254338]
[-1.085620360386216, -0.012834380784254338], 2, -1.0, [-1.0949713313020921, -0.009350970915876161]
[-1.0949713313020921, -0.009350970915876161], 2, -1.0, [-1.1008479345549393, -0.005876603252847126]
[-1.1008479345549393, -0.005876603252847126], 2, -1.0, [-1.1032568495545145, -0.0024089149995752397]
[-1.1032568495545145, -0.0024089149995752397], 2, -1.0, [-1.1022010360575205, 0.001055813496993982]
[-1.1022010360575205, 0.001055813496993982], 2, -1.0, [-1.0976791809652695, 0.004521855092251111]
[-1.0976791809652695, 0.004521855092251111], 2, -1.0, [-1.0896859405622168, 0.00799324040305265]
[-1.0896859405622168, 0.00799324040305265], 2, -1.0, [-1.078212981887795, 0.011472958674421767]
[-1.078212981887795, 0.011472958674421767], 2, -1.0, [-1.0632508374234773, 0.014962144464317855]
[-1.0632508374234773, 0.014962144464317855], 2, -1.0, [-1.0447915916138246, 0.018459245809652528]
[-1.0447915916138246, 0.018459245809652528], 2, -1.0, [-1.0228324109261064, 0.021959180687718224]
[-1.0228324109261064, 0.021959180687718224], 2, -1.0, [-0.99737990594095, 0.025452504985156423]
[-0.99737990594095, 0.025452504985156423], 2, -1.0, [-0.9684552692502187, 0.028924636690731306]
[-0.9684552692502187, 0.028924636690731306], 2, -1.0, [-0.9361000626918221, 0.032355206558396604]
[-0.9361000626918221, 0.032355206558396604], 2, -1.0, [-0.9003824303402773, 0.03571763235154475]
[-0.9003824303402773, 0.03571763235154475], 2, -1.0, [-0.8614033932987223, 0.03897903704155498]
[-0.8614033932987223, 0.03897903704155498], 2, -1.0, [-0.8193027497551334, 0.04210064354358887]
[-0.8193027497551334, 0.04210064354358887], 2, -1.0, [-0.7742639794151674, 0.045038770339965915]
[-0.7742639794151674, 0.045038770339965915], 2, -1.0, [-0.7265174651541056, 0.047746514261061766]
[-0.7265174651541056, 0.047746514261061766], 2, -1.0, [-0.6763413323148069, 0.05017613283929882]
[-0.6763413323148069, 0.05017613283929882], 2, -1.0, [-0.6240593012006239, 0.052282031114182996]
[-0.6240593012006239, 0.052282031114182996], 2, -1.0, [-0.570035170599091, 0.05402413060153293]
[-0.570035170599091, 0.05402413060153293], 2, -1.0, [-0.5146638924342061, 0.05537127816488498]
[-0.5146638924342061, 0.05537127816488498], 2, -1.0, [-0.45835961786881835, 0.05630427456538771]
[-0.45835961786881835, 0.05630427456538771], 2, -1.0, [-0.4015415192045035, 0.05681809866431487]
[-0.4015415192045035, 0.05681809866431487], 2, -1.0, [-0.3446185296067087, 0.05692298959779482]
[-0.3446185296067087, 0.05692298959779482], 2, -1.0, [-0.28797431409448726, 0.056644215512221444]
[-0.28797431409448726, 0.056644215512221444], 2, -1.0, [-0.23195374728933152, 0.05602056680515574]
[-0.23195374728933152, 0.05602056680515574], 2, -1.0, [-0.17685193520982817, 0.05510181207950336]
[-0.17685193520982817, 0.05510181207950336], 2, -1.0, [-0.12290643802778271, 0.05394549718204546]
[-0.12290643802778271, 0.05394549718204546], 2, -1.0, [-0.07029291508746016, 0.052613522940322545]
[-0.07029291508746016, 0.052613522940322545], 2, -1.0, [-0.019124010532097453, 0.05116890455536271]
[-0.019124010532097453, 0.05116890455536271], 2, -1.0, [0.030549007332327863, 0.049673017864425316]
[0.030549007332327863, 0.049673017864425316], 2, -1.0, [0.07873251682105221, 0.04818350948872435]
[0.07873251682105221, 0.04818350948872435], 2, -1.0, [0.12548543930272746, 0.04675292248167525]
[0.12548543930272746, 0.04675292248167525], 2, -1.0, [0.17091342871910623, 0.04542798941637876]
[0.17091342871910623, 0.04542798941637876], 2, -1.0, [0.21516290941754146, 0.04424948069843523]
[0.21516290941754146, 0.04424948069843523], 2, -1.0, [0.2584153754938324, 0.04325246607629096]
[0.2584153754938324, 0.04325246607629096], 1, -1.0, [0.29988221958571637, 0.041466844091883934]
[0.29988221958571637, 0.041466844091883934], 1, -1.0, [0.33979434689968857, 0.03991212731397219]
[0.33979434689968857, 0.03991212731397219], 1, -1.0, [0.37839674529470785, 0.0386023983950193]
[0.37839674529470785, 0.0386023983950193], 1, -1.0, [0.4159442437656743, 0.03754749847096646]
[0.4159442437656743, 0.03754749847096646], 1, -1.0, [0.45269829642437176, 0.03675405265869747]
[0.45269829642437176, 0.03675405265869747], 1, -1.0, [0.4889245960195746, 0.03622629959520283]
[0.4889245960195746, 0.03622629959520283], 1, -1.0, [0.5248913080123814, 0.03596671199280672]
