[-0.5493523683389796, 0.0], 2, -1.0, [-0.5481594084974087, 0.0011929598415708637]
[-0.5481594084974087, 0.0011929598415708637], 2, -1.0, [-0.5457824105391327, 0.0023769979582760926]
[-0.5457824105391327, 0.0023769979582760926], 2, -1.0, [-0.5422391581063906, 0.003543252432742099]
[-0.5422391581063906, 0.003543252432742099], 2, -1.0, [-0.5375561756581123, 0.004682982448278301]
[-0.5375561756581123, 0.004682982448278301], 2, -1.0, [-0.531768543295762, 0.005787632362350353]
[-0.531768543295762, 0.005787632362350353], 0, -1.0, [-0.5269196438100313, 0.004848899485730615]
[-0.5269196438100313, 0.004848899485730615], 0, -1.0, [-0.5230458382247204, 0.0038738055853109483]
[-0.5230458382247204, 0.0038738055853109483], 0, -1.0, [-0.5201761796678094, 0.002869658556910977]
[-0.5201761796678094, 0.002869658556910977], 0, -1.0, [-0.518332190129335, 0.0018439895384744494]
[-0.518332190129335, 0.0018439895384744494], 0, -1.0, [-0.517527698338511, 0.0008044917908240292]
[-0.517527698338511, 0.0008044917908240292], 0, -1.0, [-0.5177687371097912, -0.00024103877128019754]
[-0.5177687371097912, -0.00024103877128019754], 0, -1.0, [-0.5190534989404781, -0.001284761830686972]
[-0.5190534989404781, -0.001284761830686972], 0, -1.0, [-0.5213723492896962, -0.002318850349218049]
[-0.5213723492896962, -0.002318850349218049], 0, -1.0, [-0.5247078977120703, -0.003335548422374048]
[-0.5247078977120703, -0.003335548422374048], 0, -1.0, [-0.5290351277339403, -0.004327230021870126]
[-0.5290351277339403, -0.004327230021870126], 0, -1.0, [-0.5343215869222565, -0.00528645918831611]
[-0.5343215869222565, -0.00528645918831611], 0, -1.0, [-0.5405276388949909, -0.006206051972734411]
[-0.5405276388949909, -0.006206051972734411], 0, -1.0, [-0.5476067789662614, -0.007079140071270518]
[-0.5476067789662614, -0.007079140071270518], 0, -1.0, [-0.5555060146475366, -0.007899235681275107]
[-0.5555060146475366, -0.007899235681275107], 0, -1.0, [-0.564166311312023, -0.008660296664486391]
[-0.564166311312023, -0.008660296664486391], 0, -1.0, [-0.5735231019864335, -0.009356790674410477]
[-0.5735231019864335, -0.009356790674410477], 0, -1.0, [-0.5835068585183733, -0.009983756531939739]
[-0.5835068585183733, -0.009983756531939739], 0, -1.0, [-0.5940437193740514, -0.010536860855678145]
[-0.5940437193740514, -0.010536860855678145], 0, -1.0, [-0.6050561671796092, -0.011012447805557754]
[-0.6050561671796092, -0.011012447805557754], 0, -1.0, [-0.6164637469843905, -0.011407579804781352]
[-0.6164637469843905, -0.011407579804781352], 0, -1.0, [-0.6281838142621239, -0.011720067277733366]
[-0.6281838142621239, -0.011720067277733366], 0, -1.0, [-0.6401323000392098, -0.011948485777085916]
[-0.6401323000392098, -0.011948485777085916], 0, -1.0, [-0.6522244793923189, -0.012092179353108976]
[-0.6522244793923189, -0.012092179353108976], 0, -1.0, [-0.6643757290013427, -0.012151249609023845]
[-0.6643757290013427, -0.012151249609023845], 0, -1.0, [-0.6765022595449952, -0.012126530543652508]
[-0.6765022595449952, -0.012126530543652508], 0, -1.0, [-0.6885218095003773, -0.01201954995538212]
[-0.6885218095003773, -0.01201954995538212], 0, -1.0, [-0.7003542883174191, -0.011832478817041709]
[-0.7003542883174191, -0.011832478817041709], 0, -1.0, [-0.7119223588988316, -0.011568070581412564]
[-0.7119223588988316, -0.011568070581412564], 2, -1.0, [-0.721151951701538, -0.00922959280270638]
[-0.721151951701538, -0.00922959280270638], 0, -1.0, [-0.7299851220968131, -0.008833170395275048]
[-0.7299851220968131, -0.008833170395275048], 2, -1.0, [-0.7363674162032825, -0.0063822941064694385]
[-0.7363674162032825, -0.0063822941064694385], 2, -1.0, [-0.7402601208793996, -0.003892704676117135]
[-0.7402601208793996, -0.003892704676117135], 2, -1.0, [-0.7416398913133857, -0.001379770433986089]
[-0.7416398913133857, -0.001379770433986089], 2, -1.0, [-0.7404985022933399, 0.0011413890200458188]
[-0.7404985022933399, 0.0011413890200458188], 2, -1.0, [-0.736842756114031, 0.0036557461793088153]
[-0.736842756114031, 0.0036557461793088153], 2, -1.0, [-0.7306945589063191, 0.006148197207711989]
[-0.7306945589063191, 0.006148197207711989], 2, -1.0, [-0.7220911556357288, 0.008603403270590317]
[-0.7220911556357288, 0.008603403270590317], 2, -1.0, [-0.7110854927812684, 0.011005662854460358]
[-0.7110854927812684, 0.011005662854460358], 2, -1.0, [-0.6977466575159791, 0.013338835265289305]
[-0.6977466575159791, 0.013338835265289305], 2, -1.0, [-0.6821603240135633, 0.015586333502415815]
[-0.6821603240135633, 0.015586333502415815], 2, -1.0, [-0.6644291225361996, 0.017731201477363723]
[-0.6644291225361996, 0.017731201477363723], 2, -1.0, [-0.644672836740361, 0.019756285795838584]
[-0.644672836740361, 0.019756285795838584], 2, -1.0, [-0.6230283308681358, 0.021644505872225182]
[-0.6230283308681358, 0.021644505872225182], 2, -1.0, [-0.5996491128091046, 0.02337921805903117]
[-0.5996491128091046, 0.02337921805903117], 2, -1.0, [-0.5747044526575164, 0.02494466015158826]
[-0.5747044526575164, 0.02494466015158826], 2, -1.0, [-0.5483779997838234, 0.02632645287369291]
[-0.5483779997838234, 0.02632645287369291], 2, -1.0, [-0.5208658738467167, 0.02751212593710672]
[-0.5208658738467167, 0.02751212593710672], 2, -1.0, [-0.4923742444431197, 0.02849162940359694]
[-0.4923742444431197, 0.02849162940359694], 2, -1.0, [-0.4631164566894051, 0.02925778775371464]
[-0.4631164566894051, 0.02925778775371464], 2, -1.0, [-0.4333098013475973, 0.029806655341807816]
[-0.4333098013475973, 0.029806655341807816], 2, -1.0, [-0.4031720631339654, 0.030137738213631873]
[-0.4031720631339654, 0.030137738213631873], 0, -1.0, [-0.37491800497239075, 0.02825405816157468]
[-0.37491800497239075, 0.02825405816157468], 0, -1.0, [-0.3487424429311169, 0.026175562041273834]
[-0.3487424429311169, 0.026175562041273834], 0, -1.0, [-0.32481898089430267, 0.02392346203681421]
[-0.32481898089430267, 0.02392346203681421], 0, -1.0, [-0.303299562508355, 0.0215194183859477]
[-0.303299562508355, 0.0215194183859477], 0, -1.0, [-0.284314708454699, 0.01898485405365594]
[-0.284314708454699, 0.01898485405365594], 0, -1.0, [-0.26797427546369473, 0.0163404329910043]
[-0.26797427546369473, 0.0163404329910043], 0, -1.0, [-0.2543685607039588, 0.013605714759735932]
[-0.2543685607039588, 0.013605714759735932], 0, -1.0, [-0.2435695783131184, 0.01079898239084041]
[-0.2435695783131184, 0.01079898239084041], 0, -1.0, [-0.23563234987583206, 0.007937228437286337]
[-0.23563234987583206, 0.007937228437286337], 0, -1.0, [-0.23059607351285102, 0.005036276362981041]
[-0.23059607351285102, 0.005036276362981041], 0, -1.0, [-0.22848506343392494, 0.0021110100789260887]
[-0.22848506343392494, 0.0021110100789260887], 0, -1.0, [-0.22930938080563318, -0.0008243173717082308]
[-0.22930938080563318, -0.0008243173717082308], 0, -1.0, [-0.23306510611013925, -0.0037557253045060815]
[-0.23306510611013925, -0.0037557253045060815], 0, -1.0, [-0.2397342322390709, -0.006669126128931647]
[-0.2397342322390709, -0.006669126128931647], 0, -1.0, [-0.2492841864172279, -0.009549954178157018]
[-0.2492841864172279, -0.009549954178157018], 0, -1.0, [-0.26166701799415015, -0.012382831576922226]
[-0.26166701799415015, -0.012382831576922226], 0, -1.0, [-0.27681831838153603, -0.0151513003873859]
[-0.27681831838153603, -0.0151513003873859], 0, -1.0, [-0.29465596868033417, -0.01783765029879813]
[-0.29465596868033417, -0.01783765029879813], 0, -1.0, [-0.3150788387717172, -0.020422870091383036]
[-0.3150788387717172, -0.020422870091383036], 0, -1.0, [-0.3379655867803217, -0.022886748008604466]
[-0.3379655867803217, -0.022886748008604466], 0, -1.0, [-0.36317372676617504, -0.02520813998585334]
[-0.36317372676617504, -0.02520813998585334], 0, -1.0, [-0.3905391413727208, -0.027365414606545735]
[-0.3905391413727208, -0.027365414606545735], 0, -1.0, [-0.41987621080527604, -0.029337069432555277]
[-0.41987621080527604, -0.029337069432555277], 0, -1.0, [-0.4509787063947614, -0.03110249558948536]
[-0.4509787063947614, -0.03110249558948536], 0, -1.0, [-0.483621554252083, -0.03264284785732156]
[-0.483621554252083, -0.03264284785732156], 0, -1.0, [-0.5175635130155968, -0.033941958763513774]
[-0.5175635130155968, -0.033941958763513774], 0, -1.0, [-0.5525507337754251, -0.03498722075982825]
[-0.5525507337754251, -0.03498722075982825], 0, -1.0, [-0.5883210877608636, -0.03577035398543849]
[-0.5883210877608636, -0.03577035398543849], 0, -1.0, [-0.6246090687642942, -0.03628798100343065]
[-0.6246090687642942, -0.03628798100343065], 0, -1.0, [-0.6611510138811013, -0.03654194511680705]
[-0.6611510138811013, -0.03654194511680705], 0, -1.0, [-0.6976903478806389, -0.036539333999537536]
[-0.6976903478806389, -0.036539333999537536], 0, -1.0, [-0.7339825496463327, -0.03629220176569378]
[-0.7339825496463327, -0.03629220176569378], 0, -1.0, [-0.7697995647439467, -0.035817015097614056]
[-0.7697995647439467, -0.035817015097614056], 0, -1.0, [-0.8049334419773342, -0.03513387723338751]
[-0.8049334419773342, -0.03513387723338751], 0, -1.0, [-0.8391990450498368, -0.03426560307250265]
[-0.8391990450498368, -0.03426560307250265], 0, -1.0, [-0.8724357720480803, -0.03323672699824354]
[-0.8724357720480803, -0.03323672699824354], 0, -1.0, [-0.9045082942493743, -0.032072522201293995]
[-0.9045082942493743, -0.032072522201293995], 0, -1.0, [-0.9353063925949738, -0.03079809834559958]
[-0.9353063925949738, -0.03079809834559958], 0, -1.0, [-0.964744019247098, -0.02943762665212418]
[-0.964744019247098, -0.02943762665212418], 0, -1.0, [-0.9927577407865983, -0.02801372153950034]
[-0.9927577407865983, -0.02801372153950034], 2, -1.0, [-1.017304729827153, -0.02454698904055458]
[-1.017304729827153, -0.02454698904055458], 2, -1.0, [-1.0383617649159387, -0.021057035088785817]
[-1.0383617649159387, -0.021057035088785817], 2, -1.0, [-1.0559196782533893, -0.01755791333745059]
[-1.0559196782533893, -0.01755791333745059], 2, -1.0, [-1.0699784473913885, -0.014058769137999269]
[-1.0699784473913885, -0.014058769137999269], 2, -1.0, [-1.0805430526611313, -0.010564605269742747]
[-1.0805430526611313, -0.010564605269742747], 2, -1.0, [-1.0876201566302321, -0.007077103969100912]
[-1.0876201566302321, -0.007077103969100912], 2, -1.0, [-1.0912156204370649, -0.00359546380683272]
[-1.0912156204370649, -0.00359546380683272], 2, -1.0, [-1.0913328504779856, -0.00011723004092064216]
[-1.0913328504779856, -0.00011723004092064216], 2, -1.0, [-1.0879719626745015, 0.003360887803484139]
[-1.0879719626745015, 0.003360887803484139], 2, -1.0, [-1.0811297552778139, 0.006842207396687722]
[-1.0811297552778139, 0.006842207396687722], 2, -1.0, [-1.070800489887148, 0.01032926539066601]
[-1.070800489887148, 0.01032926539066601], 2, -1.0, [-1.0569774892388075, 0.013823000648340437]
[-1.0569774892388075, 0.013823000648340437], 2, -1.0, [-1.039655564544146, 0.017321924694661487]
[-1.039655564544146, 0.017321924694661487], 2, -1.0, [-1.0188342797397654, 0.020821284804380665]
[-1.0188342797397654, 0.020821284804380665], 2, -1.0, [-0.9945220398217557, 0.024312239918009702]
[-0.9945220398217557, 0.024312239918009702], 2, -1.0, [-0.9667409504792345, 0.027781089342521173]
[-0.9667409504792345, 0.027781089342521173], 2, -1.0, [-0.9355323324914735, 0.031208617987760926]
[-0.9355323324914735, 0.031208617987760926], 2, -1.0, [-0.9009626851593149, 0.034569647332158615]
[-0.9009626851593149, 0.034569647332158615], 2, -1.0, [-0.863129781160315, 0.0378329039989999]
[-0.863129781160315, 0.0378329039989999], 2, -1.0, [-0.8221684501322787, 0.0409613310280363]
[-0.8221684501322787, 0.0409613310280363], 2, -1.0, [-0.7782554881226766, 0.043912962009602]
[-0.7782554881226766, 0.043912962009602], 2, -1.0, [-0.7316130418459463, 0.04664244627673027]
[-0.7316130418459463, 0.04664244627673027], 2, -1.0, [-0.6825097936939698, 0.04910324815197658]
[-0.6825097936939698, 0.04910324815197658], 2, -1.0, [-0.631259348161572, 0.05125044553239774]
[-0.631259348161572, 0.05125044553239774], 2, -1.0, [-0.5782154138538942, 0.05304393430767782]
[-0.5782154138538942, 0.05304393430767782], 2, -1.0, [-0.5237636851526455, 0.05445172870124876]
[-0.5237636851526455, 0.05445172870124876], 2, -1.0, [-0.4683107196297896, 0.055452965522855904]
[-0.4683107196297896, 0.055452965522855904], 2, -1.0, [-0.41227051585852825, 0.056040203771261364]
[-0.41227051585852825, 0.056040203771261364], 2, -1.0, [-0.3560498376263669, 0.05622067823216139]
[-0.3560498376263669, 0.05622067823216139], 2, -1.0, [-0.3000335260299371, 0.05601631159642979]
[-0.3000335260299371, 0.05601631159642979], 2, -1.0, [-0.24457104238251343, 0.055462483647423684]
[-0.24457104238251343, 0.055462483647423684], 2, -1.0, [-0.18996529148338645, 0.054605750899126976]
[-0.18996529148338645, 0.054605750899126976], 2, -1.0, [-0.13646443348446435, 0.05350085799892209]
[-0.13646443348446435, 0.05350085799892209], 2, -1.0, [-0.08425698171082083, 0.05220745177364352]
[-0.08425698171082083, 0.05220745177364352], 2, -1.0, [-0.03347008783735865, 0.05078689387346218]
[-0.03347008783735865, 0.05078689387346218], 2, -1.0, [0.015829398227270017, 0.04929948606462867]
[0.015829398227270017, 0.04929948606462867], 2, -1.0, [0.06363170267298064, 0.047802304445710625]
[0.06363170267298064, 0.047802304445710625], 2, -1.0, [0.10997942013711973, 0.046347717464139085]
[0.10997942013711973, 0.046347717464139085], 2, -1.0, [0.15496198173123732, 0.04498256159411759]
[0.15496198173123732, 0.04498256159411759], 2, -1.0, [0.1987098615639331, 0.04374787983269578]
[0.1987098615639331, 0.04374787983269578], 2, -1.0, [0.24138895432532198, 0.042679092761388884]
[0.24138895432532198, 0.042679092761388884], 2, -1.0, [0.28319541797466513, 0.04180646364934314]
[0.28319541797466513, 0.04180646364934314], 2, -1.0, [0.32435114680224364, 0.04115572882757853]
[0.32435114680224364, 0.04115572882757853], 2, -1.0, [0.365099930228763, 0.04074878342651939]
[0.365099930228763, 0.04074878342651939], 1, -1.0, [0.4047042637634568, 0.03960433353469375]
[0.4047042637634568, 0.03960433353469375], 1, -1.0, [0.4434356762155041, 0.03873141245204731]
[0.4434356762155041, 0.03873141245204731], 1, -1.0, [0.4815716439879859, 0.03813596777248179]
[0.4815716439879859, 0.03813596777248179], 1, -1.0, [0.5193932427162015, 0.03782159872821557]
