[-0.44627711330487085, 0.0], 0, -1.0, [-0.4478518391145351, -0.0015747258096642089]
[-0.4478518391145351, -0.0015747258096642089], 0, -1.0, [-0.45098979024424507, -0.003137951129710005]
[-0.45098979024424507, -0.003137951129710005], 0, -1.0, [-0.45566801247760663, -0.004678222233361582]
[-0.45566801247760663, -0.004678222233361582], 0, -1.0, [-0.46185219618438844, -0.006184183706781808]
[-0.46185219618438844, -0.006184183706781808], 0, -1.0, [-0.4694968353302906, -0.007644639145902141]
[-0.4694968353302906, -0.007644639145902141], 0, -1.0, [-0.4785454598518759, -0.009048624521585363]
[-0.4785454598518759, -0.009048624521585363], 0, -1.0, [-0.4889309563765047, -0.010385496524628779]
[-0.4889309563765047, -0.010385496524628779], 0, -1.0, [-0.5005759930586606, -0.011645036682155925]
[-0.5005759930586606, -0.011645036682155925], 0, -1.0, [-0.513393563356699, -0.01281757029803837]
[-0.513393563356699, -0.01281757029803837], 0, -1.0, [-0.5272876607902083, -0.013894097433509368]
[-0.5272876607902083, -0.013894097433509368], 0, -1.0, [-0.542154092149501, -0.014866431359292793]
[-0.542154092149501, -0.014866431359292793], 0, -1.0, [-0.5578814304951769, -0.015727338345675888]
[-0.5578814304951769, -0.015727338345675888], 0, -1.0, [-0.5743521019791613, -0.01647067148398443]
[-0.5743521019791613, -0.01647067148398443], 0, -1.0, [-0.5914435925857546, -0.017091490606593367]
[-0.5914435925857546, -0.017091490606593367], 0, -1.0, [-0.6090297529925466, -0.017586160406791916]
[-0.6090297529925466, -0.017586160406791916], 0, -1.0, [-0.6269821725981712, -0.017952419605624704]
[-0.6269821725981712, -0.017952419605624704], 0, -1.0, [-0.6451715880414632, -0.018189415443292]
[-0.6451715880414632, -0.018189415443292], 0, -1.0, [-0.6634692878198788, -0.018297699778415555]
[-0.6634692878198788, -0.018297699778415555], 0, -1.0, [-0.6817484732964767, -0.018279185476597917]
[-0.6817484732964767, -0.018279185476597917], 0, -1.0, [-0.6998855376223204, -0.01813706432584375]
[-0.6998855376223204, -0.01813706432584375], 0, -1.0, [-0.717761227798535, -0.01787569017621459]
[-0.717761227798535, -0.01787569017621459], 0, -1.0, [-0.7352616609241385, -0.017500433125603433]
[-0.7352616609241385, -0.017500433125603433], 0, -1.0, [-0.7522791730958264, -0.017017512171687878]
[-0.7522791730958264, -0.017017512171687878], 0, -1.0, [-0.7687129877981792, -0.016433814702352813]
[-0.7687129877981792, -0.016433814702352813], 0, -1.0, [-0.7844696992639411, -0.01575671146576188]
[-0.7844696992639411, -0.01575671146576188], 2, -1.0, [-0.797463574552533, -0.012993875288591927]
[-0.797463574552533, -0.012993875288591927], 2, -1.0, [-0.8076268682628864, -0.010163293710353415]
[-0.8076268682628864, -0.010163293710353415], 2, -1.0, [-0.8149085260716638, -0.007281657808777365]
[-0.8149085260716638, -0.007281657808777365], 2, -1.0, [-0.8192730420907003, -0.004364516019036524]
[-0.8192730420907003, -0.004364516019036524], 2, -1.0, [-0.820699572058215, -0.0014265299675147178]
[-0.820699572058215, -0.0014265299675147178], 2, -1.0, [-0.8191813749562484, 0.0015181971019665062]
[-0.8191813749562484, 0.0015181971019665062], 2, -1.0, [-0.8147256261876301, 0.00445574876861829]
[-0.8147256261876301, 0.00445574876861829], 2, -1.0, [-0.8073536163315701, 0.007372009856060018]
[-0.8073536163315701, 0.007372009856060018], 2, -1.0, [-0.7971013205565036, 0.010252295775066497]
[-0.7971013205565036, 0.010252295775066497], 2, -1.0, [-0.7840202946444786, 0.013081025912025004]
[-0.7840202946444786, 0.013081025912025004], 2, -1.0, [-0.7681788241138499, 0.01584147053062884]
[-0.7681788241138499, 0.01584147053062884], 2, -1.0, [-0.7496632235209265, 0.01851560059292333]
[-0.7496632235209265, 0.01851560059292333], 2, -1.0, [-0.7285791549480223, 0.021084068572904263]
[-0.7285791549480223, 0.021084068572904263], 2, -1.0, [-0.7050528102640994, 0.02352634468392289]
[-0.7050528102640994, 0.02352634468392289], 2, -1.0, [-0.6792317843232117, 0.02582102594088769]
[-0.6792317843232117, 0.02582102594088769], 2, -1.0, [-0.6512854599263225, 0.02794632439688926]
[-0.6512854599263225, 0.02794632439688926], 2, -1.0, [-0.6214047343011007, 0.02988072562522185]
[-0.6214047343011007, 0.02988072562522185], 2, -1.0, [-0.5898009444075074, 0.03160378989359326]
[-0.5898009444075074, 0.03160378989359326], 2, -1.0, [-0.5567038959592394, 0.03309704844826801]
[-0.5567038959592394, 0.03309704844826801], 2, -1.0, [-0.5223589670741507, 0.034344928885088666]
[-0.5223589670741507, 0.034344928885088666], 2, -1.0, [-0.4870233367315536, 0.035335630342597124]
[-0.4870233367315536, 0.035335630342597124], 2, -1.0, [-0.4509614720575693, 0.03606186467398431]
[-0.4509614720575693, 0.03606186467398431], 2, -1.0, [-0.41444008585286174, 0.03652138620470755]
[-0.41444008585286174, 0.03652138620470755], 2, -1.0, [-0.3777228352817596, 0.03671725057110213]
[-0.3777228352817596, 0.03671725057110213], 2, -1.0, [-0.3410650647999269, 0.036657770481832726]
[-0.3410650647999269, 0.036657770481832726], 2, -1.0, [-0.30470889590188277, 0.036356168898044085]
[-0.30470889590188277, 0.036356168898044085], 2, -1.0, [-0.26887893324748824, 0.035829962654394525]
[-0.26887893324748824, 0.035829962654394525], 2, -1.0, [-0.23377879672228435, 0.03510013652520388]
[-0.23377879672228435, 0.03510013652520388], 2, -1.0, [-0.19958861164302472, 0.03419018507925965]
[-0.19958861164302472, 0.03419018507925965], 2, -1.0, [-0.1664635061842415, 0.033125105458783236]
[-0.1664635061842415, 0.033125105458783236], 2, -1.0, [-0.1345330872250749, 0.031930418959166595]
[-0.1345330872250749, 0.031930418959166595], 2, -1.0, [-0.10390180179714115, 0.030631285427933752]
[-0.10390180179714115, 0.030631285427933752], 2, -1.0, [-0.07465004621072707, 0.02925175558641408]
[-0.07465004621072707, 0.02925175558641408], 1, -1.0, [-0.047835860125720775, 0.026814186085006294]
[-0.047835860125720775, 0.026814186085006294], 1, -1.0, [-0.02349597515861115, 0.024339884967109624]
[-0.02349597515861115, 0.024339884967109624], 1, -1.0, [-0.001649882078035153, 0.021846093080575998]
[-0.001649882078035153, 0.021846093080575998], 1, -1.0, [0.01769624162622563, 0.01934612370426078]
[0.01769624162622563, 0.01934612370426078], 0, -1.0, [0.03354588751900797, 0.01584964589278234]
[0.03354588751900797, 0.01584964589278234], 0, -1.0, [0.04590818265439149, 0.012362295135383516]
[0.04590818265439149, 0.012362295135383516], 0, -1.0, [0.054794150399543946, 0.008885967745152457]
[0.054794150399543946, 0.008885967745152457], 0, -1.0, [0.06021381914200499, 0.00541966874246105]
[0.06021381914200499, 0.00541966874246105], 0, -1.0, [0.0621741662581242, 0.001960347116119206]
[0.0621741662581242, 0.001960347116119206], 0, -1.0, [0.060677875741387284, -0.0014962905167369167]
[0.060677875741387284, -0.0014962905167369167], 0, -1.0, [0.05572289127661584, -0.00495498446477145]
[0.05572289127661584, -0.00495498446477145], 0, -1.0, [0.04730275724619463, -0.00842013403042121]
[0.04730275724619463, -0.00842013403042121], 0, -1.0, [0.03540775344763211, -0.01189500379856252]
[0.03540775344763211, -0.01189500379856252], 0, -1.0, [0.020026840618407288, -0.015380912829224824]
[0.020026840618407288, -0.015380912829224824], 0, -1.0, [0.0011504385184671895, -0.0188764020999401]
[0.0011504385184671895, -0.0188764020999401], 0, -1.0, [-0.02122594869201386, -0.02237638721048105]
[-0.02122594869201386, -0.02237638721048105], 0, -1.0, [-0.047097269029865996, -0.02587132033785213]
[-0.047097269029865996, -0.02587132033785213], 0, -1.0, [-0.0764436766358654, -0.029346407605999412]
[-0.0764436766358654, -0.029346407605999412], 0, -1.0, [-0.10922463096004212, -0.032780954324176714]
[-0.10922463096004212, -0.032780954324176714], 0, -1.0, [-0.14537256913980504, -0.036147938179762924]
[-0.14537256913980504, -0.036147938179762924], 0, -1.0, [-0.1847865034755743, -0.03941393433576924]
[-0.1847865034755743, -0.03941393433576924], 0, -1.0, [-0.22732603223036912, -0.042539528754794845]
[-0.22732603223036912, -0.042539528754794845], 0, -1.0, [-0.27280637944739705, -0.04548034721702794]
[-0.27280637944739705, -0.04548034721702794], 0, -1.0, [-0.3209951671512682, -0.048188787703871167]
[-0.3209951671512682, -0.048188787703871167], 0, -1.0, [-0.3716116341954764, -0.05061646704420822]
[-0.3716116341954764, -0.05061646704420822], 0, -1.0, [-0.42432891554084784, -0.052717281345371486]
[-0.42432891554084784, -0.052717281345371486], 0, -1.0, [-0.47877976416472723, -0.05445084862387937]
[-0.47877976416472723, -0.05445084862387937], 0, -1.0, [-0.534565743453007, -0.055785979288279774]
[-0.534565743453007, -0.055785979288279774], 0, -1.0, [-0.591269485320833, -0.05670374186782598]
[-0.591269485320833, -0.05670374186782598], 0, -1.0, [-0.6484691759081556, -0.05719969058732258]
[-0.6484691759081556, -0.05719969058732258], 0, -1.0, [-0.7057540896931956, -0.057284913785040095]
[-0.7057540896931956, -0.057284913785040095], 0, -1.0, [-0.7627398257275528, -0.05698573603435717]
[-0.7627398257275528, -0.05698573603435717], 0, -1.0, [-0.819081948775392, -0.056342123047839185]
[-0.819081948775392, -0.056342123047839185], 0, -1.0, [-0.8744869914750535, -0.05540504269966148]
[-0.8744869914750535, -0.05540504269966148], 0, -1.0, [-0.9287201691846211, -0.05423317770956762]
[-0.9287201691846211, -0.05423317770956762], 0, -1.0, [-0.9816096064155069, -0.0528894372308858]
[-0.9816096064155069, -0.0528894372308858], 0, -1.0, [-1.033047282717433, -0.05143767630192616]
[-1.033047282717433, -0.05143767630192616], 0, -1.0, [-1.0829872112697054, -0.04993992855227231]
[-1.0829872112697054, -0.04993992855227231], 0, -1.0, [-1.1314415361062462, -0.048454324836540684]
[-1.1314415361062462, -0.048454324836540684], 0, -1.0, [-1.178475278666884, -0.04703374256063779]
[-1.178475278666884, -0.04703374256063779], 1, -1.0, [-1.2, 0.0]
[-1.2, 0.0], 2, -1.0, [-1.1967581039591646, 0.003241896040835368]
[-1.1967581039591646, 0.003241896040835368], 2, -1.0, [-1.1902636585360942, 0.006494445423070332]
[-1.1902636585360942, 0.006494445423070332], 2, -1.0, [-1.1804959639787937, 0.009767694557300442]
[-1.1804959639787937, 0.009767694557300442], 2, -1.0, [-1.1674255149588486, 0.013070449019945182]
[-1.1674255149588486, 0.013070449019945182], 2, -1.0, [-1.1510159267200155, 0.016409588238833067]
[-1.1510159267200155, 0.016409588238833067], 2, -1.0, [-1.1312266168239755, 0.019789309896040046]
[-1.1312266168239755, 0.019789309896040046], 2, -1.0, [-1.108016322100852, 0.02321029472312345]
[-1.108016322100852, 0.02321029472312345], 2, -1.0, [-1.081347524946184, 0.02666879715466819]
[-1.081347524946184, 0.02666879715466819], 2, -1.0, [-1.0511918363028878, 0.03015568864329602]
[-1.0511918363028878, 0.03015568864329602], 2, -1.0, [-1.0175363271434712, 0.0336555091594167]
[-1.0175363271434712, 0.0336555091594167], 2, -1.0, [-0.9803907090723114, 0.03714561807115983]
[-0.9803907090723114, 0.03714561807115983], 2, -1.0, [-0.9397951336374217, 0.04059557543488971]
[-0.9397951336374217, 0.04059557543488971], 2, -1.0, [-0.8958282112564235, 0.043966922380998245]
[-0.8958282112564235, 0.043966922380998245], 2, -1.0, [-0.8486146572192776, 0.04721355403714586]
[-0.8486146572192776, 0.04721355403714586], 2, -1.0, [-0.7983317816221248, 0.05028287559715283]
[-0.7983317816221248, 0.05028287559715283], 2, -1.0, [-0.7452138959379592, 0.0531178856841656]
[-0.7452138959379592, 0.0531178856841656], 2, -1.0, [-0.6895536666604415, 0.0556602292775177]
[-0.6895536666604415, 0.0556602292775177], 2, -1.0, [-0.6316995610792892, 0.057854105581152386]
[-0.6316995610792892, 0.057854105581152386], 2, -1.0, [-0.5720488365336812, 0.05965072454560789]
[-0.5720488365336812, 0.05965072454560789], 2, -1.0, [-0.5110360146660762, 0.061012821867605024]
[-0.5110360146660762, 0.061012821867605024], 2, -1.0, [-0.44911739120176025, 0.061918623464315904]
[-0.44911739120176025, 0.061918623464315904], 2, -1.0, [-0.38675274139346727, 0.06236464980829299]
[-0.38675274139346727, 0.06236464980829299], 2, -1.0, [-0.3243858485235833, 0.06236689286988392]
[-0.3243858485235833, 0.06236689286988392], 2, -1.0, [-0.2624256859117381, 0.061960162611845254]
[-0.2624256859117381, 0.061960162611845254], 2, -1.0, [-0.20122996568717166, 0.061195720224566416]
[-0.20122996568717166, 0.061195720224566416], 2, -1.0, [-0.14109236178367496, 0.06013760390349669]
[-0.14109236178367496, 0.06013760390349669], 2, -1.0, [-0.08223412731502394, 0.05885823446865101]
[-0.08223412731502394, 0.05885823446865101], 2, -1.0, [-0.024800200336085113, 0.05743392697893883]
[-0.024800200336085113, 0.05743392697893883], 2, -1.0, [0.03114064276343887, 0.05594084309952398]
[0.03114064276343887, 0.05594084309952398], 1, -1.0, [0.08459238750154527, 0.0534517447381064]
[0.08459238750154527, 0.0534517447381064], 1, -1.0, [0.13562420467148473, 0.051031817169939445]
[0.13562420467148473, 0.051031817169939445], 1, -1.0, [0.1843601144888133, 0.048735909817328546]
[0.1843601144888133, 0.048735909817328546], 1, -1.0, [0.23096874824658678, 0.0466086337577735]
[0.23096874824658678, 0.0466086337577735], 1, -1.0, [0.2756538999351241, 0.04468515168853732]
[0.2756538999351241, 0.04468515168853732], 1, -1.0, [0.31864626487697867, 0.04299236494185457]
[0.31864626487697867, 0.04299236494185457], 1, -1.0, [0.3601965244376208, 0.0415502595606421]
[0.3601965244376208, 0.0415502595606421], 1, -1.0, [0.4005697632395085, 0.04037323880188769]
[0.4005697632395085, 0.04037323880188769], 1, -1.0, [0.4400410917886949, 0.03947132854918637]
[0.4400410917886949, 0.03947132854918637], 1, -1.0, [0.4788922802602354, 0.038851188471540524]
[0.4788922802602354, 0.038851188471540524], 1, -1.0, [0.5174091743406131, 0.03851689408037765]
