[-0.4327848687911977, 0.0], 0, -1.0, [-0.4344575785369571, -0.0016727097457593968]
[-0.4344575785369571, -0.0016727097457593968], 0, -1.0, [-0.4377909069985576, -0.0033333284616005026]
[-0.4377909069985576, -0.0033333284616005026], 0, -1.0, [-0.44276071020987356, -0.004969803211315975]
[-0.44276071020987356, -0.004969803211315975], 0, -1.0, [-0.44933087343815303, -0.006570163228279486]
[-0.44933087343815303, -0.006570163228279486], 0, -1.0, [-0.45745344889586564, -0.00812257545771259]
[-0.45745344889586564, -0.00812257545771259], 0, -1.0, [-0.4670688649655978, -0.009615416069732133]
[-0.4670688649655978, -0.009615416069732133], 0, -1.0, [-0.4781062259874509, -0.011037361021853088]
[-0.4781062259874509, -0.011037361021853088], 0, -1.0, [-0.49048372292864, -0.012377496941189132]
[-0.49048372292864, -0.012377496941189132], 0, -1.0, [-0.504109174431778, -0.013625451503137993]
[-0.504109174431778, -0.013625451503137993], 0, -1.0, [-0.5188807146739374, -0.014771540242159348]
[-0.5188807146739374, -0.014771540242159348], 0, -1.0, [-0.5346876391915156, -0.015806924517578237]
[-0.5346876391915156, -0.015806924517578237], 0, -1.0, [-0.5514114125708822, -0.0167237733793666]
[-0.5514114125708822, -0.0167237733793666], 0, -1.0, [-0.5689268331241917, -0.017515420553309468]
[-0.5689268331241917, -0.017515420553309468], 0, -1.0, [-0.5871033400185375, -0.018176506894345763]
[-0.5871033400185375, -0.018176506894345763], 0, -1.0, [-0.6058064386153988, -0.018703098596861326]
[-0.6058064386153988, -0.018703098596861326], 0, -1.0, [-0.62489921089502, -0.019092772279621136]
[-0.62489921089502, -0.019092772279621136], 0, -1.0, [-0.6442438706542777, -0.019344659759257667]
[-0.6442438706542777, -0.019344659759257667], 0, -1.0, [-0.6637033184142982, -0.019459447760020475]
[-0.6637033184142982, -0.019459447760020475], 0, -1.0, [-0.683142649165149, -0.019439330750850775]
[-0.683142649165149, -0.019439330750850775], 0, -1.0, [-0.7024305674207565, -0.01928791825560746]
[-0.7024305674207565, -0.01928791825560746], 0, -1.0, [-0.7214406684425815, -0.019010101021825022]
[-0.7214406684425815, -0.019010101021825022], 0, -1.0, [-0.7400525514927471, -0.01861188305016562]
[-0.7400525514927471, -0.01861188305016562], 0, -1.0, [-0.758152739928767, -0.018100188436019956]
[-0.758152739928767, -0.018100188436019956], 0, -1.0, [-0.7756353930349807, -0.01748265310621382]
[-0.7756353930349807, -0.01748265310621382], 0, -1.0, [-0.7924028048404786, -0.016767411805497928]
[-0.7924028048404786, -0.016767411805497928], 2, -1.0, [-0.8063656950012844, -0.013962890160805735]
[-0.8063656950012844, -0.013962890160805735], 2, -1.0, [-0.8174531905368267, -0.011087495535542384]
[-0.8174531905368267, -0.011087495535542384], 2, -1.0, [-0.8256113511724295, -0.00815816063560272]
[-0.8256113511724295, -0.00815816063560272], 2, -1.0, [-0.8308018475074609, -0.0051904963350314255]
[-0.8308018475074609, -0.0051904963350314255], 2, -1.0, [-0.8330009051304803, -0.002199057623019447]
[-0.8330009051304803, -0.002199057623019447], 2, -1.0, [-0.8321985968280283, 0.000802308302452035]
[-0.8321985968280283, 0.000802308302452035], 2, -1.0, [-0.8283985343934889, 0.003800062434539459]
[-0.8283985343934889, 0.003800062434539459], 2, -1.0, [-0.8216179816382174, 0.0067805527552714405]
[-0.8216179816382174, 0.0067805527552714405], 2, -1.0, [-0.8118883807399113, 0.00972960089830609]
[-0.8118883807399113, 0.00972960089830609], 2, -1.0, [-0.7992562544278438, 0.012632126312067608]
[-0.7992562544278438, 0.012632126312067608], 2, -1.0, [-0.7837844162082346, 0.015471838219609207]
[-0.7837844162082346, 0.015471838219609207], 2, -1.0, [-0.7655533899051675, 0.01823102630306701]
[-0.7655533899051675, 0.01823102630306701], 2, -1.0, [-0.7446629091493863, 0.02089048075578127]
[-0.7446629091493863, 0.02089048075578127], 2, -1.0, [-0.72123333915575, 0.023429569993636223]
[-0.72123333915575, 0.023429569993636223], 2, -1.0, [-0.6954068404901976, 0.025826498665552408]
[-0.6954068404901976, 0.025826498665552408], 2, -1.0, [-0.667348081879019, 0.02805875861117865]
[-0.667348081879019, 0.02805875861117865], 2, -1.0, [-0.6372443112852804, 0.030103770593738623]
[-0.6372443112852804, 0.030103770593738623], 2, -1.0, [-0.6053046158505035, 0.03193969543477686]
[-0.6053046158505035, 0.03193969543477686], 2, -1.0, [-0.5717582445797622, 0.03354637127074129]
[-0.5717582445797622, 0.03354637127074129], 2, -1.0, [-0.5368519325823468, 0.0349063119974155]
[-0.5368519325823468, 0.0349063119974155], 2, -1.0, [-0.5008462480939765, 0.03600568448837026]
[-0.5008462480939765, 0.03600568448837026], 2, -1.0, [-0.46401107508494654, 0.03683517300902995]
[-0.46401107508494654, 0.03683517300902995], 2, -1.0, [-0.4266204333810102, 0.037390641703936356]
[-0.4266204333810102, 0.037390641703936356], 2, -1.0, [-0.388946911885915, 0.0376735214950952]
[-0.388946911885915, 0.0376735214950952], 2, -1.0, [-0.35125603695821983, 0.03769087492769518]
[-0.35125603695821983, 0.03769087492769518], 2, -1.0, [-0.3138009094713259, 0.037455127486893974]
[-0.3138009094713259, 0.037455127486893974], 2, -1.0, [-0.27681741863558684, 0.036983490835739014]
[-0.27681741863558684, 0.036983490835739014], 2, -1.0, [-0.24052028269295603, 0.03629713594263081]
[-0.24052028269295603, 0.03629713594263081], 2, -1.0, [-0.20510008578649616, 0.03542019690645987]
[-0.20510008578649616, 0.03542019690645987], 2, -1.0, [-0.17072138931514402, 0.03437869647135213]
[-0.17072138931514402, 0.03437869647135213], 2, -1.0, [-0.13752190776158885, 0.03319948155355518]
[-0.13752190776158885, 0.03319948155355518], 2, -1.0, [-0.10561266391811412, 0.031909243843474724]
[-0.10561266391811412, 0.031909243843474724], 2, -1.0, [-0.07507898340743682, 0.030533680510677293]
[-0.07507898340743682, 0.030533680510677293], 2, -1.0, [-0.045982155933265094, 0.02909682747417173]
[-0.045982155933265094, 0.02909682747417173], 2, -1.0, [-0.018361579620152127, 0.027620576313112967]
[-0.018361579620152127, 0.027620576313112967], 2, -1.0, [0.0077627886445489555, 0.026124368264701082]
[0.0077627886445489555, 0.026124368264701082], 2, -1.0, [0.032387834813595695, 0.02462504616904674]
[0.032387834813595695, 0.02462504616904674], 0, -1.0, [0.053524672634672574, 0.021136837821076875]
[0.053524672634672574, 0.021136837821076875], 0, -1.0, [0.07119367128266538, 0.017668998647992807]
[0.07119367128266538, 0.017668998647992807], 0, -1.0, [0.08541947456173275, 0.014225803279067376]
[0.08541947456173275, 0.014225803279067376], 0, -1.0, [0.09622691509588674, 0.010807440534153986]
[0.09622691509588674, 0.010807440534153986], 0, -1.0, [0.10363780491668013, 0.007410889820793401]
[0.10363780491668013, 0.007410889820793401], 0, -1.0, [0.10766855841850413, 0.004030753501823992]
[0.10766855841850413, 0.004030753501823992], 0, -1.0, [0.10832859780321391, 0.000660039384709786]
[0.10832859780321391, 0.000660039384709786], 0, -1.0, [0.10561949903140294, -0.002709098771810972]
[0.10561949903140294, -0.002709098771810972], 0, -1.0, [0.09953485289908275, -0.006084646132320192]
[0.09953485289908275, -0.006084646132320192], 0, -1.0, [0.09006083691688371, -0.009474015982199028]
[0.09006083691688371, -0.009474015982199028], 0, -1.0, [0.07717751543728534, -0.012883321479598378]
[0.07717751543728534, -0.012883321479598378], 0, -1.0, [0.06086090429367388, -0.016316611143611458]
[0.06086090429367388, -0.016316611143611458], 0, -1.0, [0.04108584807506174, -0.019775056218612135]
[0.04108584807506174, -0.019775056218612135], 0, -1.0, [0.017829758353706076, -0.023256089721355667]
[0.017829758353706076, -0.023256089721355667], 0, -1.0, [-0.008922755842083796, -0.026752514195789872]
[-0.008922755842083796, -0.026752514195789872], 0, -1.0, [-0.03917437441617171, -0.030251618574087917]
[-0.03917437441617171, -0.030251618574087917], 0, -1.0, [-0.07290874824659799, -0.03373437383042627]
[-0.07290874824659799, -0.03373437383042627], 0, -1.0, [-0.11008355864880492, -0.03717481040220694]
[-0.11008355864880492, -0.03717481040220694], 0, -1.0, [-0.15062327176104312, -0.04053971311223821]
[-0.15062327176104312, -0.04053971311223821], 0, -1.0, [-0.19441206543215137, -0.043788793671108245]
[-0.19441206543215137, -0.043788793671108245], 0, -1.0, [-0.24128757100290313, -0.04687550557075176]
[-0.24128757100290313, -0.04687550557075176], 0, -1.0, [-0.29103620935628827, -0.04974863835338513]
[-0.29103620935628827, -0.04974863835338513], 0, -1.0, [-0.3433909662622211, -0.052354756905932824]
[-0.3433909662622211, -0.052354756905932824], 0, -1.0, [-0.3980323996964556, -0.05464143343423448]
[-0.3980323996964556, -0.05464143343423448], 0, -1.0, [-0.4545934657579031, -0.05656106606144752]
[-0.4545934657579031, -0.05656106606144752], 0, -1.0, [-0.5126683829765111, -0.05807491721860801]
[-0.5126683829765111, -0.05807491721860801], 0, -1.0, [-0.5718252634492864, -0.0591568804727754]
[-0.5718252634492864, -0.0591568804727754], 0, -1.0, [-0.6316217057980975, -0.059796442348811076]
[-0.6316217057980975, -0.059796442348811076], 0, -1.0, [-0.6916220826812207, -0.060000376883123166]
[-0.6916220826812207, -0.060000376883123166], 0, -1.0, [-0.7514149764393412, -0.05979289375812046]
[-0.7514149764393412, -0.05979289375812046], 0, -1.0, [-0.8106291931502785, -0.05921421671093726]
[-0.8106291931502785, -0.05921421671093726], 1, -1.0, [-0.86794702464711, -0.05731783149683161]
[-0.86794702464711, -0.05731783149683161], 1, -1.0, [-0.9231176998784664, -0.05517067523135628]
[-0.9231176998784664, -0.05517067523135628], 1, -1.0, [-0.9759595872325177, -0.052841887354051376]
[-0.9759595872325177, -0.052841887354051376], 0, -1.0, [-1.0273583496515866, -0.051398762419068926]
[-1.0273583496515866, -0.051398762419068926], 0, -1.0, [-1.0772615386952815, -0.049903189043694916]
[-1.0772615386952815, -0.049903189043694916], 0, -1.0, [-1.1256748890855983, -0.048413350390316856]
[-1.1256748890855983, -0.048413350390316856], 0, -1.0, [-1.1726572053278383, -0.04698231624223994]
[-1.1726572053278383, -0.04698231624223994], 1, -1.0, [-1.2, 0.0]
[-1.2, 0.0], 1, -1.0, [-1.1977581039591645, 0.002241896040835368]
[-1.1977581039591645, 0.002241896040835368], 1, -1.0, [-1.193266922003125, 0.004491181956039541]
[-1.193266922003125, 0.004491181956039541], 1, -1.0, [-1.186511956432252, 0.006754965570873073]
[-1.186511956432252, 0.006754965570873073], 2, -1.0, [-1.1764721766522073, 0.010039779780044672]
[-1.1764721766522073, 0.010039779780044672], 2, -1.0, [-1.1631180613565615, 0.01335411529564586]
[-1.1631180613565615, 0.01335411529564586], 2, -1.0, [-1.1464136012483683, 0.01670446010819315]
[-1.1464136012483683, 0.01670446010819315], 0, -1.0, [-1.1283190689762732, 0.01809453227209504]
[-1.1283190689762732, 0.01809453227209504], 2, -1.0, [-1.1067982049158749, 0.021520864060398312]
[-1.1067982049158749, 0.021520864060398312], 2, -1.0, [-1.081817197177812, 0.02498100773806275]
[-1.081817197177812, 0.02498100773806275], 2, -1.0, [-1.0533496606727986, 0.02846753650501349]
[-1.0533496606727986, 0.02846753650501349], 2, -1.0, [-1.0213825499507723, 0.031967110722026286]
[-1.0213825499507723, 0.031967110722026286], 2, -1.0, [-0.9859229326430886, 0.03545961730768364]
[-0.9859229326430886, 0.03545961730768364], 2, -1.0, [-0.9470054355394072, 0.038917497103681455]
[-0.9470054355394072, 0.038917497103681455], 2, -1.0, [-0.9047000234150031, 0.04230541212440407]
[-0.9047000234150031, 0.04230541212440407], 1, -1.0, [-0.8601195908906553, 0.044580432524347804]
[-0.8601195908906553, 0.044580432524347804], 0, -1.0, [-0.8144226607520337, 0.045696930138621486]
[-0.8144226607520337, 0.045696930138621486], 2, -1.0, [-0.7658109296389438, 0.04861173111308988]
[-0.7658109296389438, 0.04861173111308988], 0, -1.0, [-0.7165382999130337, 0.049272629725910067]
[-0.7165382999130337, 0.049272629725910067], 2, -1.0, [-0.6648980818497278, 0.051640218063306015]
[-0.6648980818497278, 0.051640218063306015], 2, -1.0, [-0.6112295725543065, 0.05366850929542119]
[-0.6112295725543065, 0.05366850929542119], 2, -1.0, [-0.555911376633423, 0.05531819592088354]
[-0.555911376633423, 0.05531819592088354], 2, -1.0, [-0.49935121557585826, 0.05656016105756478]
[-0.49935121557585826, 0.05656016105756478], 2, -1.0, [-0.44197275087851046, 0.05737846469734782]
[-0.44197275087851046, 0.05737846469734782], 1, -1.0, [-0.38520038127660533, 0.05677236960190513]
[-0.38520038127660533, 0.05677236960190513], 2, -1.0, [-0.3284364330192534, 0.05676394825735193]
[-0.3284364330192534, 0.05676394825735193], 1, -1.0, [-0.2730539981562391, 0.05538243486301433]
[-0.2730539981562391, 0.05538243486301433], 2, -1.0, [-0.21837864747302319, 0.05467535068321592]
[-0.21837864747302319, 0.05467535068321592], 2, -1.0, [-0.16468570956528947, 0.05369293790773372]
[-0.16468570956528947, 0.05369293790773372], 2, -1.0, [-0.11219381218838961, 0.052491897376899854]
[-0.11219381218838961, 0.052491897376899854], 1, -1.0, [-0.06206163781475313, 0.050132174373636484]
[-0.06206163781475313, 0.050132174373636484], 2, -1.0, [-0.013386257440940894, 0.048675380373812235]
[-0.013386257440940894, 0.048675380373812235], 1, -1.0, [0.03279113857070313, 0.04617739601164402]
[0.03279113857070313, 0.04617739601164402], 2, -1.0, [0.0774806214913613, 0.04468948292065817]
[0.0774806214913613, 0.04468948292065817], 0, -1.0, [0.11873733740576171, 0.041256715914400416]
[0.11873733740576171, 0.041256715914400416], 2, -1.0, [0.15865099202900132, 0.039913654623239606]
[0.15865099202900132, 0.039913654623239606], 2, -1.0, [0.1973425054390565, 0.03869151341005516]
[0.1973425054390565, 0.03869151341005516], 2, -1.0, [0.23495949149687007, 0.03761698605781359]
[0.23495949149687007, 0.03761698605781359], 2, -1.0, [0.2716722518077357, 0.03671276031086561]
[0.2716722518077357, 0.03671276031086561], 2, -1.0, [0.3076703716185761, 0.03599811981084041]
[0.3076703716185761, 0.03599811981084041], 2, -1.0, [0.34315993701446795, 0.035489565395891876]
[0.34315993701446795, 0.035489565395891876], 2, -1.0, [0.3783613405784538, 0.03520140356398583]
[0.3783613405784538, 0.03520140356398583], 1, -1.0, [0.4125076034861291, 0.03414626290767531]
[0.4125076034861291, 0.03414626290767531], 2, -1.0, [0.446836020964494, 0.03432841747836489]
[0.446836020964494, 0.03432841747836489], 1, -1.0, [0.4805937929755264, 0.03375777201103243]
[0.4805937929755264, 0.03375777201103243], 1, -1.0, [0.5140299216372419, 0.033436128661715525]
