[-0.5752276570248965, 0.0], 2, -1.0, [-0.5738419867710444, 0.001385670253852211]
[-0.5738419867710444, 0.001385670253852211], 2, -1.0, [-0.5710809176843119, 0.0027610690867324447]
[-0.5710809176843119, 0.0027610690867324447], 2, -1.0, [-0.566964935634931, 0.004115982049380957]
[-0.566964935634931, 0.004115982049380957], 2, -1.0, [-0.561524624107762, 0.005440311527168911]
[-0.561524624107762, 0.005440311527168911], 2, -1.0, [-0.5548004820229393, 0.006724142084822762]
[-0.5548004820229393, 0.006724142084822762], 2, -1.0, [-0.5468426687237562, 0.00795781329918313]
[-0.5468426687237562, 0.00795781329918313], 2, -1.0, [-0.5377106674712819, 0.009132001252474268]
[-0.5377106674712819, 0.009132001252474268], 0, -1.0, [-0.5294728586430232, 0.00823780882825871]
[-0.5294728586430232, 0.00823780882825871], 0, -1.0, [-0.5221909964720928, 0.007281862170930455]
[-0.5221909964720928, 0.007281862170930455], 0, -1.0, [-0.5159196926132215, 0.006271303858871335]
[-0.5159196926132215, 0.006271303858871335], 0, -1.0, [-0.5107059767826193, 0.005213715830602193]
[-0.5107059767826193, 0.005213715830602193], 0, -1.0, [-0.5065889328351085, 0.004117043947510764]
[-0.5065889328351085, 0.004117043947510764], 0, -1.0, [-0.5035994073482206, 0.002989525486887872]
[-0.5035994073482206, 0.002989525486887872], 0, -1.0, [-0.5017597871479328, 0.001839620200287877]
[-0.5017597871479328, 0.001839620200287877], 0, -1.0, [-0.501083842207091, 0.0006759449408417822]
[-0.501083842207091, 0.0006759449408417822], 0, -1.0, [-0.5015766308961184, -0.0004927886890274062]
[-0.5015766308961184, -0.0004927886890274062], 0, -1.0, [-0.5032344655445333, -0.001657834648414926]
[-0.5032344655445333, -0.001657834648414926], 0, -1.0, [-0.5060449375277632, -0.0028104719832298787]
[-0.5060449375277632, -0.0028104719832298787], 0, -1.0, [-0.5099870024538099, -0.003942064926046679]
[-0.5099870024538099, -0.003942064926046679], 0, -1.0, [-0.5150311273083694, -0.005044124854559521]
[-0.5150311273083694, -0.005044124854559521], 0, -1.0, [-0.5211395024501584, -0.006108375141789013]
[-0.5211395024501584, -0.006108375141789013], 0, -1.0, [-0.5282663219732293, -0.007126819523070901]
[-0.5282663219732293, -0.007126819523070901], 0, -1.0, [-0.5363581360424571, -0.008091814069227748]
[-0.5363581360424571, -0.008091814069227748], 0, -1.0, [-0.5453542782755939, -0.008996142233136835]
[-0.5453542782755939, -0.008996142233136835], 0, -1.0, [-0.5551873700543388, -0.009833091778744935]
[-0.5551873700543388, -0.009833091778744935], 0, -1.0, [-0.5657839018193065, -0.01059653176496766]
[-0.5657839018193065, -0.01059653176496766], 0, -1.0, [-0.5770648890216806, -0.011280987202374158]
[-0.5770648890216806, -0.011280987202374158], 0, -1.0, [-0.588946597608188, -0.01188170858650742]
[-0.588946597608188, -0.01188170858650742], 0, -1.0, [-0.6013413308966835, -0.012394733288495543]
[-0.6013413308966835, -0.012394733288495543], 0, -1.0, [-0.6141582666842271, -0.012816935787543563]
[-0.6141582666842271, -0.012816935787543563], 0, -1.0, [-0.6273043306620758, -0.013146063977848647]
[-0.6273043306620758, -0.013146063977848647], 0, -1.0, [-0.6406850899304859, -0.013380759268410147]
[-0.6406850899304859, -0.013380759268410147], 0, -1.0, [-0.6542056488186327, -0.013520558888146897]
[-0.6542056488186327, -0.013520558888146897], 0, -1.0, [-0.6677715284774917, -0.013565879658858917]
[-0.6677715284774917, -0.013565879658858917], 0, -1.0, [-0.6812895119137469, -0.013517983436255236]
[-0.6812895119137469, -0.013517983436255236], 0, -1.0, [-0.6946684372803348, -0.013378925366587947]
[-0.6946684372803348, -0.013378925366587947], 0, -1.0, [-0.7078199242653497, -0.01315148698501492]
[-0.7078199242653497, -0.01315148698501492], 0, -1.0, [-0.7206590211870667, -0.012839096921717048]
[-0.7206590211870667, -0.012839096921717048], 0, -1.0, [-0.7331047637161014, -0.012445742529034791]
[-0.7331047637161014, -0.012445742529034791], 2, -1.0, [-0.74308063978063, -0.009975876064528509]
[-0.74308063978063, -0.009975876064528509], 2, -1.0, [-0.7505267954902722, -0.007446155709642228]
[-0.7505267954902722, -0.007446155709642228], 2, -1.0, [-0.7553994449646776, -0.00487264947440533]
[-0.7553994449646776, -0.00487264947440533], 2, -1.0, [-0.7576703590601204, -0.0022709140954427958]
[-0.7576703590601204, -0.0022709140954427958], 2, -1.0, [-0.7573264980545623, 0.00034386100555801455]
[-0.7573264980545623, 0.00034386100555801455], 2, -1.0, [-0.7543698316179305, 0.002956666436631846]
[-0.7543698316179305, 0.002956666436631846], 2, -1.0, [-0.748817366433037, 0.005552465184893482]
[-0.748817366433037, 0.005552465184893482], 1, -1.0, [-0.7417013783769466, 0.007115988056090352]
[-0.7417013783769466, 0.007115988056090352], 2, -1.0, [-0.7320638649301683, 0.009637513446778366]
[-0.7320638649301683, 0.009637513446778366], 2, -1.0, [-0.7199628070459099, 0.012101057884258404]
[-0.7199628070459099, 0.012101057884258404], 2, -1.0, [-0.7054727332167241, 0.014490073829185799]
[-0.7054727332167241, 0.014490073829185799], 2, -1.0, [-0.6886852849608449, 0.016787448255879172]
[-0.6886852849608449, 0.016787448255879172], 2, -1.0, [-0.6697096866752983, 0.01897559828554666]
[-0.6697096866752983, 0.01897559828554666], 2, -1.0, [-0.6486730123613166, 0.021036674313981752]
[-0.6486730123613166, 0.021036674313981752], 2, -1.0, [-0.6257201386632792, 0.022952873698037356]
[-0.6257201386632792, 0.022952873698037356], 2, -1.0, [-0.6010132798958825, 0.02470685876739675]
[-0.6010132798958825, 0.02470685876739675], 2, -1.0, [-0.5747310176758157, 0.026282262220066785]
[-0.5747310176758157, 0.026282262220066785], 2, -1.0, [-0.5470667658342875, 0.027664251841528254]
[-0.5470667658342875, 0.027664251841528254], 2, -1.0, [-0.518226649435251, 0.028840116399036525]
[-0.518226649435251, 0.028840116399036525], 2, -1.0, [-0.48842682223828066, 0.029799827196970333]
[-0.48842682223828066, 0.029799827196970333], 2, -1.0, [-0.45789029547599525, 0.030536526762285434]
[-0.45789029547599525, 0.030536526762285434], 2, -1.0, [-0.4268433968488136, 0.031046898627181643]
[-0.4268433968488136, 0.031046898627181643], 2, -1.0, [-0.39551201631764493, 0.031331380531168705]
[-0.39551201631764493, 0.031331380531168705], 0, -1.0, [-0.36611781943828237, 0.029394196879362566]
[-0.36611781943828237, 0.029394196879362566], 0, -1.0, [-0.3388612798488173, 0.027256539589465043]
[-0.3388612798488173, 0.027256539589465043], 0, -1.0, [-0.31392042483295063, 0.02494085501586668]
[-0.31392042483295063, 0.02494085501586668], 0, -1.0, [-0.2914504817658114, 0.02246994306713923]
[-0.2914504817658114, 0.02246994306713923], 0, -1.0, [-0.27158427499184007, 0.01986620677397134]
[-0.27158427499184007, 0.01986620677397134], 0, -1.0, [-0.2544331888381083, 0.017151086153731787]
[-0.2544331888381083, 0.017151086153731787], 0, -1.0, [-0.24008850000198298, 0.014344688836125292]
[-0.24008850000198298, 0.014344688836125292], 0, -1.0, [-0.22862288775588552, 0.01146561224609746]
[-0.22862288775588552, 0.01146561224609746], 0, -1.0, [-0.22009194844772947, 0.00853093930815604]
[-0.22009194844772947, 0.00853093930815604], 0, -1.0, [-0.2145355668296123, 0.005556381618117164]
[-0.2145355668296123, 0.005556381618117164], 0, -1.0, [-0.2119790268128025, 0.002556540016809805]
[-0.2119790268128025, 0.002556540016809805], 0, -1.0, [-0.2124337755160801, -0.00045474870327758595]
[-0.2124337755160801, -0.00045474870327758595], 0, -1.0, [-0.21589778539597287, -0.0034640098798927772]
[-0.21589778539597287, -0.0034640098798927772], 0, -1.0, [-0.22235548934828084, -0.006457703952307954]
[-0.22235548934828084, -0.006457703952307954], 0, -1.0, [-0.23177729323277751, -0.009421803884496672]
[-0.23177729323277751, -0.009421803884496672], 0, -1.0, [-0.24411869993870214, -0.012341406705924615]
[-0.24411869993870214, -0.012341406705924615], 0, -1.0, [-0.2593191094547935, -0.015200409516091314]
[-0.2593191094547935, -0.015200409516091314], 0, -1.0, [-0.277300390527858, -0.01798128107306454]
[-0.277300390527858, -0.01798128107306454], 0, -1.0, [-0.2979653506186973, -0.020664960090839297]
[-0.2979653506186973, -0.020664960090839297], 0, -1.0, [-0.3211962600730937, -0.02323090945439641]
[-0.3211962600730937, -0.02323090945439641], 0, -1.0, [-0.3468536105290164, -0.025657350455922698]
[-0.3468536105290164, -0.025657350455922698], 0, -1.0, [-0.3747753022702277, -0.0279216917412113]
[-0.3747753022702277, -0.0279216917412113], 0, -1.0, [-0.4047764555895117, -0.030001153319283987]
[-0.4047764555895117, -0.030001153319283987], 0, -1.0, [-0.43665002261044106, -0.031873567020929375]
[-0.43665002261044106, -0.031873567020929375], 0, -1.0, [-0.4701683353211734, -0.03351831271073234]
[-0.4701683353211734, -0.03351831271073234], 0, -1.0, [-0.5050856625312123, -0.03491732721003893]
[-0.5050856625312123, -0.03491732721003893], 0, -1.0, [-0.5411417667179061, -0.03605610418669378]
[-0.5411417667179061, -0.03605610418669378], 0, -1.0, [-0.5780663592012065, -0.03692459248330037]
[-0.5780663592012065, -0.03692459248330037], 0, -1.0, [-0.6155842602689583, -0.03751790106775179]
[-0.6155842602689583, -0.03751790106775179], 0, -1.0, [-0.6534209930165823, -0.03783673274762398]
[-0.6534209930165823, -0.03783673274762398], 0, -1.0, [-0.6913084881069291, -0.037887495090346876]
[-0.6913084881069291, -0.037887495090346876], 0, -1.0, [-0.7289905600385179, -0.03768207193158875]
[-0.7289905600385179, -0.03768207193158875], 0, -1.0, [-0.7662278366677912, -0.037237276629273224]
[-0.7662278366677912, -0.037237276629273224], 0, -1.0, [-0.8028018789702283, -0.036574042302437125]
[-0.8028018789702283, -0.036574042302437125], 0, -1.0, [-0.8385183080304152, -0.035716429060186856]
[-0.8385183080304152, -0.035716429060186856], 0, -1.0, [-0.8732088483149556, -0.034690540284540404]
[-0.8732088483149556, -0.034690540284540404], 0, -1.0, [-0.9067322871428474, -0.033523438827891765]
[-0.9067322871428474, -0.033523438827891765], 0, -1.0, [-0.9389744287152467, -0.032242141572399394]
[-0.9389744287152467, -0.032242141572399394], 0, -1.0, [-0.9698471796664079, -0.03087275095116112]
[-0.9698471796664079, -0.03087275095116112], 0, -1.0, [-0.9992869387696508, -0.029439759103242952]
[-0.9992869387696508, -0.029439759103242952], 0, -1.0, [-1.0272524769977536, -0.02796553822810271]
[-1.0272524769977536, -0.02796553822810271], 2, -1.0, [-1.0517224892081136, -0.024470012210360007]
[-1.0517224892081136, -0.024470012210360007], 2, -1.0, [-1.0726927317594066, -0.02097024255129288]
[-1.0726927317594066, -0.02097024255129288], 2, -1.0, [-1.0901702832941136, -0.01747755153470701]
[-1.0901702832941136, -0.01747755153470701], 2, -1.0, [-1.1041685809483919, -0.013998297654278225]
[-1.1041685809483919, -0.013998297654278225], 2, -1.0, [-1.1147033039089473, -0.010534722960555356]
[-1.1147033039089473, -0.010534722960555356], 2, -1.0, [-1.1217891184413973, -0.007085814532449868]
[-1.1217891184413973, -0.007085814532449868], 2, -1.0, [-1.1254372661061403, -0.0036481476647429126]
[-1.1254372661061403, -0.0036481476647429126], 2, -1.0, [-1.1256539645254935, -0.00021669841935327474]
[-1.1256539645254935, -0.00021669841935327474], 2, -1.0, [-1.1224395921946009, 0.0032143723308925122]
[-1.1224395921946009, 0.0032143723308925122], 2, -1.0, [-1.1157886402451054, 0.006650951949495505]
[-1.1157886402451054, 0.006650951949495505], 2, -1.0, [-1.1056904300955408, 0.010098210149564668]
[-1.1056904300955408, 0.010098210149564668], 2, -1.0, [-1.092130612217058, 0.013559817878482736]
[-1.092130612217058, 0.013559817878482736], 2, -1.0, [-1.0750934734904793, 0.01703713872657857]
[-1.0750934734904793, 0.01703713872657857], 2, -1.0, [-1.0545650842085208, 0.020528389281958614]
[-1.0545650842085208, 0.020528389281958614], 2, -1.0, [-1.0305373055578078, 0.024027778650713098]
[-1.0305373055578078, 0.024027778650713098], 2, -1.0, [-1.0030126488496882, 0.027524656708119554]
[-1.0030126488496882, 0.027524656708119554], 2, -1.0, [-0.9720099234388395, 0.03100272541084869]
[-0.9720099234388395, 0.03100272541084869], 2, -1.0, [-0.9375705271034647, 0.03443939633537487]
[-0.9375705271034647, 0.03443939633537487], 2, -1.0, [-0.8997651199381953, 0.03780540716526932]
[-0.8997651199381953, 0.03780540716526932], 2, -1.0, [-0.858700285851526, 0.04106483408666929]
[-0.858700285851526, 0.04106483408666929], 2, -1.0, [-0.8145246388075543, 0.04417564704397168]
[-0.8145246388075543, 0.04417564704397168], 2, -1.0, [-0.7674336991389495, 0.04709093966860482]
[-0.7674336991389495, 0.04709093966860482], 2, -1.0, [-0.7176727839800409, 0.04976091515890868]
[-0.7176727839800409, 0.04976091515890868], 2, -1.0, [-0.6655371657626358, 0.05213561821740514]
[-0.6655371657626358, 0.05213561821740514], 2, -1.0, [-0.6113688893038304, 0.05416827645880537]
[-0.6113688893038304, 0.05416827645880537], 2, -1.0, [-0.5555499173001761, 0.055818972003654245]
[-0.5555499173001761, 0.055818972003654245], 2, -1.0, [-0.4984916785192522, 0.057058238780923906]
[-0.4984916785192522, 0.057058238780923906], 2, -1.0, [-0.4406215649669004, 0.057870113552351804]
[-0.4406215649669004, 0.057870113552351804], 2, -1.0, [-0.38236737307236873, 0.05825419189453166]
[-0.38236737307236873, 0.05825419189453166], 2, -1.0, [-0.3241410081855493, 0.05822636488681941]
[-0.3241410081855493, 0.05822636488681941], 2, -1.0, [-0.2663228911870468, 0.05781811699850256]
[-0.2663228911870468, 0.05781811699850256], 2, -1.0, [-0.2092483896060395, 0.05707450158100726]
[-0.2092483896060395, 0.05707450158100726], 2, -1.0, [-0.1531972727126466, 0.056051116893392885]
[-0.1531972727126466, 0.056051116893392885], 2, -1.0, [-0.09838673990535049, 0.05481053280729611]
[-0.09838673990535049, 0.05481053280729611], 2, -1.0, [-0.04496809596751502, 0.05341864393783547]
[-0.04496809596751502, 0.05341864393783547], 2, -1.0, [0.006973262448853539, 0.05194135841636856]
[0.006973262448853539, 0.05194135841636856], 2, -1.0, [0.05741516789214998, 0.05044190544329644]
[0.05741516789214998, 0.05044190544329644], 2, -1.0, [0.10639406737834009, 0.04897889948619011]
[0.10639406737834009, 0.04897889948619011], 2, -1.0, [0.15399923598329449, 0.0476051686049544]
[0.15399923598329449, 0.0476051686049544], 2, -1.0, [0.2003664950096148, 0.046367259026320294]
[0.2003664950096148, 0.046367259026320294], 0, -1.0, [0.243671968285365, 0.04330547327575021]
[0.243671968285365, 0.04330547327575021], 2, -1.0, [0.28611620020654643, 0.042444231921181436]
[0.28611620020654643, 0.042444231921181436], 2, -1.0, [0.32792621193098637, 0.041810011724439954]
[0.32792621193098637, 0.041810011724439954], 2, -1.0, [0.3693515225790762, 0.04142531064808986]
[0.3693515225790762, 0.04142531064808986], 2, -1.0, [0.4106608252388987, 0.04130930265982248]
[0.4106608252388987, 0.04130930265982248], 1, -1.0, [0.45113920637278787, 0.0404783811338892]
[0.45113920637278787, 0.0404783811338892], 1, -1.0, [0.491078410597248, 0.03993920422446015]
[0.491078410597248, 0.03993920422446015], 1, -1.0, [0.5307740988179462, 0.03969568822069828]
