[-0.40163749864563736, 0.0], 0, -1.0, [-0.4035319355515324, -0.0018944369058950218]
[-0.4035319355515324, -0.0018944369058950218], 0, -1.0, [-0.40730752718831253, -0.0037755916367801304]
[-0.40730752718831253, -0.0037755916367801304], 0, -1.0, [-0.41293771786810796, -0.005630190679795428]
[-0.41293771786810796, -0.005630190679795428], 0, -1.0, [-0.4203827049372818, -0.007444987069173875]
[-0.4203827049372818, -0.007444987069173875], 0, -1.0, [-0.4295895010015459, -0.009206796064264108]
[-0.4295895010015459, -0.009206796064264108], 0, -1.0, [-0.4404920568910936, -0.010902555889547721]
[-0.4404920568910936, -0.010902555889547721], 0, -1.0, [-0.4530114757630242, -0.012519418871930577]
[-0.4530114757630242, -0.012519418871930577], 0, -1.0, [-0.46705635155390474, -0.014044875790880554]
[-0.46705635155390474, -0.014044875790880554], 0, -1.0, [-0.4825232648008249, -0.015466913246920167]
[-0.4825232648008249, -0.015466913246920167], 0, -1.0, [-0.4992974653172997, -0.01677420051647474]
[-0.4992974653172997, -0.01677420051647474], 0, -1.0, [-0.5172537642524643, -0.01795629893516456]
[-0.5172537642524643, -0.01795629893516456], 0, -1.0, [-0.5362576478990198, -0.019003883646555437]
[-0.5362576478990198, -0.019003883646555437], 0, -1.0, [-0.556166612822827, -0.019908964923807233]
[-0.556166612822827, -0.019908964923807233], 0, -1.0, [-0.5768317073967556, -0.020665094573928587]
[-0.5768317073967556, -0.020665094573928587], 0, -1.0, [-0.5980992498657138, -0.021267542468958178]
[-0.5980992498657138, -0.021267542468958178], 2, -1.0, [-0.6178126790648258, -0.019713429199112013]
[-0.6178126790648258, -0.019713429199112013], 0, -1.0, [-0.6378288744852747, -0.020016195420448843]
[-0.6378288744852747, -0.020016195420448843], 0, -1.0, [-0.6580050144757943, -0.02017613999051962]
[-0.6580050144757943, -0.02017613999051962], 0, -1.0, [-0.6782002020805172, -0.020195187604722917]
[-0.6782002020805172, -0.020195187604722917], 0, -1.0, [-0.6982770053844461, -0.020076803303928897]
[-0.6982770053844461, -0.020076803303928897], 0, -1.0, [-0.7181028650261926, -0.01982585964174643]
[-0.7181028650261926, -0.01982585964174643], 0, -1.0, [-0.7375513285885106, -0.01944846356231797]
[-0.7375513285885106, -0.01944846356231797], 0, -1.0, [-0.7565030810746892, -0.01895175248617869]
[-0.7565030810746892, -0.01895175248617869], 0, -1.0, [-0.7748467517156288, -0.018343670640939606]
[-0.7748467517156288, -0.018343670640939606], 2, -1.0, [-0.7904794889389054, -0.015632737223276662]
[-0.7904794889389054, -0.015632737223276662], 2, -1.0, [-0.8033177178466029, -0.012838228907697528]
[-0.8033177178466029, -0.012838228907697528], 2, -1.0, [-0.8132957465829621, -0.0099780287363592]
[-0.8132957465829621, -0.0099780287363592], 2, -1.0, [-0.8203644192747975, -0.00706867269183537]
[-0.8203644192747975, -0.00706867269183537], 2, -1.0, [-0.8244899454535612, -0.004125526178763719]
[-0.8244899454535612, -0.004125526178763719], 2, -1.0, [-0.8256530066613972, -0.0011630612078358925]
[-0.8256530066613972, -0.0011630612078358925], 2, -1.0, [-0.8238482108641298, 0.00180479579726728]
[-0.8238482108641298, 0.00180479579726728], 2, -1.0, [-0.819083935455336, 0.004764275408793872]
[-0.819083935455336, 0.004764275408793872], 2, -1.0, [-0.811382570279047, 0.0077013651762888906]
[-0.811382570279047, 0.0077013651762888906], 2, -1.0, [-0.800781142924341, 0.010601427354706091]
[-0.800781142924341, 0.010601427354706091], 2, -1.0, [-0.7873322790966634, 0.013448863827677595]
[-0.7873322790966634, 0.013448863827677595], 2, -1.0, [-0.7711054209339521, 0.016226858162711244]
[-0.7711054209339521, 0.016226858162711244], 2, -1.0, [-0.752188196115539, 0.01891722481841304]
[-0.752188196115539, 0.01891722481841304], 2, -1.0, [-0.7306878018443093, 0.021500394271229784]
[-0.7306878018443093, 0.021500394271229784], 2, -1.0, [-0.7067322427182631, 0.023955559126046185]
[-0.7067322427182631, 0.023955559126046185], 2, -1.0, [-0.6804712436860686, 0.02626099903219452]
[-0.6804712436860686, 0.02626099903219452], 2, -1.0, [-0.6520766530111519, 0.028394590674916644]
[-0.6520766530111519, 0.028394590674916644], 2, -1.0, [-0.6217421598584741, 0.030334493152677815]
[-0.6217421598584741, 0.030334493152677815], 2, -1.0, [-0.5896821802760278, 0.032059979582446295]
[-0.5896821802760278, 0.032059979582446295], 2, -1.0, [-0.5561298153916121, 0.033552364884415764]
[-0.5561298153916121, 0.033552364884415764], 2, -1.0, [-0.5213338548233319, 0.03479596056828012]
[-0.5213338548233319, 0.03479596056828012], 2, -1.0, [-0.48555488103015354, 0.0357789737931784]
[-0.48555488103015354, 0.0357789737931784], 2, -1.0, [-0.4490606173978875, 0.03649426363226602]
[-0.4490606173978875, 0.03649426363226602], 2, -1.0, [-0.41212074263168025, 0.036939874766207255]
[-0.41212074263168025, 0.036939874766207255], 2, -1.0, [-0.3750014545515381, 0.037119288080142164]
[-0.3750014545515381, 0.037119288080142164], 2, -1.0, [-0.337960097920422, 0.037041356631116136]
[-0.337960097920422, 0.037041356631116136], 2, -1.0, [-0.30124016821248967, 0.036719929707932294]
[-0.30124016821248967, 0.036719929707932294], 2, -1.0, [-0.2650669667580287, 0.03617320145446094]
[-0.2650669667580287, 0.03617320145446094], 2, -1.0, [-0.22964411864485787, 0.035422848113170834]
[-0.22964411864485787, 0.035422848113170834], 2, -1.0, [-0.1951510834578254, 0.03449303518703249]
[-0.1951510834578254, 0.03449303518703249], 2, -1.0, [-0.16174170255999826, 0.03340938089782715]
[-0.16174170255999826, 0.03340938089782715], 2, -1.0, [-0.12954374661120224, 0.03219795594879602]
[-0.12954374661120224, 0.03219795594879602], 2, -1.0, [-0.098659362112513, 0.03088438449868925]
[-0.098659362112513, 0.03088438449868925], 2, -1.0, [-0.06916627090389235, 0.029493091208620644]
[-0.06916627090389235, 0.029493091208620644], 2, -1.0, [-0.04111955282573025, 0.028046718078162104]
[-0.04111955282573025, 0.028046718078162104], 2, -1.0, [-0.014553837158726275, 0.026565715667003977]
[-0.014553837158726275, 0.026565715667003977], 2, -1.0, [0.01051426103923173, 0.025068098197958005]
[0.01051426103923173, 0.025068098197958005], 2, -1.0, [0.03408360281803501, 0.023569341778803283]
[0.03408360281803501, 0.023569341778803283], 2, -1.0, [0.056166002248948105, 0.02208239943091309]
[0.056166002248948105, 0.02208239943091309], 2, -1.0, [0.0767838072652875, 0.020617805016339398]
[0.0767838072652875, 0.020617805016339398], 2, -1.0, [0.09596764673509262, 0.019183839469805116]
[0.09596764673509262, 0.019183839469805116], 2, -1.0, [0.11375438263746485, 0.017786735902372227]
[0.11375438263746485, 0.017786735902372227], 2, -1.0, [0.13018528686480313, 0.01643090422733828]
[0.13018528686480313, 0.01643090422733828], 2, -1.0, [0.1453044471290911, 0.015119160264287983]
[0.1453044471290911, 0.015119160264287983], 2, -1.0, [0.15915739546202862, 0.013852948332937508]
[0.15915739546202862, 0.013852948332937508], 2, -1.0, [0.17178994534660197, 0.012632549884573366]
[0.17178994534660197, 0.012632549884573366], 2, -1.0, [0.18324721896706175, 0.011457273620459785]
[0.18324721896706175, 0.011457273620459785], 1, -1.0, [0.19257284377190353, 0.009325624804841785]
[0.19257284377190353, 0.009325624804841785], 0, -1.0, [0.19880419164838056, 0.006231347876477018]
[0.19880419164838056, 0.006231347876477018], 0, -1.0, [0.20196714974423408, 0.003162958095853512]
[0.20196714974423408, 0.003162958095853512], 0, -1.0, [0.2020751352066436, 0.00010798546240951877]
[0.2020751352066436, 0.00010798546240951877], 0, -1.0, [0.19912860937900345, -0.0029465258276401662]
[0.19912860937900345, -0.0029465258276401662], 0, -1.0, [0.1931150613874423, -0.006013547991561143]
[0.1931150613874423, -0.006013547991561143], 0, -1.0, [0.18400946008260122, -0.009105601304841079]
[0.18400946008260122, -0.009105601304841079], 0, -1.0, [0.17177520237637492, -0.012234257706226293]
[0.17177520237637492, -0.012234257706226293], 0, -1.0, [0.1563656139118774, -0.015409588464497526]
[0.1563656139118774, -0.015409588464497526], 0, -1.0, [0.13772608306611142, -0.018639530845765962]
[0.13772608306611142, -0.018639530845765962], 0, -1.0, [0.11579692893750886, -0.02192915412860257]
[0.11579692893750886, -0.02192915412860257], 1, -1.0, [0.09151711428967244, -0.024279814647836424]
[0.09151711428967244, -0.024279814647836424], 0, -1.0, [0.06383093231126356, -0.027686181978408872]
[0.06383093231126356, -0.027686181978408872], 0, -1.0, [0.03269044730017277, -0.031140485011090787]
[0.03269044730017277, -0.031140485011090787], 1, -1.0, [-0.0009380248587114448, -0.03362847215888422]
[-0.0009380248587114448, -0.03362847215888422], 1, -1.0, [-0.03706648711883254, -0.0361284622601211]
[-0.03706648711883254, -0.0361284622601211], 2, -1.0, [-0.07467950864933527, -0.03761302153050273]
[-0.07467950864933527, -0.03761302153050273], 0, -1.0, [-0.11573005059845887, -0.041050541949123595]
[-0.11573005059845887, -0.041050541949123595], 0, -1.0, [-0.16013142378278464, -0.04440137318432577]
[-0.16013142378278464, -0.04440137318432577], 0, -1.0, [-0.20774982893597088, -0.04761840515318624]
[-0.20774982893597088, -0.04761840515318624], 0, -1.0, [-0.25839819933156133, -0.050648370395590454]
[-0.25839819933156133, -0.050648370395590454], 0, -1.0, [-0.3118322818701135, -0.0534340825385522]
[-0.3118322818701135, -0.0534340825385522], 0, -1.0, [-0.36774991088760767, -0.05591762901749414]
[-0.36774991088760767, -0.05591762901749414], 0, -1.0, [-0.42579428376934575, -0.05804437288173807]
[-0.42579428376934575, -0.05804437288173807], 0, -1.0, [-0.48556171038809054, -0.05976742661874478]
[-0.48556171038809054, -0.05976742661874478], 0, -1.0, [-0.5466137962807396, -0.06105208589264903]
[-0.5466137962807396, -0.06105208589264903], 0, -1.0, [-0.6084934066326841, -0.06187961035194459]
[-0.6084934066326841, -0.06187961035194459], 0, -1.0, [-0.6707431682071406, -0.06224976157445646]
[-0.6707431682071406, -0.06224976157445646], 2, -1.0, [-0.730924840538585, -0.06018167233144429]
[-0.730924840538585, -0.06018167233144429], 0, -1.0, [-0.790649902788114, -0.05972506224952906]
[-0.790649902788114, -0.05972506224952906], 1, -1.0, [-0.8485795670820085, -0.05792966429389454]
[-0.8485795670820085, -0.05792966429389454], 1, -1.0, [-0.9044400575029633, -0.05586049042095478]
[-0.9044400575029633, -0.05586049042095478], 1, -1.0, [-0.9580263365609382, -0.053586279057974834]
[-0.9580263365609382, -0.053586279057974834], 0, -1.0, [-1.01020153785387, -0.052175201292931885]
[-1.01020153785387, -0.052175201292931885], 0, -1.0, [-1.0608921212781581, -0.050690583424288185]
[-1.0608921212781581, -0.050690583424288185], 0, -1.0, [-1.110084814244761, -0.04919269296660283]
[-1.110084814244761, -0.04919269296660283], 0, -1.0, [-1.1578218669894271, -0.047737052744666025]
[-1.1578218669894271, -0.047737052744666025], 1, -1.0, [-1.2, 0.0]
[-1.2, 0.0], 2, -1.0, [-1.1967581039591646, 0.003241896040835368]
[-1.1967581039591646, 0.003241896040835368], 2, -1.0, [-1.1902636585360942, 0.006494445423070332]
[-1.1902636585360942, 0.006494445423070332], 2, -1.0, [-1.1804959639787937, 0.009767694557300442]
[-1.1804959639787937, 0.009767694557300442], 2, -1.0, [-1.1674255149588486, 0.013070449019945182]
[-1.1674255149588486, 0.013070449019945182], 2, -1.0, [-1.1510159267200155, 0.016409588238833067]
[-1.1510159267200155, 0.016409588238833067], 2, -1.0, [-1.1312266168239755, 0.019789309896040046]
[-1.1312266168239755, 0.019789309896040046], 2, -1.0, [-1.108016322100852, 0.02321029472312345]
[-1.108016322100852, 0.02321029472312345], 2, -1.0, [-1.081347524946184, 0.02666879715466819]
[-1.081347524946184, 0.02666879715466819], 2, -1.0, [-1.0511918363028878, 0.03015568864329602]
[-1.0511918363028878, 0.03015568864329602], 2, -1.0, [-1.0175363271434712, 0.0336555091594167]
[-1.0175363271434712, 0.0336555091594167], 2, -1.0, [-0.9803907090723114, 0.03714561807115983]
[-0.9803907090723114, 0.03714561807115983], 2, -1.0, [-0.9397951336374217, 0.04059557543488971]
[-0.9397951336374217, 0.04059557543488971], 2, -1.0, [-0.8958282112564235, 0.043966922380998245]
[-0.8958282112564235, 0.043966922380998245], 2, -1.0, [-0.8486146572192776, 0.04721355403714586]
[-0.8486146572192776, 0.04721355403714586], 2, -1.0, [-0.7983317816221248, 0.05028287559715283]
[-0.7983317816221248, 0.05028287559715283], 2, -1.0, [-0.7452138959379592, 0.0531178856841656]
[-0.7452138959379592, 0.0531178856841656], 2, -1.0, [-0.6895536666604415, 0.0556602292775177]
[-0.6895536666604415, 0.0556602292775177], 2, -1.0, [-0.6316995610792892, 0.057854105581152386]
[-0.6316995610792892, 0.057854105581152386], 2, -1.0, [-0.5720488365336812, 0.05965072454560789]
[-0.5720488365336812, 0.05965072454560789], 2, -1.0, [-0.5110360146660762, 0.061012821867605024]
[-0.5110360146660762, 0.061012821867605024], 2, -1.0, [-0.44911739120176025, 0.061918623464315904]
[-0.44911739120176025, 0.061918623464315904], 0, -1.0, [-0.38875274139346727, 0.060364649808292994]
[-0.38875274139346727, 0.060364649808292994], 2, -1.0, [-0.32837207705357385, 0.06038066433989344]
[-0.32837207705357385, 0.06038066433989344], 2, -1.0, [-0.2683733283600101, 0.05999874869356373]
[-0.2683733283600101, 0.05999874869356373], 2, -1.0, [-0.20910714151922263, 0.05926618684078747]
[-0.20910714151922263, 0.05926618684078747], 2, -1.0, [-0.150864961369443, 0.05824218014977964]
[-0.150864961369443, 0.05824218014977964], 2, -1.0, [-0.09387106968697095, 0.05699389168247204]
[-0.09387106968697095, 0.05699389168247204], 2, -1.0, [-0.03827869892580363, 0.055592370761167326]
[-0.03827869892580363, 0.055592370761167326], 2, -1.0, [0.015830137889556874, 0.0541088368153605]
[0.015830137889556874, 0.0541088368153605], 2, -1.0, [0.06844179334934566, 0.0526116554597888]
[0.06844179334934566, 0.0526116554597888], 2, -1.0, [0.1196059620691326, 0.05116416871978693]
[0.1196059620691326, 0.05116416871978693], 1, -1.0, [0.16842934929416176, 0.048823387225029144]
[0.16842934929416176, 0.048823387225029144], 1, -1.0, [0.21506514882316063, 0.04663579952899888]
[0.21506514882316063, 0.04663579952899888], 1, -1.0, [0.2597034927282373, 0.04463834390507663]
[0.2597034927282373, 0.04463834390507663], 1, -1.0, [0.30256298953566246, 0.042859496807425165]
[0.30256298953566246, 0.042859496807425165], 1, -1.0, [0.3438835646510231, 0.04132057511536066]
[0.3438835646510231, 0.04132057511536066], 1, -1.0, [0.3839206322514623, 0.04003706760043918]
[0.3839206322514623, 0.04003706760043918], 1, -1.0, [0.42294050332224453, 0.03901987107078225]
[0.42294050332224453, 0.03901987107078225], 1, -1.0, [0.46121685878362506, 0.03827635546138052]
[0.46121685878362506, 0.03827635546138052], 1, -1.0, [0.49902807613415934, 0.03781121735053429]
[0.49902807613415934, 0.03781121735053429], 1, -1.0, [0.5366551800736854, 0.03762710393952609]
