[-0.40672781475326925, 0.0], 0, -1.0, [-0.40858649842364064, -0.0018586836703713978]
[-0.40858649842364064, -0.0018586836703713978], 0, -1.0, [-0.4122907604396658, -0.0037042620160251125]
[-0.4122907604396658, -0.0037042620160251125], 0, -1.0, [-0.41781440454874164, -0.005523644109075826]
[-0.41781440454874164, -0.005523644109075826], 0, -1.0, [-0.4251181810150059, -0.007303776466264266]
[-0.4251181810150059, -0.007303776466264266], 0, -1.0, [-0.4341498637847101, -0.009031682769704147]
[-0.4341498637847101, -0.009031682769704147], 0, -1.0, [-0.4448443908159698, -0.01069452703125975]
[-0.4448443908159698, -0.01069452703125975], 0, -1.0, [-0.457124095935095, -0.012279705119125201]
[-0.457124095935095, -0.012279705119125201], 0, -1.0, [-0.47089906309856383, -0.013774967163468835]
[-0.47089906309856383, -0.013774967163468835], 0, -1.0, [-0.4860676336035107, -0.015168570504946835]
[-0.4860676336035107, -0.015168570504946835], 0, -1.0, [-0.5025170933093147, -0.016449459705804068]
[-0.5025170933093147, -0.016449459705804068], 0, -1.0, [-0.5201245602466414, -0.01760746693732677]
[-0.5201245602466414, -0.01760746693732677], 0, -1.0, [-0.5387580833273464, -0.01863352308070501]
[-0.5387580833273464, -0.01863352308070501], 0, -1.0, [-0.5582779507874176, -0.019519867460071137]
[-0.5582779507874176, -0.019519867460071137], 0, -1.0, [-0.5785381933805709, -0.02026024259315329]
[-0.5785381933805709, -0.02026024259315329], 0, -1.0, [-0.5993882533486142, -0.02085005996804338]
[-0.5993882533486142, -0.02085005996804338], 0, -1.0, [-0.6206747771441709, -0.021286523795556674]
[-0.6206747771441709, -0.021286523795556674], 0, -1.0, [-0.6422434790969153, -0.02156870195274445]
[-0.6422434790969153, -0.02156870195274445], 0, -1.0, [-0.66394101585244, -0.021697536755524754]
[-0.66394101585244, -0.021697536755524754], 0, -1.0, [-0.6856168082945988, -0.02167579244215883]
[-0.6856168082945988, -0.02167579244215883], 0, -1.0, [-0.7071247491506532, -0.02150794085605435]
[-0.7071247491506532, -0.02150794085605435], 0, -1.0, [-0.7283247404238364, -0.02119999127318326]
[-0.7283247404238364, -0.02119999127318326], 0, -1.0, [-0.7490840145634494, -0.020759274139612954]
[-0.7490840145634494, -0.020759274139612954], 0, -1.0, [-0.7692782058467824, -0.020194191283332993]
[-0.7692782058467824, -0.020194191283332993], 0, -1.0, [-0.7887921525592898, -0.019513946712507373]
[-0.7887921525592898, -0.019513946712507373], 2, -1.0, [-0.8055204249177825, -0.01672827235849274]
[-0.8055204249177825, -0.01672827235849274], 2, -1.0, [-0.8193775007433276, -0.013857075825545056]
[-0.8193775007433276, -0.013857075825545056], 2, -1.0, [-0.8302960956957277, -0.010918594952400093]
[-0.8302960956957277, -0.010918594952400093], 2, -1.0, [-0.8382255473279506, -0.007929451632222879]
[-0.8382255473279506, -0.007929451632222879], 2, -1.0, [-0.8431303975140173, -0.004904850186066666]
[-0.8431303975140173, -0.004904850186066666], 0, -1.0, [-0.8469892854818781, -0.0038588879678607894]
[-0.8469892854818781, -0.0038588879678607894], 2, -1.0, [-0.8477857167826538, -0.0007964313007756659]
[-0.8477857167826538, -0.0007964313007756659], 2, -1.0, [-0.8455163214849626, 0.0022693952976912198]
[-0.8455163214849626, 0.0022693952976912198], 2, -1.0, [-0.8401907330669606, 0.0053255884180020635]
[-0.8401907330669606, 0.0053255884180020635], 2, -1.0, [-0.8318319318661362, 0.008358801200824367]
[-0.8318319318661362, 0.008358801200824367], 2, -1.0, [-0.8204770310226467, 0.011354900843489581]
[-0.8204770310226467, 0.011354900843489581], 2, -1.0, [-0.8061784523779715, 0.0142985786446752]
[-0.8061784523779715, 0.0142985786446752], 2, -1.0, [-0.7890054080226058, 0.01717304435536576]
[-0.7890054080226058, 0.01717304435536576], 2, -1.0, [-0.7690455702946606, 0.019959837727945136]
[-0.7690455702946606, 0.019959837727945136], 2, -1.0, [-0.746406780339014, 0.02263878995564656]
[-0.746406780339014, 0.02263878995564656], 2, -1.0, [-0.7212186155719446, 0.025188164767069424]
[-0.7212186155719446, 0.025188164767069424], 2, -1.0, [-0.6936336137137259, 0.02758500185821868]
[-0.6936336137137259, 0.02758500185821868], 2, -1.0, [-0.6638279407091617, 0.029805673004564152]
[-0.6638279407091617, 0.029805673004564152], 2, -1.0, [-0.6320012974520204, 0.03182664325714133]
[-0.6320012974520204, 0.03182664325714133], 2, -1.0, [-0.5983758904982992, 0.03362540695372118]
[-0.5983758904982992, 0.03362540695372118], 2, -1.0, [-0.563194347266931, 0.035181543231368184]
[-0.563194347266931, 0.035181543231368184], 2, -1.0, [-0.5267165351364309, 0.03647781213050008]
[-0.5267165351364309, 0.03647781213050008], 2, -1.0, [-0.48921534015033524, 0.037501194986095665]
[-0.48921534015033524, 0.037501194986095665], 2, -1.0, [-0.45097156387424364, 0.03824377627609158]
[-0.45097156387424364, 0.03824377627609158], 2, -1.0, [-0.412268192168516, 0.038703371705727616]
[-0.412268192168516, 0.038703371705727616], 2, -1.0, [-0.3733843624665529, 0.038883829701963114]
[-0.3733843624665529, 0.038883829701963114], 2, -1.0, [-0.3345893943824294, 0.03879496808412348]
[-0.3345893943824294, 0.03879496808412348], 2, -1.0, [-0.296137245449959, 0.03845214893247038]
[-0.296137245449959, 0.03845214893247038], 2, -1.0, [-0.25826171008497256, 0.03787553536498647]
[-0.25826171008497256, 0.03787553536498647], 2, -1.0, [-0.22117260313342973, 0.03708910695154283]
[-0.22117260313342973, 0.03708910695154283], 2, -1.0, [-0.18505307248102515, 0.03611953065240458]
[-0.18505307248102515, 0.03611953065240458], 2, -1.0, [-0.15005808315595234, 0.0349949893250728]
[-0.15005808315595234, 0.0349949893250728], 2, -1.0, [-0.11631402207130485, 0.03374406108464749]
[-0.11631402207130485, 0.03374406108464749], 2, -1.0, [-0.08391929836233548, 0.03239472370896937]
[-0.08391929836233548, 0.03239472370896937], 2, -1.0, [-0.052945764690031906, 0.03097353367230358]
[-0.052945764690031906, 0.03097353367230358], 2, -1.0, [-0.023440760658349876, 0.02950500403168203]
[-0.023440760658349876, 0.02950500403168203], 2, -1.0, [0.00457042235550956, 0.028011183013859436]
[0.00457042235550956, 0.028011183013859436], 2, -1.0, [0.03108184036424311, 0.02651141800873355]
[0.03108184036424311, 0.02651141800873355], 2, -1.0, [0.05610411890944249, 0.025022278545199374]
[0.05610411890944249, 0.025022278545199374], 2, -1.0, [0.07966172524792725, 0.023557606338484766]
[0.07966172524792725, 0.023557606338484766], 2, -1.0, [0.1017903848338454, 0.022128659585918135]
[0.1017903848338454, 0.022128659585918135], 2, -1.0, [0.12253470584049449, 0.020744321006649094]
[0.12253470584049449, 0.020744321006649094], 2, -1.0, [0.14194604920474735, 0.019411343364252875]
[0.14194604920474735, 0.019411343364252875], 2, -1.0, [0.16008066050070885, 0.01813461129596151]
[0.16008066050070885, 0.01813461129596151], 2, -1.0, [0.17699806390968834, 0.01691740340897948]
[0.17699806390968834, 0.01691740340897948], 2, -1.0, [0.192759707200857, 0.01576164329116866]
[0.192759707200857, 0.01576164329116866], 2, -1.0, [0.20742783925841446, 0.014668132057557473]
[0.20742783925841446, 0.014668132057557473], 2, -1.0, [0.2210645974866375, 0.013636758228223059]
[0.2210645974866375, 0.013636758228223059], 2, -1.0, [0.23373128062044068, 0.012666683133803164]
[0.23373128062044068, 0.012666683133803164], 2, -1.0, [0.245487782383305, 0.0117565017628643]
[0.245487782383305, 0.0117565017628643], 2, -1.0, [0.25639216250197644, 0.010904380118671446]
[0.25639216250197644, 0.010904380118671446], 2, -1.0, [0.26650033336520046, 0.010108170863223999]
[0.26650033336520046, 0.010108170863223999], 2, -1.0, [0.2758658427703925, 0.009365509405192023]
[0.2758658427703925, 0.009365509405192023], 2, -1.0, [0.2845397355007183, 0.008673892730325802]
[0.2845397355007183, 0.008673892730325802], 2, -1.0, [0.29257047875491304, 0.008030743254194726]
[0.29257047875491304, 0.008030743254194726], 2, -1.0, [0.30000393861120783, 0.0074334598562947616]
[0.30000393861120783, 0.0074334598562947616], 2, -1.0, [0.3068833966860855, 0.006879458074877673]
[0.3068833966860855, 0.006879458074877673], 2, -1.0, [0.31324959792005846, 0.00636620123397299]
[0.31324959792005846, 0.00636620123397299], 2, -1.0, [0.3191408219788973, 0.005891224058838874]
[0.3191408219788973, 0.005891224058838874], 2, -1.0, [0.32459297210582366, 0.005452150126926358]
[0.32459297210582366, 0.005452150126926358], 2, -1.0, [0.3296396764122391, 0.005046704306415465]
[0.3296396764122391, 0.005046704306415465], 2, -1.0, [0.3343123975699686, 0.004672721157729498]
[0.3343123975699686, 0.004672721157729498], 2, -1.0, [0.3386405476867979, 0.004328150116829275]
[0.3386405476867979, 0.004328150116829275], 2, -1.0, [0.3426516058293353, 0.004011058142537378]
[0.3426516058293353, 0.004011058142537378], 2, -1.0, [0.346371236221964, 0.003719630392628696]
[0.346371236221964, 0.003719630392628696], 2, -1.0, [0.34982340561533093, 0.0034521693933669403]
[0.34982340561533093, 0.0034521693933669403], 2, -1.0, [0.3530304986980582, 0.003207093082727276]
[0.3530304986980582, 0.003207093082727276], 2, -1.0, [0.3560134307348804, 0.0029829320368221857]
[0.3560134307348804, 0.0029829320368221857], 2, -1.0, [0.3587917568650847, 0.002778326130204285]
[0.3587917568650847, 0.002778326130204285], 2, -1.0, [0.3613837776971371, 0.00259202083205239]
[0.3613837776971371, 0.00259202083205239], 2, -1.0, [0.36380664099735827, 0.0024228633002211742]
[0.36380664099735827, 0.0024228633002211742], 2, -1.0, [0.36607643939975437, 0.002269798402396105]
[0.36607643939975437, 0.002269798402396105], 2, -1.0, [0.3682083041667226, 0.002131864766968225]
[0.3682083041667226, 0.002131864766968225], 2, -1.0, [0.3702164951114417, 0.002008190944719105]
[0.3702164951114417, 0.002008190944719105], 2, -1.0, [0.3721144868565702, 0.0018979917451285157]
[0.3721144868565702, 0.0018979917451285157], 2, -1.0, [0.37391505165393485, 0.0018005647973646192]
[0.37391505165393485, 0.0018005647973646192], 2, -1.0, [0.37563033902912035, 0.001715287375185513]
[0.37563033902912035, 0.001715287375185513], 2, -1.0, [0.3772719525456907, 0.0016416135165703263]
[0.3772719525456907, 0.0016416135165703263], 2, -1.0, [0.37885102400818416, 0.0015790714624935006]
[0.37885102400818416, 0.0015790714624935006], 2, -1.0, [0.3803782854427012, 0.0015272614345170463]
[0.3803782854427012, 0.0015272614345170463], 2, -1.0, [0.3818641392102258, 0.0014858537675245841]
[0.3818641392102258, 0.0014858537675245841], 2, -1.0, [0.3833187266219583, 0.0014545874117325504]
[0.3833187266219583, 0.0014545874117325504], 2, -1.0, [0.3847519954388653, 0.0014332688169069467]
[0.3847519954388653, 0.0014332688169069467], 2, -1.0, [0.3861737666502096, 0.0014217712113442666]
[0.3861737666502096, 0.0014217712113442666], 2, -1.0, [0.3875938009387393, 0.0014200342885297066]
[0.3875938009387393, 0.0014200342885297066], 2, -1.0, [0.38902186525411664, 0.001428064315377361]
[0.38902186525411664, 0.001428064315377361], 2, -1.0, [0.3904677999316372, 0.001445934677520604]
[0.3904677999316372, 0.001445934677520604], 2, -1.0, [0.3919415868108465, 0.0014737868792093155]
[0.3919415868108465, 0.0014737868792093155], 2, -1.0, [0.39345341882879875, 0.0015118320179522194]
[0.39345341882879875, 0.0015118320179522194], 2, -1.0, [0.39501377158589684, 0.0015603527570981135]
[0.39501377158589684, 0.0015603527570981135], 2, -1.0, [0.3966334774089667, 0.0016197058230698737]
[0.3966334774089667, 0.0016197058230698737], 2, -1.0, [0.39832380246691457, 0.0016903250579478881]
[0.39832380246691457, 0.0016903250579478881], 2, -1.0, [0.40009652752946256, 0.0017727250625479978]
[0.40009652752946256, 0.0017727250625479978], 2, -1.0, [0.4019640329995202, 0.0018675054700576451]
[0.4019640329995202, 0.0018675054700576451], 2, -1.0, [0.40393938889520553, 0.0019753558956853434]
[0.40393938889520553, 0.0019753558956853434], 2, -1.0, [0.406036450508844, 0.0020970616136384936]
[0.406036450508844, 0.0020970616136384936], 2, -1.0, [0.40826996052789954, 0.0022335100190555403]
[0.40826996052789954, 0.0022335100190555403], 2, -1.0, [0.410655658467141, 0.0023856979392414715]
[0.410655658467141, 0.0023856979392414715], 2, -1.0, [0.4132103983327599, 0.0025547398656188885]
[0.4132103983327599, 0.0025547398656188885], 2, -1.0, [0.4159522755178501, 0.002741877185090178]
[0.4159522755178501, 0.002741877185090178], 2, -1.0, [0.4189007640146709, 0.0029484884968208605]
[0.4189007640146709, 0.0029484884968208605], 2, -1.0, [0.4220768651221851, 0.003176101107514206]
[0.4220768651221851, 0.003176101107514206], 2, -1.0, [0.42550326892681783, 0.0034264038046327426]
[0.42550326892681783, 0.0034264038046327426], 2, -1.0, [0.42920452993894614, 0.0037012610121282836]
[0.42920452993894614, 0.0037012610121282836], 2, -1.0, [0.4332072583751573, 0.004002728436211122]
[0.4332072583751573, 0.004002728436211122], 2, -1.0, [0.4375403286834777, 0.004333070308320416]
[0.4375403286834777, 0.004333070308320416], 2, -1.0, [0.4422351070105654, 0.004694778327087724]
[0.4422351070105654, 0.004694778327087724], 2, -1.0, [0.44732569939899275, 0.005090592388427361]
[0.44732569939899275, 0.005090592388427361], 2, -1.0, [0.45284922256881405, 0.005523523169821286]
[0.45284922256881405, 0.005523523169821286], 2, -1.0, [0.4588460991659785, 0.0059968765971644905]
[0.4588460991659785, 0.0059968765971644905], 2, -1.0, [0.46536037933048324, 0.0065142801645047535]
[0.46536037933048324, 0.0065142801645047535], 2, -1.0, [0.4724400903215081, 0.007079710991024845]
[0.4724400903215081, 0.007079710991024845], 2, -1.0, [0.48013761569704416, 0.00769752537553608]
[0.48013761569704416, 0.00769752537553608], 2, -1.0, [0.4885101051302306, 0.008372489433186437]
[0.4885101051302306, 0.008372489433186437], 2, -1.0, [0.49761991528471533, 0.009109810154484775]
[0.49761991528471533, 0.009109810154484775], 2, -1.0, [0.5075350811750416, 0.009915165890326316]
