[-0.4552686416782378, 0.0], 0, -1.0, [-0.45677753608482097, -0.0015088944065831918]
[-0.45677753608482097, -0.0015088944065831918], 0, -1.0, [-0.45978423995255757, -0.0030067038677365912]
[-0.45978423995255757, -0.0030067038677365912], 0, -1.0, [-0.46426663463484236, -0.004482394682284795]
[-0.46426663463484236, -0.004482394682284795], 0, -1.0, [-0.47019167433888054, -0.0059250397040381785]
[-0.47019167433888054, -0.0059250397040381785], 0, -1.0, [-0.4775155557425161, -0.00732388140363552]
[-0.4775155557425161, -0.00732388140363552], 0, -1.0, [-0.4861839613628404, -0.008668405620324348]
[-0.4861839613628404, -0.008668405620324348], 0, -1.0, [-0.4961323892330983, -0.009948427870257924]
[-0.4961323892330983, -0.009948427870257924], 0, -1.0, [-0.5072865819722617, -0.011154192739163394]
[-0.5072865819722617, -0.011154192739163394], 0, -1.0, [-0.5195630673391407, -0.012276485366878987]
[-0.5195630673391407, -0.012276485366878987], 0, -1.0, [-0.5328698197785137, -0.013306752439372986]
[-0.5328698197785137, -0.013306752439372986], 0, -1.0, [-0.5471070483509444, -0.014237228572430656]
[-0.5471070483509444, -0.014237228572430656], 0, -1.0, [-0.5621681109967267, -0.015061062645782332]
[-0.5621681109967267, -0.015061062645782332], 0, -1.0, [-0.5779405486694169, -0.015772437672690168]
[-0.5779405486694169, -0.015772437672690168], 0, -1.0, [-0.5943072259655002, -0.016366677296083265]
[-0.5943072259655002, -0.016366677296083265], 0, -1.0, [-0.6111475580452224, -0.01684033207972213]
[-0.6111475580452224, -0.01684033207972213], 0, -1.0, [-0.6283387974942717, -0.01719123944904937]
[-0.6283387974942717, -0.01719123944904937], 0, -1.0, [-0.6457573498974392, -0.017418552403167437]
[-0.6457573498974392, -0.017418552403167437], 0, -1.0, [-0.663280083767793, -0.01752273387035391]
[-0.663280083767793, -0.01752273387035391], 0, -1.0, [-0.6807855994259663, -0.017505515658173248]
[-0.6807855994259663, -0.017505515658173248], 0, -1.0, [-0.6981554225833939, -0.017369823157427668]
[-0.6981554225833939, -0.017369823157427668], 0, -1.0, [-0.7152750916664695, -0.017119669083075568]
[-0.7152750916664695, -0.017119669083075568], 0, -1.0, [-0.7320351130406296, -0.016760021374160147]
[-0.7320351130406296, -0.016760021374160147], 0, -1.0, [-0.7483317648082846, -0.016296651767654966]
[-0.7483317648082846, -0.016296651767654966], 0, -1.0, [-0.7640677372140104, -0.015735972405725867]
[-0.7640677372140104, -0.015735972405725867], 2, -1.0, [-0.7771526053118796, -0.013084868097869115]
[-0.7771526053118796, -0.013084868097869115], 2, -1.0, [-0.7875139714959973, -0.010361366184117704]
[-0.7875139714959973, -0.010361366184117704], 2, -1.0, [-0.795096385646954, -0.007582414150956623]
[-0.795096385646954, -0.007582414150956623], 2, -1.0, [-0.79986035566479, -0.004763970017836071]
[-0.79986035566479, -0.004763970017836071], 2, -1.0, [-0.8017815489900735, -0.001921193325283543]
[-0.8017815489900735, -0.001921193325283543], 2, -1.0, [-0.8008502591186017, 0.0009312898714717139]
[-0.8008502591186017, 0.0009312898714717139], 2, -1.0, [-0.7970711835697637, 0.0037790755488380638]
[-0.7970711835697637, 0.0037790755488380638], 2, -1.0, [-0.7904635320082161, 0.006607651561547641]
[-0.7904635320082161, 0.006607651561547641], 2, -1.0, [-0.7810614554577548, 0.009402076550461163]
[-0.7810614554577548, 0.009402076550461163], 2, -1.0, [-0.7689147597794065, 0.0121466956783484]
[-0.7689147597794065, 0.0121466956783484], 2, -1.0, [-0.7540898389146018, 0.014824920864804643]
[-0.7540898389146018, 0.014824920864804643], 2, -1.0, [-0.7366707363424125, 0.017419102572189246]
[-0.7366707363424125, 0.017419102572189246], 2, -1.0, [-0.716760217969469, 0.01991051837294351]
[-0.716760217969469, 0.01991051837294351], 2, -1.0, [-0.6944807182894329, 0.02227949968003604]
[-0.6944807182894329, 0.02227949968003604], 2, -1.0, [-0.6699750069409232, 0.024505711348509755]
[-0.6699750069409232, 0.024505711348509755], 2, -1.0, [-0.6434064181225204, 0.026568588818402742]
[-0.6434064181225204, 0.026568588818402742], 2, -1.0, [-0.6149584940681241, 0.02844792405439628]
[-0.6149584940681241, 0.02844792405439628], 2, -1.0, [-0.5848339185689413, 0.030124575499182755]
[-0.5848339185689413, 0.030124575499182755], 2, -1.0, [-0.5532526583225268, 0.031581260246414486]
[-0.5532526583225268, 0.031581260246414486], 2, -1.0, [-0.5204492871971342, 0.03280337112539254]
[-0.5204492871971342, 0.03280337112539254], 2, -1.0, [-0.48666953688329473, 0.033779750313839535]
[-0.48666953688329473, 0.033779750313839535], 2, -1.0, [-0.45216618962436383, 0.03450334725893088]
[-0.45216618962436383, 0.03450334725893088], 2, -1.0, [-0.4171944956199786, 0.034971694004385226]
[-0.4171944956199786, 0.034971694004385226], 2, -1.0, [-0.382007349773153, 0.03518714584682565]
[-0.382007349773153, 0.03518714584682565], 2, -1.0, [-0.3468504917495233, 0.03515685802362968]
[-0.3468504917495233, 0.03515685802362968], 2, -1.0, [-0.3119579951901291, 0.03489249655939419]
[-0.3119579951901291, 0.03489249655939419], 2, -1.0, [-0.2775482861099476, 0.03440970908018156]
[-0.2775482861099476, 0.03440970908018156], 2, -1.0, [-0.24382088122462459, 0.033727404885323005]
[-0.24382088122462459, 0.033727404885323005], 2, -1.0, [-0.21095397187168702, 0.03286690935293756]
[-0.21095397187168702, 0.03286690935293756], 2, -1.0, [-0.17910290781608568, 0.031851064055601334]
[-0.17910290781608568, 0.031851064055601334], 2, -1.0, [-0.1483995668996224, 0.030703340916463297]
[-0.1483995668996224, 0.030703340916463297], 2, -1.0, [-0.11895253877140065, 0.02944702812822174]
[-0.11895253877140065, 0.02944702812822174], 2, -1.0, [-0.09084800859785812, 0.028104530173542527]
[-0.09084800859785812, 0.028104530173542527], 1, -1.0, [-0.06515120144093964, 0.025696807156918484]
[-0.06515120144093964, 0.025696807156918484], 1, -1.0, [-0.04190679347223631, 0.023244407968703328]
[-0.04190679347223631, 0.023244407968703328], 1, -1.0, [-0.021142654494911105, 0.020764138977325205]
[-0.021142654494911105, 0.020764138977325205], 1, -1.0, [-0.002873488320147787, 0.01826916617476332]
[-0.002873488320147787, 0.01826916617476332], 0, -1.0, [0.011895770744560457, 0.014769259064708244]
[0.011895770744560457, 0.014769259064708244], 0, -1.0, [0.023166621620633862, 0.011270850876073407]
[0.023166621620633862, 0.011270850876073407], 0, -1.0, [0.030943507855791898, 0.0077768862351580365]
[0.030943507855791898, 0.0077768862351580365], 0, -1.0, [0.03523115824024018, 0.004287650384448282]
[0.03523115824024018, 0.004287650384448282], 0, -1.0, [0.03603275951843124, 0.0008016012781910612]
[0.03603275951843124, 0.0008016012781910612], 0, -1.0, [0.033348953126029646, -0.002683806392401592]
[0.033348953126029646, -0.002683806392401592], 0, -1.0, [0.027177648018493566, -0.00617130510753608]
[0.027177648018493566, -0.00617130510753608], 0, -1.0, [0.017514647834970268, -0.009663000183523299]
[0.017514647834970268, -0.009663000183523299], 0, -1.0, [0.004355097940020817, -0.013159549894949451]
[0.004355097940020817, -0.013159549894949451], 0, -1.0, [-0.01230423858058569, -0.016659336520606506]
[-0.01230423858058569, -0.016659336520606506], 0, -1.0, [-0.03246187210884356, -0.020157633528257876]
[-0.03246187210884356, -0.020157633528257876], 0, -1.0, [-0.056107660055625085, -0.023645787946781523]
[-0.056107660055625085, -0.023645787946781523], 0, -1.0, [-0.08321811575991811, -0.027110455704293032]
[-0.08321811575991811, -0.027110455704293032], 0, -1.0, [-0.1137510661634103, -0.03053295040349219]
[-0.1137510661634103, -0.03053295040349219], 0, -1.0, [-0.14763985656644327, -0.03388879040303296]
[-0.14763985656644327, -0.03388879040303296], 0, -1.0, [-0.1847874075920583, -0.037147551025615046]
[-0.1847874075920583, -0.037147551025615046], 0, -1.0, [-0.22506054946724713, -0.04027314187518882]
[-0.22506054946724713, -0.04027314187518882], 0, -1.0, [-0.2682851749090711, -0.04322462544182401]
[-0.2682851749090711, -0.04322462544182401], 0, -1.0, [-0.31424283877587406, -0.04595766386680294]
[-0.31424283877587406, -0.04595766386680294], 0, -1.0, [-0.3626694586348687, -0.04842661985899464]
[-0.3626694586348687, -0.04842661985899464], 0, -1.0, [-0.4132567041838513, -0.050587245548982585]
[-0.4132567041838513, -0.050587245548982585], 0, -1.0, [-0.46565648398214593, -0.05239977979829463]
[-0.46565648398214593, -0.05239977979829463], 0, -1.0, [-0.5194886458068971, -0.05383216182475119]
[-0.5194886458068971, -0.05383216182475119], 0, -1.0, [-0.5743516328239673, -0.05486298701707017]
[-0.5743516328239673, -0.05486298701707017], 0, -1.0, [-0.6298354424416027, -0.055483809617635396]
[-0.6298354424416027, -0.055483809617635396], 0, -1.0, [-0.6855358975941517, -0.05570045515254898]
[-0.6855358975941517, -0.05570045515254898], 0, -1.0, [-0.7410690377440062, -0.0555331401498546]
[-0.7410690377440062, -0.0555331401498546], 0, -1.0, [-0.7960844183107022, -0.055015380566696]
[-0.7960844183107022, -0.055015380566696], 0, -1.0, [-0.8502762775528899, -0.05419185924218775]
[-0.8502762775528899, -0.05419185924218775], 0, -1.0, [-0.9033918481036971, -0.053115570550807185]
[-0.9033918481036971, -0.053115570550807185], 0, -1.0, [-0.9552364834402576, -0.05184463533656044]
[-0.9552364834402576, -0.05184463533656044], 0, -1.0, [-1.0056756562989477, -0.05043917285869019]
[-1.0056756562989477, -0.05043917285869019], 0, -1.0, [-1.0546341998531537, -0.04895854355420588]
[-1.0546341998531537, -0.04895854355420588], 0, -1.0, [-1.1020933655486653, -0.047459165695511646]
[-1.1020933655486653, -0.047459165695511646], 0, -1.0, [-1.148086357130753, -0.04599299158208769]
[-1.148086357130753, -0.04599299158208769], 0, -1.0, [-1.1926929859288322, -0.04460662879807938]
[-1.1926929859288322, -0.04460662879807938], 0, -1.0, [-1.2, 0.0]
[-1.2, 0.0], 2, -1.0, [-1.1967581039591646, 0.003241896040835368]
[-1.1967581039591646, 0.003241896040835368], 2, -1.0, [-1.1902636585360942, 0.006494445423070332]
[-1.1902636585360942, 0.006494445423070332], 2, -1.0, [-1.1804959639787937, 0.009767694557300442]
[-1.1804959639787937, 0.009767694557300442], 2, -1.0, [-1.1674255149588486, 0.013070449019945182]
[-1.1674255149588486, 0.013070449019945182], 2, -1.0, [-1.1510159267200155, 0.016409588238833067]
[-1.1510159267200155, 0.016409588238833067], 2, -1.0, [-1.1312266168239755, 0.019789309896040046]
[-1.1312266168239755, 0.019789309896040046], 2, -1.0, [-1.108016322100852, 0.02321029472312345]
[-1.108016322100852, 0.02321029472312345], 2, -1.0, [-1.081347524946184, 0.02666879715466819]
[-1.081347524946184, 0.02666879715466819], 2, -1.0, [-1.0511918363028878, 0.03015568864329602]
[-1.0511918363028878, 0.03015568864329602], 2, -1.0, [-1.0175363271434712, 0.0336555091594167]
[-1.0175363271434712, 0.0336555091594167], 2, -1.0, [-0.9803907090723114, 0.03714561807115983]
[-0.9803907090723114, 0.03714561807115983], 2, -1.0, [-0.9397951336374217, 0.04059557543488971]
[-0.9397951336374217, 0.04059557543488971], 2, -1.0, [-0.8958282112564235, 0.043966922380998245]
[-0.8958282112564235, 0.043966922380998245], 2, -1.0, [-0.8486146572192776, 0.04721355403714586]
[-0.8486146572192776, 0.04721355403714586], 2, -1.0, [-0.7983317816221248, 0.05028287559715283]
[-0.7983317816221248, 0.05028287559715283], 2, -1.0, [-0.7452138959379592, 0.0531178856841656]
[-0.7452138959379592, 0.0531178856841656], 2, -1.0, [-0.6895536666604415, 0.0556602292775177]
[-0.6895536666604415, 0.0556602292775177], 2, -1.0, [-0.6316995610792892, 0.057854105581152386]
[-0.6316995610792892, 0.057854105581152386], 2, -1.0, [-0.5720488365336812, 0.05965072454560789]
[-0.5720488365336812, 0.05965072454560789], 2, -1.0, [-0.5110360146660762, 0.061012821867605024]
[-0.5110360146660762, 0.061012821867605024], 2, -1.0, [-0.44911739120176025, 0.061918623464315904]
[-0.44911739120176025, 0.061918623464315904], 2, -1.0, [-0.38675274139346727, 0.06236464980829299]
[-0.38675274139346727, 0.06236464980829299], 2, -1.0, [-0.3243858485235833, 0.06236689286988392]
[-0.3243858485235833, 0.06236689286988392], 2, -1.0, [-0.2624256859117381, 0.061960162611845254]
[-0.2624256859117381, 0.061960162611845254], 2, -1.0, [-0.20122996568717166, 0.061195720224566416]
[-0.20122996568717166, 0.061195720224566416], 2, -1.0, [-0.14109236178367496, 0.06013760390349669]
[-0.14109236178367496, 0.06013760390349669], 2, -1.0, [-0.08223412731502394, 0.05885823446865101]
[-0.08223412731502394, 0.05885823446865101], 2, -1.0, [-0.024800200336085113, 0.05743392697893883]
[-0.024800200336085113, 0.05743392697893883], 2, -1.0, [0.03114064276343887, 0.05594084309952398]
[0.03114064276343887, 0.05594084309952398], 2, -1.0, [0.08559238750154527, 0.0544517447381064]
[0.08559238750154527, 0.0544517447381064], 2, -1.0, [0.13862609852276647, 0.05303371102122119]
[0.13862609852276647, 0.05303371102122119], 2, -1.0, [0.19037290492486428, 0.0517468064020978]
[0.19037290492486428, 0.0517468064020978], 1, -1.0, [0.24001646944167865, 0.04964356451681436]
[0.24001646944167865, 0.04964356451681436], 1, -1.0, [0.28778060108566533, 0.047764131643986706]
[0.28778060108566533, 0.047764131643986706], 1, -1.0, [0.3339199795570522, 0.04613937847138687]
[0.3339199795570522, 0.04613937847138687], 1, -1.0, [0.3787123066970787, 0.0447923271400265]
[0.3787123066970787, 0.0447923271400265], 1, -1.0, [0.4224518800794228, 0.0437395733823441]
[0.4224518800794228, 0.0437395733823441], 1, -1.0, [0.4654444398008648, 0.042992559721442024]
[0.4654444398008648, 0.042992559721442024], 1, -1.0, [0.5080030512181968, 0.042558611417332]
