[-0.4880231095205553, 0.0], 0, -1.0, [-0.48928942076700305, -0.0012663112464477958]
[-0.48928942076700305, -0.0012663112464477958], 0, -1.0, [-0.49181259806567007, -0.0025231772986670235]
[-0.49181259806567007, -0.0025231772986670235], 0, -1.0, [-0.4955738105605024, -0.0037612124948323373]
[-0.4955738105605024, -0.0037612124948323373], 0, -1.0, [-0.500544962759456, -0.0049711521989536335]
[-0.500544962759456, -0.0049711521989536335], 0, -1.0, [-0.5066888807459036, -0.006143917986447551]
[-0.5066888807459036, -0.006143917986447551], 0, -1.0, [-0.5139595685537063, -0.007270687807802701]
[-0.5139595685537063, -0.007270687807802701], 0, -1.0, [-0.5223025403390363, -0.008342971785330097]
[-0.5223025403390363, -0.008342971785330097], 0, -1.0, [-0.5316552338643088, -0.009352693525272446]
[-0.5316552338643088, -0.009352693525272446], 0, -1.0, [-0.5419475098352269, -0.010292275970918063]
[-0.5419475098352269, -0.010292275970918063], 0, -1.0, [-0.553102239786607, -0.011154729951380126]
[-0.553102239786607, -0.011154729951380126], 0, -1.0, [-0.5650359825594033, -0.011933742772796397]
[-0.5650359825594033, -0.011933742772796397], 0, -1.0, [-0.5776597460928351, -0.0126237635334317]
[-0.5776597460928351, -0.0126237635334317], 0, -1.0, [-0.5908798274885345, -0.01322008139569939]
[-0.5908798274885345, -0.01322008139569939], 0, -1.0, [-0.6045987203652814, -0.013718892876746932]
[-0.6045987203652814, -0.013718892876746932], 0, -1.0, [-0.6187160747283065, -0.014117354363025044]
[-0.6187160747283065, -0.014117354363025044], 0, -1.0, [-0.6331296912505538, -0.014413616522247328]
[-0.6331296912505538, -0.014413616522247328], 0, -1.0, [-0.6477365293052855, -0.014606838054731655]
[-0.6477365293052855, -0.014606838054731655], 0, -1.0, [-0.6624337065447085, -0.014697177239422949]
[-0.6624337065447085, -0.014697177239422949], 0, -1.0, [-0.6771194674494809, -0.01468576090477242]
[-0.6771194674494809, -0.01468576090477242], 0, -1.0, [-0.691694099139217, -0.014574631689736094]
[-0.691694099139217, -0.014574631689736094], 0, -1.0, [-0.7060607747870521, -0.014366675647835064]
[-0.7060607747870521, -0.014366675647835064], 0, -1.0, [-0.7201263080735599, -0.01406553328650785]
[-0.7201263080735599, -0.01406553328650785], 0, -1.0, [-0.7338018060158717, -0.013675497942311841]
[-0.7338018060158717, -0.013675497942311841], 2, -1.0, [-0.7450032119303959, -0.01120140591452417]
[-0.7450032119303959, -0.01120140591452417], 2, -1.0, [-0.753663518141188, -0.008660306210792168]
[-0.753663518141188, -0.008660306210792168], 2, -1.0, [-0.7597321069332323, -0.006068588792044279]
[-0.7597321069332323, -0.006068588792044279], 2, -1.0, [-0.763174146841182, -0.0034420399079496955]
[-0.763174146841182, -0.0034420399079496955], 2, -1.0, [-0.7639701206935984, -0.0007959738524164102]
[-0.7639701206935984, -0.0007959738524164102], 2, -1.0, [-0.762115540044175, 0.0018545806494233096]
[-0.762115540044175, 0.0018545806494233096], 2, -1.0, [-0.7576208772942813, 0.004494662749893712]
[-0.7576208772942813, 0.004494662749893712], 2, -1.0, [-0.7505117227740493, 0.007109154520232024]
[-0.7505117227740493, 0.007109154520232024], 2, -1.0, [-0.7408291498654264, 0.009682572908622952]
[-0.7408291498654264, 0.009682572908622952], 2, -1.0, [-0.7286302474188712, 0.012198902446555181]
[-0.7286302474188712, 0.012198902446555181], 2, -1.0, [-0.7139887558829264, 0.014641491535944693]
[-0.7139887558829264, 0.014641491535944693], 2, -1.0, [-0.6969957227131286, 0.016993033169797854]
[-0.6969957227131286, 0.016993033169797854], 2, -1.0, [-0.6777600751818971, 0.01923564753123151]
[-0.6777600751818971, 0.01923564753123151], 2, -1.0, [-0.6564089965535863, 0.021351078628310805]
[-0.6564089965535863, 0.021351078628310805], 2, -1.0, [-0.6330879869049058, 0.023321009648680596]
[-0.6330879869049058, 0.023321009648680596], 2, -1.0, [-0.6079604948429389, 0.025127492061966877]
[-0.6079604948429389, 0.025127492061966877], 2, -1.0, [-0.5812070227191101, 0.026753472123828836]
[-0.5812070227191101, 0.026753472123828836], 2, -1.0, [-0.5530236363641424, 0.028183386354967647]
[-0.5530236363641424, 0.028183386354967647], 2, -1.0, [-0.5236198500547069, 0.029403786309435482]
[-0.5236198500547069, 0.029403786309435482], 2, -1.0, [-0.4932159056868485, 0.030403944367858437]
[-0.4932159056868485, 0.030403944367858437], 2, -1.0, [-0.46203951744564503, 0.03117638824120346]
[-0.46203951744564503, 0.03117638824120346], 2, -1.0, [-0.4303222036964862, 0.03171731374915882]
[-0.4303222036964862, 0.03171731374915882], 2, -1.0, [-0.3982953699271045, 0.032026833769381695]
[-0.3982953699271045, 0.032026833769381695], 2, -1.0, [-0.3661863345104987, 0.0321090354166058]
[-0.3661863345104987, 0.0321090354166058], 2, -1.0, [-0.33421449878564347, 0.03197183572485526]
[-0.33421449878564347, 0.03197183572485526], 2, -1.0, [-0.3025878530486412, 0.03162664573700226]
[-0.3025878530486412, 0.03162664573700226], 2, -1.0, [-0.2714999820405372, 0.031087871008103993]
[-0.2714999820405372, 0.031087871008103993], 2, -1.0, [-0.24112769155667704, 0.03037229048386017]
[-0.24112769155667704, 0.03037229048386017], 0, -1.0, [-0.2136293277816603, 0.027498363775016743]
[-0.2136293277816603, 0.027498363775016743], 2, -1.0, [-0.18713487686193442, 0.026494450919725892]
[-0.18713487686193442, 0.026494450919725892], 2, -1.0, [-0.16175669632987566, 0.025378180532058765]
[-0.16175669632987566, 0.025378180532058765], 2, -1.0, [-0.13758988829556099, 0.024166808034314667]
[-0.13758988829556099, 0.024166808034314667], 2, -1.0, [-0.11471311349208187, 0.02287677480347912]
[-0.11471311349208187, 0.02287677480347912], 2, -1.0, [-0.093189754129148, 0.02152335936293387]
[-0.093189754129148, 0.02152335936293387], 2, -1.0, [-0.07306933073102591, 0.02012042339812209]
[-0.07306933073102591, 0.02012042339812209], 2, -1.0, [-0.0543890822899014, 0.018680248441124512]
[-0.0543890822899014, 0.018680248441124512], 2, -1.0, [-0.037175628179952666, 0.017213454109948737]
[-0.037175628179952666, 0.017213454109948737], 2, -1.0, [-0.021446642371475925, 0.01572898580847674]
[-0.021446642371475925, 0.01572898580847674], 2, -1.0, [-0.007212483815029154, 0.01423415855644677]
[-0.007212483815029154, 0.01423415855644677], 2, -1.0, [0.005522259942716785, 0.012734743757745939]
[0.005522259942716785, 0.012734743757745939], 2, -1.0, [0.016757346765358547, 0.01123508682264176]
[0.016757346765358547, 0.01123508682264176], 2, -1.0, [0.02649559202027428, 0.009738245254915734]
[0.02649559202027428, 0.009738245254915734], 2, -1.0, [0.03474173080229835, 0.008246138782024069]
[0.03474173080229835, 0.008246138782024069], 0, -1.0, [0.03950143591027158, 0.004759705107973229]
[0.03950143591027158, 0.004759705107973229], 0, -1.0, [0.0407786745734786, 0.0012772386632070175]
[0.0407786745734786, 0.0012772386632070175], 0, -1.0, [0.03857459754500602, -0.002204077028472578]
[0.03857459754500602, -0.002204077028472578], 0, -1.0, [0.03288724183826896, -0.005687355706737063]
[0.03288724183826896, -0.005687355706737063], 0, -1.0, [0.023712043934689488, -0.009175197903579473]
[0.023712043934689488, -0.009175197903579473], 0, -1.0, [0.01104316880071012, -0.012668875133979367]
[0.01104316880071012, -0.012668875133979367], 0, -1.0, [-0.005124334503505674, -0.016167503304215795]
[-0.005124334503505674, -0.016167503304215795], 0, -1.0, [-0.02479154240199312, -0.019667207898487447]
[-0.02479154240199312, -0.019667207898487447], 0, -1.0, [-0.047951839005764815, -0.023160296603771696]
[-0.047951839005764815, -0.023160296603771696], 0, -1.0, [-0.07458631217682513, -0.026634473171060317]
[-0.07458631217682513, -0.026634473171060317], 0, -1.0, [-0.1046584609615007, -0.03007214878467556]
[-0.1046584609615007, -0.03007214878467556], 0, -1.0, [-0.13810839305373998, -0.03344993209223929]
[-0.13810839305373998, -0.03344993209223929], 0, -1.0, [-0.17484679562867106, -0.03673840257493108]
[-0.17484679562867106, -0.03673840257493108], 0, -1.0, [-0.2147490837393205, -0.039902288110649435]
[-0.2147490837393205, -0.039902288110649435], 0, -1.0, [-0.25765025207970826, -0.04290116834038778]
[-0.25765025207970826, -0.04290116834038778], 1, -1.0, [-0.3023410539745581, -0.044690801894849835]
[-0.3023410539745581, -0.044690801894849835], 0, -1.0, [-0.34957208899800674, -0.04723103502344862]
[-0.34957208899800674, -0.04723103502344862], 0, -1.0, [-0.39904983446500436, -0.04947774546699762]
[-0.39904983446500436, -0.04947774546699762], 0, -1.0, [-0.45044011256448135, -0.05139027809947698]
[-0.45044011256448135, -0.05139027809947698], 0, -1.0, [-0.5033746861945668, -0.05293457363008549]
[-0.5033746861945668, -0.05293457363008549], 0, -1.0, [-0.5574608474530776, -0.05408616125851072]
[-0.5574608474530776, -0.05408616125851072], 2, -1.0, [-0.610293479757878, -0.05283263230480041]
[-0.610293479757878, -0.05283263230480041], 2, -1.0, [-0.6614832074715805, -0.051189727713702574]
[-0.6614832074715805, -0.051189727713702574], 0, -1.0, [-0.7126680422503184, -0.051184834778737955]
[-0.7126680422503184, -0.051184834778737955], 0, -1.0, [-0.7635096790484026, -0.050841636798084185]
[-0.7635096790484026, -0.050841636798084185], 0, -1.0, [-0.8137033566001632, -0.05019367755176061]
[-0.8137033566001632, -0.05019367755176061], 0, -1.0, [-0.8629857061288664, -0.04928234952870319]
[-0.8629857061288664, -0.04928234952870319], 0, -1.0, [-0.9111401956520029, -0.048154489523136466]
[-0.9111401956520029, -0.048154489523136466], 0, -1.0, [-0.9580000653714005, -0.046859869719397595]
[-0.9580000653714005, -0.046859869719397595], 0, -1.0, [-1.0034489094160743, -0.04544884404467392]
[-1.0034489094160743, -0.04544884404467392], 0, -1.0, [-1.0474192544365541, -0.04397034502047983]
[-1.0474192544365541, -0.04397034502047983], 0, -1.0, [-1.0898896000099976, -0.04247034557344348]
[-1.0898896000099976, -0.04247034557344348], 0, -1.0, [-1.130880421944247, -0.04099082193424945]
[-1.130880421944247, -0.04099082193424945], 0, -1.0, [-1.1704496127329076, -0.03956919078866058]
[-1.1704496127329076, -0.03956919078866058], 0, -1.0, [-1.2, 0.0]
[-1.2, 0.0], 2, -1.0, [-1.1967581039591646, 0.003241896040835368]
[-1.1967581039591646, 0.003241896040835368], 2, -1.0, [-1.1902636585360942, 0.006494445423070332]
[-1.1902636585360942, 0.006494445423070332], 2, -1.0, [-1.1804959639787937, 0.009767694557300442]
[-1.1804959639787937, 0.009767694557300442], 2, -1.0, [-1.1674255149588486, 0.013070449019945182]
[-1.1674255149588486, 0.013070449019945182], 2, -1.0, [-1.1510159267200155, 0.016409588238833067]
[-1.1510159267200155, 0.016409588238833067], 2, -1.0, [-1.1312266168239755, 0.019789309896040046]
[-1.1312266168239755, 0.019789309896040046], 0, -1.0, [-1.110016322100852, 0.02121029472312345]
[-1.110016322100852, 0.02121029472312345], 2, -1.0, [-1.0853502908676451, 0.02466603123320705]
[-1.0853502908676451, 0.02466603123320705], 2, -1.0, [-1.0572006176192097, 0.028149673248435397]
[-1.0572006176192097, 0.028149673248435397], 2, -1.0, [-1.0255520699763492, 0.03164854764286053]
[-1.0255520699763492, 0.03164854764286053], 2, -1.0, [-0.990408791408715, 0.03514327856763427]
[-0.990408791408715, 0.03514327856763427], 2, -1.0, [-0.9518017060090945, 0.038607085399620475]
[-0.9518017060090945, 0.038607085399620475], 2, -1.0, [-0.9097963028805067, 0.042005403128587755]
[-0.9097963028805067, 0.042005403128587755], 2, -1.0, [-0.864500299343817, 0.04529600353668967]
[-0.864500299343817, 0.04529600353668967], 2, -1.0, [-0.8160704948464675, 0.04842980449734949]
[-0.8160704948464675, 0.04842980449734949], 2, -1.0, [-0.7647179669223113, 0.051352527924156205]
[-0.7647179669223113, 0.051352527924156205], 2, -1.0, [-0.7107106760135081, 0.05400729090880322]
[-0.7107106760135081, 0.05400729090880322], 2, -1.0, [-0.6543725915960861, 0.05633808441742204]
[-0.6543725915960861, 0.05633808441742204], 2, -1.0, [-0.5960786708860752, 0.05829392071001079]
[-0.5960786708860752, 0.05829392071001079], 2, -1.0, [-0.5362454244098013, 0.05983324647627397]
[-0.5362454244098013, 0.05983324647627397], 2, -1.0, [-0.4753173508209112, 0.060928073588890054]
[-0.4753173508209112, 0.060928073588890054], 2, -1.0, [-0.41375012307324893, 0.06156722774766225]
[-0.41375012307324893, 0.06156722774766225], 2, -1.0, [-0.35199192895470793, 0.06175819411854101]
[-0.35199192895470793, 0.06175819411854101], 2, -1.0, [-0.29046468148195065, 0.06152724747275729]
[-0.29046468148195065, 0.06152724747275729], 2, -1.0, [-0.22954683504047013, 0.0609178464414805]
[-0.22954683504047013, 0.0609178464414805], 2, -1.0, [-0.1695592652766179, 0.05998756976385221]
[-0.1695592652766179, 0.05998756976385221], 2, -1.0, [-0.1107551685491982, 0.05880409672741971]
[-0.1107551685491982, 0.05880409672741971], 2, -1.0, [-0.05331433630942314, 0.057440832239775065]
[-0.05331433630942314, 0.057440832239775065], 2, -1.0, [0.002658405026632643, 0.05597274133605578]
[0.002658405026632643, 0.05597274133605578], 2, -1.0, [0.05713122586733648, 0.05447282084070384]
[0.05713122586733648, 0.05447282084070384], 2, -1.0, [0.1101406766476241, 0.05300945078028762]
[0.1101406766476241, 0.05300945078028762], 2, -1.0, [0.16178536366935614, 0.05164468702173205]
[0.16178536366935614, 0.05164468702173205], 2, -1.0, [0.21221877849004167, 0.05043341482068554]
[0.21221877849004167, 0.05043341482068554], 2, -1.0, [0.2616419730816522, 0.04942319459161053]
[0.2616419730816522, 0.04942319459161053], 2, -1.0, [0.31029656609983974, 0.048654593018187545]
[0.31029656609983974, 0.048654593018187545], 2, -1.0, [0.35845835775334856, 0.04816179165350882]
[0.35845835775334856, 0.04816179165350882], 2, -1.0, [0.4064316436592541, 0.04797328590590556]
[0.4064316436592541, 0.04797328590590556], 2, -1.0, [0.45454416008838683, 0.048112516429132696]
[0.45454416008838683, 0.048112516429132696], 2, -1.0, [0.5031424634690417, 0.04859830338065481]
