[-0.5243879825346389, 0.0], 0, -1.0, [-0.5253820634881464, -0.000994080953507449]
[-0.5253820634881464, -0.000994080953507449], 0, -1.0, [-0.5273627698462794, -0.0019807063581329465]
[-0.5273627698462794, -0.0019807063581329465], 0, -1.0, [-0.530315246847477, -0.0029524770011976043]
[-0.530315246847477, -0.0029524770011976043], 0, -1.0, [-0.5342173537228363, -0.003902106875359283]
[-0.5342173537228363, -0.003902106875359283], 0, -1.0, [-0.5390398347310827, -0.004822481008246417]
[-0.5390398347310827, -0.004822481008246417], 0, -1.0, [-0.5447465492088802, -0.005706714477797465]
[-0.5447465492088802, -0.005706714477797465], 0, -1.0, [-0.5512947617643756, -0.006548212555495406]
[-0.5512947617643756, -0.006548212555495406], 0, -1.0, [-0.5586354933439589, -0.0073407315795832075]
[-0.5586354933439589, -0.0073407315795832075], 0, -1.0, [-0.5667139331366228, -0.008078439792663834]
[-0.5667139331366228, -0.008078439792663834], 0, -1.0, [-0.575469910153075, -0.008755977016452284]
[-0.575469910153075, -0.008755977016452284], 0, -1.0, [-0.5848384218692706, -0.0093685117161956]
[-0.5848384218692706, -0.0093685117161956], 0, -1.0, [-0.5947502156318326, -0.009911793762561964]
[-0.5947502156318326, -0.009911793762561964], 0, -1.0, [-0.6051324166912184, -0.010382201059385865]
[-0.6051324166912184, -0.010382201059385865], 0, -1.0, [-0.6159091948849518, -0.010776778193733329]
[-0.6159091948849518, -0.010776778193733329], 0, -1.0, [-0.6270024602771191, -0.011093265392167411]
[-0.6270024602771191, -0.011093265392167411], 0, -1.0, [-0.6383325766105573, -0.01133011633343817]
[-0.6383325766105573, -0.01133011633343817], 0, -1.0, [-0.649819080370282, -0.011486503759724681]
[-0.649819080370282, -0.011486503759724681], 0, -1.0, [-0.6613813926907373, -0.011562312320455206]
[-0.6613813926907373, -0.011562312320455206], 0, -1.0, [-0.6729395113298403, -0.011558118639103044]
[-0.6729395113298403, -0.011558118639103044], 0, -1.0, [-0.6844146705020626, -0.01147515917222228]
[-0.6844146705020626, -0.01147515917222228], 0, -1.0, [-0.6957299574893119, -0.011315286987249273]
[-0.6957299574893119, -0.011315286987249273], 0, -1.0, [-0.7068108765689181, -0.011080919079606148]
[-0.7068108765689181, -0.011080919079606148], 0, -1.0, [-0.7175858528143195, -0.010774976245401458]
[-0.7175858528143195, -0.010774976245401458], 1, -1.0, [-0.7269866706127354, -0.009400817798415879]
[-0.7269866706127354, -0.009400817798415879], 2, -1.0, [-0.7339549843697842, -0.006968313757048824]
[-0.7339549843697842, -0.006968313757048824], 2, -1.0, [-0.738448278374719, -0.004493294004934766]
[-0.738448278374719, -0.004493294004934766], 2, -1.0, [-0.7404394784037491, -0.0019912000290300946]
[-0.7404394784037491, -0.0019912000290300946], 2, -1.0, [-0.7399166735195731, 0.0005228048841760089]
[-0.7399166735195731, 0.0005228048841760089], 2, -1.0, [-0.7368829858174493, 0.0030336877021239065]
[-0.7368829858174493, 0.0030336877021239065], 2, -1.0, [-0.7313566050389417, 0.0055263807785075475]
[-0.7313566050389417, 0.0055263807785075475], 2, -1.0, [-0.7233709835996879, 0.007985621439253885]
[-0.7233709835996879, 0.007985621439253885], 2, -1.0, [-0.712975166342818, 0.01039581725686991]
[-0.712975166342818, 0.01039581725686991], 2, -1.0, [-0.7002342089520057, 0.012740957390812276]
[-0.7002342089520057, 0.012740957390812276], 2, -1.0, [-0.6852296203261535, 0.015004588625852234]
[-0.6852296203261535, 0.015004588625852234], 2, -1.0, [-0.6680597484891986, 0.017169871836954915]
[-0.6680597484891986, 0.017169871836954915], 2, -1.0, [-0.6488400182312182, 0.019219730257980457]
[-0.6488400182312182, 0.019219730257980457], 2, -1.0, [-0.6277029233046634, 0.021137094926554845]
[-0.6277029233046634, 0.021137094926554845], 2, -1.0, [-0.6047976782879644, 0.022905245016698966]
[-0.6047976782879644, 0.022905245016698966], 2, -1.0, [-0.5802894465199381, 0.02450823176802632]
[-0.5802894465199381, 0.02450823176802632], 2, -1.0, [-0.5543580814436307, 0.02593136507630728]
[-0.5543580814436307, 0.02593136507630728], 2, -1.0, [-0.5271963488367087, 0.027161732606921975]
[-0.5271963488367087, 0.027161732606921975], 1, -1.0, [-0.5000076349543149, 0.02718871388239385]
[-0.5000076349543149, 0.02718871388239385], 0, -1.0, [-0.473995706957329, 0.026011927996985866]
[-0.473995706957329, 0.026011927996985866], 0, -1.0, [-0.4493544304704875, 0.024641276486841515]
[-0.4493544304704875, 0.024641276486841515], 0, -1.0, [-0.4262653939011196, 0.023089036569367893]
[-0.4262653939011196, 0.023089036569367893], 0, -1.0, [-0.40489602802831115, 0.02136936587280849]
[-0.40489602802831115, 0.02136936587280849], 0, -1.0, [-0.38539823538413587, 0.0194977926441753]
[-0.38539823538413587, 0.0194977926441753], 0, -1.0, [-0.36790750607733336, 0.017490729306802524]
[-0.36790750607733336, 0.017490729306802524], 0, -1.0, [-0.3525424653972105, 0.015365040680122831]
[-0.3525424653972105, 0.015365040680122831], 0, -1.0, [-0.3394047758617569, 0.013137689535453634]
[-0.3394047758617569, 0.013137689535453634], 0, -1.0, [-0.3285793030808614, 0.010825472780895445]
[-0.3285793030808614, 0.010825472780895445], 0, -1.0, [-0.3201344505119844, 0.00844485256887702]
[-0.3201344505119844, 0.00844485256887702], 0, -1.0, [-0.3141225717362334, 0.006011878775750985]
[-0.3141225717362334, 0.006011878775750985], 0, -1.0, [-0.3105803787255427, 0.0035421930106906804]
[-0.3105803787255427, 0.0035421930106906804], 0, -1.0, [-0.30952927908317807, 0.0010510996423646842]
[-0.30952927908317807, 0.0010510996423646842], 0, -1.0, [-0.31097559294988925, -0.001446313866711187]
[-0.31097559294988925, -0.001446313866711187], 0, -1.0, [-0.3149106199686429, -0.003935027018753659]
[-0.3149106199686429, -0.003935027018753659], 0, -1.0, [-0.3213105474491028, -0.006399927480459897]
[-0.3213105474491028, -0.006399927480459897], 0, -1.0, [-0.33013621191314624, -0.008825664464043422]
[-0.33013621191314624, -0.008825664464043422], 0, -1.0, [-0.341332746838905, -0.011196534925758811]
[-0.341332746838905, -0.011196534925758811], 0, -1.0, [-0.3548291688753423, -0.013496422036437304]
[-0.3548291688753423, -0.013496422036437304], 0, -1.0, [-0.3705379720908218, -0.015708803215479437]
[-0.3705379720908218, -0.015708803215479437], 0, -1.0, [-0.38835481369523794, -0.01781684160441618]
[-0.38835481369523794, -0.01781684160441618], 0, -1.0, [-0.40815838363138185, -0.01980356993614393]
[-0.40815838363138185, -0.01980356993614393], 0, -1.0, [-0.4298105528373577, -0.02165216920597587]
[-0.4298105528373577, -0.02165216920597587], 0, -1.0, [-0.45315688932508486, -0.023346336487727153]
[-0.45315688932508486, -0.023346336487727153], 0, -1.0, [-0.4780276164418211, -0.024870727116736255]
[-0.4780276164418211, -0.024870727116736255], 0, -1.0, [-0.5042390635578151, -0.026211447115993998]
[-0.5042390635578151, -0.026211447115993998], 0, -1.0, [-0.531595626897991, -0.027356563340175864]
[-0.531595626897991, -0.027356563340175864], 0, -1.0, [-0.5598922196064551, -0.0282965927084641]
[-0.5598922196064551, -0.0282965927084641], 0, -1.0, [-0.5889171489863051, -0.029024929379850063]
[-0.5889171489863051, -0.029024929379850063], 0, -1.0, [-0.6184553197040331, -0.02953817071772803]
[-0.6184553197040331, -0.02953817071772803], 0, -1.0, [-0.648291629376989, -0.029836309672955922]
[-0.648291629376989, -0.029836309672955922], 0, -1.0, [-0.6782144016299055, -0.02992277225291648]
[-0.6782144016299055, -0.02992277225291648], 0, -1.0, [-0.7080186943370326, -0.029804292707127047]
[-0.7080186943370326, -0.029804292707127047], 0, -1.0, [-0.7375093283714553, -0.029490634034422796]
[-0.7375093283714553, -0.029490634034422796], 1, -1.0, [-0.7655035036531946, -0.027994175281739357]
[-0.7655035036531946, -0.027994175281739357], 1, -1.0, [-0.7918385043351008, -0.026335000681906227]
[-0.7918385043351008, -0.026335000681906227], 1, -1.0, [-0.8163719150685368, -0.024533410733435998]
[-0.8163719150685368, -0.024533410733435998], 2, -1.0, [-0.8379811582857207, -0.021609243217183906]
[-0.8379811582857207, -0.021609243217183906], 2, -1.0, [-0.8565668758820587, -0.018585717596338005]
[-0.8565668758820587, -0.018585717596338005], 2, -1.0, [-0.8720503973008141, -0.01548352141875543]
[-0.8720503973008141, -0.01548352141875543], 2, -1.0, [-0.8843711622421432, -0.01232076494132904]
[-0.8843711622421432, -0.01232076494132904], 2, -1.0, [-0.8934843082299935, -0.009113145987850254]
[-0.8934843082299935, -0.009113145987850254], 2, -1.0, [-0.8993585893799197, -0.005874281149926283]
[-0.8993585893799197, -0.005874281149926283], 2, -1.0, [-0.9019747503028372, -0.002616160922917544]
[-0.9019747503028372, -0.002616160922917544], 2, -1.0, [-0.9013244408060035, 0.0006503094968337607]
[-0.9013244408060035, 0.0006503094968337607], 2, -1.0, [-0.8974097235111885, 0.0039147172948149275]
[-0.8974097235111885, 0.0039147172948149275], 2, -1.0, [-0.890243196759232, 0.007166526751956465]
[-0.890243196759232, 0.007166526751956465], 2, -1.0, [-0.8798487272906469, 0.010394469468585178]
[-0.8798487272906469, 0.010394469468585178], 2, -1.0, [-0.8662627588368317, 0.013585968453815168]
[-0.8662627588368317, 0.013585968453815168], 2, -1.0, [-0.8495361316846988, 0.016726627152132956]
[-0.8495361316846988, 0.016726627152132956], 2, -1.0, [-0.8297363128917147, 0.019799818792984043]
[-0.8297363128917147, 0.019799818792984043], 2, -1.0, [-0.8069498967328752, 0.022786416158839515]
[-0.8069498967328752, 0.022786416158839515], 2, -1.0, [-0.7812851915164916, 0.025664705216383643]
[-0.7812851915164916, 0.025664705216383643], 2, -1.0, [-0.752874665689497, 0.028410525826994496]
[-0.752874665689497, 0.028410525826994496], 2, -1.0, [-0.7218769891600505, 0.0309976765294465]
[-0.7218769891600505, 0.0309976765294465], 2, -1.0, [-0.6884783831186843, 0.03339860604136625]
[-0.6884783831186843, 0.03339860604136625], 2, -1.0, [-0.6528929925886949, 0.03558539052998936]
[-0.6528929925886949, 0.03558539052998936], 2, -1.0, [-0.6153620290360479, 0.03753096355264702]
[-0.6153620290360479, 0.03753096355264702], 2, -1.0, [-0.5761515009879526, 0.039210528048095196]
[-0.5761515009879526, 0.039210528048095196], 2, -1.0, [-0.5355484582911396, 0.04060304269681305]
[-0.5355484582911396, 0.04060304269681305], 2, -1.0, [-0.4938558121693786, 0.041692646121761]
[-0.4938558121693786, 0.041692646121761], 2, -1.0, [-0.4513859423819337, 0.04246986978744495]
[-0.4513859423819337, 0.04246986978744495], 2, -1.0, [-0.40845344238618564, 0.042932499995748045]
[-0.40845344238618564, 0.042932499995748045], 2, -1.0, [-0.36536745977455015, 0.043085982611635466]
[-0.36536745977455015, 0.043085982611635466], 2, -1.0, [-0.32242414280160947, 0.042943316972940654]
[-0.32242414280160947, 0.042943316972940654], 2, -1.0, [-0.2798996942296649, 0.04252444857194462]
[-0.2798996942296649, 0.04252444857194462], 2, -1.0, [-0.23804446283677888, 0.04185523139288598]
[-0.23804446283677888, 0.04185523139288598], 2, -1.0, [-0.19707838425185098, 0.0409660785849279]
[-0.19707838425185098, 0.0409660785849279], 2, -1.0, [-0.1571879378033779, 0.039890446448473095]
[-0.1571879378033779, 0.039890446448473095], 2, -1.0, [-0.11852463877657288, 0.03866329902680502]
[-0.11852463877657288, 0.03866329902680502], 2, -1.0, [-0.0812049568663245, 0.03731968191024836]
[-0.0812049568663245, 0.03731968191024836], 2, -1.0, [-0.04531145587136992, 0.035893500994954586]
[-0.04531145587136992, 0.035893500994954586], 2, -1.0, [-0.010894892731028949, 0.03441656314034097]
[-0.010894892731028949, 0.03441656314034097], 0, -1.0, [0.02002300565067286, 0.030917898381701808]
[0.02002300565067286, 0.030917898381701808], 2, -1.0, [0.04944541303481251, 0.029422407384139645]
[0.04944541303481251, 0.029422407384139645], 2, -1.0, [0.07739527457236715, 0.027949861537554643]
[0.07739527457236715, 0.027949861537554643], 2, -1.0, [0.10391222173311873, 0.026516947160751578]
[0.10391222173311873, 0.026516947160751578], 2, -1.0, [0.12904966302058826, 0.02513744128746953]
[0.12904966302058826, 0.02513744128746953], 2, -1.0, [0.1528721312561344, 0.023822468235546155]
[0.1528721312561344, 0.023822468235546155], 2, -1.0, [0.17545293476915388, 0.022580803513019474]
[0.17545293476915388, 0.022580803513019474], 2, -1.0, [0.1968721330506787, 0.02141919828152479]
[0.1968721330506787, 0.02141919828152479], 2, -1.0, [0.21721483738019837, 0.02034270432951967]
[0.21721483738019837, 0.02034270432951967], 2, -1.0, [0.23656982299438356, 0.019354985614185204]
[0.23656982299438356, 0.019354985614185204], 2, -1.0, [0.2550284305537934, 0.018458607559409833]
[0.2550284305537934, 0.018458607559409833], 2, -1.0, [0.2726837298952492, 0.017655299341455846]
[0.2726837298952492, 0.017655299341455846], 2, -1.0, [0.2896299172981315, 0.016946187402882257]
[0.2896299172981315, 0.016946187402882257], 2, -1.0, [0.30596191784002097, 0.016332000541889508]
[0.30596191784002097, 0.016332000541889508], 2, -1.0, [0.321775166133671, 0.015813248293650075]
[0.321775166133671, 0.015813248293650075], 2, -1.0, [0.33716554125095916, 0.015390375117288134]
[0.33716554125095916, 0.015390375117288134], 2, -1.0, [0.35222943452439365, 0.015063893273434511]
[0.35222943452439365, 0.015063893273434511], 2, -1.0, [0.3670639318670668, 0.014834497342673166]
[0.3670639318670668, 0.014834497342673166], 0, -1.0, [0.37976709505342277, 0.01270316318635596]
[0.37976709505342277, 0.01270316318635596], 2, -1.0, [0.39242468504558126, 0.012657589992158479]
[0.39242468504558126, 0.012657589992158479], 2, -1.0, [0.4051236654603073, 0.012698980414726078]
[0.4051236654603073, 0.012698980414726078], 2, -1.0, [0.41795267301665234, 0.01282900755634501]
[0.41795267301665234, 0.01282900755634501], 2, -1.0, [0.43100253351284, 0.013049860496187662]
[0.43100253351284, 0.013049860496187662], 2, -1.0, [0.44436681946406037, 0.013364285951220353]
[0.44436681946406037, 0.013364285951220353], 2, -1.0, [0.4581424456480208, 0.013775626183960419]
[0.4581424456480208, 0.013775626183960419], 2, -1.0, [0.47243029833879724, 0.01428785269077644]
[0.47243029833879724, 0.01428785269077644], 2, -1.0, [0.4873358928376174, 0.014905594498820191]
[0.4873358928376174, 0.014905594498820191], 2, -1.0, [0.5029700518610327, 0.0156341590234153]
