[-0.4057452317377084, 0.0], 0, -1.0, [-0.4076108327049403, -0.0018656009672319046]
[-0.4076108327049403, -0.0018656009672319046], 0, -1.0, [-0.41132889460760896, -0.0037180619026686607]
[-0.41132889460760896, -0.0037180619026686607], 0, -1.0, [-0.41687315070050995, -0.005544256092900975]
[-0.41687315070050995, -0.005544256092900975], 0, -1.0, [-0.4242042429219564, -0.007331092221446463]
[-0.4242042429219564, -0.007331092221446463], 0, -1.0, [-0.43326979625596934, -0.009065553334012953]
[-0.43326979625596934, -0.009065553334012953], 0, -1.0, [-0.4440045558119246, -0.010734759555955254]
[-0.4440045558119246, -0.010734759555955254], 0, -1.0, [-0.45633061537137604, -0.012326059559451409]
[-0.45633061537137604, -0.012326059559451409], 0, -1.0, [-0.4701577687248083, -0.013827153353432287]
[-0.4701577687248083, -0.013827153353432287], 0, -1.0, [-0.48538401481090687, -0.015226246086098554]
[-0.48538401481090687, -0.015226246086098554], 0, -1.0, [-0.5018962441797437, -0.016512229368836742]
[-0.5018962441797437, -0.016512229368836742], 0, -1.0, [-0.5195711275623339, -0.017674883382590288]
[-0.5195711275623339, -0.017674883382590288], 0, -1.0, [-0.538276217570166, -0.018705090007832017]
[-0.538276217570166, -0.018705090007832017], 0, -1.0, [-0.5578712623313803, -0.019595044761214316]
[-0.5578712623313803, -0.019595044761214316], 0, -1.0, [-0.5782097160892721, -0.0203384537578918]
[-0.5782097160892721, -0.0203384537578918], 0, -1.0, [-0.5991404176145442, -0.0209307015252721]
[-0.5991404176145442, -0.0209307015252721], 0, -1.0, [-0.6205093940517458, -0.021368976437201637]
[-0.6205093940517458, -0.021368976437201637], 0, -1.0, [-0.6421617368779992, -0.021652342826253432]
[-0.6421617368779992, -0.021652342826253432], 0, -1.0, [-0.6639434891736995, -0.021781752295700358]
[-0.6639434891736995, -0.021781752295700358], 0, -1.0, [-0.6857034802261198, -0.02175999105242036]
[-0.6857034802261198, -0.02175999105242036], 0, -1.0, [-0.7072950449780387, -0.021591564751918885]
[-0.7072950449780387, -0.021591564751918885], 0, -1.0, [-0.7285775718435523, -0.02128252686551362]
[-0.7285775718435523, -0.02128252686551362], 0, -1.0, [-0.7494178322962495, -0.020840260452697178]
[-0.7494178322962495, -0.020840260452697178], 0, -1.0, [-0.7696910583536863, -0.02027322605743688]
[-0.7696910583536863, -0.02027322605743688], 2, -1.0, [-0.7872817483665846, -0.01759069001289831]
[-0.7872817483665846, -0.01759069001289831], 2, -1.0, [-0.8020947104851285, -0.01481296211854384]
[-0.8020947104851285, -0.01481296211854384], 2, -1.0, [-0.8140536130358745, -0.011958902550746015]
[-0.8140536130358745, -0.011958902550746015], 2, -1.0, [-0.8230994953392051, -0.009045882303330553]
[-0.8230994953392051, -0.009045882303330553], 2, -1.0, [-0.8291893902462601, -0.006089894907054999]
[-0.8291893902462601, -0.006089894907054999], 2, -1.0, [-0.8322951806634397, -0.0031057904171794977]
[-0.8322951806634397, -0.0031057904171794977], 2, -1.0, [-0.8324027815388325, -0.00010760087539285913]
[-0.8324027815388325, -0.00010760087539285913], 2, -1.0, [-0.8295117079943657, 0.0028910735444668506]
[-0.8295117079943657, 0.0028910735444668506], 2, -1.0, [-0.8236350601874183, 0.0058766478069474555]
[-0.8236350601874183, 0.0058766478069474555], 2, -1.0, [-0.8147999259565375, 0.008835134230880825]
[-0.8147999259565375, 0.008835134230880825], 2, -1.0, [-0.8030481727992443, 0.011751753157293186]
[-0.8030481727992443, 0.011751753157293186], 2, -1.0, [-0.7884375706821928, 0.014610602117051598]
[-0.7884375706821928, 0.014610602117051598], 2, -1.0, [-0.7710431564315737, 0.017394414250619095]
[-0.7710431564315737, 0.017394414250619095], 2, -1.0, [-0.7509587196129954, 0.02008443681857826]
[-0.7509587196129954, 0.02008443681857826], 2, -1.0, [-0.7282982605856054, 0.022660459027389963]
[-0.7282982605856054, 0.022660459027389963], 2, -1.0, [-0.7031972467335512, 0.02510101385205422]
[-0.7031972467335512, 0.02510101385205422], 2, -1.0, [-0.6758134767952205, 0.027383769938330728]
[-0.6758134767952205, 0.027383769938330728], 2, -1.0, [-0.6463273604734588, 0.029486116321761666]
[-0.6463273604734588, 0.029486116321761666], 2, -1.0, [-0.6149414357337156, 0.0313859247397432]
[-0.6149414357337156, 0.0313859247397432], 2, -1.0, [-0.5818789827122923, 0.03306245302142333]
[-0.5818789827122923, 0.03306245302142333], 2, -1.0, [-0.5473816517133974, 0.03449733099889499]
[-0.5473816517133974, 0.03449733099889499], 2, -1.0, [-0.5117061004423059, 0.035675551271091434]
[-0.5117061004423059, 0.035675551271091434], 2, -1.0, [-0.47511972531303637, 0.03658637512926954]
[-0.47511972531303637, 0.03658637512926954], 2, -1.0, [-0.4378956626318768, 0.037224062681159555]
[-0.4378956626318768, 0.037224062681159555], 2, -1.0, [-0.40030731489019944, 0.03758834774167734]
[-0.40030731489019944, 0.03758834774167734], 2, -1.0, [-0.36262271292885095, 0.03768460196134849]
[-0.36262271292885095, 0.03768460196134849], 2, -1.0, [-0.3250990471675386, 0.03752366576131233]
[-0.3250990471675386, 0.03752366576131233], 2, -1.0, [-0.2879776866167177, 0.037121360550820916]
[-0.2879776866167177, 0.037121360550820916], 2, -1.0, [-0.2514799555394812, 0.036497731077236466]
[-0.2514799555394812, 0.036497731077236466], 2, -1.0, [-0.21580386266718113, 0.03567609287230008]
[-0.21580386266718113, 0.03567609287230008], 2, -1.0, [-0.1811218887991901, 0.03468197386799102]
[-0.1811218887991901, 0.03468197386799102], 2, -1.0, [-0.14757984847236588, 0.03354204032682422]
[-0.14757984847236588, 0.03354204032682422], 2, -1.0, [-0.11529676161814724, 0.03228308685421864]
[-0.11529676161814724, 0.03228308685421864], 2, -1.0, [-0.08436560973471655, 0.030931151883430687]
[-0.08436560973471655, 0.030931151883430687], 2, -1.0, [-0.054854811873854825, 0.029510797860861717]
[-0.054854811873854825, 0.029510797860861717], 2, -1.0, [-0.026810238523589876, 0.02804457335026495]
[-0.026810238523589876, 0.02804457335026495], 1, -1.0, [-0.0012575831566733649, 0.02555265536691651]
[-0.0012575831566733649, 0.02555265536691651], 2, -1.0, [0.022795090002270247, 0.024052673158943612]
[0.022795090002270247, 0.024052673158943612], 2, -1.0, [0.045353606564878565, 0.02255851656260832]
[0.045353606564878565, 0.02255851656260832], 2, -1.0, [0.06643522813341418, 0.021081621568535613]
[0.06643522813341418, 0.021081621568535613], 2, -1.0, [0.08606633899991642, 0.019631110866502238]
[0.08606633899991642, 0.019631110866502238], 2, -1.0, [0.10428032134560332, 0.0182139823456869]
[0.10428032134560332, 0.0182139823456869], 2, -1.0, [0.12111564602313964, 0.016835324677536314]
[0.12111564602313964, 0.016835324677536314], 2, -1.0, [0.13661418934096003, 0.015498543317820409]
[0.13661418934096003, 0.015498543317820409], 2, -1.0, [0.15081977374551642, 0.014205584404556389]
[0.15081977374551642, 0.014205584404556389], 2, -1.0, [0.1637769214991037, 0.012957147753587275]
[0.1637769214991037, 0.012957147753587275], 2, -1.0, [0.1755298047894537, 0.011752883290350019]
[0.1755298047894537, 0.011752883290350019], 2, -1.0, [0.18612137254530317, 0.010591567755849464]
[0.18612137254530317, 0.010591567755849464], 2, -1.0, [0.19559263296344034, 0.009471260418137171]
[0.19559263296344034, 0.009471260418137171], 2, -1.0, [0.20398207084636488, 0.00838943788292455]
[0.20398207084636488, 0.00838943788292455], 2, -1.0, [0.21132517986827043, 0.007343109021905551]
[0.21132517986827043, 0.007343109021905551], 2, -1.0, [0.21765409148825368, 0.006328911619983262]
[0.21765409148825368, 0.006328911619983262], 2, -1.0, [0.22299728415800738, 0.005343192669753683]
[0.22299728415800738, 0.005343192669753683], 2, -1.0, [0.22737935854541536, 0.004382074387407992]
[0.22737935854541536, 0.004382074387407992], 1, -1.0, [0.22982086659420908, 0.0024415080487937245]
[0.22982086659420908, 0.0024415080487937245], 0, -1.0, [0.2293334046959198, -0.00048746189828927436]
[0.2293334046959198, -0.00048746189828927436], 0, -1.0, [0.2259146492724381, -0.0034187554234817313]
[0.2259146492724381, -0.0034187554234817313], 0, -1.0, [0.21954842052748394, -0.006366228744954148]
[0.21954842052748394, -0.006366228744954148], 0, -1.0, [0.21020513648439365, -0.009343284043090287]
[0.21020513648439365, -0.009343284043090287], 0, -1.0, [0.19784269046612818, -0.012362446018265463]
[0.19784269046612818, -0.012362446018265463], 0, -1.0, [0.18240781287214616, -0.015434877593982006]
[0.18240781287214616, -0.015434877593982006], 0, -1.0, [0.16383800401018486, -0.018569808861961298]
[0.16383800401018486, -0.018569808861961298], 2, -1.0, [0.14406414686229868, -0.019773857147886178]
[0.14406414686229868, -0.019773857147886178], 2, -1.0, [0.12302016571107528, -0.021043981151223398]
[0.12302016571107528, -0.021043981151223398], 0, -1.0, [0.0986445178777908, -0.024375647833284476]
[0.0986445178777908, -0.024375647833284476], 2, -1.0, [0.07287754428405688, -0.025766973593733918]
[0.07287754428405688, -0.025766973593733918], 0, -1.0, [0.04367008334797103, -0.029207460936085845]
[0.04367008334797103, -0.029207460936085845], 0, -1.0, [0.01098404634977957, -0.03268603699819146]
[0.01098404634977957, -0.03268603699819146], 0, -1.0, [-0.025200633466890873, -0.036184679816670444]
[-0.025200633466890873, -0.036184679816670444], 0, -1.0, [-0.06487817212671453, -0.03967753865982365]
[-0.06487817212671453, -0.03967753865982365], 0, -1.0, [-0.10800850684283637, -0.04313033471612185]
[-0.10800850684283637, -0.04313033471612185], 0, -1.0, [-0.1545087451496409, -0.046500238306804526]
[-0.1545087451496409, -0.046500238306804526], 0, -1.0, [-0.2042451871172309, -0.04973644196758996]
[-0.2042451871172309, -0.04973644196758996], 0, -1.0, [-0.2570268236820311, -0.052781636564800206]
[-0.2570268236820311, -0.052781636564800206], 0, -1.0, [-0.31260135548867385, -0.05557453180664276]
[-0.31260135548867385, -0.05557453180664276], 0, -1.0, [-0.37065478715907724, -0.05805343167040339]
[-0.37065478715907724, -0.05805343167040339], 0, -1.0, [-0.43081547178940294, -0.06016068463032569]
[-0.43081547178940294, -0.06016068463032569], 0, -1.0, [-0.4926630800358718, -0.06184760824646883]
[-0.4926630800358718, -0.06184760824646883], 0, -1.0, [-0.5557423730750282, -0.06307929303915644]
[-0.5557423730750282, -0.06307929303915644], 0, -1.0, [-0.6195809625844645, -0.06383858950943634]
[-0.6195809625844645, -0.06383858950943634], 0, -1.0, [-0.6837095922733312, -0.06412862968886673]
[-0.6837095922733312, -0.06412862968886673], 2, -1.0, [-0.7456830368834435, -0.0619734446101123]
[-0.7456830368834435, -0.0619734446101123], 1, -1.0, [-0.806111370281338, -0.06042833339789439]
[-0.806111370281338, -0.06042833339789439], 1, -1.0, [-0.8646655709081504, -0.05855420062681245]
[-0.8646655709081504, -0.05855420062681245], 1, -1.0, [-0.9210853249642761, -0.05641975405612569]
[-0.9210853249642761, -0.05641975405612569], 1, -1.0, [-0.975181878243973, -0.054096553279696924]
[-0.975181878243973, -0.054096553279696924], 0, -1.0, [-1.0278365503237634, -0.05265467207979051]
[-1.0278365503237634, -0.05265467207979051], 0, -1.0, [-1.0789954382621147, -0.05115888793835129]
[-1.0789954382621147, -0.05115888793835129], 0, -1.0, [-1.1286656925153797, -0.04967025425326499]
[-1.1286656925153797, -0.04967025425326499], 0, -1.0, [-1.1769102427345415, -0.0482445502191618]
[-1.1769102427345415, -0.0482445502191618], 0, -1.0, [-1.2, 0.0]
[-1.2, 0.0], 2, -1.0, [-1.1967581039591646, 0.003241896040835368]
[-1.1967581039591646, 0.003241896040835368], 2, -1.0, [-1.1902636585360942, 0.006494445423070332]
[-1.1902636585360942, 0.006494445423070332], 2, -1.0, [-1.1804959639787937, 0.009767694557300442]
[-1.1804959639787937, 0.009767694557300442], 2, -1.0, [-1.1674255149588486, 0.013070449019945182]
[-1.1674255149588486, 0.013070449019945182], 2, -1.0, [-1.1510159267200155, 0.016409588238833067]
[-1.1510159267200155, 0.016409588238833067], 2, -1.0, [-1.1312266168239755, 0.019789309896040046]
[-1.1312266168239755, 0.019789309896040046], 2, -1.0, [-1.108016322100852, 0.02321029472312345]
[-1.108016322100852, 0.02321029472312345], 2, -1.0, [-1.081347524946184, 0.02666879715466819]
[-1.081347524946184, 0.02666879715466819], 2, -1.0, [-1.0511918363028878, 0.03015568864329602]
[-1.0511918363028878, 0.03015568864329602], 2, -1.0, [-1.0175363271434712, 0.0336555091594167]
[-1.0175363271434712, 0.0336555091594167], 2, -1.0, [-0.9803907090723114, 0.03714561807115983]
[-0.9803907090723114, 0.03714561807115983], 2, -1.0, [-0.9397951336374217, 0.04059557543488971]
[-0.9397951336374217, 0.04059557543488971], 2, -1.0, [-0.8958282112564235, 0.043966922380998245]
[-0.8958282112564235, 0.043966922380998245], 2, -1.0, [-0.8486146572192776, 0.04721355403714586]
[-0.8486146572192776, 0.04721355403714586], 2, -1.0, [-0.7983317816221248, 0.05028287559715283]
[-0.7983317816221248, 0.05028287559715283], 2, -1.0, [-0.7452138959379592, 0.0531178856841656]
[-0.7452138959379592, 0.0531178856841656], 2, -1.0, [-0.6895536666604415, 0.0556602292775177]
[-0.6895536666604415, 0.0556602292775177], 2, -1.0, [-0.6316995610792892, 0.057854105581152386]
[-0.6316995610792892, 0.057854105581152386], 2, -1.0, [-0.5720488365336812, 0.05965072454560789]
[-0.5720488365336812, 0.05965072454560789], 2, -1.0, [-0.5110360146660762, 0.061012821867605024]
[-0.5110360146660762, 0.061012821867605024], 2, -1.0, [-0.44911739120176025, 0.061918623464315904]
[-0.44911739120176025, 0.061918623464315904], 2, -1.0, [-0.38675274139346727, 0.06236464980829299]
[-0.38675274139346727, 0.06236464980829299], 2, -1.0, [-0.3243858485235833, 0.06236689286988392]
[-0.3243858485235833, 0.06236689286988392], 2, -1.0, [-0.2624256859117381, 0.061960162611845254]
[-0.2624256859117381, 0.061960162611845254], 2, -1.0, [-0.20122996568717166, 0.061195720224566416]
[-0.20122996568717166, 0.061195720224566416], 2, -1.0, [-0.14109236178367496, 0.06013760390349669]
[-0.14109236178367496, 0.06013760390349669], 2, -1.0, [-0.08223412731502394, 0.05885823446865101]
[-0.08223412731502394, 0.05885823446865101], 2, -1.0, [-0.024800200336085113, 0.05743392697893883]
[-0.024800200336085113, 0.05743392697893883], 2, -1.0, [0.03114064276343887, 0.05594084309952398]
[0.03114064276343887, 0.05594084309952398], 2, -1.0, [0.08559238750154527, 0.0544517447381064]
[0.08559238750154527, 0.0544517447381064], 2, -1.0, [0.13862609852276647, 0.05303371102122119]
[0.13862609852276647, 0.05303371102122119], 2, -1.0, [0.19037290492486428, 0.0517468064020978]
[0.19037290492486428, 0.0517468064020978], 2, -1.0, [0.24101646944167865, 0.050643564516814364]
[0.24101646944167865, 0.050643564516814364], 0, -1.0, [0.28878555519931315, 0.04776908575763451]
[0.28878555519931315, 0.04776908575763451], 0, -1.0, [0.3339356235386528, 0.04515006833933963]
[0.3339356235386528, 0.04515006833933963], 0, -1.0, [0.37673873938920593, 0.04280311585055314]
[0.37673873938920593, 0.04280311585055314], 1, -1.0, [0.41847569462072887, 0.041736955231522925]
[0.41847569462072887, 0.041736955231522925], 1, -1.0, [0.4594372310398949, 0.04096153641916606]
[0.4594372310398949, 0.04096153641916606], 1, -1.0, [0.4999205218832936, 0.04048329084339866]
[0.4999205218832936, 0.04048329084339866], 1, -1.0, [0.5402263751348833, 0.04030585325158969]
