[-0.5357298077414014, 0.0], 0, -1.0, [-0.5366388450827934, -0.0009090373413919073]
[-0.5366388450827934, -0.0009090373413919073], 0, -1.0, [-0.5384501068466443, -0.0018112617638509371]
[-0.5384501068466443, -0.0018112617638509371], 0, -1.0, [-0.5411500204734243, -0.002699913626779994]
[-0.5411500204734243, -0.002699913626779994], 0, -1.0, [-0.544718360579395, -0.003568340105970707]
[-0.544718360579395, -0.003568340105970707], 0, -1.0, [-0.5491284097530161, -0.004410049173621051]
[-0.5491284097530161, -0.004410049173621051], 0, -1.0, [-0.5543471738071566, -0.005218764054140497]
[-0.5543471738071566, -0.005218764054140497], 0, -1.0, [-0.5603356517900231, -0.005988477982866546]
[-0.5603356517900231, -0.005988477982866546], 0, -1.0, [-0.5670491606379966, -0.006713508847973547]
[-0.5670491606379966, -0.006713508847973547], 0, -1.0, [-0.574437713669333, -0.007388553031336479]
[-0.574437713669333, -0.007388553031336479], 0, -1.0, [-0.5824464511765394, -0.008008737507206293]
[-0.5824464511765394, -0.008008737507206293], 0, -1.0, [-0.5910161202110036, -0.008569669034464223]
[-0.5910161202110036, -0.008569669034464223], 0, -1.0, [-0.6000835993248798, -0.009067479113876124]
[-0.6000835993248798, -0.009067479113876124], 0, -1.0, [-0.6095824626223596, -0.009498863297479886]
[-0.6095824626223596, -0.009498863297479886], 0, -1.0, [-0.6194435760708378, -0.009861113448478188]
[-0.6194435760708378, -0.009861113448478188], 0, -1.0, [-0.6295957177353634, -0.01015214166452556]
[-0.6295957177353634, -0.01015214166452556], 0, -1.0, [-0.6399662125292636, -0.010370494793900216]
[-0.6399662125292636, -0.010370494793900216], 0, -1.0, [-0.6504815713115099, -0.01051535878224635]
[-0.6504815713115099, -0.01051535878224635], 0, -1.0, [-0.6610681237797338, -0.010586552468223947]
[-0.6610681237797338, -0.010586552468223947], 0, -1.0, [-0.6716526346531058, -0.010584510873371965]
[-0.6716526346531058, -0.010584510873371965], 0, -1.0, [-0.682162893127227, -0.010510258474121273]
[-0.682162893127227, -0.010510258474121273], 0, -1.0, [-0.692528266497266, -0.010365373370038972]
[-0.692528266497266, -0.010365373370038972], 0, -1.0, [-0.7026802101388533, -0.010151943641587308]
[-0.7026802101388533, -0.010151943641587308], 0, -1.0, [-0.7125527276359409, -0.009872517497087608]
[-0.7125527276359409, -0.009872517497087608], 0, -1.0, [-0.7220827766591787, -0.00953004902323789]
[-0.7220827766591787, -0.00953004902323789], 0, -1.0, [-0.7312106181249535, -0.0091278414657747]
[-0.7312106181249535, -0.0091278414657747], 0, -1.0, [-0.7398801080996464, -0.008669489974692982]
[-0.7398801080996464, -0.008669489974692982], 2, -1.0, [-0.7460389337575519, -0.006158825657905479]
[-0.7460389337575519, -0.006158825657905479], 2, -1.0, [-0.7496505506902142, -0.003611616932662348]
[-0.7496505506902142, -0.003611616932662348], 2, -1.0, [-0.750693773657238, -0.0010432229670237318]
[-0.750693773657238, -0.0010432229670237318], 2, -1.0, [-0.7491625174217004, 0.0015312562355376093]
[-0.7491625174217004, 0.0015312562355376093], 2, -1.0, [-0.7450657192514134, 0.0040967981702869595]
[-0.7450657192514134, 0.0040967981702869595], 2, -1.0, [-0.7384274522665818, 0.006638266984831643]
[-0.7384274522665818, 0.006638266984831643], 2, -1.0, [-0.7292872161671978, 0.009140236099384004]
[-0.7292872161671978, 0.009140236099384004], 2, -1.0, [-0.7177003695915836, 0.011586846575614297]
[-0.7177003695915836, 0.011586846575614297], 2, -1.0, [-0.7037386471570417, 0.013961722434541812]
[-0.7037386471570417, 0.013961722434541812], 2, -1.0, [-0.6874906850886761, 0.016247962068365696]
[-0.6874906850886761, 0.016247962068365696], 2, -1.0, [-0.6690624635778172, 0.018428221510858864]
[-0.6690624635778172, 0.018428221510858864], 2, -1.0, [-0.648577563298344, 0.02048490027947309]
[-0.648577563298344, 0.02048490027947309], 2, -1.0, [-0.6261771297345607, 0.022400433563783316]
[-0.6261771297345607, 0.022400433563783316], 2, -1.0, [-0.6020194439714786, 0.02415768576308222]
[-0.6020194439714786, 0.02415768576308222], 2, -1.0, [-0.5762790137552618, 0.025740430216216737]
[-0.5762790137552618, 0.025740430216216737], 2, -1.0, [-0.5491451244342294, 0.02713388932103242]
[-0.5491451244342294, 0.02713388932103242], 2, -1.0, [-0.5208198250013406, 0.028325299432888803]
[-0.5208198250013406, 0.028325299432888803], 2, -1.0, [-0.4915153674564977, 0.02930445754484287]
[-0.4915153674564977, 0.02930445754484287], 1, -1.0, [-0.46245116411466974, 0.02906420334182799]
[-0.46245116411466974, 0.02906420334182799], 0, -1.0, [-0.43484300006450843, 0.027608164050161317]
[-0.43484300006450843, 0.027608164050161317], 0, -1.0, [-0.4088926663765793, 0.025950333687929133]
[-0.4088926663765793, 0.025950333687929133], 0, -1.0, [-0.38478574975293967, 0.024106916623639632]
[-0.38478574975293967, 0.024106916623639632], 0, -1.0, [-0.36269009921874745, 0.022095650534192234]
[-0.36269009921874745, 0.022095650534192234], 0, -1.0, [-0.3427549372614511, 0.019935161957296305]
[-0.3427549372614511, 0.019935161957296305], 0, -1.0, [-0.3251105394149013, 0.017644397846549836]
[-0.3251105394149013, 0.017644397846549836], 0, -1.0, [-0.30986837542247914, 0.015242163992422161]
[-0.30986837542247914, 0.015242163992422161], 0, -1.0, [-0.29712158761587826, 0.012746787806600874]
[-0.29712158761587826, 0.012746787806600874], 0, -1.0, [-0.28694567711449653, 0.010175910501381741]
[-0.28694567711449653, 0.010175910501381741], 0, -1.0, [-0.27939927386737407, 0.007546403247122456]
[-0.27939927386737407, 0.007546403247122456], 0, -1.0, [-0.2745248799226305, 0.004874393944743565]
[-0.2745248799226305, 0.004874393944743565], 0, -1.0, [-0.2723494941558147, 0.0021753857668158263]
[-0.2723494941558147, 0.0021753857668158263], 0, -1.0, [-0.2728850489448037, -0.0005355547889890067]
[-0.2728850489448037, -0.0005355547889890067], 0, -1.0, [-0.2761286134183728, -0.003243564473569104]
[-0.2761286134183728, -0.003243564473569104], 0, -1.0, [-0.2820623429406159, -0.005933729522243095]
[-0.2820623429406159, -0.005933729522243095], 0, -1.0, [-0.2906531798423997, -0.008590836901783801]
[-0.2906531798423997, -0.008590836901783801], 0, -1.0, [-0.3018523356877687, -0.011199155845369013]
[-0.3018523356877687, -0.011199155845369013], 0, -1.0, [-0.3155946101325612, -0.013742274444792483]
[-0.3155946101325612, -0.013742274444792483], 0, -1.0, [-0.33179762497431786, -0.016203014841756708]
[-0.33179762497431786, -0.016203014841756708], 0, -1.0, [-0.3503610731163717, -0.018563448142053875]
[-0.3503610731163717, -0.018563448142053875], 0, -1.0, [-0.3711660991247697, -0.02080502600839801]
[-0.3711660991247697, -0.02080502600839801], 0, -1.0, [-0.39407493858784964, -0.0229088394630799]
[-0.39407493858784964, -0.0229088394630799], 0, -1.0, [-0.418930945064132, -0.024856006476282354]
[-0.418930945064132, -0.024856006476282354], 0, -1.0, [-0.4455591236428647, -0.02662817857873275]
[-0.4455591236428647, -0.02662817857873275], 0, -1.0, [-0.47376726738959, -0.028208143746725325]
[-0.47376726738959, -0.028208143746725325], 0, -1.0, [-0.503347756921249, -0.029580489531658993]
[-0.503347756921249, -0.029580489531658993], 0, -1.0, [-0.5340800356787647, -0.030732278757515736]
[-0.5340800356787647, -0.030732278757515736], 0, -1.0, [-0.5657337179387122, -0.03165368225994744]
[-0.5657337179387122, -0.03165368225994744], 0, -1.0, [-0.5980722290086724, -0.032338511069960225]
[-0.5980722290086724, -0.032338511069960225], 0, -1.0, [-0.6308568244264332, -0.03278459541776074]
[-0.6308568244264332, -0.03278459541776074], 0, -1.0, [-0.6638507944758228, -0.0329939700493896]
[-0.6638507944758228, -0.0329939700493896], 0, -1.0, [-0.6968236378167102, -0.03297284334088733]
[-0.6968236378167102, -0.03297284334088733], 0, -1.0, [-0.7295549868786012, -0.032731349061890985]
[-0.7295549868786012, -0.032731349061890985], 0, -1.0, [-0.7618380880177159, -0.03228310113911474]
[-0.7618380880177159, -0.03228310113911474], 0, -1.0, [-0.7934826781394562, -0.031644590121740215]
[-0.7934826781394562, -0.031644590121740215], 0, -1.0, [-0.8243171508027054, -0.030834472663249186]
[-0.8243171508027054, -0.030834472663249186], 0, -1.0, [-0.8541899616233338, -0.029872810820628433]
[-0.8541899616233338, -0.029872810820628433], 0, -1.0, [-0.8829702779525613, -0.02878031632922754]
[-0.8829702779525613, -0.02878031632922754], 0, -1.0, [-0.9105479253983055, -0.027577647445744195]
[-0.9105479253983055, -0.027577647445744195], 2, -1.0, [-0.9348327198451362, -0.024284794446830665]
[-0.9348327198451362, -0.024284794446830665], 2, -1.0, [-0.9557582152081019, -0.020925495362965688]
[-0.9557582152081019, -0.020925495362965688], 2, -1.0, [-0.9732771851544586, -0.01751896994635671]
[-0.9732771851544586, -0.01751896994635671], 2, -1.0, [-0.9873573760698336, -0.0140801909153751]
[-0.9873573760698336, -0.0140801909153751], 2, -1.0, [-0.9979777434356322, -0.010620367365798479]
[-0.9979777434356322, -0.010620367365798479], 2, -1.0, [-1.005125315449832, -0.007147572014199856]
[-1.005125315449832, -0.007147572014199856], 2, -1.0, [-1.0087927743635245, -0.003667458913692367]
[-1.0087927743635245, -0.003667458913692367], 2, -1.0, [-1.008976807857761, -0.00018403349423654373]
[-1.008976807857761, -0.00018403349423654373], 2, -1.0, [-1.005677257637915, 0.0032995502198460377]
[-1.005677257637915, 0.0032995502198460377], 2, -1.0, [-0.99889707662144, 0.006780181016474948]
[-0.99889707662144, 0.006780181016474948], 2, -1.0, [-0.9886430952434897, 0.010253981377950288]
[-0.9886430952434897, 0.010253981377950288], 2, -1.0, [-0.9749275868042818, 0.013715508439207847]
[-0.9749275868042818, 0.013715508439207847], 2, -1.0, [-0.957770606719534, 0.0171569800847479]
[-0.957770606719534, 0.0171569800847479], 2, -1.0, [-0.9372030565655848, 0.020567550153949125]
[-0.9372030565655848, 0.020567550153949125], 2, -1.0, [-0.913270387173314, 0.023932669392270806]
[-0.913270387173314, 0.023932669392270806], 2, -1.0, [-0.8860368033133195, 0.027233583859994477]
[-0.8860368033133195, 0.027233583859994477], 2, -1.0, [-0.8555897656518914, 0.030447037661428058]
[-0.8555897656518914, 0.030447037661428058], 2, -1.0, [-0.8220445071051247, 0.033545258546766696]
[-0.8220445071051247, 0.033545258546766696], 2, -1.0, [-0.7855481986625361, 0.03649630844258858]
[-0.7855481986625361, 0.03649630844258858], 2, -1.0, [-0.7462833277639284, 0.039264870898607716]
[-0.7462833277639284, 0.039264870898607716], 2, -1.0, [-0.7044698088014028, 0.04181351896252557]
[-0.7044698088014028, 0.04181351896252557], 2, -1.0, [-0.6603653510589049, 0.04410445774249779]
[-0.6603653510589049, 0.04410445774249779], 2, -1.0, [-0.6142636828279534, 0.046101668230951555]
[-0.6142636828279534, 0.046101668230951555], 2, -1.0, [-0.5664903811983181, 0.04777330162963529]
[-0.5664903811983181, 0.04777330162963529], 2, -1.0, [-0.517396279498645, 0.04909410169967306]
[-0.517396279498645, 0.04909410169967306], 2, -1.0, [-0.46734869383533617, 0.0500475856633088]
[-0.46734869383533617, 0.0500475856633088], 2, -1.0, [-0.4167209843671778, 0.05062770946815839]
[-0.4167209843671778, 0.05062770946815839], 2, -1.0, [-0.3658811941945755, 0.05083979017260231]
[-0.3658811941945755, 0.05083979017260231], 2, -1.0, [-0.31518064131368606, 0.050700552880889455]
[-0.31518064131368606, 0.050700552880889455], 2, -1.0, [-0.2649433473461371, 0.050237293967548925]
[-0.2649433473461371, 0.050237293967548925], 2, -1.0, [-0.21545706858541191, 0.04948627876072519]
[-0.21545706858541191, 0.04948627876072519], 2, -1.0, [-0.16696647644770196, 0.04849059213770997]
[-0.16696647644770196, 0.04849059213770997], 2, -1.0, [-0.11966876180394428, 0.04729771464375767]
[-0.11966876180394428, 0.04729771464375767], 2, -1.0, [-0.0737116632141381, 0.04595709858980617]
[-0.0737116632141381, 0.04595709858980617], 2, -1.0, [-0.02919368745544622, 0.04451797575869189]
[-0.02919368745544622, 0.04451797575869189], 2, -1.0, [0.013833870229201482, 0.0430275576846477]
[0.013833870229201482, 0.0430275576846477], 2, -1.0, [0.05536358058445759, 0.04152971035525611]
[0.05536358058445759, 0.04152971035525611], 2, -1.0, [0.09542769441039668, 0.04006411382593909]
[0.09542769441039668, 0.04006411382593909], 2, -1.0, [0.13409355795033906, 0.03866586353994238]
[0.13409355795033906, 0.03866586353994238], 2, -1.0, [0.17145899533251543, 0.03736543738217637]
[0.17145899533251543, 0.03736543738217637], 1, -1.0, [0.20664793419097843, 0.03518893885846299]
[0.20664793419097843, 0.03518893885846299], 2, -1.0, [0.24080209527929541, 0.034154161088316995]
[0.24080209527929541, 0.034154161088316995], 2, -1.0, [0.27408071415231705, 0.03327861887302162]
[0.27408071415231705, 0.03327861887302162], 2, -1.0, [0.30665788262353205, 0.03257716847121502]
[0.30665788262353205, 0.03257716847121502], 2, -1.0, [0.3387204482891722, 0.032062565665640134]
[0.3387204482891722, 0.032062565665640134], 2, -1.0, [0.3704664313645996, 0.03174598307542744]
[0.3704664313645996, 0.03174598307542744], 2, -1.0, [0.4021038951001742, 0.03163746373557458]
[0.4021038951001742, 0.03163746373557458], 2, -1.0, [0.4338501892395719, 0.031746294139397745]
[0.4338501892395719, 0.031746294139397745], 2, -1.0, [0.46593147226537585, 0.03208128302580393]
[0.46593147226537585, 0.03208128302580393], 2, -1.0, [0.4985824047434296, 0.03265093247805371]
[0.4985824047434296, 0.03265093247805371], 2, -1.0, [0.5320458905172768, 0.03346348577384718]
