[-0.4472312465526536, 0.0], 0, -1.0, [-0.4487990056804147, -0.0015677591277610866]
[-0.4487990056804147, -0.0015677591277610866], 0, -1.0, [-0.4519230667396834, -0.0031240610592687115]
[-0.4519230667396834, -0.0031240610592687115], 0, -1.0, [-0.4565805626245685, -0.004657495884885063]
[-0.4565805626245685, -0.004657495884885063], 0, -1.0, [-0.46273731560064235, -0.006156752976073849]
[-0.46273731560064235, -0.006156752976073849], 0, -1.0, [-0.47034799757341766, -0.007610681972775318]
[-0.47034799757341766, -0.007610681972775318], 0, -1.0, [-0.4793563637941228, -0.00900836622070509]
[-0.4793563637941228, -0.00900836622070509], 0, -1.0, [-0.48969557471452974, -0.010339210920406945]
[-0.48969557471452974, -0.010339210920406945], 0, -1.0, [-0.5012886214641458, -0.011593046749616037]
[-0.5012886214641458, -0.011593046749616037], 0, -1.0, [-0.5140488694696183, -0.012760248005472492]
[-0.5140488694696183, -0.012760248005472492], 0, -1.0, [-0.5278807319731783, -0.013831862503560062]
[-0.5278807319731783, -0.013831862503560062], 0, -1.0, [-0.5426804806871606, -0.014799748713982212]
[-0.5426804806871606, -0.014799748713982212], 0, -1.0, [-0.5583371947636815, -0.015656714076520962]
[-0.5583371947636815, -0.015656714076520962], 0, -1.0, [-0.5747338420500674, -0.01639664728638593]
[-0.5747338420500674, -0.01639664728638593], 0, -1.0, [-0.591748478780932, -0.017014636730864584]
[-0.591748478780932, -0.017014636730864584], 0, -1.0, [-0.6092555460775606, -0.017507067296628702]
[-0.6092555460775606, -0.017507067296628702], 0, -1.0, [-0.6271272345845994, -0.017871688507038772]
[-0.6271272345845994, -0.017871688507038772], 0, -1.0, [-0.6452348829459532, -0.018107648361353854]
[-0.6452348829459532, -0.018107648361353854], 0, -1.0, [-0.6634503721712597, -0.018215489225306514]
[-0.6634503721712597, -0.018215489225306514], 2, -1.0, [-0.679647476656372, -0.016197104485112385]
[-0.679647476656372, -0.016197104485112385], 0, -1.0, [-0.6957164995603928, -0.0160690229040208]
[-0.6957164995603928, -0.0160690229040208], 0, -1.0, [-0.7115512423309448, -0.015834742770552013]
[-0.7115512423309448, -0.015834742770552013], 0, -1.0, [-0.7270498590016177, -0.015498616670672826]
[-0.7270498590016177, -0.015498616670672826], 0, -1.0, [-0.7421155832593255, -0.015065724257707781]
[-0.7421155832593255, -0.015065724257707781], 2, -1.0, [-0.7546573183599418, -0.012541735100616328]
[-0.7546573183599418, -0.012541735100616328], 2, -1.0, [-0.7646015955626786, -0.009944277202736836]
[-0.7646015955626786, -0.009944277202736836], 2, -1.0, [-0.7718917641105257, -0.007290168547847188]
[-0.7718917641105257, -0.007290168547847188], 2, -1.0, [-0.7764872255720723, -0.004595461461546551]
[-0.7764872255720723, -0.004595461461546551], 2, -1.0, [-0.7783628034601829, -0.0018755778881106664]
[-0.7783628034601829, -0.0018755778881106664], 2, -1.0, [-0.7775083159816355, 0.0008544874785474843]
[-0.7775083159816355, 0.0008544874785474843], 2, -1.0, [-0.7739283950479593, 0.0035799209336761528]
[-0.7739283950479593, 0.0035799209336761528], 2, -1.0, [-0.7676425692060702, 0.006285825841889102]
[-0.7676425692060702, 0.006285825841889102], 2, -1.0, [-0.7586856024404048, 0.00895696676566539]
[-0.7586856024404048, 0.00895696676566539], 2, -1.0, [-0.7471080551934228, 0.011577547246981977]
[-0.7471080551934228, 0.011577547246981977], 2, -1.0, [-0.7329770088664764, 0.014131046326946449]
[-0.7329770088664764, 0.014131046326946449], 2, -1.0, [-0.7163768712394587, 0.016600137627017716]
[-0.7163768712394587, 0.016600137627017716], 2, -1.0, [-0.6974101589364691, 0.018966712302989602]
[-0.6974101589364691, 0.018966712302989602], 2, -1.0, [-0.676198136110184, 0.02121202282628508]
[-0.676198136110184, 0.02121202282628508], 2, -1.0, [-0.6528811782894188, 0.02331695782076512]
[-0.6528811782894188, 0.02331695782076512], 2, -1.0, [-0.6276187294713775, 0.02526244881804128]
[-0.6276187294713775, 0.02526244881804128], 2, -1.0, [-0.6005887314952381, 0.027029997976139513]
[-0.6005887314952381, 0.027029997976139513], 2, -1.0, [-0.5719864291597422, 0.028602302335495843]
[-0.5719864291597422, 0.028602302335495843], 2, -1.0, [-0.5420224926283693, 0.029963936531372838]
[-0.5420224926283693, 0.029963936531372838], 2, -1.0, [-0.5109204485617954, 0.03110204406657396]
[-0.5109204485617954, 0.03110204406657396], 2, -1.0, [-0.47891346902312115, 0.03200697953867428]
[-0.47891346902312115, 0.03200697953867428], 2, -1.0, [-0.4462406263863625, 0.03267284263675865]
[-0.4462406263863625, 0.03267284263675865], 2, -1.0, [-0.4131427758783696, 0.033097850507992924]
[-0.4131427758783696, 0.033097850507992924], 2, -1.0, [-0.37985826764515607, 0.03328450823321356]
[-0.37985826764515607, 0.03328450823321356], 2, -1.0, [-0.346618711448175, 0.03323955619698102]
[-0.346618711448175, 0.03323955619698102], 2, -1.0, [-0.3136450160570517, 0.03297369539112331]
[-0.3136450160570517, 0.03297369539112331], 2, -1.0, [-0.28114390231989334, 0.03250111373715835]
[-0.28114390231989334, 0.03250111373715835], 2, -1.0, [-0.24930504734187986, 0.031838854978013476]
[-0.24930504734187986, 0.031838854978013476], 2, -1.0, [-0.21829896335801124, 0.031006083983868622]
[-0.21829896335801124, 0.031006083983868622], 2, -1.0, [-0.18827565620976844, 0.030023307148242816]
[-0.18827565620976844, 0.030023307148242816], 2, -1.0, [-0.1593640521403056, 0.028911604069462825]
[-0.1593640521403056, 0.028911604069462825], 2, -1.0, [-0.13167213384686405, 0.027691918293441573]
[-0.13167213384686405, 0.027691918293441573], 2, -1.0, [-0.10528769118540207, 0.02638444266146197]
[-0.10528769118540207, 0.02638444266146197], 2, -1.0, [-0.08027957009999381, 0.025008121085408255]
[-0.08027957009999381, 0.025008121085408255], 0, -1.0, [-0.058699294688579956, 0.02158027541141386]
[-0.058699294688579956, 0.02158027541141386], 0, -1.0, [-0.040580356264475176, 0.01811893842410478]
[-0.040580356264475176, 0.01811893842410478], 0, -1.0, [-0.025942914600396993, 0.014637441664078184]
[-0.025942914600396993, 0.014637441664078184], 0, -1.0, [-0.014797905115828977, 0.011145009484568017]
[-0.014797905115828977, 0.011145009484568017], 0, -1.0, [-0.0071504325333710626, 0.007647472582457914]
[-0.0071504325333710626, 0.007647472582457914], 0, -1.0, [-0.0030023847752587264, 0.004148047758112336]
[-0.0030023847752587264, 0.004148047758112336], 0, -1.0, [-0.0023542356067956915, 0.000648149168463035]
[-0.0023542356067956915, 0.000648149168463035], 0, -1.0, [-0.005206024086307305, -0.002851788479511613]
[-0.005206024086307305, -0.002851788479511613], 0, -1.0, [-0.011557507666790326, -0.00635148358048302]
[-0.011557507666790326, -0.00635148358048302], 0, -1.0, [-0.02140748866799976, -0.009849981001209433]
[-0.02140748866799976, -0.009849981001209433], 0, -1.0, [-0.03475231578459391, -0.013344827116594155]
[-0.03475231578459391, -0.013344827116594155], 0, -1.0, [-0.05158356831479374, -0.01683125253019983]
[-0.05158356831479374, -0.01683125253019983], 0, -1.0, [-0.07188494581066307, -0.020301377495869324]
[-0.07188494581066307, -0.020301377495869324], 0, -1.0, [-0.09562841449869527, -0.023743468688032208]
[-0.09562841449869527, -0.023743468688032208], 0, -1.0, [-0.12276970793004764, -0.027141293431352367]
[-0.12276970793004764, -0.027141293431352367], 0, -1.0, [-0.15324334501003753, -0.03047363707998989]
[-0.15324334501003753, -0.03047363707998989], 0, -1.0, [-0.1869574128782993, -0.03371406786826179]
[-0.1869574128782993, -0.03371406786826179], 0, -1.0, [-0.2237884594156913, -0.03683104653739201]
[-0.2237884594156913, -0.03683104653739201], 0, -1.0, [-0.2635769385899912, -0.03978847917429991]
[-0.2635769385899912, -0.03978847917429991], 1, -1.0, [-0.3051237327402055, -0.04154679415021429]
[-0.3051237327402055, -0.04154679415021429], 0, -1.0, [-0.3491942677294355, -0.04407053498923]
[-0.3491942677294355, -0.04407053498923], 0, -1.0, [-0.39551396853089504, -0.0463197008014595]
[-0.39551396853089504, -0.0463197008014595], 0, -1.0, [-0.4437708394102694, -0.04825687087937435]
[-0.4437708394102694, -0.04825687087937435], 0, -1.0, [-0.49362071328573637, -0.04984987387546697]
[-0.49362071328573637, -0.04984987387546697], 0, -1.0, [-0.5446951196669637, -0.0510744063812273]
[-0.5446951196669637, -0.0510744063812273], 0, -1.0, [-0.5966114090733234, -0.051916289406359756]
[-0.5966114090733234, -0.051916289406359756], 0, -1.0, [-0.6489844719504232, -0.05237306287709976]
[-0.6489844719504232, -0.05237306287709976], 0, -1.0, [-0.7014391624179253, -0.052454690467502035]
[-0.7014391624179253, -0.052454690467502035], 0, -1.0, [-0.7536224321776149, -0.052183269759689684]
[-0.7536224321776149, -0.052183269759689684], 0, -1.0, [-0.8052142221479385, -0.051591789970323494]
[-0.8052142221479385, -0.051591789970323494], 0, -1.0, [-0.8559363393328541, -0.05072211718491562]
[-0.8559363393328541, -0.05072211718491562], 0, -1.0, [-0.9055588235609423, -0.049622484228088216]
[-0.9055588235609423, -0.049622484228088216], 0, -1.0, [-0.9539036245658227, -0.04834480100488033]
[-0.9539036245658227, -0.04834480100488033], 0, -1.0, [-1.0008457053147295, -0.0469420807489069]
[-1.0008457053147295, -0.0469420807489069], 0, -1.0, [-1.0463119176942093, -0.04546621237947986]
[-1.0463119176942093, -0.04546621237947986], 0, -1.0, [-1.0902781388975844, -0.04396622120337505]
[-1.0902781388975844, -0.04396622120337505], 0, -1.0, [-1.1327652103458108, -0.04248707144822638]
[-1.1327652103458108, -0.04248707144822638], 0, -1.0, [-1.1738342009828406, -0.04106899063702978]
[-1.1738342009828406, -0.04106899063702978], 0, -1.0, [-1.2, 0.0]
[-1.2, 0.0], 2, -1.0, [-1.1967581039591646, 0.003241896040835368]
[-1.1967581039591646, 0.003241896040835368], 2, -1.0, [-1.1902636585360942, 0.006494445423070332]
[-1.1902636585360942, 0.006494445423070332], 2, -1.0, [-1.1804959639787937, 0.009767694557300442]
[-1.1804959639787937, 0.009767694557300442], 2, -1.0, [-1.1674255149588486, 0.013070449019945182]
[-1.1674255149588486, 0.013070449019945182], 2, -1.0, [-1.1510159267200155, 0.016409588238833067]
[-1.1510159267200155, 0.016409588238833067], 2, -1.0, [-1.1312266168239755, 0.019789309896040046]
[-1.1312266168239755, 0.019789309896040046], 2, -1.0, [-1.108016322100852, 0.02321029472312345]
[-1.108016322100852, 0.02321029472312345], 2, -1.0, [-1.081347524946184, 0.02666879715466819]
[-1.081347524946184, 0.02666879715466819], 2, -1.0, [-1.0511918363028878, 0.03015568864329602]
[-1.0511918363028878, 0.03015568864329602], 2, -1.0, [-1.0175363271434712, 0.0336555091594167]
[-1.0175363271434712, 0.0336555091594167], 2, -1.0, [-0.9803907090723114, 0.03714561807115983]
[-0.9803907090723114, 0.03714561807115983], 2, -1.0, [-0.9397951336374217, 0.04059557543488971]
[-0.9397951336374217, 0.04059557543488971], 2, -1.0, [-0.8958282112564235, 0.043966922380998245]
[-0.8958282112564235, 0.043966922380998245], 2, -1.0, [-0.8486146572192776, 0.04721355403714586]
[-0.8486146572192776, 0.04721355403714586], 2, -1.0, [-0.7983317816221248, 0.05028287559715283]
[-0.7983317816221248, 0.05028287559715283], 2, -1.0, [-0.7452138959379592, 0.0531178856841656]
[-0.7452138959379592, 0.0531178856841656], 2, -1.0, [-0.6895536666604415, 0.0556602292775177]
[-0.6895536666604415, 0.0556602292775177], 2, -1.0, [-0.6316995610792892, 0.057854105581152386]
[-0.6316995610792892, 0.057854105581152386], 0, -1.0, [-0.5740488365336812, 0.057650724545607886]
[-0.5740488365336812, 0.057650724545607886], 2, -1.0, [-0.5150211794441627, 0.05902765708951854]
[-0.5150211794441627, 0.05902765708951854], 2, -1.0, [-0.45505784722618303, 0.059963332217979656]
[-0.45505784722618303, 0.059963332217979656], 2, -1.0, [-0.3946049571706949, 0.06045289005548814]
[-0.3946049571706949, 0.06045289005548814], 2, -1.0, [-0.3340955541350643, 0.0605094030356306]
[-0.3340955541350643, 0.0605094030356306], 2, -1.0, [-0.27393209293669996, 0.06016346119836437]
[-0.27393209293669996, 0.06016346119836437], 2, -1.0, [-0.21447089865233482, 0.059461194284365144]
[-0.21447089865233482, 0.059461194284365144], 2, -1.0, [-0.1560098369794071, 0.05846106167292773]
[-0.1560098369794071, 0.05846106167292773], 2, -1.0, [-0.0987799227169473, 0.0572299142624598]
[-0.0987799227169473, 0.0572299142624598], 2, -1.0, [-0.04294103785380392, 0.05583888486314338]
[-0.04294103785380392, 0.05583888486314338], 2, -1.0, [0.011418562580197265, 0.05435960043400118]
[0.011418562580197265, 0.05435960043400118], 2, -1.0, [0.06427962968594583, 0.05286106710574857]
[0.06427962968594583, 0.05286106710574857], 2, -1.0, [0.1156870364685427, 0.051407406782596865]
[0.1156870364685427, 0.051407406782596865], 2, -1.0, [0.1657435022665817, 0.050056465798039]
[0.1657435022665817, 0.050056465798039], 2, -1.0, [0.21460270066363413, 0.04885919839705245]
[0.21460270066363413, 0.04885919839705245], 2, -1.0, [0.2624623596447206, 0.04785965898108647]
[0.2624623596447206, 0.04785965898108647], 0, -1.0, [0.3075577711061325, 0.04509541146141195]
[0.3075577711061325, 0.04509541146141195], 0, -1.0, [0.3501439548125627, 0.04258618370643019]
[0.3501439548125627, 0.04258618370643019], 2, -1.0, [0.3924871475383439, 0.042343192725781194]
[0.3924871475383439, 0.042343192725781194], 1, -1.0, [0.4338721633644359, 0.04138501582609202]
[0.4338721633644359, 0.04138501582609202], 1, -1.0, [0.47459232694665454, 0.040720163582218645]
[0.47459232694665454, 0.040720163582218645], 1, -1.0, [0.5149462648076271, 0.04035393786097253]
