[-0.5457657890322498, 0.0], 2, -1.0, [-0.5445996589433301, 0.0011661300889197488]
[-0.5445996589433301, 0.0011661300889197488], 2, -1.0, [-0.5422761264080425, 0.0023235325352875995]
[-0.5422761264080425, 0.0023235325352875995], 2, -1.0, [-0.538812587029227, 0.003463539378815483]
[-0.538812587029227, 0.003463539378815483], 2, -1.0, [-0.5342349836761874, 0.004577603353039585]
[-0.5342349836761874, 0.004577603353039585], 2, -1.0, [-0.5285776222985805, 0.005657361377606843]
[-0.5285776222985805, 0.005657361377606843], 2, -1.0, [-0.5218829209591834, 0.006694701339397138]
[-0.5218829209591834, 0.006694701339397138], 2, -1.0, [-0.5142010884727476, 0.007681832486435836]
[-0.5142010884727476, 0.007681832486435836], 2, -1.0, [-0.5055897293029501, 0.008611359169797484]
[-0.5055897293029501, 0.008611359169797484], 1, -1.0, [-0.4971133722809861, 0.008476357021963997]
[-0.4971133722809861, 0.008476357021963997], 0, -1.0, [-0.4898354468373532, 0.007277925443632953]
[-0.4898354468373532, 0.007277925443632953], 0, -1.0, [-0.4838103135810973, 0.006025133256255944]
[-0.4838103135810973, 0.006025133256255944], 0, -1.0, [-0.479082885657383, 0.004727427923714267]
[-0.479082885657383, 0.004727427923714267], 0, -1.0, [-0.475688335367829, 0.0033945502895539673]
[-0.475688335367829, 0.0033945502895539673], 0, -1.0, [-0.4736518774485128, 0.002036457919316209]
[-0.4736518774485128, 0.002036457919316209], 0, -1.0, [-0.47298862106383904, 0.0006632563846737177]
[-0.47298862106383904, 0.0006632563846737177], 0, -1.0, [-0.4737034841556146, -0.0007148630917755653]
[-0.4737034841556146, -0.0007148630917755653], 0, -1.0, [-0.4757911660642065, -0.0020876819085919396]
[-0.4757911660642065, -0.0020876819085919396], 0, -1.0, [-0.47923617704838517, -0.0034450109841786362]
[-0.47923617704838517, -0.0034450109841786362], 0, -1.0, [-0.48401292618321257, -0.0047767491348273865]
[-0.48401292618321257, -0.0047767491348273865], 0, -1.0, [-0.4900858718139787, -0.006072945630766142]
[-0.4900858718139787, -0.006072945630766142], 0, -1.0, [-0.4974097410001815, -0.007323869186202783]
[-0.4974097410001815, -0.007323869186202783], 0, -1.0, [-0.5059298259339721, -0.008520084933790589]
[-0.5059298259339721, -0.008520084933790589], 0, -1.0, [-0.5155823659428276, -0.009652540008855525]
[-0.5155823659428276, -0.009652540008855525], 0, -1.0, [-0.5262950232287491, -0.010712657285921544]
[-0.5262950232287491, -0.010712657285921544], 0, -1.0, [-0.5379874588779534, -0.011692435649204254]
[-0.5379874588779534, -0.011692435649204254], 0, -1.0, [-0.5505720129126214, -0.012584554034668004]
[-0.5505720129126214, -0.012584554034668004], 0, -1.0, [-0.5639544883711012, -0.013382475458479846]
[-0.5639544883711012, -0.013382475458479846], 0, -1.0, [-0.578035034821924, -0.014080546450822788]
[-0.578035034821924, -0.014080546450822788], 0, -1.0, [-0.5927091216624032, -0.014674086840479248]
[-0.5927091216624032, -0.014674086840479248], 0, -1.0, [-0.6078685864195817, -0.01515946475717851]
[-0.6078685864195817, -0.01515946475717851], 0, -1.0, [-0.6234027384934658, -0.015534152073884047]
[-0.6234027384934658, -0.015534152073884047], 0, -1.0, [-0.6391994947888778, -0.01579675629541203]
[-0.6391994947888778, -0.01579675629541203], 0, -1.0, [-0.6551465208508159, -0.015947026061938086]
[-0.6551465208508159, -0.015947026061938086], 0, -1.0, [-0.6711323497323645, -0.015985828881548512]
[-0.6711323497323645, -0.015985828881548512], 0, -1.0, [-0.6870474510392687, -0.015915101306904204]
[-0.6870474510392687, -0.015915101306904204], 0, -1.0, [-0.7027852244202111, -0.01573777338094245]
[-0.7027852244202111, -0.01573777338094245], 0, -1.0, [-0.7182428950693844, -0.01545767064917334]
[-0.7182428950693844, -0.01545767064917334], 0, -1.0, [-0.7333222933133315, -0.015079398243947096]
[-0.7333222933133315, -0.015079398243947096], 1, -1.0, [-0.7469305057085707, -0.013608212395239178]
[-0.7469305057085707, -0.013608212395239178], 2, -1.0, [-0.7579862625610437, -0.011055756852473017]
[-0.7579862625610437, -0.011055756852473017], 2, -1.0, [-0.7664254363003922, -0.008439173739348403]
[-0.7664254363003922, -0.008439173739348403], 2, -1.0, [-0.7722002695731691, -0.005774833272776987]
[-0.7722002695731691, -0.005774833272776987], 2, -1.0, [-0.7752786954561118, -0.0030784258829426835]
[-0.7752786954561118, -0.0030784258829426835], 2, -1.0, [-0.7756438272793503, -0.0003651318232384547]
[-0.7756438272793503, -0.0003651318232384547], 2, -1.0, [-0.7732936717824103, 0.002350155496940016]
[-0.7732936717824103, 0.002350155496940016], 2, -1.0, [-0.7682410944070146, 0.005052577375395694]
[-0.7682410944070146, 0.005052577375395694], 2, -1.0, [-0.7605140401491106, 0.007727054257903947]
[-0.7605140401491106, 0.007727054257903947], 2, -1.0, [-0.7501559879632945, 0.010358052185816053]
[-0.7501559879632945, 0.010358052185816053], 2, -1.0, [-0.7372265916172601, 0.012929396346034419]
[-0.7372265916172601, 0.012929396346034419], 2, -1.0, [-0.7218024357258275, 0.015424155891432617]
[-0.7218024357258275, 0.015424155891432617], 2, -1.0, [-0.7039778134691898, 0.017824622256637716]
[-0.7039778134691898, 0.017824622256637716], 2, -1.0, [-0.6838654137843913, 0.020112399684798457]
[-0.6838654137843913, 0.020112399684798457], 2, -1.0, [-0.661596792729893, 0.022268621054498207]
[-0.661596792729893, 0.022268621054498207], 2, -1.0, [-0.6373224987590094, 0.024274293970883636]
[-0.6373224987590094, 0.024274293970883636], 2, -1.0, [-0.6112117273164506, 0.02611077144255878]
[-0.6112117273164506, 0.02611077144255878], 2, -1.0, [-0.5834513984902423, 0.027760328826208262]
[-0.5834513984902423, 0.027760328826208262], 2, -1.0, [-0.5542445832444666, 0.02920681524577568]
[-0.5542445832444666, 0.02920681524577568], 2, -1.0, [-0.5238082480962482, 0.030436335148218464]
[-0.5238082480962482, 0.030436335148218464], 2, -1.0, [-0.4923703419043985, 0.03143790619184968]
[-0.4923703419043985, 0.03143790619184968], 2, -1.0, [-0.4601663065031352, 0.032204035401263265]
[-0.4601663065031352, 0.032204035401263265], 2, -1.0, [-0.42743514845645625, 0.032731158046678976]
[-0.42743514845645625, 0.032731158046678976], 2, -1.0, [-0.3944152549007849, 0.03301989355567139]
[-0.3944152549007849, 0.03301989355567139], 2, -1.0, [-0.3613401657690135, 0.03307508913177139]
[-0.3613401657690135, 0.03307508913177139], 2, -1.0, [-0.32843452327567835, 0.032905642493335135]
[-0.32843452327567835, 0.032905642493335135], 1, -1.0, [-0.296910406114127, 0.03152411716155137]
[-0.296910406114127, 0.03152411716155137], 2, -1.0, [-0.2659583980756809, 0.030952008038446097]
[-0.2659583980756809, 0.030952008038446097], 0, -1.0, [-0.2377519634817809, 0.028206434593899973]
[-0.2377519634817809, 0.028206434593899973], 0, -1.0, [-0.2124361177897981, 0.0253158456919828]
[-0.2124361177897981, 0.0253158456919828], 0, -1.0, [-0.19012952282148068, 0.02230659496831741]
[-0.19012952282148068, 0.02230659496831741], 0, -1.0, [-0.1709271559221973, 0.019202366899283396]
[-0.1709271559221973, 0.019202366899283396], 0, -1.0, [-0.15490324723316584, 0.016023908689031443]
[-0.15490324723316584, 0.016023908689031443], 0, -1.0, [-0.14211421776011682, 0.012789029473049026]
[-0.14211421776011682, 0.012789029473049026], 0, -1.0, [-0.1326013990573114, 0.009512818702805426]
[-0.1326013990573114, 0.009512818702805426], 0, -1.0, [-0.1263933650013638, 0.00620803405594759]
[-0.1263933650013638, 0.00620803405594759], 0, -1.0, [-0.12350775205277548, 0.002885612948588335]
[-0.12350775205277548, 0.002885612948588335], 0, -1.0, [-0.12395248410538397, -0.0004447320526084946]
[-0.12395248410538397, -0.0004447320526084946], 0, -1.0, [-0.127726351293608, -0.0037738671882240286]
[-0.127726351293608, -0.0037738671882240286], 0, -1.0, [-0.13481892040355298, -0.007092569109944997]
[-0.13481892040355298, -0.007092569109944997], 0, -1.0, [-0.14520978028302847, -0.010390859879475498]
[-0.14520978028302847, -0.010390859879475498], 0, -1.0, [-0.15886715179236666, -0.013657371509338184]
[-0.15886715179236666, -0.013657371509338184], 0, -1.0, [-0.17574592123784147, -0.016878769445474808]
[-0.17574592123784147, -0.016878769445474808], 0, -1.0, [-0.19578519113254905, -0.02003926989470757]
[-0.19578519113254905, -0.02003926989470757], 0, -1.0, [-0.2189054835969962, -0.023120292464447145]
[-0.2189054835969962, -0.023120292464447145], 0, -1.0, [-0.24500577898271858, -0.02610029538572239]
[-0.24500577898271858, -0.02610029538572239], 0, -1.0, [-0.2739606221868312, -0.02895484320411262]
[-0.2739606221868312, -0.02895484320411262], 0, -1.0, [-0.30561757559393327, -0.03165695340710204]
[-0.30561757559393327, -0.03165695340710204], 0, -1.0, [-0.3397953318204337, -0.03417775622650044]
[-0.3397953318204337, -0.03417775622650044], 0, -1.0, [-0.3762828106738262, -0.0364874788533925]
[-0.3762828106738262, -0.0364874788533925], 0, -1.0, [-0.4148395420695137, -0.03855673139568752]
[-0.4148395420695137, -0.03855673139568752], 0, -1.0, [-0.4551975718121452, -0.04035802974263151]
[-0.4551975718121452, -0.04035802974263151], 0, -1.0, [-0.49706501781382867, -0.04186744600168344]
[-0.49706501781382867, -0.04186744600168344], 0, -1.0, [-0.5401312569060759, -0.04306623909224719]
[-0.5401312569060759, -0.04306623909224719], 0, -1.0, [-0.5840735532177093, -0.04394229631163333]
[-0.5840735532177093, -0.04394229631163333], 0, -1.0, [-0.628564772748717, -0.044491219531007736]
[-0.628564772748717, -0.044491219531007736], 0, -1.0, [-0.6732816935790821, -0.04471692083036506]
[-0.6732816935790821, -0.04471692083036506], 0, -1.0, [-0.7179133424327202, -0.04463164885363816]
[-0.7179133424327202, -0.04463164885363816], 0, -1.0, [-0.7621687816504954, -0.044255439217775236]
[-0.7621687816504954, -0.044255439217775236], 0, -1.0, [-0.8057838374150045, -0.043615055764509095]
[-0.8057838374150045, -0.043615055764509095], 1, -1.0, [-0.8475263870983379, -0.04174254968333342]
[-0.8475263870983379, -0.04174254968333342], 1, -1.0, [-0.8872042061882643, -0.03967781908992642]
[-0.8872042061882643, -0.03967781908992642], 1, -1.0, [-0.9246645149231603, -0.03746030873489591]
[-0.9246645149231603, -0.03746030873489591], 0, -1.0, [-0.9607918415156135, -0.036127326592453254]
[-0.9607918415156135, -0.036127326592453254], 0, -1.0, [-0.9955026907508973, -0.03471084923528382]
[-0.9955026907508973, -0.03471084923528382], 0, -1.0, [-1.0287435438122687, -0.03324085306137153]
[-1.0287435438122687, -0.03324085306137153], 0, -1.0, [-1.060488227087076, -0.031744683274807166]
[-1.060488227087076, -0.031744683274807166], 0, -1.0, [-1.090734897321865, -0.030246670234788994]
[-1.090734897321865, -0.030246670234788994], 0, -1.0, [-1.1195028616393174, -0.028767964317452537]
[-1.1195028616393174, -0.028767964317452537], 0, -1.0, [-1.1468294113510278, -0.027326549711710432]
[-1.1468294113510278, -0.027326549711710432], 0, -1.0, [-1.1727668053509464, -0.02593739399991848]
[-1.1727668053509464, -0.02593739399991848], 0, -1.0, [-1.1973794974537408, -0.02461269210279456]
[-1.1973794974537408, -0.02461269210279456], 0, -1.0, [-1.2, 0.0]
[-1.2, 0.0], 1, -1.0, [-1.1977581039591645, 0.002241896040835368]
[-1.1977581039591645, 0.002241896040835368], 1, -1.0, [-1.193266922003125, 0.004491181956039541]
[-1.193266922003125, 0.004491181956039541], 2, -1.0, [-1.1855119564322518, 0.007754965570873074]
[-1.1855119564322518, 0.007754965570873074], 2, -1.0, [-1.1744691428266927, 0.011042813605559074]
[-1.1744691428266927, 0.011042813605559074], 2, -1.0, [-1.1601063542972423, 0.014362788529450343]
[-1.1601063542972423, 0.014362788529450343], 2, -1.0, [-1.142385619200586, 0.01772073509665632]
[-1.142385619200586, 0.01772073509665632], 2, -1.0, [-1.1212661269295268, 0.021119492271059068]
[-1.1212661269295268, 0.021119492271059068], 1, -1.0, [-1.0977081003566609, 0.0235580265728658]
[-1.0977081003566609, 0.0235580265728658], 1, -1.0, [-1.0716787212045802, 0.026029379152080607]
[-1.0716787212045802, 0.026029379152080607], 2, -1.0, [-1.0421560814588036, 0.029522639745776572]
[-1.0421560814588036, 0.029522639745776572], 2, -1.0, [-1.009133727642269, 0.03302235381653454]
[-1.009133727642269, 0.03302235381653454], 2, -1.0, [-0.9726276557365665, 0.03650607190570242]
[-0.9726276557365665, 0.03650607190570242], 2, -1.0, [-0.9326838808991265, 0.03994377483744008]
[-0.9326838808991265, 0.03994377483744008], 2, -1.0, [-0.8893861863714609, 0.043297694527665576]
[-0.8893861863714609, 0.043297694527665576], 2, -1.0, [-0.842863472394215, 0.04652271397724597]
[-0.842863472394215, 0.04652271397724597], 2, -1.0, [-0.7932959473095454, 0.0495675250846695]
[-0.7932959473095454, 0.0495675250846695], 2, -1.0, [-0.7409192710331975, 0.052376676276347935]
[-0.7409192710331975, 0.052376676276347935], 0, -1.0, [-0.6880257278868556, 0.05289354314634204]
[-0.6880257278868556, 0.05289354314634204], 2, -1.0, [-0.6329483893458049, 0.05507733854105069]
[-0.6329483893458049, 0.05507733854105069], 2, -1.0, [-0.5760655594698953, 0.056882829875909514]
[-0.5760655594698953, 0.056882829875909514], 2, -1.0, [-0.51779085152563, 0.05827470794426534]
[-0.51779085152563, 0.05827470794426534], 2, -1.0, [-0.45855970080792424, 0.05923115071770576]
[-0.45855970080792424, 0.05923115071770576], 1, -1.0, [-0.39981325393103584, 0.05874644687688842]
[-0.39981325393103584, 0.05874644687688842], 2, -1.0, [-0.3409740067078714, 0.058839247223164436]
[-0.3409740067078714, 0.058839247223164436], 1, -1.0, [-0.28343694409397396, 0.057537062613897474]
[-0.28343694409397396, 0.057537062613897474], 2, -1.0, [-0.22654925545958488, 0.056887688634389096]
[-0.22654925545958488, 0.056887688634389096], 1, -1.0, [-0.17160605220658093, 0.05494320325300394]
[-0.17160605220658093, 0.05494320325300394], 1, -1.0, [-0.11883880463385305, 0.05276724757272788]
[-0.11883880463385305, 0.05276724757272788], 1, -1.0, [-0.06841435286136369, 0.05042445177248936]
[-0.06841435286136369, 0.05042445177248936], 1, -1.0, [-0.02043742978100961, 0.047976923080354075]
[-0.02043742978100961, 0.047976923080354075], 1, -1.0, [0.025044190823521932, 0.04548162060453154]
[0.025044190823521932, 0.04548162060453154], 1, -1.0, [0.06803286423872149, 0.042988673415199546]
[0.06803286423872149, 0.042988673415199546], 1, -1.0, [0.10857342744478436, 0.04054056320606288]
[0.10857342744478436, 0.04054056320606288], 1, -1.0, [0.14674543943051396, 0.0381720119857296]
[0.14674543943051396, 0.0381720119857296], 2, -1.0, [0.18365582396456687, 0.03691038453405289]
[0.18365582396456687, 0.03691038453405289], 1, -1.0, [0.21843616240373734, 0.03478033843917047]
[0.21843616240373734, 0.03478033843917047], 2, -1.0, [0.252234350911574, 0.03379818850783664]
[0.252234350911574, 0.03379818850783664], 2, -1.0, [0.28521478090723407, 0.03298042999566007]
[0.28521478090723407, 0.03298042999566007], 2, -1.0, [0.31755588047471656, 0.03234109956748248]
[0.31755588047471656, 0.03234109956748248], 2, -1.0, [0.3494482022386383, 0.03189232176392177]
[0.3494482022386383, 0.03189232176392177], 1, -1.0, [0.38009300827239884, 0.030644806033760512]
[0.38009300827239884, 0.030644806033760512], 2, -1.0, [0.4106944619151328, 0.030601453642733967]
[0.4106944619151328, 0.030601453642733967], 2, -1.0, [0.4414652319692885, 0.030770770054155686]
[0.4414652319692885, 0.030770770054155686], 1, -1.0, [0.47162621479662703, 0.03016098282733851]
[0.47162621479662703, 0.03016098282733851], 1, -1.0, [0.5013989808365737, 0.02977276603994669]
