[-0.42038005098643594, 0.0], 0, -1.0, [-0.42214187893948557, -0.0017618279530496241]
[-0.42214187893948557, -0.0017618279530496241], 0, -1.0, [-0.42565293901838014, -0.003511060078894554]
[-0.42565293901838014, -0.003511060078894554], 0, -1.0, [-0.43088806754915526, -0.0052351285307751065]
[-0.43088806754915526, -0.0052351285307751065], 0, -1.0, [-0.43780959616809284, -0.006921528618937559]
[-0.43780959616809284, -0.006921528618937559], 0, -1.0, [-0.4463674639856597, -0.008557867817566834]
[-0.4463674639856597, -0.008557867817566834], 0, -1.0, [-0.4564993981109576, -0.01013193412529788]
[-0.4564993981109576, -0.01013193412529788], 0, -1.0, [-0.46813118578446494, -0.01163178767350738]
[-0.46813118578446494, -0.01163178767350738], 0, -1.0, [-0.48117706317411574, -0.013045877389650786]
[-0.48117706317411574, -0.013045877389650786], 0, -1.0, [-0.4955402452526109, -0.01436318207849519]
[-0.4955402452526109, -0.01436318207849519], 0, -1.0, [-0.5111136178847733, -0.01557337263216236]
[-0.5111136178847733, -0.01557337263216236], 0, -1.0, [-0.5277806073068435, -0.01666698942207027]
[-0.5277806073068435, -0.01666698942207027], 0, -1.0, [-0.5454162338138134, -0.017635626506969943]
[-0.5454162338138134, -0.017635626506969943], 0, -1.0, [-0.5638883461919967, -0.0184721123781832]
[-0.5638883461919967, -0.0184721123781832], 0, -1.0, [-0.5830590220037605, -0.019170675811763786]
[-0.5830590220037605, -0.019170675811763786], 0, -1.0, [-0.6027861072157621, -0.019727085212001637]
[-0.6027861072157621, -0.019727085212001637], 0, -1.0, [-0.6229248579393786, -0.02013875072361651]
[-0.6229248579393786, -0.02013875072361651], 0, -1.0, [-0.6433296382889465, -0.02040478034956795]
[-0.6433296382889465, -0.02040478034956795], 0, -1.0, [-0.6638556224778343, -0.02052598418888776]
[-0.6638556224778343, -0.02052598418888776], 0, -1.0, [-0.6843604469065352, -0.020504824428700927]
[-0.6843604469065352, -0.020504824428700927], 0, -1.0, [-0.7047057594252691, -0.020345312518733987]
[-0.7047057594252691, -0.020345312518733987], 0, -1.0, [-0.7247586180434907, -0.02005285861822162]
[-0.7247586180434907, -0.02005285861822162], 0, -1.0, [-0.7443926995933564, -0.01963408154986571]
[-0.7443926995933564, -0.01963408154986571], 0, -1.0, [-0.7634892894119608, -0.019096589818604376]
[-0.7634892894119608, -0.019096589818604376], 2, -1.0, [-0.7799380349821137, -0.016448745570152887]
[-0.7799380349821137, -0.016448745570152887], 2, -1.0, [-0.7936482061637812, -0.01371017118166756]
[-0.7936482061637812, -0.01371017118166756], 2, -1.0, [-0.8045474038122028, -0.010899197648421571]
[-0.8045474038122028, -0.010899197648421571], 2, -1.0, [-0.8125802524002259, -0.008032848588023106]
[-0.8125802524002259, -0.008032848588023106], 2, -1.0, [-0.8177072133391933, -0.005126960938967404]
[-0.8177072133391933, -0.005126960938967404], 2, -1.0, [-0.8199036283536076, -0.002196415014414415]
[-0.8199036283536076, -0.002196415014414415], 2, -1.0, [-0.81915907311849, 0.0007445552351175748]
[-0.81915907311849, 0.0007445552351175748], 2, -1.0, [-0.8154770719210445, 0.0036820011974455407]
[-0.8154770719210445, 0.0036820011974455407], 2, -1.0, [-0.808875194950223, 0.006601876970821444]
[-0.808875194950223, 0.006601876970821444], 2, -1.0, [-0.7993855309016258, 0.009489664048597184]
[-0.7993855309016258, 0.009489664048597184], 2, -1.0, [-0.7870554985790166, 0.012330032322609166]
[-0.7870554985790166, 0.012330032322609166], 2, -1.0, [-0.7719489318428586, 0.01510656673615791]
[-0.7719489318428586, 0.01510656673615791], 2, -1.0, [-0.7541473428353311, 0.017801589007527527]
[-0.7541473428353311, 0.017801589007527527], 2, -1.0, [-0.7337512399264083, 0.02039610290892281]
[-0.7337512399264083, 0.02039610290892281], 2, -1.0, [-0.7108813513114459, 0.022869888614962388]
[-0.7108813513114459, 0.022869888614962388], 2, -1.0, [-0.6856795857301516, 0.025201765581294323]
[-0.6856795857301516, 0.025201765581294323], 2, -1.0, [-0.6583095522828935, 0.027370033447258146]
[-0.6583095522828935, 0.027370033447258146], 2, -1.0, [-0.6289564659990738, 0.02935308628381965]
[-0.6289564659990738, 0.02935308628381965], 2, -1.0, [-0.5978262883030759, 0.03113017769599787]
[-0.5978262883030759, 0.03113017769599787], 2, -1.0, [-0.5651439938149436, 0.032682294488132306]
[-0.5651439938149436, 0.032682294488132306], 2, -1.0, [-0.5311509162705321, 0.03399307754441154]
[-0.5311509162705321, 0.03399307754441154], 2, -1.0, [-0.4961012025167238, 0.035049713753808345]
[-0.4961012025167238, 0.035049713753808345], 2, -1.0, [-0.4602574867376945, 0.03584371577902931]
[-0.4602574867376945, 0.03584371577902931], 2, -1.0, [-0.423885976788683, 0.03637150994901149]
[-0.423885976788683, 0.03637150994901149], 2, -1.0, [-0.38725120927902457, 0.03663476750965847]
[-0.38725120927902457, 0.03663476750965847], 2, -1.0, [-0.35061076973124417, 0.03664043954778043]
[-0.35061076973124417, 0.03664043954778043], 2, -1.0, [-0.3142102822483847, 0.036400487482859456]
[-0.3142102822483847, 0.036400487482859456], 2, -1.0, [-0.27827894832756794, 0.03593133392081676]
[-0.27827894832756794, 0.03593133392081676], 2, -1.0, [-0.24302586095667936, 0.03525308737088858]
[-0.24302586095667936, 0.03525308737088858], 2, -1.0, [-0.2086372466288292, 0.03438861432785016]
[-0.2086372466288292, 0.03438861432785016], 2, -1.0, [-0.17527470561596262, 0.033362541012866585]
[-0.17527470561596262, 0.033362541012866585], 2, -1.0, [-0.14307444107744044, 0.03220026453852217]
[-0.14307444107744044, 0.03220026453852217], 2, -1.0, [-0.11214739966230194, 0.030927041415138502]
[-0.11214739966230194, 0.030927041415138502], 2, -1.0, [-0.08258019618985359, 0.029567203472448362]
[-0.08258019618985359, 0.029567203472448362], 2, -1.0, [-0.05443666505602942, 0.028143531133824166]
[-0.05443666505602942, 0.028143531133824166], 2, -1.0, [-0.027759870256667218, 0.0266767947993622]
[-0.027759870256667218, 0.0266767947993622], 2, -1.0, [-0.0025744110997125425, 0.025185459156954675]
[-0.0025744110997125425, 0.025185459156954675], 2, -1.0, [0.02111112261728726, 0.0236855337169998]
[0.02111112261728726, 0.0236855337169998], 2, -1.0, [0.04330166855292301, 0.02219054593563575]
[0.04330166855292301, 0.02219054593563575], 2, -1.0, [0.0640132789791816, 0.020711610426258603]
[0.0640132789791816, 0.020711610426258603], 2, -1.0, [0.08327084702792166, 0.019257568048740056]
[0.08327084702792166, 0.019257568048740056], 2, -1.0, [0.1011060181197511, 0.01783517109182944]
[0.1011060181197511, 0.01783517109182944], 2, -1.0, [0.11755531251173441, 0.016449294391983307]
[0.11755531251173441, 0.016449294391983307], 2, -1.0, [0.13265846882464044, 0.015103156312906029]
[0.13265846882464044, 0.015103156312906029], 2, -1.0, [0.14645700633850928, 0.013798537513868834]
[0.14645700633850928, 0.013798537513868834], 2, -1.0, [0.15899299537223122, 0.012535989033721929]
[0.15899299537223122, 0.012535989033721929], 2, -1.0, [0.1703080196200279, 0.01131502424779668]
[0.1703080196200279, 0.01131502424779668], 2, -1.0, [0.18044231129135438, 0.010134291671326484]
[0.18044231129135438, 0.010134291671326484], 2, -1.0, [0.18943403870769548, 0.008991727416341093]
[0.18943403870769548, 0.008991727416341093], 2, -1.0, [0.19731872613964352, 0.007884687431948045]
[0.19731872613964352, 0.007884687431948045], 2, -1.0, [0.20412878670030232, 0.006810060560658799]
[0.20412878670030232, 0.006810060560658799], 2, -1.0, [0.20989315071780246, 0.0057643640175001325]
[0.20989315071780246, 0.0057643640175001325], 2, -1.0, [0.21463697394560352, 0.004743823227801077]
[0.21463697394560352, 0.004743823227801077], 0, -1.0, [0.21638141206089942, 0.0017444381152958875]
[0.21638141206089942, 0.0017444381152958875], 0, -1.0, [0.21513434666715553, -0.0012470653937438833]
[0.21513434666715553, -0.0012470653937438833], 0, -1.0, [0.21089013778584517, -0.004244208881310364]
[0.21089013778584517, -0.004244208881310364], 0, -1.0, [0.20362980048181714, -0.007260337304028033]
[0.20362980048181714, -0.007260337304028033], 0, -1.0, [0.19332161771633785, -0.010308182765479288]
[0.19332161771633785, -0.010308182765479288], 0, -1.0, [0.1799222301740731, -0.013399387542264751]
[0.1799222301740731, -0.013399387542264751], 0, -1.0, [0.1633782711047621, -0.016543959069310988]
[0.1633782711047621, -0.016543959069310988], 0, -1.0, [0.14362863852555985, -0.01974963257920225]
[0.14362863852555985, -0.01974963257920225], 0, -1.0, [0.12060751574464103, -0.023021122780918824]
[0.12060751574464103, -0.023021122780918824], 2, -1.0, [0.09624825988064664, -0.02435925586399439]
[0.09624825988064664, -0.02435925586399439], 0, -1.0, [0.06849249888270507, -0.027755760997941567]
[0.06849249888270507, -0.027755760997941567], 0, -1.0, [0.03728932870908292, -0.031203170173622154]
[0.03728932870908292, -0.031203170173622154], 0, -1.0, [0.002601785286480647, -0.034687543422602274]
[0.002601785286480647, -0.034687543422602274], 0, -1.0, [-0.03558568198203314, -0.03818746726851379]
[-0.03558568198203314, -0.03818746726851379], 0, -1.0, [-0.07725891644236846, -0.04167323446033532]
[-0.07725891644236846, -0.04167323446033532], 2, -1.0, [-0.12036530040133814, -0.04310638395896967]
[-0.12036530040133814, -0.04310638395896967], 0, -1.0, [-0.16681045987029053, -0.046445159468952404]
[-0.16681045987029053, -0.046445159468952404], 0, -1.0, [-0.2164490585038443, -0.04963859863355378]
[-0.2164490585038443, -0.04963859863355378], 0, -1.0, [-0.2690788539108714, -0.0526297954070271]
[-0.2690788539108714, -0.0526297954070271], 0, -1.0, [-0.324437392619377, -0.05535853870850561]
[-0.324437392619377, -0.05535853870850561], 0, -1.0, [-0.38220234199575265, -0.057764949376375635]
[-0.38220234199575265, -0.057764949376375635], 0, -1.0, [-0.44199624654203795, -0.05979390454628531]
[-0.44199624654203795, -0.05979390454628531], 0, -1.0, [-0.503396075221899, -0.06139982867986109]
[-0.503396075221899, -0.06139982867986109], 0, -1.0, [-0.5659473314073366, -0.06255125618543754]
[-0.5659473314073366, -0.06255125618543754], 0, -1.0, [-0.6291818271488937, -0.06323449574155712]
[-0.6291818271488937, -0.06323449574155712], 0, -1.0, [-0.6926376251745996, -0.06345579802570588]
[-0.6926376251745996, -0.06345579802570588], 2, -1.0, [-0.7538792764385863, -0.0612416512639867]
[-0.7538792764385863, -0.0612416512639867], 0, -1.0, [-0.814527962796981, -0.06064868635839473]
[-0.814527962796981, -0.06064868635839473], 1, -1.0, [-0.8732613405083511, -0.0587333777113701]
[-0.8732613405083511, -0.0587333777113701], 1, -1.0, [-0.9298274205011337, -0.056566079992782556]
[-0.9298274205011337, -0.056566079992782556], 0, -1.0, [-0.9850468830621708, -0.05521946256103712]
[-0.9850468830621708, -0.05521946256103712], 0, -1.0, [-1.038809675314765, -0.05376279225259433]
[-1.038809675314765, -0.05376279225259433], 0, -1.0, [-1.0910732590357897, -0.05226358372102467]
[-1.0910732590357897, -0.05226358372102467], 0, -1.0, [-1.1418584686306879, -0.05078520959489813]
[-1.1418584686306879, -0.05078520959489813], 0, -1.0, [-1.1912438103184544, -0.049385341687766565]
[-1.1912438103184544, -0.049385341687766565], 1, -1.0, [-1.2, 0.0]
[-1.2, 0.0], 2, -1.0, [-1.1967581039591646, 0.003241896040835368]
[-1.1967581039591646, 0.003241896040835368], 2, -1.0, [-1.1902636585360942, 0.006494445423070332]
[-1.1902636585360942, 0.006494445423070332], 2, -1.0, [-1.1804959639787937, 0.009767694557300442]
[-1.1804959639787937, 0.009767694557300442], 2, -1.0, [-1.1674255149588486, 0.013070449019945182]
[-1.1674255149588486, 0.013070449019945182], 2, -1.0, [-1.1510159267200155, 0.016409588238833067]
[-1.1510159267200155, 0.016409588238833067], 2, -1.0, [-1.1312266168239755, 0.019789309896040046]
[-1.1312266168239755, 0.019789309896040046], 2, -1.0, [-1.108016322100852, 0.02321029472312345]
[-1.108016322100852, 0.02321029472312345], 2, -1.0, [-1.081347524946184, 0.02666879715466819]
[-1.081347524946184, 0.02666879715466819], 2, -1.0, [-1.0511918363028878, 0.03015568864329602]
[-1.0511918363028878, 0.03015568864329602], 2, -1.0, [-1.0175363271434712, 0.0336555091594167]
[-1.0175363271434712, 0.0336555091594167], 2, -1.0, [-0.9803907090723114, 0.03714561807115983]
[-0.9803907090723114, 0.03714561807115983], 2, -1.0, [-0.9397951336374217, 0.04059557543488971]
[-0.9397951336374217, 0.04059557543488971], 2, -1.0, [-0.8958282112564235, 0.043966922380998245]
[-0.8958282112564235, 0.043966922380998245], 2, -1.0, [-0.8486146572192776, 0.04721355403714586]
[-0.8486146572192776, 0.04721355403714586], 2, -1.0, [-0.7983317816221248, 0.05028287559715283]
[-0.7983317816221248, 0.05028287559715283], 2, -1.0, [-0.7452138959379592, 0.0531178856841656]
[-0.7452138959379592, 0.0531178856841656], 2, -1.0, [-0.6895536666604415, 0.0556602292775177]
[-0.6895536666604415, 0.0556602292775177], 2, -1.0, [-0.6316995610792892, 0.057854105581152386]
[-0.6316995610792892, 0.057854105581152386], 2, -1.0, [-0.5720488365336812, 0.05965072454560789]
[-0.5720488365336812, 0.05965072454560789], 2, -1.0, [-0.5110360146660762, 0.061012821867605024]
[-0.5110360146660762, 0.061012821867605024], 2, -1.0, [-0.44911739120176025, 0.061918623464315904]
[-0.44911739120176025, 0.061918623464315904], 2, -1.0, [-0.38675274139346727, 0.06236464980829299]
[-0.38675274139346727, 0.06236464980829299], 2, -1.0, [-0.3243858485235833, 0.06236689286988392]
[-0.3243858485235833, 0.06236689286988392], 2, -1.0, [-0.2624256859117381, 0.061960162611845254]
[-0.2624256859117381, 0.061960162611845254], 2, -1.0, [-0.20122996568717166, 0.061195720224566416]
[-0.20122996568717166, 0.061195720224566416], 2, -1.0, [-0.14109236178367496, 0.06013760390349669]
[-0.14109236178367496, 0.06013760390349669], 2, -1.0, [-0.08223412731502394, 0.05885823446865101]
[-0.08223412731502394, 0.05885823446865101], 2, -1.0, [-0.024800200336085113, 0.05743392697893883]
[-0.024800200336085113, 0.05743392697893883], 2, -1.0, [0.03114064276343887, 0.05594084309952398]
[0.03114064276343887, 0.05594084309952398], 2, -1.0, [0.08559238750154527, 0.0544517447381064]
[0.08559238750154527, 0.0544517447381064], 2, -1.0, [0.13862609852276647, 0.05303371102122119]
[0.13862609852276647, 0.05303371102122119], 2, -1.0, [0.19037290492486428, 0.0517468064020978]
[0.19037290492486428, 0.0517468064020978], 2, -1.0, [0.24101646944167865, 0.050643564516814364]
[0.24101646944167865, 0.050643564516814364], 0, -1.0, [0.28878555519931315, 0.04776908575763451]
[0.28878555519931315, 0.04776908575763451], 0, -1.0, [0.3339356235386528, 0.04515006833933963]
[0.3339356235386528, 0.04515006833933963], 1, -1.0, [0.37773873938920594, 0.04380311585055314]
[0.37773873938920594, 0.04380311585055314], 1, -1.0, [0.4204824831914212, 0.04274374380221523]
[0.4204824831914212, 0.04274374380221523], 1, -1.0, [0.4624651307792867, 0.04198264758786551]
[0.4624651307792867, 0.04198264758786551], 1, -1.0, [0.5039918420683221, 0.041526711289035505]
