[-0.4904644846805848, 0.0], 0, -1.0, [-0.4917125828175497, -0.0012480981369649086]
[-0.4917125828175497, -0.0012480981369649086], 0, -1.0, [-0.49419946284640975, -0.0024868800288600475]
[-0.49419946284640975, -0.0024868800288600475], 0, -1.0, [-0.4979065519650526, -0.003707089118642872]
[-0.4979065519650526, -0.003707089118642872], 0, -1.0, [-0.5028061420267329, -0.004899590061680326]
[-0.5028061420267329, -0.004899590061680326], 0, -1.0, [-0.5088615757296366, -0.006055433702903701]
[-0.5088615757296366, -0.006055433702903701], 0, -1.0, [-0.5160275024272034, -0.007165926697566752]
[-0.5160275024272034, -0.007165926697566752], 0, -1.0, [-0.524250208790988, -0.008222706363784596]
[-0.524250208790988, -0.008222706363784596], 0, -1.0, [-0.5334680294089374, -0.00921782061794944]
[-0.5334680294089374, -0.00921782061794944], 0, -1.0, [-0.543611841437309, -0.010143812028371535]
[-0.543611841437309, -0.010143812028371535], 0, -1.0, [-0.5546056456321404, -0.010993804194831452]
[-0.5546056456321404, -0.010993804194831452], 0, -1.0, [-0.5663672335282726, -0.011761587896132127]
[-0.5663672335282726, -0.011761587896132127], 0, -1.0, [-0.5788089373481271, -0.012441703819854525]
[-0.5788089373481271, -0.012441703819854525], 0, -1.0, [-0.5918384556166665, -0.01302951826853943]
[-0.5918384556166665, -0.01302951826853943], 0, -1.0, [-0.6053597436978222, -0.013521288081155698]
[-0.6053597436978222, -0.013521288081155698], 0, -1.0, [-0.6192739548512333, -0.013914211153411021]
[-0.6192739548512333, -0.013914211153411021], 0, -1.0, [-0.6334804142443629, -0.01420645939312956]
[-0.6334804142443629, -0.01420645939312956], 0, -1.0, [-0.6478776059289536, -0.014397191684590778]
[-0.6478776059289536, -0.014397191684590778], 0, -1.0, [-0.6623641513340046, -0.01448654540505104]
[-0.6623641513340046, -0.01448654540505104], 0, -1.0, [-0.6768397574926915, -0.014475606158686934]
[-0.6768397574926915, -0.014475606158686934], 0, -1.0, [-0.6912061140645844, -0.014366356571892858]
[-0.6912061140645844, -0.014366356571892858], 0, -1.0, [-0.7053677201919668, -0.014161606127382358]
[-0.7053677201919668, -0.014161606127382358], 0, -1.0, [-0.7192326251992579, -0.013864905007291048]
[-0.7192326251992579, -0.013864905007291048], 2, -1.0, [-0.7307130708884277, -0.011480445689169878]
[-0.7307130708884277, -0.011480445689169878], 2, -1.0, [-0.739738197622133, -0.009025126733705209]
[-0.739738197622133, -0.009025126733705209], 2, -1.0, [-0.7462535082147017, -0.006515310592568686]
[-0.7462535082147017, -0.006515310592568686], 2, -1.0, [-0.7502203463185935, -0.003966838103891766]
[-0.7502203463185935, -0.003966838103891766], 2, -1.0, [-0.7516154648671562, -0.0013951185485628222]
[-0.7516154648671562, -0.0013951185485628222], 2, -1.0, [-0.7504307407142439, 0.001184724152912341]
[-0.7504307407142439, 0.001184724152912341], 2, -1.0, [-0.7466730702078751, 0.0037576705063687454]
[-0.7466730702078751, 0.0037576705063687454], 2, -1.0, [-0.7403644580037657, 0.006308612204109363]
[-0.7403644580037657, 0.006308612204109363], 2, -1.0, [-0.7315422886658838, 0.008822169337881892]
[-0.7315422886658838, 0.008822169337881892], 2, -1.0, [-0.7202597481193028, 0.01128254054658093]
[-0.7202597481193028, 0.01128254054658093], 2, -1.0, [-0.7065863405018723, 0.013673407617430473]
[-0.7065863405018723, 0.013673407617430473], 2, -1.0, [-0.6906084263352243, 0.015977914166647924]
[-0.6906084263352243, 0.015977914166647924], 2, -1.0, [-0.6724296914806566, 0.018178734854567797]
[-0.6724296914806566, 0.018178734854567797], 2, -1.0, [-0.652171444700704, 0.020258246779952582]
[-0.652171444700704, 0.020258246779952582], 2, -1.0, [-0.6299726367009253, 0.02219880799977873]
[-0.6299726367009253, 0.02219880799977873], 2, -1.0, [-0.6059894971633338, 0.02398313953759144]
[-0.6059894971633338, 0.02398313953759144], 2, -1.0, [-0.5803947000033632, 0.025594797159970626]
[-0.5803947000033632, 0.025594797159970626], 2, -1.0, [-0.5533759915441139, 0.02701870845924942]
[-0.5533759915441139, 0.02701870845924942], 2, -1.0, [-0.5251342508798381, 0.028241740664275733]
[-0.5251342508798381, 0.028241740664275733], 2, -1.0, [-0.49588099419167764, 0.029253256688160454]
[-0.49588099419167764, 0.029253256688160454], 2, -1.0, [-0.46583538137936753, 0.03004561281231008]
[-0.46583538137936753, 0.03004561281231008], 2, -1.0, [-0.43522082902055514, 0.03061455235881239]
[-0.43522082902055514, 0.03061455235881239], 2, -1.0, [-0.40426137274555823, 0.03095945627499689]
[-0.40426137274555823, 0.03095945627499689], 2, -1.0, [-0.37317794939763826, 0.03108342334791995]
[-0.37317794939763826, 0.03108342334791995], 2, -1.0, [-0.3421847810056504, 0.030993168391987846]
[-0.3421847810056504, 0.030993168391987846], 2, -1.0, [-0.31148603696683685, 0.030698744038813584]
[-0.31148603696683685, 0.030698744038813584], 2, -1.0, [-0.28127292878461596, 0.030213108182220914]
[-0.28127292878461596, 0.030213108182220914], 2, -1.0, [-0.2517213564347085, 0.029551572349907466]
[-0.2517213564347085, 0.029551572349907466], 2, -1.0, [-0.22299018183116634, 0.028731174603542152]
[-0.22299018183116634, 0.028731174603542152], 0, -1.0, [-0.1972201585457564, 0.02577002328540996]
[-0.1972201585457564, 0.02577002328540996], 2, -1.0, [-0.17252517453553304, 0.024694984010223357]
[-0.17252517453553304, 0.024694984010223357], 2, -1.0, [-0.14900274378057335, 0.023522430754959696]
[-0.14900274378057335, 0.023522430754959696], 2, -1.0, [-0.1267346739927636, 0.02226806978780972]
[-0.1267346739927636, 0.02226806978780972], 2, -1.0, [-0.10578807655575703, 0.020946597437006574]
[-0.10578807655575703, 0.020946597437006574], 2, -1.0, [-0.08621663223132009, 0.019571444324436936]
[-0.08621663223132009, 0.019571444324436936], 2, -1.0, [-0.06806202836331961, 0.01815460386800048]
[-0.06806202836331961, 0.01815460386800048], 2, -1.0, [-0.05135549036170596, 0.016706538001613643]
[-0.05135549036170596, 0.016706538001613643], 2, -1.0, [-0.03611934040640638, 0.015236149955299582]
[-0.03611934040640638, 0.015236149955299582], 2, -1.0, [-0.022368527980148982, 0.0137508124262574]
[-0.022368527980148982, 0.0137508124262574], 2, -1.0, [-0.010112088716667522, 0.01225643926348146]
[-0.010112088716667522, 0.01225643926348146], 2, -1.0, [0.0006455008198994732, 0.010757589536566995]
[0.0006455008198994732, 0.010757589536566995], 2, -1.0, [0.009903095044017225, 0.009257594224117751]
[0.009903095044017225, 0.009257594224117751], 2, -1.0, [0.017661792489014495, 0.00775869744499727]
[0.017661792489014495, 0.00775869744499727], 0, -1.0, [0.021923998425851837, 0.004262205936837342]
[0.021923998425851837, 0.004262205936837342], 0, -1.0, [0.02269160985781022, 0.0007676114319583828]
[0.02269160985781022, 0.0007676114319583828], 0, -1.0, [0.01996501178109442, -0.0027265980767158015]
[0.01996501178109442, -0.0027265980767158015], 0, -1.0, [0.01374289663303444, -0.0062221151480599795]
[0.01374289663303444, -0.0062221151480599795], 0, -1.0, [0.004022905940107445, -0.009719990692926995]
[0.004022905940107445, -0.009719990692926995], 0, -1.0, [-0.009196902687592158, -0.013219808627699604]
[-0.009196902687592158, -0.013219808627699604], 0, -1.0, [-0.025915759816690274, -0.016718857129098114]
[-0.025915759816690274, -0.016718857129098114], 0, -1.0, [-0.046127064951701144, -0.020211305135010873]
[-0.046127064951701144, -0.020211305135010873], 0, -1.0, [-0.06981447156616394, -0.0236874066144628]
[-0.06981447156616394, -0.0236874066144628], 0, -1.0, [-0.09694724515298585, -0.027132773586821906]
[-0.09694724515298585, -0.027132773586821906], 0, -1.0, [-0.12747502583967502, -0.030527780686689168]
[-0.12747502583967502, -0.030527780686689168], 0, -1.0, [-0.16132221251343665, -0.03384718667376163]
[-0.16132221251343665, -0.03384718667376163], 0, -1.0, [-0.1983822897844361, -0.03706007727099944]
[-0.1983822897844361, -0.03706007727099944], 0, -1.0, [-0.23851253247630994, -0.04013024269187383]
[-0.23851253247630994, -0.04013024269187383], 0, -1.0, [-0.28152962685287336, -0.04301709437656341]
[-0.28152962685287336, -0.04301709437656341], 0, -1.0, [-0.3272068180590677, -0.045677191206194345]
[-0.3272068180590677, -0.045677191206194345], 0, -1.0, [-0.3752731993479803, -0.048066381288912594]
[-0.3752731993479803, -0.048066381288912594], 0, -1.0, [-0.42541567282515985, -0.05014247347717952]
[-0.42541567282515985, -0.05014247347717952], 0, -1.0, [-0.4772839177969513, -0.05186824497179142]
[-0.4772839177969513, -0.05186824497179142], 0, -1.0, [-0.5304984076107923, -0.05321448981384098]
[-0.5304984076107923, -0.05321448981384098], 0, -1.0, [-0.5846611538795954, -0.0541627462688031]
[-0.5846611538795954, -0.0541627462688031], 0, -1.0, [-0.6393684893950075, -0.05470733551541206]
[-0.6393684893950075, -0.05470733551541206], 0, -1.0, [-0.6942249027855674, -0.054856413390559924]
[-0.6942249027855674, -0.054856413390559924], 0, -1.0, [-0.7488567768464064, -0.05463187406083903]
[-0.7488567768464064, -0.05463187406083903], 0, -1.0, [-0.8029248974082742, -0.05406812056186787]
[-0.8029248974082742, -0.05406812056186787], 0, -1.0, [-0.8561347873869246, -0.0532098899786504]
[-0.8561347873869246, -0.0532098899786504], 0, -1.0, [-0.9082442368785797, -0.05210944949165507]
[-0.9082442368785797, -0.05210944949165507], 0, -1.0, [-0.9590677743007693, -0.050823537422189626]
[-0.9590677743007693, -0.050823537422189626], 0, -1.0, [-1.0084781810707728, -0.04941040677000359]
[-1.0084781810707728, -0.04941040677000359], 0, -1.0, [-1.0564054347686938, -0.04792725369792088]
[-1.0564054347686938, -0.04792725369792088], 0, -1.0, [-1.1028336422385616, -0.04642820746986793]
[-1.1028336422385616, -0.04642820746986793], 0, -1.0, [-1.1477965919054203, -0.0449629496668587]
[-1.1477965919054203, -0.0449629496668587], 0, -1.0, [-1.1913725319202555, -0.04357594001483515]
[-1.1913725319202555, -0.04357594001483515], 2, -1.0, [-1.2, 0.0]
[-1.2, 0.0], 2, -1.0, [-1.1967581039591646, 0.003241896040835368]
[-1.1967581039591646, 0.003241896040835368], 2, -1.0, [-1.1902636585360942, 0.006494445423070332]
[-1.1902636585360942, 0.006494445423070332], 2, -1.0, [-1.1804959639787937, 0.009767694557300442]
[-1.1804959639787937, 0.009767694557300442], 2, -1.0, [-1.1674255149588486, 0.013070449019945182]
[-1.1674255149588486, 0.013070449019945182], 2, -1.0, [-1.1510159267200155, 0.016409588238833067]
[-1.1510159267200155, 0.016409588238833067], 2, -1.0, [-1.1312266168239755, 0.019789309896040046]
[-1.1312266168239755, 0.019789309896040046], 2, -1.0, [-1.108016322100852, 0.02321029472312345]
[-1.108016322100852, 0.02321029472312345], 2, -1.0, [-1.081347524946184, 0.02666879715466819]
[-1.081347524946184, 0.02666879715466819], 2, -1.0, [-1.0511918363028878, 0.03015568864329602]
[-1.0511918363028878, 0.03015568864329602], 2, -1.0, [-1.0175363271434712, 0.0336555091594167]
[-1.0175363271434712, 0.0336555091594167], 2, -1.0, [-0.9803907090723114, 0.03714561807115983]
[-0.9803907090723114, 0.03714561807115983], 2, -1.0, [-0.9397951336374217, 0.04059557543488971]
[-0.9397951336374217, 0.04059557543488971], 2, -1.0, [-0.8958282112564235, 0.043966922380998245]
[-0.8958282112564235, 0.043966922380998245], 2, -1.0, [-0.8486146572192776, 0.04721355403714586]
[-0.8486146572192776, 0.04721355403714586], 2, -1.0, [-0.7983317816221248, 0.05028287559715283]
[-0.7983317816221248, 0.05028287559715283], 2, -1.0, [-0.7452138959379592, 0.0531178856841656]
[-0.7452138959379592, 0.0531178856841656], 2, -1.0, [-0.6895536666604415, 0.0556602292775177]
[-0.6895536666604415, 0.0556602292775177], 2, -1.0, [-0.6316995610792892, 0.057854105581152386]
[-0.6316995610792892, 0.057854105581152386], 2, -1.0, [-0.5720488365336812, 0.05965072454560789]
[-0.5720488365336812, 0.05965072454560789], 2, -1.0, [-0.5110360146660762, 0.061012821867605024]
[-0.5110360146660762, 0.061012821867605024], 2, -1.0, [-0.44911739120176025, 0.061918623464315904]
[-0.44911739120176025, 0.061918623464315904], 2, -1.0, [-0.38675274139346727, 0.06236464980829299]
[-0.38675274139346727, 0.06236464980829299], 2, -1.0, [-0.3243858485235833, 0.06236689286988392]
[-0.3243858485235833, 0.06236689286988392], 2, -1.0, [-0.2624256859117381, 0.061960162611845254]
[-0.2624256859117381, 0.061960162611845254], 2, -1.0, [-0.20122996568717166, 0.061195720224566416]
[-0.20122996568717166, 0.061195720224566416], 2, -1.0, [-0.14109236178367496, 0.06013760390349669]
[-0.14109236178367496, 0.06013760390349669], 2, -1.0, [-0.08223412731502394, 0.05885823446865101]
[-0.08223412731502394, 0.05885823446865101], 2, -1.0, [-0.024800200336085113, 0.05743392697893883]
[-0.024800200336085113, 0.05743392697893883], 2, -1.0, [0.03114064276343887, 0.05594084309952398]
[0.03114064276343887, 0.05594084309952398], 2, -1.0, [0.08559238750154527, 0.0544517447381064]
[0.08559238750154527, 0.0544517447381064], 2, -1.0, [0.13862609852276647, 0.05303371102122119]
[0.13862609852276647, 0.05303371102122119], 2, -1.0, [0.19037290492486428, 0.0517468064020978]
[0.19037290492486428, 0.0517468064020978], 2, -1.0, [0.24101646944167865, 0.050643564516814364]
[0.24101646944167865, 0.050643564516814364], 2, -1.0, [0.29078555519931315, 0.04976908575763451]
[0.29078555519931315, 0.04976908575763451], 2, -1.0, [0.33994708223056147, 0.04916152703124832]
[0.33994708223056147, 0.04916152703124832], 2, -1.0, [0.388799856212751, 0.04885277398218953]
[0.388799856212751, 0.04885277398218953], 2, -1.0, [0.4376689695757199, 0.0488691133629689]
[0.4376689695757199, 0.0488691133629689], 2, -1.0, [0.4869007238355066, 0.04923175425978669]
[0.4869007238355066, 0.04923175425978669], 2, -1.0, [0.5368577983788596, 0.04995707454335301]
