[-0.558055163290904, 0.0], 1, -1.0, [-0.557797200353445, 0.0002579629374589275]
[-0.557797200353445, 0.0002579629374589275], 1, -1.0, [-0.5572831989503838, 0.0005140014030612141]
[-0.5572831989503838, 0.0005140014030612141], 1, -1.0, [-0.5565169941243984, 0.0007662048259854844]
[-0.5565169941243984, 0.0007662048259854844], 1, -1.0, [-0.5555043037567494, 0.0010126903676489034]
[-0.5555043037567494, 0.0010126903676489034], 0, -1.0, [-0.5552526871452547, 0.000251616611494777]
[-0.5552526871452547, 0.000251616611494777], 0, -1.0, [-0.5557640228443884, -0.000511335699133735]
[-0.5557640228443884, -0.000511335699133735], 0, -1.0, [-0.557034493395401, -0.001270470551012624]
[-0.557034493395401, -0.001270470551012624], 0, -1.0, [-0.5590546163693225, -0.0020201229739215]
[-0.5590546163693225, -0.0020201229739215], 0, -1.0, [-0.5618093216903093, -0.002754705320986748]
[-0.5618093216903093, -0.002754705320986748], 0, -1.0, [-0.565278075131292, -0.0034687534409827527]
[-0.565278075131292, -0.0034687534409827527], 0, -1.0, [-0.5694350477317818, -0.004156972600489798]
[-0.5694350477317818, -0.004156972600489798], 0, -1.0, [-0.574249330646411, -0.004814282914629306]
[-0.574249330646411, -0.004814282914629306], 0, -1.0, [-0.5796851945693091, -0.005435863922898131]
[-0.5796851945693091, -0.005435863922898131], 0, -1.0, [-0.5857023923828651, -0.006017197813555975]
[-0.5857023923828651, -0.006017197813555975], 0, -1.0, [-0.5922565030527948, -0.006554110669929574]
[-0.5922565030527948, -0.006554110669929574], 0, -1.0, [-0.5992993140521251, -0.007042810999330299]
[-0.5992993140521251, -0.007042810999330299], 0, -1.0, [-0.6067792387759882, -0.007479924723863053]
[-0.6067792387759882, -0.007479924723863053], 0, -1.0, [-0.614641764550165, -0.007862525774176747]
[-0.614641764550165, -0.007862525774176747], 0, -1.0, [-0.6228299259912113, -0.008188161441046431]
[-0.6228299259912113, -0.008188161441046431], 0, -1.0, [-0.6312847977016224, -0.008454871710411057]
[-0.6312847977016224, -0.008454871710411057], 0, -1.0, [-0.6399459996368632, -0.008661201935240764]
[-0.6399459996368632, -0.008661201935240764], 0, -1.0, [-0.6487522080144253, -0.008806208377562215]
[-0.6487522080144253, -0.008806208377562215], 0, -1.0, [-0.6576416643910696, -0.008889456376644329]
[-0.6576416643910696, -0.008889456376644329], 0, -1.0, [-0.666552675542393, -0.00891101115132328]
[-0.666552675542393, -0.00891101115132328], 0, -1.0, [-0.6754240970519364, -0.008871421509543419]
[-0.6754240970519364, -0.008871421509543419], 0, -1.0, [-0.684195794050861, -0.008771696998924494]
[-0.684195794050861, -0.008771696998924494], 0, -1.0, [-0.6928090733221978, -0.008613279271336826]
[-0.6928090733221978, -0.008613279271336826], 0, -1.0, [-0.7012070819588919, -0.00839800863669416]
[-0.7012070819588919, -0.00839800863669416], 2, -1.0, [-0.7073351688930827, -0.006128086934190726]
[-0.7073351688930827, -0.006128086934190726], 2, -1.0, [-0.7111539615721039, -0.0038187926790211935]
[-0.7111539615721039, -0.0038187926790211935], 2, -1.0, [-0.7126391474618041, -0.0014851858897002262]
[-0.7126391474618041, -0.0014851858897002262], 2, -1.0, [-0.7117813181508464, 0.0008578293109577262]
[-0.7117813181508464, 0.0008578293109577262], 2, -1.0, [-0.7085859046080968, 0.0031954135427496523]
[-0.7085859046080968, 0.0031954135427496523], 2, -1.0, [-0.7030732148587727, 0.005512689749324065]
[-0.7030732148587727, 0.005512689749324065], 2, -1.0, [-0.6952785675616119, 0.0077946472971608]
[-0.6952785675616119, 0.0077946472971608], 2, -1.0, [-0.6852524974714392, 0.0100260700901726]
[-0.6852524974714392, 0.0100260700901726], 2, -1.0, [-0.673060992373033, 0.012191505098406281]
[-0.673060992373033, 0.012191505098406281], 2, -1.0, [-0.6587857066930876, 0.01427528567994538]
[-0.6587857066930876, 0.01427528567994538], 2, -1.0, [-0.6425240857010461, 0.016261620992041474]
[-0.6425240857010461, 0.016261620992041474], 2, -1.0, [-0.6243893271814023, 0.018134758519643846]
[-0.6243893271814023, 0.018134758519643846], 2, -1.0, [-0.6045101059073928, 0.019879221274009453]
[-0.6045101059073928, 0.019879221274009453], 2, -1.0, [-0.5830299912235053, 0.02148011468388757]
[-0.5830299912235053, 0.02148011468388757], 2, -1.0, [-0.5601065002175014, 0.02292349100600393]
[-0.5601065002175014, 0.02292349100600393], 2, -1.0, [-0.5359097483511888, 0.0241967518663126]
[-0.5359097483511888, 0.0241967518663126], 1, -1.0, [-0.5116206851786289, 0.02428906317255981]
[-0.5116206851786289, 0.02428906317255981], 0, -1.0, [-0.4884214383517511, 0.023199246826877802]
[-0.4884214383517511, 0.023199246826877802], 0, -1.0, [-0.4664855321140987, 0.021935906237652382]
[-0.4664855321140987, 0.021935906237652382], 1, -1.0, [-0.44497588241336394, 0.02150964970073474]
[-0.44497588241336394, 0.02150964970073474], 0, -1.0, [-0.42505045196482694, 0.01992543044853699]
[-0.42505045196482694, 0.01992543044853699], 0, -1.0, [-0.40685341376416007, 0.018197038200666874]
[-0.40685341376416007, 0.018197038200666874], 0, -1.0, [-0.390514174488934, 0.01633923927522607]
[-0.390514174488934, 0.01633923927522607], 0, -1.0, [-0.3761467625669784, 0.01436741192195562]
[-0.3761467625669784, 0.01436741192195562], 0, -1.0, [-0.3638495254230361, 0.012297237143942263]
[-0.3638495254230361, 0.012297237143942263], 0, -1.0, [-0.3537050677878051, 0.01014445763523102]
[-0.3537050677878051, 0.01014445763523102], 0, -1.0, [-0.34578035746330993, 0.00792471032449515]
[-0.34578035746330993, 0.00792471032449515], 0, -1.0, [-0.34012692597751587, 0.005653431485794059]
[-0.34012692597751587, 0.005653431485794059], 0, -1.0, [-0.3367810981151885, 0.003345827862327331]
[-0.3367810981151885, 0.003345827862327331], 0, -1.0, [-0.3357641951965012, 0.0010169029186873238]
[-0.3357641951965012, 0.0010169029186873238], 0, -1.0, [-0.3370826710128632, -0.0013184758163620083]
[-0.3370826710128632, -0.0013184758163620083], 0, -1.0, [-0.34072815545489754, -0.0036454844420343254]
[-0.34072815545489754, -0.0036454844420343254], 0, -1.0, [-0.34667739815367254, -0.005949242698775016]
[-0.34667739815367254, -0.005949242698775016], 0, -1.0, [-0.3548921220832755, -0.008214723929602924]
[-0.3548921220832755, -0.008214723929602924], 0, -1.0, [-0.365318814256823, -0.01042669217354755]
[-0.365318814256823, -0.01042669217354755], 0, -1.0, [-0.3778884965587342, -0.012569682301911175]
[-0.3778884965587342, -0.012569682301911175], 0, -1.0, [-0.392516533449527, -0.014628036890792857]
[-0.392516533449527, -0.014628036890792857], 0, -1.0, [-0.40910254367213733, -0.01658601022261031]
[-0.40910254367213733, -0.01658601022261031], 0, -1.0, [-0.4275304889953915, -0.01842794532325417]
[-0.4275304889953915, -0.01842794532325417], 0, -1.0, [-0.4476690132766214, -0.02013852428122992]
[-0.4476690132766214, -0.02013852428122992], 0, -1.0, [-0.46937209873586566, -0.02170308545924429]
[-0.46937209873586566, -0.02170308545924429], 0, -1.0, [-0.4924800927716269, -0.023107994035761237]
[-0.4924800927716269, -0.023107994035761237], 0, -1.0, [-0.5168211380634533, -0.024341045291826423]
[-0.5168211380634533, -0.024341045291826423], 0, -1.0, [-0.5422130121342877, -0.02539187407083439]
[-0.5422130121342877, -0.02539187407083439], 0, -1.0, [-0.5684653519782749, -0.026252339843987157]
[-0.5684653519782749, -0.026252339843987157], 0, -1.0, [-0.595382207643992, -0.026916855665717058]
[-0.595382207643992, -0.026916855665717058], 0, -1.0, [-0.6227648391940565, -0.02738263155006446]
[-0.6227648391940565, -0.02738263155006446], 0, -1.0, [-0.650414647707402, -0.02764980851334557]
[-0.650414647707402, -0.02764980851334557], 0, -1.0, [-0.6781361159265133, -0.027721468219111322]
[-0.6781361159265133, -0.027721468219111322], 0, -1.0, [-0.7057396297348061, -0.027603513808292734]
[-0.7057396297348061, -0.027603513808292734], 0, -1.0, [-0.7330440584494079, -0.027304428714601772]
[-0.7330440584494079, -0.027304428714601772], 0, -1.0, [-0.759878989007441, -0.026834930558033147]
[-0.759878989007441, -0.026834930558033147], 0, -1.0, [-0.7860865342682325, -0.026207545260791477]
[-0.7860865342682325, -0.026207545260791477], 0, -1.0, [-0.81152266571031, -0.025436131442077417]
[-0.81152266571031, -0.025436131442077417], 2, -1.0, [-0.8340580522879659, -0.02253538657765601]
[-0.8340580522879659, -0.02253538657765601], 2, -1.0, [-0.8535873316322309, -0.019529279344265016]
[-0.8535873316322309, -0.019529279344265016], 2, -1.0, [-0.8700265931251374, -0.01643926149290656]
[-0.8700265931251374, -0.01643926149290656], 2, -1.0, [-0.8833107514303968, -0.01328415830525937]
[-0.8833107514303968, -0.01328415830525937], 2, -1.0, [-0.893391034196127, -0.010080282765730099]
[-0.893391034196127, -0.010080282765730099], 2, -1.0, [-0.9002327634920356, -0.006841729295908595]
[-0.9002327634920356, -0.006841729295908595], 2, -1.0, [-0.9038135668957549, -0.0035808034037192425]
[-0.9038135668957549, -0.0035808034037192425], 2, -1.0, [-0.904122114313342, -0.000308547417587107]
[-0.904122114313342, -0.000308547417587107], 2, -1.0, [-0.9011574417156998, 0.002964672597642172]
[-0.9011574417156998, 0.002964672597642172], 2, -1.0, [-0.8949288923912374, 0.006228549324462338]
[-0.8949288923912374, 0.006228549324462338], 2, -1.0, [-0.8854566783038403, 0.009472214087397091]
[-0.8854566783038403, 0.009472214087397091], 2, -1.0, [-0.8727730363651963, 0.012683641938644014]
[-0.8727730363651963, 0.012683641938644014], 2, -1.0, [-0.8569239244927234, 0.015849111872472975]
[-0.8569239244927234, 0.015849111872472975], 2, -1.0, [-0.8379711683243989, 0.01895275616832449]
[-0.8379711683243989, 0.01895275616832449], 2, -1.0, [-0.8159949305351939, 0.021976237789204996]
[-0.8159949305351939, 0.021976237789204996], 2, -1.0, [-0.7910963315905969, 0.02489859894459696]
[-0.7910963315905969, 0.02489859894459696], 2, -1.0, [-0.7634000063485048, 0.02769632524209207]
[-0.7634000063485048, 0.02769632524209207], 2, -1.0, [-0.7330563404884558, 0.030343665860048972]
[-0.7330563404884558, 0.030343665860048972], 2, -1.0, [-0.7002431019509361, 0.03281323853751976]
[-0.7002431019509361, 0.03281323853751976], 2, -1.0, [-0.6651661746285993, 0.03507692732233677]
[-0.6651661746285993, 0.03507692732233677], 2, -1.0, [-0.6280591236725656, 0.037107050956033776]
[-0.6280591236725656, 0.037107050956033776], 2, -1.0, [-0.5891813807950511, 0.038877742877514485]
[-0.5891813807950511, 0.038877742877514485], 2, -1.0, [-0.5488149355961958, 0.04036644519885534]
[-0.5488149355961958, 0.04036644519885534], 2, -1.0, [-0.507259549526163, 0.041555386070032695]
[-0.507259549526163, 0.041555386070032695], 2, -1.0, [-0.464826658584074, 0.04243289094208905]
[-0.464826658584074, 0.04243289094208905], 2, -1.0, [-0.42183227822243485, 0.042994380361639176]
[-0.42183227822243485, 0.042994380361639176], 2, -1.0, [-0.37858934493927254, 0.04324293328316234]
[-0.37858934493927254, 0.04324293328316234], 2, -1.0, [-0.3354000018019713, 0.04318934313730124]
[-0.3354000018019713, 0.04318934313730124], 2, -1.0, [-0.2925483457397766, 0.04285165606219468]
[-0.2925483457397766, 0.04285165606219468], 2, -1.0, [-0.2502941007703892, 0.04225424496938742]
[-0.2502941007703892, 0.04225424496938742], 2, -1.0, [-0.20886757373276235, 0.041426527037626865]
[-0.20886757373276235, 0.041426527037626865], 2, -1.0, [-0.1684661075214801, 0.04040146621128225]
[-0.1684661075214801, 0.04040146621128225], 2, -1.0, [-0.12925209554415537, 0.03921401197732474]
[-0.12925209554415537, 0.03921401197732474], 2, -1.0, [-0.09135248297898109, 0.03789961256517428]
[-0.09135248297898109, 0.03789961256517428], 2, -1.0, [-0.054859572206141786, 0.0364929107728393]
[-0.054859572206141786, 0.0364929107728393], 2, -1.0, [-0.019832880094770293, 0.035026692111371494]
[-0.019832880094770293, 0.035026692111371494], 2, -1.0, [0.013698235821559795, 0.03353111591633009]
[0.013698235821559795, 0.03353111591633009], 2, -1.0, [0.04573146240955435, 0.032033226587994554]
[0.04573146240955435, 0.032033226587994554], 2, -1.0, [0.07628817999149422, 0.03055671758193987]
[0.07628817999149422, 0.03055671758193987], 2, -1.0, [0.10541008600679576, 0.02912190601530154]
[0.10541008600679576, 0.02912190601530154], 2, -1.0, [0.13315595575889727, 0.027745869752101505]
[0.13315595575889727, 0.027745869752101505], 2, -1.0, [0.15959865529642409, 0.026442699537526804]
[0.15959865529642409, 0.026442699537526804], 2, -1.0, [0.1848224791399845, 0.02522382384356042]
[0.1848224791399845, 0.02522382384356042], 2, -1.0, [0.2089208506085088, 0.024098371468524296]
[0.2089208506085088, 0.024098371468524296], 2, -1.0, [0.231994395586762, 0.023073544978253206]
[0.231994395586762, 0.023073544978253206], 2, -1.0, [0.2541493812845503, 0.02215498569778828]
[0.2541493812845503, 0.02215498569778828], 2, -1.0, [0.27549649882857324, 0.02134711754402296]
[0.27549649882857324, 0.02134711754402296], 2, -1.0, [0.2961499611051834, 0.020653462276610145]
[0.2961499611051834, 0.020653462276610145], 2, -1.0, [0.31622688382735037, 0.020076922722166966]
[0.31622688382735037, 0.020076922722166966], 2, -1.0, [0.3358469171459395, 0.019620033318589154]
[0.3358469171459395, 0.019620033318589154], 2, -1.0, [0.3551320962621509, 0.019285179116211405]
[0.3551320962621509, 0.019285179116211405], 2, -1.0, [0.37420688161672117, 0.01907478535457025]
[0.37420688161672117, 0.01907478535457025], 2, -1.0, [0.39319836169803224, 0.01899148008131105]
[0.39319836169803224, 0.01899148008131105], 2, -1.0, [0.41223659382962907, 0.01903823213159682]
[0.41223659382962907, 0.01903823213159682], 2, -1.0, [0.4314550600692232, 0.019218466239594112]
[0.4314550600692232, 0.019218466239594112], 2, -1.0, [0.4509912162339812, 0.019536156164757998]
[0.4509912162339812, 0.019536156164757998], 2, -1.0, [0.4709871117372878, 0.01999589550330659]
[0.4709871117372878, 0.01999589550330659], 2, -1.0, [0.4915900560417866, 0.02060294430449883]
[0.4915900560417866, 0.02060294430449883], 2, -1.0, [0.512953303720978, 0.021363247679191448]
