[-0.5808658439570862, 0.0], 2, -1.0, [-0.5794384506722112, 0.0014273932848749777]
[-0.5794384506722112, 0.0014273932848749777], 2, -1.0, [-0.5765942158374648, 0.0028442348347463885]
[-0.5765942158374648, 0.0028442348347463885], 2, -1.0, [-0.5723541875199984, 0.004240028317466361]
[-0.5723541875199984, 0.004240028317466361], 2, -1.0, [-0.5667497960492638, 0.0056043914707346815]
[-0.5667497960492638, 0.0056043914707346815], 2, -1.0, [-0.5598226750791877, 0.006927120970076091]
[-0.5598226750791877, 0.006927120970076091], 2, -1.0, [-0.551624409281744, 0.008198265797443595]
[-0.551624409281744, 0.008198265797443595], 2, -1.0, [-0.5422161987830507, 0.009408210498693345]
[-0.5422161987830507, 0.009408210498693345], 2, -1.0, [-0.5316684301949058, 0.010547768588144837]
[-0.5316684301949058, 0.010547768588144837], 2, -1.0, [-0.5200601451088809, 0.011608285086024918]
[-0.5200601451088809, 0.011608285086024918], 1, -1.0, [-0.5084783992530374, 0.011581745855843446]
[-0.5084783992530374, 0.011581745855843446], 1, -1.0, [-0.49701001733357103, 0.011468381919466386]
[-0.49701001733357103, 0.011468381919466386], 0, -1.0, [-0.48674083969936605, 0.010269177634204983]
[-0.48674083969936605, 0.010269177634204983], 0, -1.0, [-0.47774753362114264, 0.008993306078223427]
[-0.47774753362114264, 0.008993306078223427], 0, -1.0, [-0.47009702844245854, 0.007650505178684101]
[-0.47009702844245854, 0.007650505178684101], 0, -1.0, [-0.46384606569982434, 0.0062509627426342]
[-0.46384606569982434, 0.0062509627426342], 0, -1.0, [-0.45904085205670603, 0.004805213643118296]
[-0.45904085205670603, 0.004805213643118296], 0, -1.0, [-0.4557168015903366, 0.0033240504663694295]
[-0.4557168015903366, 0.0033240504663694295], 0, -1.0, [-0.4538983542458936, 0.001818447344443021]
[-0.4538983542458936, 0.001818447344443021], 0, -1.0, [-0.45359885896204793, 0.0002994952838456504]
[-0.45359885896204793, 0.0002994952838456504], 0, -1.0, [-0.4548205128163251, -0.0012216538542771539]
[-0.4548205128163251, -0.0012216538542771539], 0, -1.0, [-0.457554351214015, -0.0027338383976899163]
[-0.457554351214015, -0.0027338383976899163], 0, -1.0, [-0.46178028828449597, -0.004225937070480953]
[-0.46178028828449597, -0.004225937070480953], 0, -1.0, [-0.4674672108661922, -0.005686922581696223]
[-0.4674672108661922, -0.005686922581696223], 0, -1.0, [-0.474573133364909, -0.007105922498716773]
[-0.474573133364909, -0.007105922498716773], 0, -1.0, [-0.48304542398319067, -0.00847229061828169]
[-0.48304542398319067, -0.00847229061828169], 0, -1.0, [-0.49282111499739245, -0.009775691014201773]
[-0.49282111499739245, -0.009775691014201773], 0, -1.0, [-0.5038273106168372, -0.01100619561944472]
[-0.5038273106168372, -0.01100619561944472], 0, -1.0, [-0.5159817052890399, -0.012154394672202704]
[-0.5159817052890399, -0.012154394672202704], 0, -1.0, [-0.5291932230168601, -0.013211517727820294]
[-0.5291932230168601, -0.013211517727820294], 0, -1.0, [-0.5433627843588225, -0.014169561341962315]
[-0.5433627843588225, -0.014169561341962315], 0, -1.0, [-0.558384202471378, -0.01502141811255556]
[-0.558384202471378, -0.01502141811255556], 0, -1.0, [-0.5741452031513793, -0.015761000680001278]
[-0.5741452031513793, -0.015761000680001278], 0, -1.0, [-0.5905285568157779, -0.016383353664398574]
[-0.5905285568157779, -0.016383353664398574], 0, -1.0, [-0.6074133032847886, -0.016884746469010774]
[-0.6074133032847886, -0.016884746469010774], 0, -1.0, [-0.6246760437374486, -0.01726274045265993]
[-0.6246760437374486, -0.01726274045265993], 0, -1.0, [-0.6421922688933969, -0.017516225155948355]
[-0.6421922688933969, -0.017516225155948355], 0, -1.0, [-0.6598376888655493, -0.017645419972152365]
[-0.6598376888655493, -0.017645419972152365], 0, -1.0, [-0.677489528599071, -0.017651839733521673]
[-0.677489528599071, -0.017651839733521673], 0, -1.0, [-0.695027753539134, -0.017538224940063078]
[-0.695027753539134, -0.017538224940063078], 0, -1.0, [-0.7123361931102823, -0.017308439571148207]
[-0.7123361931102823, -0.017308439571148207], 0, -1.0, [-0.7293035344888772, -0.016967341378594854]
[-0.7293035344888772, -0.016967341378594854], 0, -1.0, [-0.745824165576237, -0.016520631087359766]
[-0.745824165576237, -0.016520631087359766], 2, -1.0, [-0.7597988534847507, -0.013974687908513764]
[-0.7597988534847507, -0.013974687908513764], 2, -1.0, [-0.7711466123848736, -0.011347758900122844]
[-0.7711466123848736, -0.011347758900122844], 2, -1.0, [-0.7798037770284223, -0.008657164643548673]
[-0.7798037770284223, -0.008657164643548673], 2, -1.0, [-0.7857230910017705, -0.005919313973348265]
[-0.7857230910017705, -0.005919313973348265], 2, -1.0, [-0.7888729156734496, -0.0031498246716790772]
[-0.7888729156734496, -0.0031498246716790772], 2, -1.0, [-0.7892366421156148, -0.0003637264421652341]
[-0.7892366421156148, -0.0003637264421652341], 2, -1.0, [-0.7868123626535384, 0.0024242794620764254]
[-0.7868123626535384, 0.0024242794620764254], 2, -1.0, [-0.7816128322464222, 0.005199530407116151]
[-0.7816128322464222, 0.005199530407116151], 2, -1.0, [-0.7736657231879579, 0.00794710905846431]
[-0.7736657231879579, 0.00794710905846431], 2, -1.0, [-0.7630141498777614, 0.010651573310196536]
[-0.7630141498777614, 0.010651573310196536], 2, -1.0, [-0.7497174138585955, 0.013296736019165912]
[-0.7497174138585955, 0.013296736019165912], 2, -1.0, [-0.7338518933920245, 0.01586552046657099]
[-0.7338518933920245, 0.01586552046657099], 2, -1.0, [-0.7155119775093329, 0.018339915882691557]
[-0.7155119775093329, 0.018339915882691557], 2, -1.0, [-0.6948109233433369, 0.020701054165995977]
[-0.6948109233433369, 0.020701054165995977], 2, -1.0, [-0.671881499932358, 0.022929423410978877]
[-0.671881499932358, 0.022929423410978877], 2, -1.0, [-0.6468762744346978, 0.0250052254976603]
[-0.6468762744346978, 0.0250052254976603], 2, -1.0, [-0.6199674007900181, 0.026908873644679636]
[-0.6199674007900181, 0.026908873644679636], 2, -1.0, [-0.5913457888411847, 0.02862161194883335]
[-0.5913457888411847, 0.02862161194883335], 2, -1.0, [-0.5612195651010876, 0.03012622374009705]
[-0.5612195651010876, 0.03012622374009705], 2, -1.0, [-0.5298117840713138, 0.03140778102977387]
[-0.5298117840713138, 0.03140778102977387], 2, -1.0, [-0.49735740817604746, 0.03245437589526637]
[-0.49735740817604746, 0.03245437589526637], 2, -1.0, [-0.4640996393113549, 0.033257768864692575]
[-0.4640996393113549, 0.033257768864692575], 2, -1.0, [-0.43028574808931813, 0.03381389122203675]
[-0.43028574808931813, 0.03381389122203675], 2, -1.0, [-0.39616259962473793, 0.03412314846458022]
[-0.39616259962473793, 0.03412314846458022], 2, -1.0, [-0.3619721094785976, 0.03419049014614033]
[-0.3619721094785976, 0.03419049014614033], 2, -1.0, [-0.3279468748165737, 0.034025234662023875]
[-0.3279468748165737, 0.034025234662023875], 2, -1.0, [-0.29430621219943603, 0.03364066261713767]
[-0.29430621219943603, 0.03364066261713767], 2, -1.0, [-0.2612527968996178, 0.03305341529981827]
[-0.2612527968996178, 0.03305341529981827], 2, -1.0, [-0.22897004491082024, 0.03228275198879753]
[-0.22897004491082024, 0.03228275198879753], 2, -1.0, [-0.19762031578291098, 0.03134972912790926]
[-0.19762031578291098, 0.03134972912790926], 2, -1.0, [-0.16734395055762044, 0.030276365225290536]
[-0.16734395055762044, 0.030276365225290536], 2, -1.0, [-0.1382591019059884, 0.02908484865163204]
[-0.1382591019059884, 0.02908484865163204], 1, -1.0, [-0.11146226846909234, 0.02679683343689605]
[-0.11146226846909234, 0.02679683343689605], 1, -1.0, [-0.08702696436105756, 0.024435304108034787]
[-0.08702696436105756, 0.024435304108034787], 0, -1.0, [-0.06600693909569073, 0.021020025265366823]
[-0.06600693909569073, 0.021020025265366823], 0, -1.0, [-0.0484380584826974, 0.017568880612993328]
[-0.0484380584826974, 0.017568880612993328], 0, -1.0, [-0.034342829022364324, 0.014095229460333075]
[-0.034342829022364324, 0.014095229460333075], 0, -1.0, [-0.0237343427084707, 0.010608486313893623]
[-0.0237343427084707, 0.010608486313893623], 1, -1.0, [-0.015619521732564576, 0.008114820975906125]
[-0.015619521732564576, 0.008114820975906125], 0, -1.0, [-0.011001956602415468, 0.004617565130149107]
[-0.011001956602415468, 0.004617565130149107], 0, -1.0, [-0.00988302986158106, 0.0011189267408344083]
[-0.00988302986158106, 0.0011189267408344083], 0, -1.0, [-0.012263004365598773, -0.0023799745040177125]
[-0.012263004365598773, -0.0023799745040177125], 1, -1.0, [-0.017141287271062164, -0.004878282905463391]
[-0.017141287271062164, -0.004878282905463391], 1, -1.0, [-0.02451626538793611, -0.007374978116873947]
[-0.02451626538793611, -0.007374978116873947], 1, -1.0, [-0.03438448477060191, -0.0098682193826658]
[-0.03438448477060191, -0.0098682193826658], 0, -1.0, [-0.04773941514923931, -0.013354930378637402]
[-0.04773941514923931, -0.013354930378637402], 0, -1.0, [-0.06456874999066144, -0.016829334841422128]
[-0.06456874999066144, -0.016829334841422128], 0, -1.0, [-0.08485132866684938, -0.020282578676187955]
[-0.08485132866684938, -0.020282578676187955], 0, -1.0, [-0.10855334660408858, -0.0237020179372392]
[-0.10855334660408858, -0.0237020179372392], 0, -1.0, [-0.13562396395006734, -0.02707061734597876]
[-0.13562396395006734, -0.02707061734597876], 0, -1.0, [-0.16599048936312816, -0.030366525413060806]
[-0.16599048936312816, -0.030366525413060806], 0, -1.0, [-0.19955339799025718, -0.03356290862712902]
[-0.19955339799025718, -0.03356290862712902], 0, -1.0, [-0.23618153508064085, -0.03662813709038367]
[-0.23618153508064085, -0.03662813709038367], 0, -1.0, [-0.27570794654086966, -0.03952641146022881]
[-0.27570794654086966, -0.03952641146022881], 2, -1.0, [-0.3159268464379258, -0.040218899897056154]
[-0.3159268464379258, -0.040218899897056154], 0, -1.0, [-0.35860446383255595, -0.04267761739463018]
[-0.35860446383255595, -0.04267761739463018], 0, -1.0, [-0.4034696228141794, -0.04486515898162344]
[-0.4034696228141794, -0.04486515898162344], 0, -1.0, [-0.4502163738654651, -0.04674675105128567]
[-0.4502163738654651, -0.04674675105128567], 0, -1.0, [-0.4985090581114849, -0.04829268424601979]
[-0.4985090581114849, -0.04829268424601979], 0, -1.0, [-0.547989737608453, -0.049480679496968175]
[-0.547989737608453, -0.049480679496968175], 0, -1.0, [-0.5982876480914311, -0.05029791048297806]
[-0.5982876480914311, -0.05029791048297806], 0, -1.0, [-0.649030067551165, -0.05074241945973386]
[-0.649030067551165, -0.05074241945973386], 0, -1.0, [-0.6998537965521306, -0.05082372900096567]
[-0.6998537965521306, -0.05082372900096567], 0, -1.0, [-0.7504163569443608, -0.05056256039223021]
[-0.7504163569443608, -0.05056256039223021], 0, -1.0, [-0.8004060548341535, -0.04998969788979269]
[-0.8004060548341535, -0.04998969788979269], 0, -1.0, [-0.8495502127402245, -0.04914415790607098]
[-0.8495502127402245, -0.04914415790607098], 1, -1.0, [-0.8966211199895474, -0.04707090724932294]
[-0.8966211199895474, -0.04707090724932294], 1, -1.0, [-0.9414427933057943, -0.04482167331624685]
[-0.9414427933057943, -0.04482167331624685], 0, -1.0, [-0.9848892355397919, -0.04344644223399759]
[-0.9848892355397919, -0.04344644223399759], 0, -1.0, [-1.0268792269177125, -0.04198999137792059]
[-1.0268792269177125, -0.04198999137792059], 0, -1.0, [-1.0673738612436816, -0.04049463432596922]
[-1.0673738612436816, -0.04049463432596922], 0, -1.0, [-1.1063730738608148, -0.03899921261713313]
[-1.1063730738608148, -0.03899921261713313], 0, -1.0, [-1.1439115777271893, -0.03753850386637456]
[-1.1439115777271893, -0.03753850386637456], 0, -1.0, [-1.1800545734988999, -0.03614299577171062]
[-1.1800545734988999, -0.03614299577171062], 0, -1.0, [-1.2, 0.0]
[-1.2, 0.0], 2, -1.0, [-1.1967581039591646, 0.003241896040835368]
[-1.1967581039591646, 0.003241896040835368], 2, -1.0, [-1.1902636585360942, 0.006494445423070332]
[-1.1902636585360942, 0.006494445423070332], 2, -1.0, [-1.1804959639787937, 0.009767694557300442]
[-1.1804959639787937, 0.009767694557300442], 2, -1.0, [-1.1674255149588486, 0.013070449019945182]
[-1.1674255149588486, 0.013070449019945182], 2, -1.0, [-1.1510159267200155, 0.016409588238833067]
[-1.1510159267200155, 0.016409588238833067], 2, -1.0, [-1.1312266168239755, 0.019789309896040046]
[-1.1312266168239755, 0.019789309896040046], 1, -1.0, [-1.109016322100852, 0.02221029472312345]
[-1.109016322100852, 0.02221029472312345], 1, -1.0, [-1.0843488968498354, 0.0246674252510167]
[-1.0843488968498354, 0.0246674252510167], 1, -1.0, [-1.0571969830348595, 0.027151913814975892]
[-1.0571969830348595, 0.027151913814975892], 2, -1.0, [-1.0265461940076976, 0.030650789027161948]
[-1.0265461940076976, 0.030650789027161948], 2, -1.0, [-0.9924002013298158, 0.03414599267788188]
[-0.9924002013298158, 0.03414599267788188], 2, -1.0, [-0.9547879135761376, 0.03761228775367823]
[-0.9547879135761376, 0.03761228775367823], 2, -1.0, [-0.9137710819400077, 0.041016831636129875]
[-0.9137710819400077, 0.041016831636129875], 2, -1.0, [-0.8694518699250259, 0.04431921201498175]
[-0.8694518699250259, 0.04431921201498175], 2, -1.0, [-0.8219797426116446, 0.04747212731338122]
[-0.8219797426116446, 0.04747212731338122], 2, -1.0, [-0.7715568691470303, 0.05042287346461437]
[-0.7715568691470303, 0.05042287346461437], 2, -1.0, [-0.7184411359864804, 0.05311573316054986]
[-0.7184411359864804, 0.05311573316054986], 2, -1.0, [-0.6629458902198159, 0.055495245766664494]
[-0.6629458902198159, 0.055495245766664494], 2, -1.0, [-0.6054357163411626, 0.05751017387865337]
[-0.6054357163411626, 0.05751017387865337], 2, -1.0, [-0.5463179128104313, 0.05911780353073126]
[-0.5463179128104313, 0.05911780353073126], 1, -1.0, [-0.4870298476452503, 0.05928806516518098]
[-0.4870298476452503, 0.05928806516518098], 1, -1.0, [-0.4280154996104468, 0.05901434803480349]
[-0.4280154996104468, 0.05901434803480349], 1, -1.0, [-0.36970824223263365, 0.05830725737781317]
[-0.36970824223263365, 0.05830725737781317], 1, -1.0, [-0.31251459817346944, 0.05719364405916423]
[-0.31251459817346944, 0.05719364405916423], 1, -1.0, [-0.25680037854577875, 0.0557142196276907]
[-0.25680037854577875, 0.0557142196276907], 1, -1.0, [-0.202880237336104, 0.05392014120967474]
[-0.202880237336104, 0.05392014120967474], 1, -1.0, [-0.15101116100704962, 0.05186907632905439]
[-0.15101116100704962, 0.05186907632905439], 1, -1.0, [-0.10138989343012317, 0.04962126757692644]
[-0.10138989343012317, 0.04962126757692644], 1, -1.0, [-0.05415386576088522, 0.04723602766923795]
[-0.05415386576088522, 0.04723602766923795], 1, -1.0, [-0.009384918380337323, 0.044768947380547895]
[-0.009384918380337323, 0.044768947380547895], 2, -1.0, [0.03388501979755468, 0.043269938177892]
[0.03388501979755468, 0.043269938177892], 1, -1.0, [0.07466786404456818, 0.0407828442470135]
[0.07466786404456818, 0.0407828442470135], 2, -1.0, [0.11401316847141994, 0.03934530442685176]
[0.11401316847141994, 0.03934530442685176], 1, -1.0, [0.15100329150692743, 0.03699012303550747]
[0.15100329150692743, 0.03699012303550747], 2, -1.0, [0.1867455799576258, 0.03574228845069837]
[0.1867455799576258, 0.03574228845069837], 1, -1.0, [0.22037004507252644, 0.03362446511490065]
[0.22037004507252644, 0.03362446511490065], 2, -1.0, [0.25302123243184194, 0.0326511873593155]
[0.25302123243184194, 0.0326511873593155], 1, -1.0, [0.2838587179613061, 0.030837485529464144]
[0.2838587179613061, 0.030837485529464144], 2, -1.0, [0.31404920800811587, 0.030190490046809782]
[0.31404920800811587, 0.030190490046809782], 2, -1.0, [0.3437695672172983, 0.02972035920918242]
[0.3437695672172983, 0.02972035920918242], 2, -1.0, [0.3732056852869261, 0.029436118069627825]
[0.3732056852869261, 0.029436118069627825], 2, -1.0, [0.4025517356002746, 0.029346050313348474]
[0.4025517356002746, 0.029346050313348474], 2, -1.0, [0.4320097552766558, 0.029458019676381238]
[0.4320097552766558, 0.029458019676381238], 1, -1.0, [0.4607894680950517, 0.02877971281839592]
[0.4607894680950517, 0.02877971281839592], 2, -1.0, [0.4901008937247388, 0.029311425629687096]
[0.4901008937247388, 0.029311425629687096], 1, -1.0, [0.5191615078946469, 0.029060614169908034]
