[-0.5215649118088821, 0.0], 0, -1.0, [-0.5225801656926534, -0.0010152538837713476]
[-0.5225801656926534, -0.0010152538837713476], 0, -1.0, [-0.5246030591388273, -0.0020228934461738487]
[-0.5246030591388273, -0.0020228934461738487], 0, -1.0, [-0.5276184204698424, -0.0030153613310150698]
[-0.5276184204698424, -0.0030153613310150698], 0, -1.0, [-0.531603635194976, -0.003985214725133596]
[-0.531603635194976, -0.003985214725133596], 0, -1.0, [-0.5365288192434712, -0.004925184048495234]
[-0.5365288192434712, -0.004925184048495234], 0, -1.0, [-0.5423570522821778, -0.005828233038706655]
[-0.5423570522821778, -0.005828233038706655], 0, -1.0, [-0.5490446724899614, -0.006687620207783544]
[-0.5490446724899614, -0.006687620207783544], 0, -1.0, [-0.5565416337727002, -0.007496961282738805]
[-0.5565416337727002, -0.007496961282738805], 0, -1.0, [-0.5647919256174713, -0.008250291844771059]
[-0.5647919256174713, -0.008250291844771059], 0, -1.0, [-0.573734054607928, -0.008942128990456733]
[-0.573734054607928, -0.008942128990456733], 0, -1.0, [-0.5833015850982033, -0.00956753049027524]
[-0.5833015850982033, -0.00956753049027524], 0, -1.0, [-0.5934237347500046, -0.010122149651801412]
[-0.5934237347500046, -0.010122149651801412], 0, -1.0, [-0.6040260186891936, -0.010602283939188918]
[-0.6040260186891936, -0.010602283939188918], 0, -1.0, [-0.6150309340705079, -0.01100491538131437]
[-0.6150309340705079, -0.01100491538131437], 0, -1.0, [-0.6263586750017595, -0.01132774093125154]
[-0.6263586750017595, -0.01132774093125154], 0, -1.0, [-0.6379278662212461, -0.011569191219486682]
[-0.6379278662212461, -0.011569191219486682], 0, -1.0, [-0.649656302779583, -0.011728436558336877]
[-0.649656302779583, -0.011728436558336877], 0, -1.0, [-0.6614616823576039, -0.011805379578020954]
[-0.6614616823576039, -0.011805379578020954], 0, -1.0, [-0.673262316825152, -0.0118006344675481]
[-0.673262316825152, -0.0118006344675481], 0, -1.0, [-0.6849778102359418, -0.011715493410789856]
[-0.6849778102359418, -0.011715493410789856], 0, -1.0, [-0.6965296916381704, -0.011551881402228502]
[-0.6965296916381704, -0.011551881402228502], 0, -1.0, [-0.7078419927912213, -0.011312301153050933]
[-0.7078419927912213, -0.011312301153050933], 0, -1.0, [-0.718841763010075, -0.010999770218853677]
[-0.718841763010075, -0.010999770218853677], 0, -1.0, [-0.729459515778462, -0.010617752768387017]
[-0.729459515778462, -0.010617752768387017], 0, -1.0, [-0.7396296043329141, -0.01017008855445212]
[-0.7396296043329141, -0.01017008855445212], 0, -1.0, [-0.7492905259753404, -0.009660921642426304]
[-0.7492905259753404, -0.009660921642426304], 2, -1.0, [-0.756385157285426, -0.00709463131008562]
[-0.756385157285426, -0.00709463131008562], 2, -1.0, [-0.7608723840318282, -0.004487226746402278]
[-0.7608723840318282, -0.004487226746402278], 2, -1.0, [-0.7627265769427224, -0.001854192910894198]
[-0.7627265769427224, -0.001854192910894198], 2, -1.0, [-0.7619372317408273, 0.0007893452018951337]
[-0.7619372317408273, 0.0007893452018951337], 2, -1.0, [-0.7585088139858933, 0.003428417754933916]
[-0.7585088139858933, 0.003428417754933916], 2, -1.0, [-0.75246082558464, 0.0060479884012532795]
[-0.75246082558464, 0.0060479884012532795], 2, -1.0, [-0.7438280857836886, 0.008632739800951392]
[-0.7438280857836886, 0.008632739800951392], 2, -1.0, [-0.7326611955661186, 0.011166890217570037]
[-0.7326611955661186, 0.011166890217570037], 2, -1.0, [-0.7190271312009048, 0.013634064365213822]
[-0.7190271312009048, 0.013634064365213822], 2, -1.0, [-0.7030098910811556, 0.01601724011974918]
[-0.7030098910811556, 0.01601724011974918], 2, -1.0, [-0.6847111011713374, 0.018298789909818293]
[-0.6847111011713374, 0.018298789909818293], 2, -1.0, [-0.664250470060502, 0.020460631110835414]
[-0.664250470060502, 0.020460631110835414], 2, -1.0, [-0.6417659768555704, 0.022484493204931583]
[-0.6417659768555704, 0.022484493204931583], 2, -1.0, [-0.6174136761441107, 0.024352300711459628]
[-0.6174136761441107, 0.024352300711459628], 2, -1.0, [-0.5913670159375337, 0.026046660206577022]
[-0.5913670159375337, 0.026046660206577022], 2, -1.0, [-0.5638155880142882, 0.027551427923245508]
[-0.5638155880142882, 0.027551427923245508], 2, -1.0, [-0.5349632652369501, 0.028852322777338037]
[-0.5349632652369501, 0.028852322777338037], 2, -1.0, [-0.5050257252984635, 0.029937539938486663]
[-0.5050257252984635, 0.029937539938486663], 1, -1.0, [-0.4752274111704965, 0.02979831412796695]
[-0.4752274111704965, 0.02979831412796695], 1, -1.0, [-0.4457906103543985, 0.029436800816097987]
[-0.4457906103543985, 0.029436800816097987], 0, -1.0, [-0.41793208577996943, 0.02785852457442905]
[-0.41793208577996943, 0.02785852457442905], 0, -1.0, [-0.39185285497823874, 0.026079230801730677]
[-0.39185285497823874, 0.026079230801730677], 0, -1.0, [-0.36773619325478185, 0.024116661723456872]
[-0.36773619325478185, 0.024116661723456872], 0, -1.0, [-0.34574636723520064, 0.021989826019581236]
[-0.34574636723520064, 0.021989826019581236], 0, -1.0, [-0.3260280395536749, 0.019718327681525746]
[-0.3260280395536749, 0.019718327681525746], 0, -1.0, [-0.30870624351690784, 0.017321796036767055]
[-0.30870624351690784, 0.017321796036767055], 0, -1.0, [-0.29388679941640783, 0.0148194441005]
[-0.29388679941640783, 0.0148194441005], 0, -1.0, [-0.28165703164844175, 0.012229767767966106]
[-0.28165703164844175, 0.012229767767966106], 0, -1.0, [-0.2720866461363644, 0.00957038551207734]
[-0.2720866461363644, 0.00957038551207734], 0, -1.0, [-0.2652286380239804, 0.006858008112384006]
[-0.2652286380239804, 0.006858008112384006], 0, -1.0, [-0.261120117292229, 0.004108520731751403]
[-0.261120117292229, 0.004108520731751403], 0, -1.0, [-0.25978296221633324, 0.0013371550758957546]
[-0.25978296221633324, 0.0013371550758957546], 0, -1.0, [-0.2612242353951971, -0.001441273178863881]
[-0.2612242353951971, -0.001441273178863881], 0, -1.0, [-0.2654363231002522, -0.004212087705055092]
[-0.2654363231002522, -0.004212087705055092], 0, -1.0, [-0.2723967851573823, -0.0069604620571300894]
[-0.2723967851573823, -0.0069604620571300894], 0, -1.0, [-0.28206792914377277, -0.009671143986390487]
[-0.28206792914377277, -0.009671143986390487], 0, -1.0, [-0.294396149139095, -0.012328219995322232]
[-0.294396149139095, -0.012328219995322232], 0, -1.0, [-0.3093110952576056, -0.014914946118510554]
[-0.3093110952576056, -0.014914946118510554], 0, -1.0, [-0.3267247649353125, -0.017413669677706887]
[-0.3267247649353125, -0.017413669677706887], 0, -1.0, [-0.3465306290803397, -0.019805864145027198]
[-0.3465306290803397, -0.019805864145027198], 0, -1.0, [-0.36860292365845326, -0.02207229457811352]
[-0.36860292365845326, -0.02207229457811352], 0, -1.0, [-0.3927962474329019, -0.024193323774448647]
[-0.3927962474329019, -0.024193323774448647], 0, -1.0, [-0.41894560647687873, -0.026149359043976833]
[-0.41894560647687873, -0.026149359043976833], 0, -1.0, [-0.4468670330385262, -0.02792142656164748]
[-0.4468670330385262, -0.02792142656164748], 0, -1.0, [-0.4763588786147241, -0.029491845576197877]
[-0.4763588786147241, -0.029491845576197877], 0, -1.0, [-0.5072038386233092, -0.030844960008585144]
[-0.5072038386233092, -0.030844960008585144], 0, -1.0, [-0.5391717110880281, -0.031967872464718855]
[-0.5391717110880281, -0.031967872464718855], 0, -1.0, [-0.5720228290197112, -0.03285111793168312]
[-0.5720228290197112, -0.03285111793168312], 0, -1.0, [-0.6055120426300328, -0.03348921361032151]
[-0.6055120426300328, -0.03348921361032151], 0, -1.0, [-0.6393930713228483, -0.03388102869281553]
[-0.6393930713228483, -0.03388102869281553], 0, -1.0, [-0.6734230045366999, -0.03402993321385162]
[-0.6734230045366999, -0.03402993321385162], 0, -1.0, [-0.7073667111104743, -0.03394370657377445]
[-0.7073667111104743, -0.03394370657377445], 0, -1.0, [-0.7410009219057507, -0.03363421079527644]
[-0.7410009219057507, -0.03363421079527644], 0, -1.0, [-0.7741177790973934, -0.0331168571916427]
[-0.7741177790973934, -0.0331168571916427], 0, -1.0, [-0.8065276933376097, -0.03240991424021622]
[-0.8065276933376097, -0.03240991424021622], 0, -1.0, [-0.8380614097528795, -0.031533716415269794]
[-0.8380614097528795, -0.031533716415269794], 0, -1.0, [-0.8685712471522455, -0.030509837399366073]
[-0.8685712471522455, -0.030509837399366073], 0, -1.0, [-0.8979315340726516, -0.02936028692040603]
[-0.8979315340726516, -0.02936028692040603], 0, -1.0, [-0.9260383142670655, -0.02810678019441397]
[-0.9260383142670655, -0.02810678019441397], 0, -1.0, [-0.9528084293148235, -0.02677011504775792]
[-0.9528084293148235, -0.02677011504775792], 2, -1.0, [-0.976178106113485, -0.023369676798661514]
[-0.976178106113485, -0.023369676798661514], 2, -1.0, [-0.9961043109084027, -0.019926204794917676]
[-0.9961043109084027, -0.019926204794917676], 2, -1.0, [-1.0125598265894047, -0.016455515681001946]
[-1.0125598265894047, -0.016455515681001946], 2, -1.0, [-1.0255288275640115, -0.012969000974606952]
[-1.0255288275640115, -0.012969000974606952], 2, -1.0, [-1.0350031089315526, -0.009474281367541117]
[-1.0350031089315526, -0.009474281367541117], 2, -1.0, [-1.0409790630372728, -0.005975954105720209]
[-1.0409790630372728, -0.005975954105720209], 2, -1.0, [-1.04345545216332, -0.002476389126047056]
[-1.04345545216332, -0.002476389126047056], 2, -1.0, [-1.0424319988248956, 0.001023453338424251]
[-1.0424319988248956, 0.001023453338424251], 2, -1.0, [-1.0379088009751254, 0.004523197849770166]
[-1.0379088009751254, 0.004523197849770166], 2, -1.0, [-1.0298865737224525, 0.00802222725267297]
[-1.0298865737224525, 0.00802222725267297], 2, -1.0, [-1.0183677169989802, 0.01151885672347236]
[-1.0183677169989802, 0.01151885672347236], 2, -1.0, [-1.0033582049906915, 0.01500951200828879]
[-1.0033582049906915, 0.01500951200828879], 2, -1.0, [-0.9848702830782581, 0.01848792191243343]
[-0.9848702830782581, 0.01848792191243343], 2, -1.0, [-0.9629259367294163, 0.02194434634884182]
[-0.9629259367294163, 0.02194434634884182], 2, -1.0, [-0.9375610599287802, 0.025364876800636038]
[-0.9375610599287802, 0.025364876800636038], 2, -1.0, [-0.908830195232318, 0.028730864696462244]
[-0.908830195232318, 0.028730864696462244], 2, -1.0, [-0.8768116426284025, 0.03201855260391555]
[-0.8768116426284025, 0.03201855260391555], 2, -1.0, [-0.8416126431556303, 0.03519899947277219]
[-0.8416126431556303, 0.03519899947277219], 2, -1.0, [-0.8033742442155136, 0.03823839894011675]
[-0.8033742442155136, 0.03823839894011675], 2, -1.0, [-0.7622753618953518, 0.04109888232016179]
[-0.7622753618953518, 0.04109888232016179], 2, -1.0, [-0.7185354929928673, 0.04373986890248449]
[-0.7185354929928673, 0.04373986890248449], 2, -1.0, [-0.6724155213554803, 0.04611997163738703]
[-0.6724155213554803, 0.04611997163738703], 2, -1.0, [-0.6242161336510837, 0.04819938770439662]
[-0.6242161336510837, 0.04819938770439662], 2, -1.0, [-0.574273523314611, 0.04994261033647271]
[-0.574273523314611, 0.04994261033647271], 2, -1.0, [-0.522952314633085, 0.051321208681525995]
[-0.522952314633085, 0.051321208681525995], 2, -1.0, [-0.4706359544057588, 0.052316360227326233]
[-0.4706359544057588, 0.052316360227326233], 2, -1.0, [-0.4177151461017768, 0.05292080830398197]
[-0.4177151461017768, 0.05292080830398197], 2, -1.0, [-0.3645751773849958, 0.053139968716780984]
[-0.3645751773849958, 0.053139968716780984], 2, -1.0, [-0.31158315618793286, 0.052992021197062915]
[-0.31158315618793286, 0.052992021197062915], 2, -1.0, [-0.25907618495361684, 0.052506971234316024]
[-0.25907618495361684, 0.052506971234316024], 2, -1.0, [-0.20735136348334055, 0.051724821470276294]
[-0.20735136348334055, 0.051724821470276294], 2, -1.0, [-0.15665825011740026, 0.050693113365940276]
[-0.15665825011740026, 0.050693113365940276], 2, -1.0, [-0.10719408605928578, 0.049464164058114476]
[-0.10719408605928578, 0.049464164058114476], 2, -1.0, [-0.059101763262552516, 0.04809232279673326]
[-0.059101763262552516, 0.04809232279673326], 2, -1.0, [-0.01247024684820399, 0.046631516414348526]
[-0.01247024684820399, 0.046631516414348526], 2, -1.0, [0.0326630188164998, 0.04513326566470379]
[0.0326630188164998, 0.04513326566470379], 2, -1.0, [0.07630827719954594, 0.04364525838304615]
[0.07630827719954594, 0.04364525838304615], 2, -1.0, [0.118518758216555, 0.042210481017009055]
[0.118518758216555, 0.042210481017009055], 2, -1.0, [0.15938560676344576, 0.040866848546890766]
[0.15938560676344576, 0.040866848546890766], 2, -1.0, [0.1990328439163228, 0.03964723715287706]
[0.1990328439163228, 0.03964723715287706], 2, -1.0, [0.23761265499227033, 0.03857981107594751]
[0.23761265499227033, 0.03857981107594751], 2, -1.0, [0.27530119371041173, 0.03768853871814139]
[0.27530119371041173, 0.03768853871814139], 2, -1.0, [0.3122950000155751, 0.03699380630516333]
[0.3122950000155751, 0.03699380630516333], 2, -1.0, [0.34880805456326985, 0.03651305454769476]
[0.34880805456326985, 0.03651305454769476], 2, -1.0, [0.38506943505189206, 0.03626138048862219]
[0.38506943505189206, 0.03626138048862219], 1, -1.0, [0.420321495618394, 0.03525206056650195]
[0.420321495618394, 0.03525206056650195], 2, -1.0, [0.45581130996574476, 0.035489814347350754]
[0.45581130996574476, 0.035489814347350754], 1, -1.0, [0.4907962153771997, 0.034984905411454936]
[0.4907962153771997, 0.034984905411454936], 1, -1.0, [0.525535498472702, 0.034739283095502324]
