[-0.4869615975219913, 0.0], 0, -1.0, [-0.48823582344527905, -0.0012742259232877346]
[-0.48823582344527905, -0.0012742259232877346], 0, -1.0, [-0.4907747742839048, -0.002538950838625785]
[-0.4907747742839048, -0.002538950838625785], 0, -1.0, [-0.4945595074681638, -0.003784733184258972]
[-0.4945595074681638, -0.003784733184258972], 0, -1.0, [-0.4995617597755858, -0.005002252307422024]
[-0.4995617597755858, -0.005002252307422024], 0, -1.0, [-0.5057441335015977, -0.006182373726011946]
[-0.5057441335015977, -0.006182373726011946], 0, -1.0, [-0.5130603530192076, -0.0073162195176098635]
[-0.5130603530192076, -0.0073162195176098635], 0, -1.0, [-0.5214555975400456, -0.008395244520837992]
[-0.5214555975400456, -0.008395244520837992], 0, -1.0, [-0.5308669157855749, -0.009411318245529316]
[-0.5308669157855749, -0.009411318245529316], 0, -1.0, [-0.5412237272989868, -0.01035681151341197]
[-0.5412237272989868, -0.01035681151341197], 0, -1.0, [-0.5524484132597393, -0.011224685960752403]
[-0.5524484132597393, -0.011224685960752403], 0, -1.0, [-0.5644569969673685, -0.012008583707629248]
[-0.5644569969673685, -0.012008583707629248], 0, -1.0, [-0.5771599107838845, -0.012702913816516039]
[-0.5771599107838845, -0.012702913816516039], 0, -1.0, [-0.5904628424854788, -0.013302931701594209]
[-0.5904628424854788, -0.013302931701594209], 0, -1.0, [-0.6042676499570728, -0.013804807471594058]
[-0.6042676499570728, -0.013804807471594058], 0, -1.0, [-0.6184733292892783, -0.01420567933220555]
[-0.6184733292892783, -0.01420567933220555], 0, -1.0, [-0.6329770179380919, -0.01450368864881352]
[-0.6329770179380919, -0.01450368864881352], 0, -1.0, [-0.6476750119906951, -0.01469799405260322]
[-0.6476750119906951, -0.01469799405260322], 0, -1.0, [-0.6624637749966524, -0.014788763005957302]
[-0.6624637749966524, -0.014788763005957302], 0, -1.0, [-0.6772409154381476, -0.014777140441495189]
[-0.6772409154381476, -0.014777140441495189], 0, -1.0, [-0.69190611078749, -0.01466519534934241]
[-0.69190611078749, -0.01466519534934241], 0, -1.0, [-0.7063619581865421, -0.014455847399052184]
[-0.7063619581865421, -0.014455847399052184], 0, -1.0, [-0.7205147349291734, -0.014152776742631247]
[-0.7205147349291734, -0.014152776742631247], 0, -1.0, [-0.7342750558980307, -0.013760320968857256]
[-0.7342750558980307, -0.013760320968857256], 2, -1.0, [-0.7455584196079952, -0.011283363709964503]
[-0.7455584196079952, -0.011283363709964503], 2, -1.0, [-0.7542974069663096, -0.008738987358314503]
[-0.7542974069663096, -0.008738987358314503], 2, -1.0, [-0.760441013742291, -0.006143606775981414]
[-0.760441013742291, -0.006143606775981414], 2, -1.0, [-0.7639540377164491, -0.003513023974158128]
[-0.7639540377164491, -0.003513023974158128], 2, -1.0, [-0.7648165977865836, -0.0008625600701345649]
[-0.7648165977865836, -0.0008625600701345649], 2, -1.0, [-0.7630238404509997, 0.001792757335583873]
[-0.7630238404509997, 0.001792757335583873], 2, -1.0, [-0.75858586568246, 0.004437974768539669]
[-0.75858586568246, 0.004437974768539669], 2, -1.0, [-0.7515278800838541, 0.007057985598605885]
[-0.7515278800838541, 0.007057985598605885], 2, -1.0, [-0.7418905609377929, 0.009637319146061165]
[-0.7418905609377929, 0.009637319146061165], 2, -1.0, [-0.7297305908168658, 0.012159970120927144]
[-0.7297305908168658, 0.012159970120927144], 2, -1.0, [-0.71512129944364, 0.014609291373225784]
[-0.71512129944364, 0.014609291373225784], 2, -1.0, [-0.6981533284473902, 0.016967970996249814]
[-0.6981533284473902, 0.016967970996249814], 2, -1.0, [-0.6789352169780664, 0.019218111469323805]
[-0.6789352169780664, 0.019218111469323805], 2, -1.0, [-0.6575937936873355, 0.021341423290730865]
[-0.6575937936873355, 0.021341423290730865], 2, -1.0, [-0.634274255571793, 0.023319538115542538]
[-0.634274255571793, 0.023319538115542538], 2, -1.0, [-0.609139818806951, 0.025134436764841898]
[-0.609139818806951, 0.025134436764841898], 2, -1.0, [-0.5823708427455305, 0.026768976061420483]
[-0.5823708427455305, 0.026768976061420483], 2, -1.0, [-0.5541633564718643, 0.028207486273666246]
[-0.5541633564718643, 0.028207486273666246], 2, -1.0, [-0.5247269569305395, 0.029436399541324796]
[-0.5247269569305395, 0.029436399541324796], 2, -1.0, [-0.4942820960453772, 0.030444860885162267]
[-0.4942820960453772, 0.030444860885162267], 2, -1.0, [-0.46305682690315864, 0.031225269142218546]
[-0.46305682690315864, 0.031225269142218546], 2, -1.0, [-0.43128313004723146, 0.03177369685592716]
[-0.43128313004723146, 0.03177369685592716], 2, -1.0, [-0.3991929836963241, 0.03209014635090734]
[-0.3991929836963241, 0.03209014635090734], 2, -1.0, [-0.3670143703516941, 0.032178613344630035]
[-0.3670143703516941, 0.032178613344630035], 0, -1.0, [-0.33696742262348894, 0.030046947728205167]
[-0.33696742262348894, 0.030046947728205167], 0, -1.0, [-0.3092482159848398, 0.027719206638649116]
[-0.3092482159848398, 0.027719206638649116], 0, -1.0, [-0.28402811033482467, 0.02522010565001513]
[-0.28402811033482467, 0.02522010565001513], 0, -1.0, [-0.2614540441756862, 0.02257406615913846]
[-0.2614540441756862, 0.02257406615913846], 0, -1.0, [-0.24164957548159632, 0.01980446869408985]
[-0.24164957548159632, 0.01980446869408985], 0, -1.0, [-0.22471644034324145, 0.01693313513835488]
[-0.22471644034324145, 0.01693313513835488], 0, -1.0, [-0.2107364008438694, 0.013980039499372031]
[-0.2107364008438694, 0.013980039499372031], 0, -1.0, [-0.1997731713381503, 0.0109632295057191]
[-0.1997731713381503, 0.0109632295057191], 0, -1.0, [-0.19187424097013017, 0.007898930368020144]
[-0.19187424097013017, 0.007898930368020144], 0, -1.0, [-0.18707244430547584, 0.004801796664654341]
[-0.18707244430547584, 0.004801796664654341], 0, -1.0, [-0.18538716727321222, 0.0016852770322636243]
[-0.18538716727321222, 0.0016852770322636243], 0, -1.0, [-0.1868251097947258, -0.0014379425215135912]
[-0.1868251097947258, -0.0014379425215135912], 0, -1.0, [-0.19138055863349193, -0.004555448838766121]
[-0.19138055863349193, -0.004555448838766121], 0, -1.0, [-0.19903515442162148, -0.00765459578812956]
[-0.19903515442162148, -0.00765459578812956], 0, -1.0, [-0.20975716654359836, -0.010722012121976869]
[-0.20975716654359836, -0.010722012121976869], 0, -1.0, [-0.22350031988065674, -0.013743153337058391]
[-0.22350031988065674, -0.013743153337058391], 0, -1.0, [-0.24020224941427004, -0.016701929533613304]
[-0.24020224941427004, -0.016701929533613304], 0, -1.0, [-0.2597826927236039, -0.01958044330933386]
[-0.2597826927236039, -0.01958044330933386], 0, -1.0, [-0.28214156570822607, -0.02235887298462221]
[-0.28214156570822607, -0.02235887298462221], 0, -1.0, [-0.3071571011352143, -0.025015535426988235]
[-0.3071571011352143, -0.025015535426988235], 0, -1.0, [-0.33468425888713543, -0.02752715775192113]
[-0.33468425888713543, -0.02752715775192113], 0, -1.0, [-0.3645536355990793, -0.029869376711943823]
[-0.3645536355990793, -0.029869376711943823], 0, -1.0, [-0.3965711033521774, -0.03201746775309812]
[-0.3965711033521774, -0.03201746775309812], 0, -1.0, [-0.43051838613285065, -0.03394728278067326]
[-0.43051838613285065, -0.03394728278067326], 0, -1.0, [-0.46615473463809476, -0.035636348505244136]
[-0.46615473463809476, -0.035636348505244136], 0, -1.0, [-0.5032197841225767, -0.037065049484482]
[-0.5032197841225767, -0.037065049484482], 0, -1.0, [-0.5414375808469686, -0.038217796724391885]
[-0.5414375808469686, -0.038217796724391885], 0, -1.0, [-0.5805216503859243, -0.03908406953895567]
[-0.5805216503859243, -0.03908406953895567], 1, -1.0, [-0.6191808703161777, -0.038659219930253494]
[-0.6191808703161777, -0.038659219930253494], 0, -1.0, [-0.6581330080872199, -0.03895213777104213]
[-0.6581330080872199, -0.03895213777104213], 0, -1.0, [-0.6971033105781893, -0.038970302490969465]
[-0.6971033105781893, -0.038970302490969465], 0, -1.0, [-0.7358302985978948, -0.03872698801970559]
[-0.7358302985978948, -0.03872698801970559], 0, -1.0, [-0.7740709343386801, -0.038240635740785296]
[-0.7740709343386801, -0.038240635740785296], 0, -1.0, [-0.8116048838401173, -0.03753394950143721]
[-0.8116048838401173, -0.03753394950143721], 0, -1.0, [-0.8482376879839508, -0.03663280414383355]
[-0.8482376879839508, -0.03663280414383355], 0, -1.0, [-0.8838027583524138, -0.035565070368463]
[-0.8838027583524138, -0.035565070368463], 0, -1.0, [-0.9181622135451211, -0.034359455192707195]
[-0.9181622135451211, -0.034359455192707195], 0, -1.0, [-0.9512066551239751, -0.03304444157885395]
[-0.9512066551239751, -0.03304444157885395], 0, -1.0, [-0.9828540426522202, -0.031647387528245176]
[-0.9828540426522202, -0.031647387528245176], 0, -1.0, [-1.0130478617182928, -0.030193819066072578]
[-1.0130478617182928, -0.030193819066072578], 0, -1.0, [-1.0417547890776935, -0.028706927359400773]
[-1.0417547890776935, -0.028706927359400773], 0, -1.0, [-1.0689620496958592, -0.0272072606181656]
[-1.0689620496958592, -0.0272072606181656], 0, -1.0, [-1.0946746374717347, -0.02571258777587544]
[-1.0946746374717347, -0.02571258777587544], 0, -1.0, [-1.1189125407362943, -0.024237903264559716]
[-1.1189125407362943, -0.024237903264559716], 0, -1.0, [-1.1417080803627069, -0.022795539626412505]
[-1.1417080803627069, -0.022795539626412505], 0, -1.0, [-1.1631034363066257, -0.02139535594391879]
[-1.1631034363066257, -0.02139535594391879], 2, -1.0, [-1.1811484100592688, -0.018044973752643086]
[-1.1811484100592688, -0.018044973752643086], 2, -1.0, [-1.1958925388455295, -0.014744128786260583]
[-1.1958925388455295, -0.014744128786260583], 2, -1.0, [-1.2, 0.0]
[-1.2, 0.0], 2, -1.0, [-1.1967581039591646, 0.003241896040835368]
[-1.1967581039591646, 0.003241896040835368], 2, -1.0, [-1.1902636585360942, 0.006494445423070332]
[-1.1902636585360942, 0.006494445423070332], 2, -1.0, [-1.1804959639787937, 0.009767694557300442]
[-1.1804959639787937, 0.009767694557300442], 2, -1.0, [-1.1674255149588486, 0.013070449019945182]
[-1.1674255149588486, 0.013070449019945182], 2, -1.0, [-1.1510159267200155, 0.016409588238833067]
[-1.1510159267200155, 0.016409588238833067], 2, -1.0, [-1.1312266168239755, 0.019789309896040046]
[-1.1312266168239755, 0.019789309896040046], 2, -1.0, [-1.108016322100852, 0.02321029472312345]
[-1.108016322100852, 0.02321029472312345], 2, -1.0, [-1.081347524946184, 0.02666879715466819]
[-1.081347524946184, 0.02666879715466819], 2, -1.0, [-1.0511918363028878, 0.03015568864329602]
[-1.0511918363028878, 0.03015568864329602], 2, -1.0, [-1.0175363271434712, 0.0336555091594167]
[-1.0175363271434712, 0.0336555091594167], 2, -1.0, [-0.9803907090723114, 0.03714561807115983]
[-0.9803907090723114, 0.03714561807115983], 2, -1.0, [-0.9397951336374217, 0.04059557543488971]
[-0.9397951336374217, 0.04059557543488971], 2, -1.0, [-0.8958282112564235, 0.043966922380998245]
[-0.8958282112564235, 0.043966922380998245], 2, -1.0, [-0.8486146572192776, 0.04721355403714586]
[-0.8486146572192776, 0.04721355403714586], 2, -1.0, [-0.7983317816221248, 0.05028287559715283]
[-0.7983317816221248, 0.05028287559715283], 2, -1.0, [-0.7452138959379592, 0.0531178856841656]
[-0.7452138959379592, 0.0531178856841656], 2, -1.0, [-0.6895536666604415, 0.0556602292775177]
[-0.6895536666604415, 0.0556602292775177], 2, -1.0, [-0.6316995610792892, 0.057854105581152386]
[-0.6316995610792892, 0.057854105581152386], 2, -1.0, [-0.5720488365336812, 0.05965072454560789]
[-0.5720488365336812, 0.05965072454560789], 2, -1.0, [-0.5110360146660762, 0.061012821867605024]
[-0.5110360146660762, 0.061012821867605024], 2, -1.0, [-0.44911739120176025, 0.061918623464315904]
[-0.44911739120176025, 0.061918623464315904], 2, -1.0, [-0.38675274139346727, 0.06236464980829299]
[-0.38675274139346727, 0.06236464980829299], 2, -1.0, [-0.3243858485235833, 0.06236689286988392]
[-0.3243858485235833, 0.06236689286988392], 2, -1.0, [-0.2624256859117381, 0.061960162611845254]
[-0.2624256859117381, 0.061960162611845254], 2, -1.0, [-0.20122996568717166, 0.061195720224566416]
[-0.20122996568717166, 0.061195720224566416], 2, -1.0, [-0.14109236178367496, 0.06013760390349669]
[-0.14109236178367496, 0.06013760390349669], 2, -1.0, [-0.08223412731502394, 0.05885823446865101]
[-0.08223412731502394, 0.05885823446865101], 1, -1.0, [-0.025800200336085106, 0.056433926978938835]
[-0.025800200336085106, 0.056433926978938835], 2, -1.0, [0.02914121147132076, 0.05494141180740587]
[0.02914121147132076, 0.05494141180740587], 2, -1.0, [0.08259217081032387, 0.05345095933900311]
[0.08259217081032387, 0.05345095933900311], 2, -1.0, [0.13461947983486525, 0.05202730902454137]
[0.13461947983486525, 0.05202730902454137], 1, -1.0, [0.1843479098732803, 0.04972843003841505]
[0.1843479098732803, 0.04972843003841505], 1, -1.0, [0.23194901576944238, 0.04760110589616206]
[0.23194901576944238, 0.04760110589616206], 1, -1.0, [0.27763134419170693, 0.04568232842226454]
[0.27763134419170693, 0.04568232842226454], 1, -1.0, [0.3216318292653649, 0.04400048507365797]
[0.3216318292653649, 0.04400048507365797], 1, -1.0, [0.3642085573706565, 0.04257672810529164]
[0.3642085573706565, 0.04257672810529164], 1, -1.0, [0.40563489601653446, 0.04142633864587797]
[0.40563489601653446, 0.04142633864587797], 1, -1.0, [0.4461948574101411, 0.04055996139360665]
[0.4461948574101411, 0.04055996139360665], 1, -1.0, [0.4861794926156072, 0.039984635205466156]
[0.4861794926156072, 0.039984635205466156], 1, -1.0, [0.5258840722664676, 0.03970457965086037]
