[-0.4053239400949549, 0.0], 0, -1.0, [-0.40719250461752843, -0.0018685645225735292]
[-0.40719250461752843, -0.0018685645225735292], 0, -1.0, [-0.41091647883284504, -0.0037239742153165932]
[-0.41091647883284504, -0.0037239742153165932], 0, -1.0, [-0.41646956593306184, -0.0055530871002168105]
[-0.41646956593306184, -0.0055530871002168105], 0, -1.0, [-0.42381236164310904, -0.007342795710047183]
[-0.42381236164310904, -0.007342795710047183], 0, -1.0, [-0.43289242736918293, -0.009080065726073915]
[-0.43289242736918293, -0.009080065726073915], 0, -1.0, [-0.44364442587000585, -0.010751998500822901]
[-0.44364442587000585, -0.010751998500822901], 0, -1.0, [-0.4559903483675063, -0.012345922497500446]
[-0.4559903483675063, -0.012345922497500446], 0, -1.0, [-0.46983986461090854, -0.013849516243402225]
[-0.46983986461090854, -0.013849516243402225], 0, -1.0, [-0.48509082710940477, -0.015250962498496203]
[-0.48509082710940477, -0.015250962498496203], 0, -1.0, [-0.5016299572528514, -0.0165391301434467]
[-0.5016299572528514, -0.0165391301434467], 0, -1.0, [-0.5193337342784229, -0.017703777025571507]
[-0.5193337342784229, -0.017703777025571507], 0, -1.0, [-0.5380694982410855, -0.018735763962662622]
[-0.5380694982410855, -0.018735763962662622], 0, -1.0, [-0.5576967658704153, -0.01962726762932971]
[-0.5576967658704153, -0.01962726762932971], 0, -1.0, [-0.5780687443435311, -0.020371978473115806]
[-0.5780687443435311, -0.020371978473115806], 0, -1.0, [-0.5990340137508269, -0.02096526940729578]
[-0.5990340137508269, -0.02096526940729578], 0, -1.0, [-0.6204383357222653, -0.021404321971438416]
[-0.6204383357222653, -0.021404321971438416], 0, -1.0, [-0.6421265346714349, -0.021688198949169655]
[-0.6421265346714349, -0.021688198949169655], 0, -1.0, [-0.6639443905858188, -0.021817855914383906]
[-0.6639443905858188, -0.021817855914383906], 0, -1.0, [-0.6857404790867597, -0.021796088500940985]
[-0.6857404790867597, -0.021796088500940985], 0, -1.0, [-0.707367895974876, -0.02162741688811631]
[-0.707367895974876, -0.02162741688811631], 0, -1.0, [-0.7286858095146204, -0.021317913539744313]
[-0.7286858095146204, -0.021317913539744313], 0, -1.0, [-0.7495607936453855, -0.020874984130765196]
[-0.7495607936453855, -0.020874984130765196], 0, -1.0, [-0.7698679080920262, -0.020307114446640736]
[-0.7698679080920262, -0.020307114446640736], 0, -1.0, [-0.7894915057065328, -0.019623597614506598]
[-0.7894915057065328, -0.019623597614506598], 2, -1.0, [-0.8063257619750057, -0.016834256268472864]
[-0.8063257619750057, -0.016834256268472864], 2, -1.0, [-0.8202848216771601, -0.013959059702154334]
[-0.8202848216771601, -0.013959059702154334], 2, -1.0, [-0.8313011105315173, -0.011016288854357233]
[-0.8313011105315173, -0.011016288854357233], 2, -1.0, [-0.8393236992284152, -0.00802258869689787]
[-0.8393236992284152, -0.00802258869689787], 2, -1.0, [-0.8443168657436324, -0.004993166515217194]
[-0.8443168657436324, -0.004993166515217194], 2, -1.0, [-0.8462589692998216, -0.0019421035561891964]
[-0.8462589692998216, -0.0019421035561891964], 2, -1.0, [-0.8451417167170198, 0.001117252582801864]
[-0.8451417167170198, 0.001117252582801864], 2, -1.0, [-0.8409698703703633, 0.004171846346656434]
[-0.8409698703703633, 0.004171846346656434], 2, -1.0, [-0.8337614166505064, 0.0072084537198568565]
[-0.8337614166505064, 0.0072084537198568565], 2, -1.0, [-0.8235481840744107, 0.010213232576095726]
[-0.8235481840744107, 0.010213232576095726], 2, -1.0, [-0.8103768701082674, 0.01317131396614322]
[-0.8103768701082674, 0.01317131396614322], 2, -1.0, [-0.7943104045930033, 0.01606646551526416]
[-0.7943104045930033, 0.01606646551526416], 2, -1.0, [-0.7754295452679254, 0.018880859325077867]
[-0.7754295452679254, 0.018880859325077867], 2, -1.0, [-0.7538345681422512, 0.02159497712567416]
[-0.7538345681422512, 0.02159497712567416], 2, -1.0, [-0.7296468845538273, 0.02418768358842395]
[-0.7296468845538273, 0.02418768358842395], 2, -1.0, [-0.7030103912938669, 0.0266364932599604]
[-0.7030103912938669, 0.0266364932599604], 2, -1.0, [-0.6740923450226604, 0.028918046271206508]
[-0.6740923450226604, 0.028918046271206508], 2, -1.0, [-0.6430835528607846, 0.03100879216187582]
[-0.6430835528607846, 0.03100879216187582], 2, -1.0, [-0.6101976926312259, 0.03288586022955866]
[-0.6101976926312259, 0.03288586022955866], 2, -1.0, [-0.5756696220794615, 0.034528070551764385]
[-0.5756696220794615, 0.034528070551764385], 2, -1.0, [-0.5397526065565459, 0.03591701552291554]
[-0.5397526065565459, 0.03591701552291554], 2, -1.0, [-0.5027144847177942, 0.037038121838751666]
[-0.5027144847177942, 0.037038121838751666], 2, -1.0, [-0.4648328926072207, 0.03788159211057351]
[-0.4648328926072207, 0.03788159211057351], 2, -1.0, [-0.4263897650467157, 0.03844312756050501]
[-0.4263897650467157, 0.03844312756050501], 2, -1.0, [-0.387665414833822, 0.03872435021289369]
[-0.387665414833822, 0.03872435021289369], 2, -1.0, [-0.34893254155770986, 0.03873287327611213]
[-0.34893254155770986, 0.03873287327611213], 2, -1.0, [-0.3104505340479338, 0.038482007509776046]
[-0.3104505340479338, 0.038482007509776046], 2, -1.0, [-0.27246040145144934, 0.0379901325964845]
[-0.27246040145144934, 0.0379901325964845], 2, -1.0, [-0.2351806028230853, 0.03727979862836403]
[-0.2351806028230853, 0.03727979862836403], 2, -1.0, [-0.19880395501915643, 0.03637664780392889]
[-0.19880395501915643, 0.03637664780392889], 2, -1.0, [-0.16349569799267127, 0.03530825702648515]
[-0.16349569799267127, 0.03530825702648515], 2, -1.0, [-0.12939269975346557, 0.034102998239205706]
[-0.12939269975346557, 0.034102998239205706], 2, -1.0, [-0.09660370198924387, 0.03278899776422169]
[-0.09660370198924387, 0.03278899776422169], 2, -1.0, [-0.06521044890773639, 0.031393253081507484]
[-0.06521044890773639, 0.031393253081507484], 2, -1.0, [-0.035269508676650504, 0.029940940231085886]
[-0.035269508676650504, 0.029940940231085886], 2, -1.0, [-0.006814587191506117, 0.028454921485144388]
[-0.006814587191506117, 0.028454921485144388], 2, -1.0, [0.020140856709676833, 0.02695544390118295]
[0.020140856709676833, 0.02695544390118295], 2, -1.0, [0.04560086283132001, 0.02546000612164318]
[0.04560086283132001, 0.02546000612164318], 2, -1.0, [0.06958422617668825, 0.02398336334536823]
[0.06958422617668825, 0.02398336334536823], 2, -1.0, [0.09212186409618156, 0.02253763791949331]
[0.09212186409618156, 0.02253763791949331], 2, -1.0, [0.11325436832078753, 0.021132504224605966]
[0.11325436832078753, 0.021132504224605966], 2, -1.0, [0.13302978844411473, 0.019775420123327205]
[0.13302978844411473, 0.019775420123327205], 2, -1.0, [0.15150167049269397, 0.018471882048579254]
[0.15150167049269397, 0.018471882048579254], 2, -1.0, [0.1687273564239539, 0.01722568593125993]
[0.1687273564239539, 0.01722568593125993], 2, -1.0, [0.1847665374321752, 0.016039181008221284]
[0.1847665374321752, 0.016039181008221284], 2, -1.0, [0.1996800451994184, 0.014913507767243213]
[0.1996800451994184, 0.014913507767243213], 2, -1.0, [0.21352885992958864, 0.013848814730170246]
[0.21352885992958864, 0.013848814730170246], 2, -1.0, [0.22637331136691477, 0.012844451437326123]
[0.22637331136691477, 0.012844451437326123], 2, -1.0, [0.23827244831209993, 0.011899136945185145]
[0.23827244831209993, 0.011899136945185145], 2, -1.0, [0.24928355280614542, 0.011011104494045501]
[0.24928355280614542, 0.011011104494045501], 2, -1.0, [0.2594617766696992, 0.010178223863553774]
[0.2594617766696992, 0.010178223863553774], 2, -1.0, [0.2688598800958528, 0.0093981034261536]
[0.2688598800958528, 0.0093981034261536], 2, -1.0, [0.2775280542279469, 0.008668174132094064]
[0.2775280542279469, 0.008668174132094064], 2, -1.0, [0.28551381192477315, 0.007985757696826272]
[0.28551381192477315, 0.007985757696826272], 2, -1.0, [0.29286193310160036, 0.007348121176827223]
[0.29286193310160036, 0.007348121176827223], 2, -1.0, [0.29961445306304213, 0.006752519961441793]
[0.29961445306304213, 0.006752519961441793], 2, -1.0, [0.3058106840741336, 0.006196231011091459]
[0.3058106840741336, 0.006196231011091459], 2, -1.0, [0.31148726203443927, 0.005676577960305679]
[0.31148726203443927, 0.005676577960305679], 2, -1.0, [0.3166782115278667, 0.005190949493427383]
[0.3166782115278667, 0.005190949493427383], 2, -1.0, [0.3214150237292748, 0.004736812201408117]
[0.3214150237292748, 0.004736812201408117], 2, -1.0, [0.32572674267466967, 0.004311718945394911]
[0.32572674267466967, 0.004311718945394911], 2, -1.0, [0.3296400562640623, 0.00391331358939263]
[0.3296400562640623, 0.00391331358939263], 2, -1.0, [0.33317938908482364, 0.0035393328207613795]
[0.33317938908482364, 0.0035393328207613795], 2, -1.0, [0.3363669947378622, 0.003187605653038573]
[0.3363669947378622, 0.003187605653038573], 2, -1.0, [0.3392230458370612, 0.002856051099198986]
[0.3392230458370612, 0.002856051099198986], 2, -1.0, [0.3417657202503202, 0.002542674413259013]
[0.3417657202503202, 0.002542674413259013], 2, -1.0, [0.3440112824725609, 0.0022455622222407124]
[0.3440112824725609, 0.0022455622222407124], 2, -1.0, [0.34597415927966685, 0.001962876807105964]
[0.34597415927966685, 0.001962876807105964], 2, -1.0, [0.3476670090182979, 0.0016928497386310315]
[0.3476670090182979, 0.0016928497386310315], 2, -1.0, [0.34910078404905415, 0.0014337750307562584]
[0.34910078404905415, 0.0014337750307562584], 2, -1.0, [0.3502847859873883, 0.001184001938334192]
[0.3502847859873883, 0.001184001938334192], 2, -1.0, [0.35122671348460466, 0.0009419274972163431]
[0.35122671348460466, 0.0009419274972163431], 2, -1.0, [0.35193270236585145, 0.0007059888812467889]
[0.35193270236585145, 0.0007059888812467889], 2, -1.0, [0.352407357997971, 0.0004746556321195848]
[0.352407357997971, 0.0004746556321195848], 2, -1.0, [0.35265377980148044, 0.0002464218035093972]
[0.35265377980148044, 0.0002464218035093972], 2, -1.0, [0.35267357785132364, 1.979804984321757e-05]
[0.35267357785132364, 1.979804984321757e-05], 2, -1.0, [0.3524668815334379, -0.0002066963178857439]
[0.3524668815334379, -0.0002066963178857439], 2, -1.0, [0.35203234024136965, -0.0004345412920682692]
[0.35203234024136965, -0.0004345412920682692], 2, -1.0, [0.3513671161117136, -0.0006652241296560132]
[0.3513671161117136, -0.0006652241296560132], 2, -1.0, [0.350466868811474, -0.0009002473002396195]
[0.350466868811474, -0.0009002473002396195], 2, -1.0, [0.34932573240699505, -0.0011411364044789439]
[0.34932573240699505, -0.0011411364044789439], 2, -1.0, [0.34793628436540774, -0.0013894480415873195]
[0.34793628436540774, -0.0013894480415873195], 2, -1.0, [0.3462895067683003, -0.0016467775971074905]
[0.3462895067683003, -0.0016467775971074905], 2, -1.0, [0.3443747398565593, -0.0019147669117409694]
[0.3443747398565593, -0.0019147669117409694], 2, -1.0, [0.3421796280784643, -0.002195111778094984]
[0.3421796280784643, -0.002195111778094984], 2, -1.0, [0.3396900588841072, -0.0024895691943571316]
[0.3396900588841072, -0.0024895691943571316], 2, -1.0, [0.3368900946026815, -0.002799964281425678]
[0.3368900946026815, -0.002799964281425678], 2, -1.0, [0.33376189786059085, -0.003128196742090641]
[0.33376189786059085, -0.003128196742090641], 2, -1.0, [0.33028565115410063, -0.0034762467064902167]
[0.33028565115410063, -0.0034762467064902167], 2, -1.0, [0.3264394713880057, -0.0038461797660949036]
[0.3264394713880057, -0.0038461797660949036], 2, -1.0, [0.3221993204404559, -0.0042401509475497885]
[0.3221993204404559, -0.0042401509475497885], 2, -1.0, [0.31753891312415206, -0.004660407316303842]
[0.31753891312415206, -0.004660407316303842], 2, -1.0, [0.3124296242977732, -0.0051092888263788196]
[0.3124296242977732, -0.0051092888263788196], 1, -1.0, [0.3058403973527104, -0.006589226945062811]
[0.3058403973527104, -0.006589226945062811], 1, -1.0, [0.2977316943151188, -0.008108703037591569]
[0.2977316943151188, -0.008108703037591569], 1, -1.0, [0.2880556762539791, -0.009676018061139687]
[0.2880556762539791, -0.009676018061139687], 1, -1.0, [0.2767564735402126, -0.011299202713766516]
[0.2767564735402126, -0.011299202713766516], 0, -1.0, [0.2627705785223163, -0.013985895017896311]
[0.2627705785223163, -0.013985895017896311], 1, -1.0, [0.24702207456395847, -0.015748503958357793]
[0.24702207456395847, -0.015748503958357793], 1, -1.0, [0.22942919761219663, -0.017592876951761854]
[0.22942919761219663, -0.017592876951761854], 2, -1.0, [0.21090548342413934, -0.01852371418805728]
[0.21090548342413934, -0.01852371418805728], 2, -1.0, [0.19136570886961887, -0.019539774554520467]
[0.19136570886961887, -0.019539774554520467], 2, -1.0, [0.17072672687942564, -0.020638981990193244]
[0.17072672687942564, -0.020638981990193244], 2, -1.0, [0.14890854958986033, -0.02181817728956531]
[0.14890854958986033, -0.02181817728956531], 2, -1.0, [0.12583570604347533, -0.02307284354638501]
[0.12583570604347533, -0.02307284354638501], 2, -1.0, [0.10143889647219301, -0.02439680957128232]
[0.10143889647219301, -0.02439680957128232], 0, -1.0, [0.07365695709247425, -0.027781939379718762]
[0.07365695709247425, -0.027781939379718762], 0, -1.0, [0.04243580492136823, -0.031221152171106013]
[0.04243580492136823, -0.031221152171106013], 0, -1.0, [0.007734884375626597, -0.034700920545741636]
[0.007734884375626597, -0.034700920545741636], 1, -1.0, [-0.02946536313040761, -0.037200247506034206]
[-0.02946536313040761, -0.037200247506034206], 0, -1.0, [-0.07015584965906746, -0.04069048652865985]
[-0.07015584965906746, -0.04069048652865985], 0, -1.0, [-0.11429116954426471, -0.044135319885197255]
[-0.11429116954426471, -0.044135319885197255], 0, -1.0, [-0.16178097067102323, -0.04748980112675852]
[-0.16178097067102323, -0.04748980112675852], 0, -1.0, [-0.21248205936940862, -0.05070108869838539]
[-0.21248205936940862, -0.05070108869838539], 0, -1.0, [-0.26619219374625136, -0.05371013437684274]
[-0.26619219374625136, -0.05371013437684274], 0, -1.0, [-0.32264664587638087, -0.05645445213012953]
[-0.32264664587638087, -0.05645445213012953], 0, -1.0, [-0.3815185921226403, -0.05887194624625944]
[-0.3815185921226403, -0.05887194624625944], 0, -1.0, [-0.4424241650030723, -0.060905572880432024]
[-0.4424241650030723, -0.060905572880432024], 0, -1.0, [-0.5049325478213847, -0.0625083828183124]
[-0.5049325478213847, -0.0625083828183124], 0, -1.0, [-0.5685808541913233, -0.06364830636993853]
[-0.5685808541913233, -0.06364830636993853], 0, -1.0, [-0.632892817971825, -0.06431196378050162]
[-0.632892817971825, -0.06431196378050162], 0, -1.0, [-0.6973996849879719, -0.06450686701614698]
[-0.6973996849879719, -0.06450686701614698], 1, -1.0, [-0.7606613095965904, -0.06326162460861855]
[-0.7606613095965904, -0.06326162460861855], 1, -1.0, [-0.822291099347174, -0.06162978975058365]
[-0.822291099347174, -0.06162978975058365], 1, -1.0, [-0.881968683361882, -0.05967758401470806]
[-0.881968683361882, -0.05967758401470806], 1, -1.0, [-0.9394471615164748, -0.05747847815459269]
[-0.9394471615164748, -0.05747847815459269], 1, -1.0, [-0.9945551204358954, -0.055107958919420615]
[-0.9945551204358954, -0.055107958919420615], 0, -1.0, [-1.0481941908988304, -0.053639070462934875]
[-1.0481941908988304, -0.053639070462934875], 0, -1.0, [-1.1003332725362773, -0.052139081637446884]
[-1.1003332725362773, -0.052139081637446884], 0, -1.0, [-1.1510040502750924, -0.05067077773881522]
[-1.1510040502750924, -0.05067077773881522], 0, -1.0, [-1.2, 0.0]
[-1.2, 0.0], 2, -1.0, [-1.1967581039591646, 0.003241896040835368]
[-1.1967581039591646, 0.003241896040835368], 2, -1.0, [-1.1902636585360942, 0.006494445423070332]
[-1.1902636585360942, 0.006494445423070332], 2, -1.0, [-1.1804959639787937, 0.009767694557300442]
[-1.1804959639787937, 0.009767694557300442], 2, -1.0, [-1.1674255149588486, 0.013070449019945182]
[-1.1674255149588486, 0.013070449019945182], 2, -1.0, [-1.1510159267200155, 0.016409588238833067]
[-1.1510159267200155, 0.016409588238833067], 2, -1.0, [-1.1312266168239755, 0.019789309896040046]
[-1.1312266168239755, 0.019789309896040046], 2, -1.0, [-1.108016322100852, 0.02321029472312345]
[-1.108016322100852, 0.02321029472312345], 2, -1.0, [-1.081347524946184, 0.02666879715466819]
[-1.081347524946184, 0.02666879715466819], 2, -1.0, [-1.0511918363028878, 0.03015568864329602]
[-1.0511918363028878, 0.03015568864329602], 2, -1.0, [-1.0175363271434712, 0.0336555091594167]
[-1.0175363271434712, 0.0336555091594167], 2, -1.0, [-0.9803907090723114, 0.03714561807115983]
[-0.9803907090723114, 0.03714561807115983], 2, -1.0, [-0.9397951336374217, 0.04059557543488971]
[-0.9397951336374217, 0.04059557543488971], 2, -1.0, [-0.8958282112564235, 0.043966922380998245]
[-0.8958282112564235, 0.043966922380998245], 2, -1.0, [-0.8486146572192776, 0.04721355403714586]
[-0.8486146572192776, 0.04721355403714586], 2, -1.0, [-0.7983317816221248, 0.05028287559715283]
[-0.7983317816221248, 0.05028287559715283], 2, -1.0, [-0.7452138959379592, 0.0531178856841656]
[-0.7452138959379592, 0.0531178856841656], 2, -1.0, [-0.6895536666604415, 0.0556602292775177]
[-0.6895536666604415, 0.0556602292775177], 2, -1.0, [-0.6316995610792892, 0.057854105581152386]
[-0.6316995610792892, 0.057854105581152386], 2, -1.0, [-0.5720488365336812, 0.05965072454560789]
[-0.5720488365336812, 0.05965072454560789], 2, -1.0, [-0.5110360146660762, 0.061012821867605024]
[-0.5110360146660762, 0.061012821867605024], 2, -1.0, [-0.44911739120176025, 0.061918623464315904]
[-0.44911739120176025, 0.061918623464315904], 2, -1.0, [-0.38675274139346727, 0.06236464980829299]
[-0.38675274139346727, 0.06236464980829299], 2, -1.0, [-0.3243858485235833, 0.06236689286988392]
[-0.3243858485235833, 0.06236689286988392], 2, -1.0, [-0.2624256859117381, 0.061960162611845254]
[-0.2624256859117381, 0.061960162611845254], 2, -1.0, [-0.20122996568717166, 0.061195720224566416]
[-0.20122996568717166, 0.061195720224566416], 2, -1.0, [-0.14109236178367496, 0.06013760390349669]
[-0.14109236178367496, 0.06013760390349669], 2, -1.0, [-0.08223412731502394, 0.05885823446865101]
[-0.08223412731502394, 0.05885823446865101], 2, -1.0, [-0.024800200336085113, 0.05743392697893883]
[-0.024800200336085113, 0.05743392697893883], 2, -1.0, [0.03114064276343887, 0.05594084309952398]
[0.03114064276343887, 0.05594084309952398], 2, -1.0, [0.08559238750154527, 0.0544517447381064]
[0.08559238750154527, 0.0544517447381064], 2, -1.0, [0.13862609852276647, 0.05303371102122119]
[0.13862609852276647, 0.05303371102122119], 2, -1.0, [0.19037290492486428, 0.0517468064020978]
[0.19037290492486428, 0.0517468064020978], 1, -1.0, [0.24001646944167865, 0.04964356451681436]
[0.24001646944167865, 0.04964356451681436], 1, -1.0, [0.28778060108566533, 0.047764131643986706]
[0.28778060108566533, 0.047764131643986706], 1, -1.0, [0.3339199795570522, 0.04613937847138687]
[0.3339199795570522, 0.04613937847138687], 1, -1.0, [0.3787123066970787, 0.0447923271400265]
[0.3787123066970787, 0.0447923271400265], 1, -1.0, [0.4224518800794228, 0.0437395733823441]
[0.4224518800794228, 0.0437395733823441], 1, -1.0, [0.4654444398008648, 0.042992559721442024]
[0.4654444398008648, 0.042992559721442024], 1, -1.0, [0.5080030512181968, 0.042558611417332]
