[-0.4025368077750623, 0.0], 0, -1.0, [-0.4044249430685175, -0.0018881352934552096]
[-0.4044249430685175, -0.0018881352934552096], 0, -1.0, [-0.4081879621897506, -0.0037630191212331245]
[-0.4081879621897506, -0.0037630191212331245], 0, -1.0, [-0.4137993719093647, -0.005611409719614124]
[-0.4137993719093647, -0.005611409719614124], 0, -1.0, [-0.42121946575883007, -0.007420093849465331]
[-0.42121946575883007, -0.007420093849465331], 0, -1.0, [-0.4303953889706218, -0.009175923211791743]
[-0.4303953889706218, -0.009175923211791743], 0, -1.0, [-0.4412612646064373, -0.010865875635815495]
[-0.4412612646064373, -0.010865875635815495], 0, -1.0, [-0.453738410906294, -0.012477146299856745]
[-0.453738410906294, -0.012477146299856745], 0, -1.0, [-0.4677356826527097, -0.013997271746415659]
[-0.4677356826527097, -0.013997271746415659], 0, -1.0, [-0.48314996912338726, -0.015414286470677548]
[-0.48314996912338726, -0.015414286470677548], 0, -1.0, [-0.4998668776820837, -0.016716908558696442]
[-0.4998668776820837, -0.016716908558696442], 0, -1.0, [-0.5177616251471557, -0.01789474746507198]
[-0.5177616251471557, -0.01789474746507198], 0, -1.0, [-0.5367001490031861, -0.018938523856030353]
[-0.5367001490031861, -0.018938523856030353], 0, -1.0, [-0.5565404378557048, -0.019840288852518782]
[-0.5565404378557048, -0.019840288852518782], 0, -1.0, [-0.5771340661958683, -0.020593628340163383]
[-0.5771340661958683, -0.020593628340163383], 0, -1.0, [-0.5983279037597808, -0.021193837563912563]
[-0.5983279037597808, -0.021193837563912563], 0, -1.0, [-0.6199659559343444, -0.021638052174563605]
[-0.6199659559343444, -0.021638052174563605], 0, -1.0, [-0.6418912801914582, -0.021925324257113805]
[-0.6418912801914582, -0.021925324257113805], 0, -1.0, [-0.663947915663937, -0.022056635472478697]
[-0.663947915663937, -0.022056635472478697], 0, -1.0, [-0.6859827595938967, -0.02203484392995967]
[-0.6859827595938967, -0.02203484392995967], 0, -1.0, [-0.7078473258825748, -0.021864566288678184]
[-0.7078473258825748, -0.021864566288678184], 0, -1.0, [-0.7293993271949846, -0.021552001312409776]
[-0.7293993271949846, -0.021552001312409776], 0, -1.0, [-0.7505040323465721, -0.02110470515158759]
[-0.7505040323465721, -0.02110470515158759], 0, -1.0, [-0.7710353639323788, -0.020531331585806636]
[-0.7710353639323788, -0.020531331585806636], 0, -1.0, [-0.7908767160174938, -0.019841352085114984]
[-0.7908767160174938, -0.019841352085114984], 2, -1.0, [-0.8079214868037109, -0.01704477078621717]
[-0.8079214868037109, -0.01704477078621717], 2, -1.0, [-0.8220831675621622, -0.014161680758451207]
[-0.8220831675621622, -0.014161680758451207], 2, -1.0, [-0.8332936171428813, -0.011210449580719126]
[-0.8332936171428813, -0.011210449580719126], 2, -1.0, [-0.8415013859667018, -0.008207768823820462]
[-0.8415013859667018, -0.008207768823820462], 2, -1.0, [-0.8466702380628135, -0.005168852096111712]
[-0.8466702380628135, -0.005168852096111712], 2, -1.0, [-0.8487779867779462, -0.0021077487151327018]
[-0.8487779867779462, -0.0021077487151327018], 2, -1.0, [-0.8478157268148395, 0.0009622599631066864]
[-0.8478157268148395, 0.0009622599631066864], 2, -1.0, [-0.8437875135025725, 0.004028213312267008]
[-0.8437875135025725, 0.004028213312267008], 2, -1.0, [-0.8367105097606836, 0.00707700374188892]
[-0.8367105097606836, 0.00707700374188892], 2, -1.0, [-0.8266155914378712, 0.010094918322812393]
[-0.8266155914378712, 0.010094918322812393], 2, -1.0, [-0.8135483716149332, 0.013067219822938046]
[-0.8135483716149332, 0.013067219822938046], 2, -1.0, [-0.7975705732349752, 0.015977798379958004]
[-0.7975705732349752, 0.015977798379958004], 2, -1.0, [-0.7787616468315084, 0.01880892640346674]
[-0.7787616468315084, 0.01880892640346674], 2, -1.0, [-0.7572204969450852, 0.021541149886423215]
[-0.7572204969450852, 0.021541149886423215], 2, -1.0, [-0.7330671491586349, 0.024153347786450303]
[-0.7330671491586349, 0.024153347786450303], 2, -1.0, [-0.7064441631150834, 0.026622986043551504]
[-0.7064441631150834, 0.026622986043551504], 2, -1.0, [-0.677517580291427, 0.028926582823656437]
[-0.677517580291427, 0.028926582823656437], 2, -1.0, [-0.6464771943162926, 0.031040385975134376]
[-0.6464771943162926, 0.031040385975134376], 2, -1.0, [-0.6135359515721743, 0.0329412427441183]
[-0.6135359515721743, 0.0329412427441183], 2, -1.0, [-0.5789283343579346, 0.03460761721423983]
[-0.5789283343579346, 0.03460761721423983], 2, -1.0, [-0.5429076483962351, 0.036020685961699495]
[-0.5429076483962351, 0.036020685961699495], 2, -1.0, [-0.5057422268634516, 0.037165421532783495]
[-0.5057422268634516, 0.037165421532783495], 2, -1.0, [-0.4677106654015411, 0.03803156146191049]
[-0.4677106654015411, 0.03803156146191049], 2, -1.0, [-0.4290963036633678, 0.038614361738173286]
[-0.4290963036633678, 0.038614361738173286], 2, -1.0, [-0.39018125383226787, 0.03891504983109993]
[-0.39018125383226787, 0.03891504983109993], 2, -1.0, [-0.3512403313959938, 0.038940922436274075]
[-0.3512403313959938, 0.038940922436274075], 2, -1.0, [-0.3125352587945422, 0.038705072601451604]
[-0.3125352587945422, 0.038705072601451604], 2, -1.0, [-0.27430948571168395, 0.03822577308285824]
[-0.27430948571168395, 0.03822577308285824], 2, -1.0, [-0.23678390551835327, 0.037525580193330674]
[-0.23678390551835327, 0.037525580193330674], 2, -1.0, [-0.20015365674592364, 0.036630248772429624]
[-0.20015365674592364, 0.036630248772429624], 2, -1.0, [-0.1645860960831301, 0.03556756066279355]
[-0.1645860960831301, 0.03556756066279355], 2, -1.0, [-0.130219930129534, 0.034366165953596095]
[-0.130219930129534, 0.034366165953596095], 2, -1.0, [-0.09716540921067818, 0.03305452091885583]
[-0.09716540921067818, 0.03305452091885583], 2, -1.0, [-0.06550542567542982, 0.03165998353524836]
[-0.06550542567542982, 0.03165998353524836], 2, -1.0, [-0.035297323985570325, 0.030208101689859487]
[-0.035297323985570325, 0.030208101689859487], 2, -1.0, [-0.006575219000934274, 0.02872210498463605]
[-0.006575219000934274, 0.02872210498463605], 2, -1.0, [0.020647372344861387, 0.02722259134579566]
[0.020647372344861387, 0.02722259134579566], 2, -1.0, [0.046374758189719825, 0.025727385844858435]
[0.046374758189719825, 0.025727385844858435], 2, -1.0, [0.07062629948968983, 0.024251541299970005]
[0.07062629948968983, 0.024251541299970005], 2, -1.0, [0.09343374700561738, 0.02280744751592755]
[0.09343374700561738, 0.02280744751592755], 2, -1.0, [0.11483876415892141, 0.02140501715330404]
[0.11483876415892141, 0.02140501715330404], 2, -1.0, [0.1348906839852651, 0.020051919826343675]
[0.1348906839852651, 0.020051919826343675], 2, -1.0, [0.15364452489805724, 0.018753840912792155]
[0.15364452489805724, 0.018753840912792155], 2, -1.0, [0.1711592716898868, 0.01751474679182954]
[0.1711592716898868, 0.01751474679182954], 2, -1.0, [0.1874964148745187, 0.016337143184631916]
[0.1874964148745187, 0.016337143184631916], 2, -1.0, [0.20271873247151775, 0.015222317596999034]
[0.20271873247151775, 0.015222317596999034], 2, -1.0, [0.21688929287224057, 0.014170560400722829]
[0.21688929287224057, 0.014170560400722829], 2, -1.0, [0.2300706546980427, 0.013181361825802117]
[0.2300706546980427, 0.013181361825802117], 2, -1.0, [0.24232423883723148, 0.012253584139188771]
[0.24232423883723148, 0.012253584139188771], 2, -1.0, [0.2537098485060607, 0.011385609668829243]
[0.2537098485060607, 0.011385609668829243], 2, -1.0, [0.26428531472394906, 0.010575466217888373]
[0.26428531472394906, 0.010575466217888373], 2, -1.0, [0.2741062466450981, 0.009820931921149013]
[0.2741062466450981, 0.009820931921149013], 2, -1.0, [0.2832258684718125, 0.009119621826714466]
[0.2832258684718125, 0.009119621826714466], 2, -1.0, [0.29169492699773664, 0.008469058525924118]
[0.29169492699773664, 0.008469058525924118], 2, -1.0, [0.2995616560667626, 0.00786672906902595]
[0.2995616560667626, 0.00786672906902595], 2, -1.0, [0.30687178631005896, 0.0073101302432963585]
[0.30687178631005896, 0.0073101302432963585], 2, -1.0, [0.31366859039982864, 0.006796804089769662]
[0.31366859039982864, 0.006796804089769662], 2, -1.0, [0.31999295571914543, 0.006324365319316807]
[0.31999295571914543, 0.006324365319316807], 2, -1.0, [0.3258834777939852, 0.005890522074839728]
[0.3258834777939852, 0.005890522074839728], 2, -1.0, [0.33137656907792895, 0.005493091283943751]
[0.33137656907792895, 0.005493091283943751], 2, -1.0, [0.33650657873922346, 0.005130009661294521]
[0.33650657873922346, 0.005130009661294521], 2, -1.0, [0.3413059199938037, 0.004799341254580271]
[0.3413059199938037, 0.004799341254580271], 2, -1.0, [0.34580520227699013, 0.0044992822831864]
[0.34580520227699013, 0.0044992822831864], 2, -1.0, [0.3500333661706724, 0.004228163893682238]
[0.3500333661706724, 0.004228163893682238], 2, -1.0, [0.35401781952029227, 0.003984453349619884]
[0.35401781952029227, 0.003984453349619884], 2, -1.0, [0.35778457360347476, 0.0037667540831825023]
[0.35778457360347476, 0.0037667540831825023], 2, -1.0, [0.36135837856447045, 0.003573804960995683]
[0.36135837856447045, 0.003573804960995683], 2, -1.0, [0.36476285761852545, 0.003404479054055005]
[0.36476285761852545, 0.003404479054055005], 2, -1.0, [0.3680206397689892, 0.00325778215046375]
[0.3680206397689892, 0.00325778215046375], 2, -1.0, [0.37115349097690553, 0.0031328512079163294]
[0.37115349097690553, 0.0031328512079163294], 2, -1.0, [0.37418244388609184, 0.0030289529091862967]
[0.37418244388609184, 0.0030289529091862967], 2, -1.0, [0.3771279263431392, 0.0029454824570473662]
[0.3771279263431392, 0.0029454824570473662], 2, -1.0, [0.38000988906715044, 0.0028819627240112542]
[0.38000988906715044, 0.0028819627240112542], 2, -1.0, [0.38284793292325764, 0.002838043856107215]
[0.38284793292325764, 0.002838043856107215], 2, -1.0, [0.38566143634115513, 0.0028135034178974998]
[0.38566143634115513, 0.0028135034178974998], 2, -1.0, [0.38846968349854205, 0.002808247157386947]
[0.38846968349854205, 0.002808247157386947], 2, -1.0, [0.39129199396245684, 0.0028223104639147883]
[0.39129199396245684, 0.0028223104639147883], 2, -1.0, [0.3941478545515271, 0.002855860589070291]
[0.3941478545515271, 0.002855860589070291], 2, -1.0, [0.39705705425130383, 0.002909199699776701]
[0.39705705425130383, 0.002909199699776701], 2, -1.0, [0.40003982308491975, 0.0029827688336158966]
[0.40003982308491975, 0.0029827688336158966], 2, -1.0, [0.4031169759138457, 0.003077152828925939]
[0.4031169759138457, 0.003077152828925939], 2, -1.0, [0.4063100622197585, 0.003193086305912799]
[0.4063100622197585, 0.003193086305912799], 2, -1.0, [0.40964152299943957, 0.003331460779681039]
[0.40964152299943957, 0.003331460779681039], 2, -1.0, [0.41313485599081096, 0.0034933329913714134]
[0.41313485599081096, 0.0034933329913714134], 2, -1.0, [0.41681479053989884, 0.0036799345490878864]
[0.41681479053989884, 0.0036799345490878864], 2, -1.0, [0.42070747351537663, 0.003892682975477803]
[0.42070747351537663, 0.003892682975477803], 2, -1.0, [0.4248406677783771, 0.004133194263000455]
[0.4248406677783771, 0.004133194263000455], 2, -1.0, [0.42924396481851823, 0.004403297040141132]
[0.42924396481851823, 0.004403297040141132], 2, -1.0, [0.43394901326933943, 0.004705048450821207]
[0.43394901326933943, 0.004705048450821207], 2, -1.0, [0.43898976511261756, 0.005040751843278138]
[0.43898976511261756, 0.005040751843278138], 2, -1.0, [0.4444027414639905, 0.005412976351372943]
[0.4444027414639905, 0.005412976351372943], 2, -1.0, [0.45022731989140446, 0.0058245784274139865]
[0.45022731989140446, 0.0058245784274139865], 2, -1.0, [0.4565060452382315, 0.006278725346827027]
[0.4565060452382315, 0.006278725346827027], 2, -1.0, [0.4632849658837547, 0.0067789206455231826]
[0.4632849658837547, 0.0067789206455231826], 2, -1.0, [0.47061399724658226, 0.007329031362827613]
[0.47061399724658226, 0.007329031362827613], 2, -1.0, [0.4785473140825622, 0.007933316835979915]
[0.4785473140825622, 0.007933316835979915], 2, -1.0, [0.48714377269540177, 0.008596458612839574]
[0.48714377269540177, 0.008596458612839574], 2, -1.0, [0.4964673634950379, 0.009323590799636138]
[0.4964673634950379, 0.009323590799636138], 2, -1.0, [0.5065876933122275, 0.010120329817189588]
