[-0.43693830227486874, 0.0], 0, -1.0, [-0.43858095876560194, -0.0016426564907331925]
[-0.43858095876560194, -0.0016426564907331925], 0, -1.0, [-0.44185435808223306, -0.0032733993166311056]
[-0.44185435808223306, -0.0032733993166311056], 0, -1.0, [-0.44673471391184244, -0.004880355829609407]
[-0.44673471391184244, -0.004880355829609407], 0, -1.0, [-0.45318645492700055, -0.006451741015158117]
[-0.45318645492700055, -0.006451741015158117], 0, -1.0, [-0.4611623697600284, -0.007975914833027854]
[-0.4611623697600284, -0.007975914833027854], 0, -1.0, [-0.4706038242297331, -0.009441454469704735]
[-0.4706038242297331, -0.009441454469704735], 0, -1.0, [-0.4814410685618692, -0.010837244332136047]
[-0.4814410685618692, -0.010837244332136047], 0, -1.0, [-0.49359365345627365, -0.012152584894404442]
[-0.49359365345627365, -0.012152584894404442], 0, -1.0, [-0.5069709729842317, -0.013377319527958056]
[-0.5069709729842317, -0.013377319527958056], 0, -1.0, [-0.5214729493183979, -0.014501976334166255]
[-0.5214729493183979, -0.014501976334166255], 0, -1.0, [-0.536990869241586, -0.015517919923188095]
[-0.536990869241586, -0.015517919923188095], 0, -1.0, [-0.5534083754810534, -0.016417506239467326]
[-0.5534083754810534, -0.016417506239467326], 0, -1.0, [-0.5706026076054826, -0.017194232124429307]
[-0.5706026076054826, -0.017194232124429307], 0, -1.0, [-0.5884454781233391, -0.017842870517856494]
[-0.5884454781233391, -0.017842870517856494], 0, -1.0, [-0.6068050602959563, -0.018359582172617135]
[-0.6068050602959563, -0.018359582172617135], 0, -1.0, [-0.6255470558578504, -0.01874199556189413]
[-0.6255470558578504, -0.01874199556189413], 0, -1.0, [-0.6445363041278758, -0.018989248270025353]
[-0.6445363041278758, -0.018989248270025353], 0, -1.0, [-0.6636382895819827, -0.019101985454106865]
[-0.6636382895819827, -0.019101985454106865], 0, -1.0, [-0.6827206033122425, -0.019082313730259814]
[-0.6827206033122425, -0.019082313730259814], 0, -1.0, [-0.7016543151109076, -0.018933711798665133]
[-0.7016543151109076, -0.018933711798665133], 0, -1.0, [-0.7203152170832353, -0.018660901972327684]
[-0.7203152170832353, -0.018660901972327684], 0, -1.0, [-0.7385849063143795, -0.018269689231144193]
[-0.7385849063143795, -0.018269689231144193], 0, -1.0, [-0.7563516825726011, -0.017766776258221678]
[-0.7563516825726011, -0.017766776258221678], 0, -1.0, [-0.7735112465619179, -0.017159563989316857]
[-0.7735112465619179, -0.017159563989316857], 0, -1.0, [-0.7899671940400835, -0.01645594747816561]
[-0.7899671940400835, -0.01645594747816561], 2, -1.0, [-0.8036313104452028, -0.013664116405119206]
[-0.8036313104452028, -0.013664116405119206], 2, -1.0, [-0.8144336561907561, -0.01080234574555336]
[-0.8144336561907561, -0.01080234574555336], 2, -1.0, [-0.8223211479427052, -0.007887491751948975]
[-0.8223211479427052, -0.007887491751948975], 2, -1.0, [-0.8272562931864436, -0.004935145243738399]
[-0.8272562931864436, -0.004935145243738399], 2, -1.0, [-0.8292161877643278, -0.001959894577884283]
[-0.8292161877643278, -0.001959894577884283], 2, -1.0, [-0.8281918555846235, 0.0010243321797043774]
[-0.8281918555846235, 0.0010243321797043774], 2, -1.0, [-0.8241879794335898, 0.004003876151033699]
[-0.8241879794335898, 0.004003876151033699], 2, -1.0, [-0.8172230421569194, 0.006964937276670344]
[-0.8172230421569194, 0.006964937276670344], 2, -1.0, [-0.8073298681538139, 0.0098931740031055]
[-0.8073298681538139, 0.0098931740031055], 2, -1.0, [-0.7945565256176501, 0.01277334253616375]
[-0.7945565256176501, 0.01277334253616375], 1, -1.0, [-0.7799675198730899, 0.014589005744560268]
[-0.7799675198730899, 0.014589005744560268], 2, -1.0, [-0.7626397808393347, 0.017327739033755212]
[-0.7626397808393347, 0.017327739033755212], 1, -1.0, [-0.7436689942735322, 0.01897078656580259]
[-0.7436689942735322, 0.01897078656580259], 2, -1.0, [-0.722164999570249, 0.021503994703283087]
[-0.722164999570249, 0.021503994703283087], 2, -1.0, [-0.6982582868126012, 0.023906712757647865]
[-0.6982582868126012, 0.023906712757647865], 2, -1.0, [-0.6721007519448233, 0.0261575348677778]
[-0.6721007519448233, 0.0261575348677778], 2, -1.0, [-0.6438659308717016, 0.02823482107312175]
[-0.6438659308717016, 0.02823482107312175], 2, -1.0, [-0.6137485492751574, 0.030117381596544205]
[-0.6137485492751574, 0.030117381596544205], 2, -1.0, [-0.5819632565479094, 0.03178529272724803]
[-0.5819632565479094, 0.03178529272724803], 2, -1.0, [-0.5487424634394452, 0.03322079310846418]
[-0.5487424634394452, 0.03322079310846418], 2, -1.0, [-0.5143332714509227, 0.034409191988522526]
[-0.5143332714509227, 0.034409191988522526], 2, -1.0, [-0.47899356179515656, 0.035339709655766105]
[-0.47899356179515656, 0.035339709655766105], 2, -1.0, [-0.44298739372534657, 0.036006168069810024]
[-0.44298739372534657, 0.036006168069810024], 2, -1.0, [-0.4065799351577686, 0.03640745856757797]
[-0.4065799351577686, 0.03640745856757797], 2, -1.0, [-0.37003220179817364, 0.036547733359594936]
[-0.37003220179817364, 0.036547733359594936], 2, -1.0, [-0.3335959059019338, 0.036436295896239895]
[-0.3335959059019338, 0.036436295896239895], 2, -1.0, [-0.29750870824748005, 0.03608719765445371]
[-0.29750870824748005, 0.03608719765445371], 2, -1.0, [-0.2619901281936738, 0.035518580053806266]
[-0.2619901281936738, 0.035518580053806266], 2, -1.0, [-0.22723830324977476, 0.03475182494389902]
[-0.22723830324977476, 0.03475182494389902], 2, -1.0, [-0.1934277114373876, 0.03381059181238716]
[-0.1934277114373876, 0.03381059181238716], 1, -1.0, [-0.1617078882550238, 0.03171982318236381]
[-0.1617078882550238, 0.03171982318236381], 1, -1.0, [-0.13219960829465194, 0.029508279960371878]
[-0.13219960829465194, 0.029508279960371878], 0, -1.0, [-0.10599727869432216, 0.02620232960032979]
[-0.10599727869432216, 0.02620232960032979], 0, -1.0, [-0.0831696121061764, 0.022827666588145758]
[-0.0831696121061764, 0.022827666588145758], 0, -1.0, [-0.06376453006971597, 0.019405082036460436]
[-0.06376453006971597, 0.019405082036460436], 0, -1.0, [-0.04781384580209826, 0.015950684267617705]
[-0.04781384580209826, 0.015950684267617705], 0, -1.0, [-0.03533748625990428, 0.012476359542193982]
[-0.03533748625990428, 0.012476359542193982], 0, -1.0, [-0.026347091567997256, 0.008990394691907022]
[-0.026347091567997256, 0.008990394691907022], 0, -1.0, [-0.02084889153714602, 0.005498200030851236]
[-0.02084889153714602, 0.005498200030851236], 0, -1.0, [-0.018845802992166226, 0.002003088544979795]
[-0.018845802992166226, 0.002003088544979795], 0, -1.0, [-0.020338719913126184, -0.0014929169209599567]
[-0.020338719913126184, -0.0014929169209599567], 0, -1.0, [-0.025326984563024325, -0.004988264649898143]
[-0.025326984563024325, -0.004988264649898143], 0, -1.0, [-0.03380803630234435, -0.008481051739320023]
[-0.03380803630234435, -0.008481051739320023], 0, -1.0, [-0.0457762404983926, -0.011968204196048247]
[-0.0457762404983926, -0.011968204196048247], 0, -1.0, [-0.06122090774778495, -0.015444667249392346]
[-0.06122090774778495, -0.015444667249392346], 0, -1.0, [-0.08012352839488696, -0.01890262064710201]
[-0.08012352839488696, -0.01890262064710201], 0, -1.0, [-0.1024542735896984, -0.022330745194811447]
[-0.1024542735896984, -0.022330745194811447], 0, -1.0, [-0.1281678556636384, -0.025713582073939995]
[-0.1281678556636384, -0.025713582073939995], 0, -1.0, [-0.15719889963361616, -0.02903104396997778]
[-0.15719889963361616, -0.02903104396997778], 0, -1.0, [-0.1894570536760078, -0.03225815404239163]
[-0.1894570536760078, -0.03225815404239163], 0, -1.0, [-0.2248221547975362, -0.03536510112152841]
[-0.2248221547975362, -0.03536510112152841], 0, -1.0, [-0.2631398565314845, -0.038317701733948294]
[-0.2631398565314845, -0.038317701733948294], 0, -1.0, [-0.3042182020346941, -0.04107834550320961]
[-0.3042182020346941, -0.04107834550320961], 0, -1.0, [-0.3478256669578843, -0.04360746492319026]
[-0.3478256669578843, -0.04360746492319026], 0, -1.0, [-0.3936911784386806, -0.04586551148079631]
[-0.3936911784386806, -0.04586551148079631], 0, -1.0, [-0.44150651993909207, -0.047815341500411467]
[-0.44150651993909207, -0.047815341500411467], 0, -1.0, [-0.4909313483546353, -0.04942482841554324]
[-0.4909313483546353, -0.04942482841554324], 0, -1.0, [-0.5416007904720755, -0.05066944211744026]
[-0.5416007904720755, -0.05066944211744026], 0, -1.0, [-0.593135283100427, -0.05153449262835142]
[-0.593135283100427, -0.05153449262835142], 0, -1.0, [-0.6451520263068076, -0.05201674320638067]
[-0.6451520263068076, -0.05201674320638067], 0, -1.0, [-0.6972771909126956, -0.05212516460588804]
[-0.6972771909126956, -0.05212516460588804], 0, -1.0, [-0.7491579098243167, -0.051880718911621146]
[-0.7491579098243167, -0.051880718911621146], 0, -1.0, [-0.800473113743653, -0.051315203919336305]
[-0.800473113743653, -0.051315203919336305], 0, -1.0, [-0.8509424384499621, -0.050469324706309]
[-0.8509424384499621, -0.050469324706309], 0, -1.0, [-0.900332695748104, -0.04939025729814193]
[-0.900332695748104, -0.04939025729814193], 0, -1.0, [-0.9484617074111341, -0.04812901166303003]
[-0.9484617074111341, -0.04812901166303003], 0, -1.0, [-0.9951995931557918, -0.046737885744657676]
[-0.9951995931557918, -0.046737885744657676], 0, -1.0, [-1.0404678348793446, -0.045268241723552746]
[-1.0404678348793446, -0.045268241723552746], 0, -1.0, [-1.0842365860877607, -0.043768751208416064]
[-1.0842365860877607, -0.043768751208416064], 0, -1.0, [-1.126520755186329, -0.04228416909856834]
[-1.126520755186329, -0.04228416909856834], 0, -1.0, [-1.167375377782572, -0.0408546225962429]
[-1.167375377782572, -0.0408546225962429], 0, -1.0, [-1.2, 0.0]
[-1.2, 0.0], 2, -1.0, [-1.1967581039591646, 0.003241896040835368]
[-1.1967581039591646, 0.003241896040835368], 2, -1.0, [-1.1902636585360942, 0.006494445423070332]
[-1.1902636585360942, 0.006494445423070332], 2, -1.0, [-1.1804959639787937, 0.009767694557300442]
[-1.1804959639787937, 0.009767694557300442], 2, -1.0, [-1.1674255149588486, 0.013070449019945182]
[-1.1674255149588486, 0.013070449019945182], 2, -1.0, [-1.1510159267200155, 0.016409588238833067]
[-1.1510159267200155, 0.016409588238833067], 2, -1.0, [-1.1312266168239755, 0.019789309896040046]
[-1.1312266168239755, 0.019789309896040046], 2, -1.0, [-1.108016322100852, 0.02321029472312345]
[-1.108016322100852, 0.02321029472312345], 2, -1.0, [-1.081347524946184, 0.02666879715466819]
[-1.081347524946184, 0.02666879715466819], 2, -1.0, [-1.0511918363028878, 0.03015568864329602]
[-1.0511918363028878, 0.03015568864329602], 2, -1.0, [-1.0175363271434712, 0.0336555091594167]
[-1.0175363271434712, 0.0336555091594167], 2, -1.0, [-0.9803907090723114, 0.03714561807115983]
[-0.9803907090723114, 0.03714561807115983], 2, -1.0, [-0.9397951336374217, 0.04059557543488971]
[-0.9397951336374217, 0.04059557543488971], 2, -1.0, [-0.8958282112564235, 0.043966922380998245]
[-0.8958282112564235, 0.043966922380998245], 2, -1.0, [-0.8486146572192776, 0.04721355403714586]
[-0.8486146572192776, 0.04721355403714586], 2, -1.0, [-0.7983317816221248, 0.05028287559715283]
[-0.7983317816221248, 0.05028287559715283], 2, -1.0, [-0.7452138959379592, 0.0531178856841656]
[-0.7452138959379592, 0.0531178856841656], 2, -1.0, [-0.6895536666604415, 0.0556602292775177]
[-0.6895536666604415, 0.0556602292775177], 2, -1.0, [-0.6316995610792892, 0.057854105581152386]
[-0.6316995610792892, 0.057854105581152386], 2, -1.0, [-0.5720488365336812, 0.05965072454560789]
[-0.5720488365336812, 0.05965072454560789], 2, -1.0, [-0.5110360146660762, 0.061012821867605024]
[-0.5110360146660762, 0.061012821867605024], 2, -1.0, [-0.44911739120176025, 0.061918623464315904]
[-0.44911739120176025, 0.061918623464315904], 2, -1.0, [-0.38675274139346727, 0.06236464980829299]
[-0.38675274139346727, 0.06236464980829299], 2, -1.0, [-0.3243858485235833, 0.06236689286988392]
[-0.3243858485235833, 0.06236689286988392], 2, -1.0, [-0.2624256859117381, 0.061960162611845254]
[-0.2624256859117381, 0.061960162611845254], 2, -1.0, [-0.20122996568717166, 0.061195720224566416]
[-0.20122996568717166, 0.061195720224566416], 2, -1.0, [-0.14109236178367496, 0.06013760390349669]
[-0.14109236178367496, 0.06013760390349669], 2, -1.0, [-0.08223412731502394, 0.05885823446865101]
[-0.08223412731502394, 0.05885823446865101], 2, -1.0, [-0.024800200336085113, 0.05743392697893883]
[-0.024800200336085113, 0.05743392697893883], 2, -1.0, [0.03114064276343887, 0.05594084309952398]
[0.03114064276343887, 0.05594084309952398], 2, -1.0, [0.08559238750154527, 0.0544517447381064]
[0.08559238750154527, 0.0544517447381064], 1, -1.0, [0.13762609852276647, 0.05203371102122119]
[0.13762609852276647, 0.05203371102122119], 1, -1.0, [0.1873698852690919, 0.04974378674632544]
[0.1873698852690919, 0.04974378674632544], 1, -1.0, [0.23499834049946433, 0.047628455230372437]
[0.23499834049946433, 0.047628455230372437], 1, -1.0, [0.2807227587848615, 0.04572441828539722]
[0.2807227587848615, 0.04572441828539722], 1, -1.0, [0.324782560405196, 0.04405980162033445]
[0.324782560405196, 0.04405980162033445], 1, -1.0, [0.3674380923765141, 0.0426555319713181]
[0.3674380923765141, 0.0426555319713181], 1, -1.0, [0.4089647933284491, 0.04152670095193498]
[0.4089647933284491, 0.04152670095193498], 1, -1.0, [0.44964858647371686, 0.04068379314526775]
[0.44964858647371686, 0.04068379314526775], 1, -1.0, [0.48978229158809583, 0.04013370511437899]
[0.48978229158809583, 0.04013370511437899], 1, -1.0, [0.529662807897277, 0.03988051630918122]
