[-0.542478409928207, 0.0], 0, -1.0, [-0.5433368883651059, -0.0008584784368989341]
[-0.5433368883651059, -0.0008584784368989341], 0, -1.0, [-0.5450474174517034, -0.0017105290865974837]
[-0.5450474174517034, -0.0017105290865974837], 0, -1.0, [-0.5475971927088178, -0.0025497752571144163]
[-0.5475971927088178, -0.0025497752571144163], 0, -1.0, [-0.5509671352865415, -0.003369942577723663]
[-0.5509671352865415, -0.003369942577723663], 0, -1.0, [-0.5551320457098706, -0.0041649104233291556]
[-0.5551320457098706, -0.0041649104233291556], 0, -1.0, [-0.5600608091934941, -0.004928763483623521]
[-0.5600608091934941, -0.004928763483623521], 0, -1.0, [-0.5657166524488136, -0.005655843255319502]
[-0.5657166524488136, -0.005655843255319502], 0, -1.0, [-0.5720574514845609, -0.006340799035747279]
[-0.5720574514845609, -0.006340799035747279], 0, -1.0, [-0.5790360892676194, -0.006978637783058492]
[-0.5790360892676194, -0.006978637783058492], 0, -1.0, [-0.5866008612707879, -0.007564772003168547]
[-0.5866008612707879, -0.007564772003168547], 0, -1.0, [-0.594695925918786, -0.008095064647998031]
[-0.594695925918786, -0.008095064647998031], 0, -1.0, [-0.6032617958026878, -0.008565869883901818]
[-0.6032617958026878, -0.008565869883901818], 0, -1.0, [-0.61223586433331, -0.008974068530622208]
[-0.61223586433331, -0.008974068530622208], 0, -1.0, [-0.6215529613252745, -0.009317096991964527]
[-0.6215529613252745, -0.009317096991964527], 0, -1.0, [-0.6311459299308487, -0.009592968605574194]
[-0.6311459299308487, -0.009592968605574194], 0, -1.0, [-0.6409462164601303, -0.009800286529281573]
[-0.6409462164601303, -0.009800286529281573], 0, -1.0, [-0.6508844640066561, -0.009938247546525867]
[-0.6508844640066561, -0.009938247546525867], 0, -1.0, [-0.6608911005041137, -0.010006636497457623]
[-0.6608911005041137, -0.010006636497457623], 0, -1.0, [-0.6708969119080364, -0.010005811403922607]
[-0.6708969119080364, -0.010005811403922607], 0, -1.0, [-0.6808335916385391, -0.009936679730502728]
[-0.6808335916385391, -0.009936679730502728], 0, -1.0, [-0.6906342582223244, -0.009800666583785367]
[-0.6906342582223244, -0.009800666583785367], 0, -1.0, [-0.7002339341953561, -0.009599675973031695]
[-0.7002339341953561, -0.009599675973031695], 2, -1.0, [-0.7075699807114106, -0.00733604651605462]
[-0.7075699807114106, -0.00733604651605462], 2, -1.0, [-0.7125952330401716, -0.0050252523287609265]
[-0.7125952330401716, -0.0050252523287609265], 2, -1.0, [-0.7152777479774073, -0.0026825149372357577]
[-0.7152777479774073, -0.0026825149372357577], 2, -1.0, [-0.7156005984874168, -0.00032285051000946604]
[-0.7156005984874168, -0.00032285051000946604], 2, -1.0, [-0.7135617532544065, 0.00203884523301024]
[-0.7135617532544065, 0.00203884523301024], 2, -1.0, [-0.7091740616764877, 0.004387691577918901]
[-0.7091740616764877, 0.004387691577918901], 2, -1.0, [-0.7024653467926298, 0.006708714883857876]
[-0.7024653467926298, 0.006708714883857876], 2, -1.0, [-0.6934785904840464, 0.008986756308583473]
[-0.6934785904840464, 0.008986756308583473], 2, -1.0, [-0.6822721778193052, 0.011206412664741155]
[-0.6822721778193052, 0.011206412664741155], 2, -1.0, [-0.6689201514761198, 0.013352026343185386]
[-0.6689201514761198, 0.013352026343185386], 2, -1.0, [-0.6535124137733355, 0.015407737702784374]
[-0.6535124137733355, 0.015407737702784374], 2, -1.0, [-0.6361548041408943, 0.01735760963244115]
[-0.6361548041408943, 0.01735760963244115], 2, -1.0, [-0.6169689750978095, 0.019185829043084864]
[-0.6169689750978095, 0.019185829043084864], 2, -1.0, [-0.5960919912093191, 0.020876983888490325]
[-0.5960919912093191, 0.020876983888490325], 2, -1.0, [-0.5736755840049756, 0.02241640720434345]
[-0.5736755840049756, 0.02241640720434345], 2, -1.0, [-0.5498850118848885, 0.023790572120087224]
[-0.5498850118848885, 0.023790572120087224], 1, -1.0, [-0.5258974972617665, 0.02398751462312202]
[-0.5258974972617665, 0.02398751462312202], 1, -1.0, [-0.5018927423628188, 0.024004754898947708]
[-0.5018927423628188, 0.024004754898947708], 0, -1.0, [-0.4790506676855965, 0.022842074677222282]
[-0.4790506676855965, 0.022842074677222282], 0, -1.0, [-0.4575417101241925, 0.02150895756140402]
[-0.4575417101241925, 0.02150895756140402], 0, -1.0, [-0.4375249441885467, 0.020016765935645775]
[-0.4375249441885467, 0.020016765935645775], 0, -1.0, [-0.4191465817930557, 0.018378362395491003]
[-0.4191465817930557, 0.018378362395491003], 0, -1.0, [-0.402538853140345, 0.01660772865271071]
[-0.402538853140345, 0.01660772865271071], 0, -1.0, [-0.3878192454414806, 0.014719607698864394]
[-0.3878192454414806, 0.014719607698864394], 0, -1.0, [-0.3750900554553015, 0.012729189986179118]
[-0.3750900554553015, 0.012729189986179118], 0, -1.0, [-0.36443819731589466, 0.010651858139406861]
[-0.36443819731589466, 0.010651858139406861], 0, -1.0, [-0.35593519923967604, 0.008502998076218652]
[-0.35593519923967604, 0.008502998076218652], 0, -1.0, [-0.3496373211691477, 0.006297878070528334]
[-0.3496373211691477, 0.006297878070528334], 0, -1.0, [-0.34558572945189775, 0.00405159171724995]
[-0.34558572945189775, 0.00405159171724995], 0, -1.0, [-0.3438066732475014, 0.0017790562043963265]
[-0.3438066732475014, 0.0017790562043963265], 0, -1.0, [-0.34431161940519134, -0.0005049461576899393]
[-0.34431161940519134, -0.0005049461576899393], 0, -1.0, [-0.34709731701396485, -0.002785697608773503]
[-0.34709731701396485, -0.002785697608773503], 0, -1.0, [-0.3521457787503065, -0.005048461736341664]
[-0.3521457787503065, -0.005048461736341664], 0, -1.0, [-0.35942418269169873, -0.007278403941392224]
[-0.35942418269169873, -0.007278403941392224], 0, -1.0, [-0.3688847146328015, -0.009460531941102742]
[-0.3688847146328015, -0.009460531941102742], 0, -1.0, [-0.38046438632672225, -0.011579671693920783]
[-0.38046438632672225, -0.011579671693920783], 0, -1.0, [-0.39408487859114355, -0.013620492264421313]
[-0.39408487859114355, -0.013620492264421313], 0, -1.0, [-0.40965246887593554, -0.015567590284792009]
[-0.40965246887593554, -0.015567590284792009], 0, -1.0, [-0.42705810960539353, -0.017405640729458]
[-0.42705810960539353, -0.017405640729458], 0, -1.0, [-0.4461777253012576, -0.019119615695864046]
[-0.4461777253012576, -0.019119615695864046], 0, -1.0, [-0.4668727922265975, -0.020695066925339903]
[-0.4668727922265975, -0.020695066925339903], 0, -1.0, [-0.48899125348021266, -0.02211846125361516]
[-0.48899125348021266, -0.02211846125361516], 0, -1.0, [-0.5123688051024426, -0.02337755162222996]
[-0.5123688051024426, -0.02337755162222996], 0, -1.0, [-0.5368305655716328, -0.024461760469190116]
[-0.5368305655716328, -0.024461760469190116], 0, -1.0, [-0.5621931136760043, -0.025362548104371566]
[-0.5621931136760043, -0.025362548104371566], 0, -1.0, [-0.588266850541893, -0.02607373686588867]
[-0.588266850541893, -0.02607373686588867], 0, -1.0, [-0.6148586135674108, -0.02659176302551779]
[-0.6148586135674108, -0.02659176302551779], 0, -1.0, [-0.6417744463218473, -0.026915832754436486]
[-0.6417744463218473, -0.026915832754436486], 0, -1.0, [-0.6688224119987992, -0.02704796567695186]
[-0.6688224119987992, -0.02704796567695186], 0, -1.0, [-0.6958153308409148, -0.026992918842115597]
[-0.6958153308409148, -0.026992918842115597], 0, -1.0, [-0.7225733250073534, -0.026757994166438558]
[-0.7225733250073534, -0.026757994166438558], 0, -1.0, [-0.7489260672166705, -0.02635274220931711]
[-0.7489260672166705, -0.02635274220931711], 0, -1.0, [-0.7747146504962273, -0.025788583279556774]
[-0.7747146504962273, -0.025788583279556774], 0, -1.0, [-0.7997930228863988, -0.02507837239017141]
[-0.7997930228863988, -0.02507837239017141], 0, -1.0, [-0.8240289598836785, -0.02423593699727978]
[-0.8240289598836785, -0.02423593699727978], 2, -1.0, [-0.845304575686961, -0.0212756158032825]
[-0.845304575686961, -0.0212756158032825], 2, -1.0, [-0.8635249020891503, -0.018220326402189308]
[-0.8635249020891503, -0.018220326402189308], 2, -1.0, [-0.8786152484603741, -0.015090346371223744]
[-0.8786152484603741, -0.015090346371223744], 2, -1.0, [-0.8905185626551139, -0.011903314194739728]
[-0.8905185626551139, -0.011903314194739728], 2, -1.0, [-0.899192997983949, -0.00867443532883512]
[-0.899192997983949, -0.00867443532883512], 2, -1.0, [-0.9046098463021626, -0.005416848318213558]
[-0.9046098463021626, -0.005416848318213558], 2, -1.0, [-0.9067519547028782, -0.002142108400715623]
[-0.9067519547028782, -0.002142108400715623], 2, -1.0, [-0.9056127055167374, 0.0011392491861407085]
[-0.9056127055167374, 0.0011392491861407085], 2, -1.0, [-0.9011956065431298, 0.0044170989736076185]
[-0.9011956065431298, 0.0044170989736076185], 2, -1.0, [-0.8935145094252431, 0.007681097117886624]
[-0.8935145094252431, 0.007681097117886624], 2, -1.0, [-0.8825944466891377, 0.010920062736105457]
[-0.8825944466891377, 0.010920062736105457], 2, -1.0, [-0.8684730497038189, 0.01412139698531879]
[-0.8684730497038189, 0.01412139698531879], 2, -1.0, [-0.8512024783776859, 0.017270571326132994]
[-0.8512024783776859, 0.017270571326132994], 2, -1.0, [-0.8308517572072395, 0.020350721170446492]
[-0.8308517572072395, 0.020350721170446492], 2, -1.0, [-0.8075093710543755, 0.023342386152864]
[-0.8075093710543755, 0.023342386152864], 2, -1.0, [-0.7812859293319914, 0.026223441722384118]
[-0.7812859293319914, 0.026223441722384118], 2, -1.0, [-0.7523166630381618, 0.028969266293829603]
[-0.7523166630381618, 0.028969266293829603], 2, -1.0, [-0.7207634817234108, 0.03155318131475104]
[-0.7207634817234108, 0.03155318131475104], 2, -1.0, [-0.6868162955957069, 0.033947186127703824]
[-0.6868162955957069, 0.033947186127703824], 2, -1.0, [-0.6506933112129122, 0.03612298438279475]
[-0.6506933112129122, 0.03612298438279475], 2, -1.0, [-0.6126400463206308, 0.03805326489228132]
[-0.6126400463206308, 0.03805326489228132], 2, -1.0, [-0.5729268855505409, 0.039713160770089864]
[-0.5729268855505409, 0.039713160770089864], 2, -1.0, [-0.5318451127956888, 0.04108177275485216]
[-0.5318451127956888, 0.04108177275485216], 2, -1.0, [-0.48970149882030384, 0.04214361397538498]
[-0.48970149882030384, 0.04214361397538498], 2, -1.0, [-0.4468116764729113, 0.042889822347392526]
[-0.4468116764729113, 0.042889822347392526], 2, -1.0, [-0.403492677354923, 0.04331899911798829]
[-0.403492677354923, 0.04331899911798829], 2, -1.0, [-0.3600551085030654, 0.04343756885185764]
[-0.3600551085030654, 0.04343756885185764], 2, -1.0, [-0.3167954960202317, 0.04325961248283366]
[-0.3167954960202317, 0.04325961248283366], 2, -1.0, [-0.27398930521401516, 0.042806190806216546]
[-0.27398930521401516, 0.042806190806216546], 2, -1.0, [-0.23188506704251236, 0.04210423817150279]
[-0.23188506704251236, 0.04210423817150279], 2, -1.0, [-0.1906999137602639, 0.04118515328224845]
[-0.1906999137602639, 0.04118515328224845], 2, -1.0, [-0.1506166755589458, 0.04008323820131811]
[-0.1506166755589458, 0.04008323820131811], 2, -1.0, [-0.11178253951771767, 0.03883413604122814]
[-0.11178253951771767, 0.03883413604122814], 2, -1.0, [-0.07430914339226743, 0.037473396125450247]
[-0.07430914339226743, 0.037473396125450247], 2, -1.0, [-0.03827388330835684, 0.03603526008391059]
[-0.03827388330835684, 0.03603526008391059], 2, -1.0, [-0.0037221613084343907, 0.03455172199992245]
[-0.0037221613084343907, 0.03455172199992245], 2, -1.0, [0.029329716552822585, 0.033051877861256976]
[0.029329716552822585, 0.033051877861256976], 2, -1.0, [0.060891265785016364, 0.03156154923219378]
[0.060891265785016364, 0.03156154923219378], 2, -1.0, [0.0909944112979181, 0.030103145512901747]
[0.0909944112979181, 0.030103145512901747], 2, -1.0, [0.11969012959417372, 0.028695718296255612]
[0.11969012959417372, 0.028695718296255612], 2, -1.0, [0.14704528814713078, 0.02735515855295707]
[0.14704528814713078, 0.02735515855295707], 2, -1.0, [0.1731397785246338, 0.026094490377503013]
[0.1731397785246338, 0.026094490377503013], 2, -1.0, [0.19806400001718752, 0.024924221492553727]
[0.19806400001718752, 0.024924221492553727], 2, -1.0, [0.22191671871098895, 0.02385271869380142]
[0.22191671871098895, 0.02385271869380142], 2, -1.0, [0.24480330322212404, 0.022886584511135094]
[0.24480330322212404, 0.022886584511135094], 2, -1.0, [0.2668343219052027, 0.02203101868307864]
[0.2668343219052027, 0.02203101868307864], 2, -1.0, [0.28812447604898567, 0.021290154143783005]
[0.28812447604898567, 0.021290154143783005], 2, -1.0, [0.3087918380197699, 0.020667361970784243]
[0.3087918380197699, 0.020667361970784243], 2, -1.0, [0.32895736121732033, 0.02016552319755041]
[0.32895736121732033, 0.02016552319755041], 2, -1.0, [0.3487446289361385, 0.019787267718818193]
[0.3487446289361385, 0.019787267718818193], 2, -1.0, [0.368279810841083, 0.019535181904944507]
[0.368279810841083, 0.019535181904944507], 2, -1.0, [0.3876917980241458, 0.019411987183062727]
[0.3876917980241458, 0.019411987183062727], 2, -1.0, [0.4071124899209094, 0.01942069189676364]
[0.4071124899209094, 0.01942069189676364], 2, -1.0, [0.42667720826183264, 0.019564718340923215]
[0.42667720826183264, 0.019564718340923215], 2, -1.0, [0.4465252143216496, 0.019848006059816965]
[0.4465252143216496, 0.019848006059816965], 2, -1.0, [0.4668003056509339, 0.020275091329284296]
[0.4668003056509339, 0.020275091329284296], 2, -1.0, [0.4876514668658478, 0.02085116121491391]
[0.4876514668658478, 0.02085116121491391], 2, -1.0, [0.5092335455401317, 0.021582078674283876]
