[-0.5847129691982512, 0.0], 2, -1.0, [-0.5832571763377373, 0.0014557928605139396]
[-0.5832571763377373, 0.0014557928605139396], 2, -1.0, [-0.5803563303803257, 0.002900845957411559]
[-0.5803563303803257, 0.002900845957411559], 2, -1.0, [-0.5760318567314126, 0.004324473648913159]
[-0.5760318567314126, 0.004324473648913159], 2, -1.0, [-0.5703157546619654, 0.005716102069447223]
[-0.5703157546619654, 0.005716102069447223], 2, -1.0, [-0.5632504211588305, 0.007065333503134928]
[-0.5632504211588305, 0.007065333503134928], 2, -1.0, [-0.5548884011701506, 0.008362019988679869]
[-0.5548884011701506, 0.008362019988679869], 2, -1.0, [-0.5452920534683097, 0.009596347701840886]
[-0.5452920534683097, 0.009596347701840886], 2, -1.0, [-0.5345331210073473, 0.01075893246096241]
[-0.5345331210073473, 0.01075893246096241], 2, -1.0, [-0.5226921956622559, 0.011840925345091367]
[-0.5226921956622559, 0.011840925345091367], 0, -1.0, [-0.5118580696583024, 0.01083412600395349]
[-0.5118580696583024, 0.01083412600395349], 0, -1.0, [-0.5021119807431639, 0.009746088915138455]
[-0.5021119807431639, 0.009746088915138455], 0, -1.0, [-0.49352693121178987, 0.00858504953137399]
[-0.49352693121178987, 0.00858504953137399], 0, -1.0, [-0.4861671147002859, 0.0073598165115039875]
[-0.4861671147002859, 0.0073598165115039875], 0, -1.0, [-0.48008744599323233, 0.006079668707053576]
[-0.48008744599323233, 0.006079668707053576], 0, -1.0, [-0.4753331863038616, 0.004754259689370698]
[-0.4753331863038616, 0.004754259689370698], 0, -1.0, [-0.4719396549328614, 0.003393531371000252]
[-0.4719396549328614, 0.003393531371000252], 0, -1.0, [-0.4699320178934684, 0.002007637039392977]
[-0.4699320178934684, 0.002007637039392977], 0, -1.0, [-0.4693251449132164, 0.0006068729802519478]
[-0.4693251449132164, 0.0006068729802519478], 0, -1.0, [-0.4701235280095639, -0.0007983830963474966]
[-0.4701235280095639, -0.0007983830963474966], 0, -1.0, [-0.4723212573485046, -0.002197729338940706]
[-0.4723212573485046, -0.002197729338940706], 0, -1.0, [-0.4759020530498941, -0.0035807957013894503]
[-0.4759020530498941, -0.0035807957013894503], 0, -1.0, [-0.4808393546936585, -0.004937301643764427]
[-0.4808393546936585, -0.004937301643764427], 0, -1.0, [-0.48709647319301536, -0.006257118499356838]
[-0.48709647319301536, -0.006257118499356838], 0, -1.0, [-0.49462681212970117, -0.007530338936685831]
[-0.49462681212970117, -0.007530338936685831], 0, -1.0, [-0.5033741673144824, -0.008747355184781253]
[-0.5033741673144824, -0.008747355184781253], 0, -1.0, [-0.5132731140121287, -0.009898946697646398]
[-0.5132731140121287, -0.009898946697646398], 0, -1.0, [-0.5242494907869755, -0.010976376774846761]
[-0.5242494907869755, -0.010976376774846761], 0, -1.0, [-0.5362209872010069, -0.011971496414031427]
[-0.5362209872010069, -0.011971496414031427], 0, -1.0, [-0.549097839649849, -0.012876852448842227]
[-0.549097839649849, -0.012876852448842227], 0, -1.0, [-0.5627836355836674, -0.013685795933818384]
[-0.5627836355836674, -0.013685795933818384], 0, -1.0, [-0.5771762214734188, -0.01439258588975148]
[-0.5771762214734188, -0.01439258588975148], 0, -1.0, [-0.5921687044943919, -0.014992483020973035]
[-0.5921687044943919, -0.014992483020973035], 0, -1.0, [-0.60765053243281, -0.015481827938418088]
[-0.60765053243281, -0.015481827938418088], 0, -1.0, [-0.6235086312427738, -0.0158580988099638]
[-0.6235086312427738, -0.0158580988099638], 0, -1.0, [-0.639628575449533, -0.016119944206759225]
[-0.639628575449533, -0.016119944206759225], 0, -1.0, [-0.6558957636143744, -0.016267188164841455]
[-0.6558957636143744, -0.016267188164841455], 0, -1.0, [-0.6721965696464655, -0.016300806032091063]
[-0.6721965696464655, -0.016300806032091063], 0, -1.0, [-0.6884194410287211, -0.016222871382255644]
[-0.6884194410287211, -0.016222871382255644], 0, -1.0, [-0.7044559170206871, -0.016036475991966014]
[-0.7044559170206871, -0.016036475991966014], 0, -1.0, [-0.720201543456778, -0.015745626436090926]
[-0.720201543456778, -0.015745626436090926], 0, -1.0, [-0.7355566655820337, -0.015355122125255655]
[-0.7355566655820337, -0.015355122125255655], 2, -1.0, [-0.7484270860702139, -0.012870420488180243]
[-0.7484270860702139, -0.012870420488180243], 2, -1.0, [-0.7587362687678187, -0.010309182697604806]
[-0.7587362687678187, -0.010309182697604806], 2, -1.0, [-0.7664245816565304, -0.007688312888711659]
[-0.7664245816565304, -0.007688312888711659], 2, -1.0, [-0.7714485588616083, -0.005023977205078007]
[-0.7714485588616083, -0.005023977205078007], 2, -1.0, [-0.7737802742115548, -0.0023317153499464345]
[-0.7737802742115548, -0.0023317153499464345], 2, -1.0, [-0.773406896910241, 0.0003733773013137806]
[-0.773406896910241, 0.0003733773013137806], 2, -1.0, [-0.7703304759573946, 0.0030764209528464656]
[-0.7703304759573946, 0.0030764209528464656], 2, -1.0, [-0.7645679750675346, 0.005762500889859939]
[-0.7645679750675346, 0.005762500889859939], 2, -1.0, [-0.7561515546007422, 0.008416420466792363]
[-0.7561515546007422, 0.008416420466792363], 2, -1.0, [-0.7451290718339921, 0.011022482766750134]
[-0.7451290718339921, 0.011022482766750134], 2, -1.0, [-0.7315647462058559, 0.013564325628136278]
[-0.7315647462058559, 0.013564325628136278], 2, -1.0, [-0.7155399126654044, 0.016024833540451467]
[-0.7155399126654044, 0.016024833540451467], 2, -1.0, [-0.6971537651084884, 0.018386147556916]
[-0.6971537651084884, 0.018386147556916], 2, -1.0, [-0.6765239748005976, 0.020629790307890777]
[-0.6765239748005976, 0.020629790307890777], 2, -1.0, [-0.6537870578786006, 0.022736916921996978]
[-0.6537870578786006, 0.022736916921996978], 2, -1.0, [-0.6290983639905885, 0.024688693888012078]
[-0.6290983639905885, 0.024688693888012078], 2, -1.0, [-0.6026315672445083, 0.02646679674608023]
[-0.6026315672445083, 0.02646679674608023], 2, -1.0, [-0.5745775625706484, 0.028054004673859823]
[-0.5745775625706484, 0.028054004673859823], 2, -1.0, [-0.545142705714771, 0.029434856855877482]
[-0.545142705714771, 0.029434856855877482], 2, -1.0, [-0.5145463818529976, 0.0305963238617734]
[-0.5145463818529976, 0.0305963238617734], 2, -1.0, [-0.48301794259930486, 0.03152843925369275]
[-0.48301794259930486, 0.03152843925369275], 2, -1.0, [-0.4507931083274232, 0.03222483427188167]
[-0.4507931083274232, 0.03222483427188167], 2, -1.0, [-0.418109985321551, 0.032683123005872186]
[-0.418109985321551, 0.032683123005872186], 2, -1.0, [-0.3852048882099617, 0.03290509711158934]
[-0.3852048882099617, 0.03290509711158934], 2, -1.0, [-0.352308181512732, 0.032896706697229675]
[-0.352308181512732, 0.032896706697229675], 2, -1.0, [-0.31964035645571626, 0.03266782505701576]
[-0.31964035645571626, 0.03266782505701576], 2, -1.0, [-0.287408540156109, 0.032231816299607245]
[-0.287408540156109, 0.032231816299607245], 2, -1.0, [-0.25580359681587667, 0.031604943340232346]
[-0.25580359681587667, 0.031604943340232346], 2, -1.0, [-0.22499793022856732, 0.030805666587309346]
[-0.22499793022856732, 0.030805666587309346], 2, -1.0, [-0.19514404071951108, 0.029853889509056247]
[-0.19514404071951108, 0.029853889509056247], 2, -1.0, [-0.16637383468662004, 0.02877020603289103]
[-0.16637383468662004, 0.02877020603289103], 2, -1.0, [-0.13879863714519416, 0.02757519754142586]
[-0.13879863714519416, 0.02757519754142586], 2, -1.0, [-0.11250982113291705, 0.026288816012277123]
[-0.11250982113291705, 0.026288816012277123], 2, -1.0, [-0.08757994431984803, 0.024929876813069025]
[-0.08757994431984803, 0.024929876813069025], 2, -1.0, [-0.06406427249191969, 0.023515671827928335]
[-0.06406427249191969, 0.023515671827928335], 2, -1.0, [-0.04200257001750726, 0.02206170247441243]
[-0.04200257001750726, 0.02206170247441243], 2, -1.0, [-0.021421046361820552, 0.02058152365568671]
[-0.021421046361820552, 0.02058152365568671], 1, -1.0, [-0.003334362293629125, 0.018086684068191427]
[-0.003334362293629125, 0.018086684068191427], 1, -1.0, [0.012252446850703286, 0.01558680914433241]
[0.012252446850703286, 0.01558680914433241], 0, -1.0, [0.024340944682496, 0.012088497831792716]
[0.024340944682496, 0.012088497831792716], 0, -1.0, [0.03293610497082751, 0.008595160288331505]
[0.03293610497082751, 0.008595160288331505], 0, -1.0, [0.038043459187322874, 0.005107354216495363]
[0.038043459187322874, 0.005107354216495363], 0, -1.0, [0.039667077916386836, 0.0016236187290639588]
[0.039667077916386836, 0.0016236187290639588], 0, -1.0, [0.03780837738253508, -0.0018587005338517567]
[0.03780837738253508, -0.0018587005338517567], 0, -1.0, [0.032465741190690144, -0.005342636191844934]
[0.032465741190690144, -0.005342636191844934], 0, -1.0, [0.02363495340197133, -0.00883078778871881]
[0.02363495340197133, -0.00883078778871881], 0, -1.0, [0.011310447354804297, -0.012324506047167035]
[0.011310447354804297, -0.012324506047167035], 0, -1.0, [-0.004512619660470252, -0.01582306701527455]
[-0.004512619660470252, -0.01582306701527455], 0, -1.0, [-0.02383545758721141, -0.019322837926741155]
[-0.02383545758721141, -0.019322837926741155], 0, -1.0, [-0.04665190678518351, -0.022816449197972096]
[-0.04665190678518351, -0.022816449197972096], 0, -1.0, [-0.07294391141855908, -0.02629200463337556]
[-0.07294391141855908, -0.02629200463337556], 0, -1.0, [-0.1026762953856632, -0.029732383967104124]
[-0.1026762953856632, -0.029732383967104124], 0, -1.0, [-0.13579101191464787, -0.03311471652898467]
[-0.13579101191464787, -0.03311471652898467], 0, -1.0, [-0.17220114041756346, -0.03641012850291559]
[-0.17220114041756346, -0.03641012850291559], 0, -1.0, [-0.2117850235780998, -0.039583883160536355]
[-0.2117850235780998, -0.039583883160536355], 0, -1.0, [-0.2543810593030174, -0.0425960357249176]
[-0.2543810593030174, -0.0425960357249176], 0, -1.0, [-0.2997837626057074, -0.04540270330268997]
[-0.2997837626057074, -0.04540270330268997], 0, -1.0, [-0.34774176088627035, -0.04795799828056296]
[-0.34774176088627035, -0.04795799828056296], 0, -1.0, [-0.3979583494960669, -0.050216588609796546]
[-0.3979583494960669, -0.050216588609796546], 0, -1.0, [-0.45009508714606794, -0.05213673765000105]
[-0.45009508714606794, -0.05213673765000105], 0, -1.0, [-0.5037786456509133, -0.053683558504845394]
[-0.5037786456509133, -0.053683558504845394], 0, -1.0, [-0.5586107675523201, -0.05483212190140674]
[-0.5586107675523201, -0.05483212190140674], 0, -1.0, [-0.614180782087506, -0.05557001453518596]
[-0.614180782087506, -0.05557001453518596], 0, -1.0, [-0.6700797621426802, -0.055898980055174165]
[-0.6700797621426802, -0.055898980055174165], 0, -1.0, [-0.7259151536583283, -0.05583539151564804]
[-0.7259151536583283, -0.05583539151564804], 0, -1.0, [-0.7813246347694839, -0.05540948111115558]
[-0.7813246347694839, -0.05540948111115558], 0, -1.0, [-0.8359880835377556, -0.0546634487682717]
[-0.8359880835377556, -0.0546634487682717], 0, -1.0, [-0.8896368209574034, -0.053648737419647784]
[-0.8896368209574034, -0.053648737419647784], 0, -1.0, [-0.9420596824889854, -0.05242286153158206]
[-0.9420596824889854, -0.05242286153158206], 0, -1.0, [-0.9931058736315628, -0.05104619114257738]
[-0.9931058736315628, -0.05104619114257738], 0, -1.0, [-1.0426849090873205, -0.04957903545575767]
[-1.0426849090873205, -0.04957903545575767], 0, -1.0, [-1.0907641736338909, -0.04807926454657031]
[-1.0907641736338909, -0.04807926454657031], 0, -1.0, [-1.1373647608700044, -0.046600587236113544]
[-1.1373647608700044, -0.046600587236113544], 0, -1.0, [-1.1825562556689064, -0.045191494798902006]
[-1.1825562556689064, -0.045191494798902006], 0, -1.0, [-1.2, 0.0]
[-1.2, 0.0], 2, -1.0, [-1.1967581039591646, 0.003241896040835368]
[-1.1967581039591646, 0.003241896040835368], 2, -1.0, [-1.1902636585360942, 0.006494445423070332]
[-1.1902636585360942, 0.006494445423070332], 2, -1.0, [-1.1804959639787937, 0.009767694557300442]
[-1.1804959639787937, 0.009767694557300442], 2, -1.0, [-1.1674255149588486, 0.013070449019945182]
[-1.1674255149588486, 0.013070449019945182], 2, -1.0, [-1.1510159267200155, 0.016409588238833067]
[-1.1510159267200155, 0.016409588238833067], 2, -1.0, [-1.1312266168239755, 0.019789309896040046]
[-1.1312266168239755, 0.019789309896040046], 2, -1.0, [-1.108016322100852, 0.02321029472312345]
[-1.108016322100852, 0.02321029472312345], 2, -1.0, [-1.081347524946184, 0.02666879715466819]
[-1.081347524946184, 0.02666879715466819], 2, -1.0, [-1.0511918363028878, 0.03015568864329602]
[-1.0511918363028878, 0.03015568864329602], 2, -1.0, [-1.0175363271434712, 0.0336555091594167]
[-1.0175363271434712, 0.0336555091594167], 2, -1.0, [-0.9803907090723114, 0.03714561807115983]
[-0.9803907090723114, 0.03714561807115983], 2, -1.0, [-0.9397951336374217, 0.04059557543488971]
[-0.9397951336374217, 0.04059557543488971], 2, -1.0, [-0.8958282112564235, 0.043966922380998245]
[-0.8958282112564235, 0.043966922380998245], 2, -1.0, [-0.8486146572192776, 0.04721355403714586]
[-0.8486146572192776, 0.04721355403714586], 2, -1.0, [-0.7983317816221248, 0.05028287559715283]
[-0.7983317816221248, 0.05028287559715283], 2, -1.0, [-0.7452138959379592, 0.0531178856841656]
[-0.7452138959379592, 0.0531178856841656], 2, -1.0, [-0.6895536666604415, 0.0556602292775177]
[-0.6895536666604415, 0.0556602292775177], 2, -1.0, [-0.6316995610792892, 0.057854105581152386]
[-0.6316995610792892, 0.057854105581152386], 2, -1.0, [-0.5720488365336812, 0.05965072454560789]
[-0.5720488365336812, 0.05965072454560789], 2, -1.0, [-0.5110360146660762, 0.061012821867605024]
[-0.5110360146660762, 0.061012821867605024], 2, -1.0, [-0.44911739120176025, 0.061918623464315904]
[-0.44911739120176025, 0.061918623464315904], 2, -1.0, [-0.38675274139346727, 0.06236464980829299]
[-0.38675274139346727, 0.06236464980829299], 2, -1.0, [-0.3243858485235833, 0.06236689286988392]
[-0.3243858485235833, 0.06236689286988392], 2, -1.0, [-0.2624256859117381, 0.061960162611845254]
[-0.2624256859117381, 0.061960162611845254], 2, -1.0, [-0.20122996568717166, 0.061195720224566416]
[-0.20122996568717166, 0.061195720224566416], 2, -1.0, [-0.14109236178367496, 0.06013760390349669]
[-0.14109236178367496, 0.06013760390349669], 2, -1.0, [-0.08223412731502394, 0.05885823446865101]
[-0.08223412731502394, 0.05885823446865101], 2, -1.0, [-0.024800200336085113, 0.05743392697893883]
[-0.024800200336085113, 0.05743392697893883], 2, -1.0, [0.03114064276343887, 0.05594084309952398]
[0.03114064276343887, 0.05594084309952398], 2, -1.0, [0.08559238750154527, 0.0544517447381064]
[0.08559238750154527, 0.0544517447381064], 2, -1.0, [0.13862609852276647, 0.05303371102122119]
[0.13862609852276647, 0.05303371102122119], 2, -1.0, [0.19037290492486428, 0.0517468064020978]
[0.19037290492486428, 0.0517468064020978], 2, -1.0, [0.24101646944167865, 0.050643564516814364]
[0.24101646944167865, 0.050643564516814364], 2, -1.0, [0.29078555519931315, 0.04976908575763451]
[0.29078555519931315, 0.04976908575763451], 0, -1.0, [0.33794708223056147, 0.04716152703124832]
[0.33794708223056147, 0.04716152703124832], 1, -1.0, [0.3837870994730403, 0.04584001724247881]
[0.3837870994730403, 0.04584001724247881], 1, -1.0, [0.42860900541884855, 0.04482190594580827]
[0.42860900541884855, 0.04482190594580827], 1, -1.0, [0.4727280913654983, 0.04411908594664974]
[0.4727280913654983, 0.04411908594664974], 1, -1.0, [0.5164671264573868, 0.043739035091888444]
