[-0.5848977340762594, 0.0], 2, -1.0, [-0.583440578774504, 0.0014571553017554658]
[-0.583440578774504, 0.0014571553017554658], 2, -1.0, [-0.5805370168966498, 0.0029035618778541173]
[-0.5805370168966498, 0.0029035618778541173], 2, -1.0, [-0.5762084918380735, 0.004328525058576263]
[-0.5762084918380735, 0.004328525058576263], 2, -1.0, [-0.570487030006287, 0.005721461831786572]
[-0.570487030006287, 0.005721461831786572], 2, -1.0, [-0.5634150648171478, 0.007071965189139222]
[-0.5634150648171478, 0.007071965189139222], 2, -1.0, [-0.5550451870775449, 0.008369877739602816]
[-0.5550451870775449, 0.008369877739602816], 2, -1.0, [-0.5454398109332543, 0.009605376144290563]
[-0.5454398109332543, 0.009605376144290563], 0, -1.0, [-0.5366707442108228, 0.008769066722431539]
[-0.5366707442108228, 0.008769066722431539], 0, -1.0, [-0.5288036628508829, 0.007867081359940013]
[-0.5288036628508829, 0.007867081359940013], 0, -1.0, [-0.5218975464228335, 0.006906116428049431]
[-0.5218975464228335, 0.006906116428049431], 0, -1.0, [-0.5160041891582089, 0.005893357264624597]
[-0.5160041891582089, 0.005893357264624597], 0, -1.0, [-0.5111677863640786, 0.0048364027941303405]
[-0.5111677863640786, 0.0048364027941303405], 0, -1.0, [-0.5074245943799698, 0.00374319198410873]
[-0.5074245943799698, 0.00374319198410873], 0, -1.0, [-0.5048026611592337, 0.0026219332207361437]
[-0.5048026611592337, 0.0026219332207361437], 0, -1.0, [-0.5033216241024463, 0.001481037056787366]
[-0.5033216241024463, 0.001481037056787366], 0, -1.0, [-0.5029925719055969, 0.00032905219684942937]
[-0.5029925719055969, 0.00032905219684942937], 0, -1.0, [-0.5038179678209426, -0.0008253959153456827]
[-0.5038179678209426, -0.0008253959153456827], 0, -1.0, [-0.5057916327367316, -0.0019736649157890383]
[-0.5057916327367316, -0.0019736649157890383], 0, -1.0, [-0.5088987877094243, -0.0031071549726927454]
[-0.5088987877094243, -0.0031071549726927454], 0, -1.0, [-0.513116156858963, -0.004217369149538681]
[-0.513116156858963, -0.004217369149538681], 0, -1.0, [-0.5184121326909737, -0.005295975832010807]
[-0.5184121326909737, -0.005295975832010807], 0, -1.0, [-0.5247470067751269, -0.006334874084153146]
[-0.5247470067751269, -0.006334874084153146], 0, -1.0, [-0.5320732691424848, -0.007326262367357941]
[-0.5320732691424848, -0.007326262367357941], 0, -1.0, [-0.5403359796549368, -0.008262710512452075]
[-0.5403359796549368, -0.008262710512452075], 0, -1.0, [-0.5494732138777392, -0.009137234222802378]
[-0.5494732138777392, -0.009137234222802378], 0, -1.0, [-0.5594165846338647, -0.009943370756125487]
[-0.5594165846338647, -0.009943370756125487], 0, -1.0, [-0.5700918384750927, -0.010675253841227993]
[-0.5700918384750927, -0.010675253841227993], 0, -1.0, [-0.5814195238663377, -0.011327685391245004]
[-0.5814195238663377, -0.011327685391245004], 0, -1.0, [-0.5933157250976259, -0.011896201231288178]
[-0.5933157250976259, -0.011896201231288178], 0, -1.0, [-0.6056928530079896, -0.01237712791036372]
[-0.6056928530079896, -0.01237712791036372], 0, -1.0, [-0.6184604807523617, -0.012767627744372095]
[-0.6184604807523617, -0.012767627744372095], 0, -1.0, [-0.6315262103009143, -0.0130657295485526]
[-0.6315262103009143, -0.0130657295485526], 0, -1.0, [-0.6447965533519354, -0.013270343051021127]
[-0.6447965533519354, -0.013270343051021127], 0, -1.0, [-0.6581778090506178, -0.013381255698682428]
[-0.6581778090506178, -0.013381255698682428], 0, -1.0, [-0.6715769204683584, -0.01339911141774055]
[-0.6715769204683584, -0.01339911141774055], 0, -1.0, [-0.6849022922725487, -0.0133253718041903]
[-0.6849022922725487, -0.0133253718041903], 0, -1.0, [-0.6980645533920777, -0.013162261119528963]
[-0.6980645533920777, -0.013162261119528963], 0, -1.0, [-0.7109772506721588, -0.012912697280081077]
[-0.7109772506721588, -0.012912697280081077], 0, -1.0, [-0.7235574623638297, -0.012580211691670867]
[-0.7235574623638297, -0.012580211691670867], 0, -1.0, [-0.7357263236124825, -0.01216886124865281]
[-0.7357263236124825, -0.01216886124865281], 2, -1.0, [-0.745409459674645, -0.009683136062162508]
[-0.745409459674645, -0.009683136062162508], 2, -1.0, [-0.7525490980761184, -0.00713963840147339]
[-0.7525490980761184, -0.00713963840147339], 2, -1.0, [-0.757103473099242, -0.004554375023123657]
[-0.757103473099242, -0.004554375023123657], 2, -1.0, [-0.7590463211180551, -0.0019428480188131503]
[-0.7590463211180551, -0.0019428480188131503], 2, -1.0, [-0.7583665296052551, 0.0006797915128001122]
[-0.7583665296052551, 0.0006797915128001122], 2, -1.0, [-0.7550679805209722, 0.003298549084282818]
[-0.7550679805209722, 0.003298549084282818], 2, -1.0, [-0.749169605577876, 0.005898374943096163]
[-0.749169605577876, 0.005898374943096163], 2, -1.0, [-0.7407056472533308, 0.008463958324545237]
[-0.7407056472533308, 0.008463958324545237], 2, -1.0, [-0.7297260959340891, 0.01097955131924171]
[-0.7297260959340891, 0.01097955131924171], 2, -1.0, [-0.7162972508312365, 0.013428845102852558]
[-0.7162972508312365, 0.013428845102852558], 2, -1.0, [-0.7005023311320427, 0.01579491969919374]
[-0.7005023311320427, 0.01579491969919374], 2, -1.0, [-0.6824420454786927, 0.01806028565335001]
[-0.6824420454786927, 0.01806028565335001], 2, -1.0, [-0.6622350139251697, 0.020207031553522985]
[-0.6622350139251697, 0.020207031553522985], 2, -1.0, [-0.6400179290123693, 0.022217084912800434]
[-0.6400179290123693, 0.022217084912800434], 2, -1.0, [-0.6159453436210641, 0.024072585391305204]
[-0.6159453436210641, 0.024072585391305204], 2, -1.0, [-0.5901889846464708, 0.025756358974593233]
[-0.5901889846464708, 0.025756358974593233], 2, -1.0, [-0.5629365143596243, 0.027252470286846537]
[-0.5629365143596243, 0.027252470286846537], 2, -1.0, [-0.5343896953820646, 0.02854681897755969]
[-0.5343896953820646, 0.02854681897755969], 2, -1.0, [-0.5047619586414308, 0.029627736740633775]
[-0.5047619586414308, 0.029627736740633775], 2, -1.0, [-0.4742754228473834, 0.030486535794047427]
[-0.4742754228473834, 0.030486535794047427], 2, -1.0, [-0.4431574637490121, 0.031117959098371277]
[-0.4431574637490121, 0.031117959098371277], 2, -1.0, [-0.41163697566714624, 0.031520488081865874]
[-0.41163697566714624, 0.031520488081865874], 2, -1.0, [-0.37994050063925855, 0.03169647502788767]
[-0.37994050063925855, 0.03169647502788767], 2, -1.0, [-0.34828841732797433, 0.0316520833112842]
[-0.34828841732797433, 0.0316520833112842], 0, -1.0, [-0.31889138018826996, 0.02939703713970437]
[-0.31889138018826996, 0.02939703713970437], 0, -1.0, [-0.29193494636133854, 0.026956433826931414]
[-0.29193494636133854, 0.026956433826931414], 0, -1.0, [-0.26757945978843906, 0.02435548657289947]
[-0.26757945978843906, 0.02435548657289947], 0, -1.0, [-0.24596082248174497, 0.021618637306694072]
[-0.24596082248174497, 0.021618637306694072], 0, -1.0, [-0.2271919219966545, 0.018768900485090476]
[-0.2271919219966545, 0.018768900485090476], 0, -1.0, [-0.2113644738193833, 0.015827448177271185]
[-0.2113644738193833, 0.015827448177271185], 0, -1.0, [-0.19855104846103164, 0.01281342535835166]
[-0.19855104846103164, 0.01281342535835166], 0, -1.0, [-0.18880707867397203, 0.0097439697870596]
[-0.18880707867397203, 0.0097439697870596], 0, -1.0, [-0.18217267587550745, 0.006634402798464596]
[-0.18217267587550745, 0.006634402798464596], 0, -1.0, [-0.178674121409089, 0.0034985544664184335]
[-0.178674121409089, 0.0034985544664184335], 0, -1.0, [-0.17832493428401208, 0.0003491871250769331]
[-0.17832493428401208, 0.0003491871250769331], 0, -1.0, [-0.18112645084778958, -0.0028015165637774973]
[-0.18112645084778958, -0.0028015165637774973], 0, -1.0, [-0.18706788326251134, -0.005941432414721755]
[-0.18706788326251134, -0.005941432414721755], 0, -1.0, [-0.1961258535154169, -0.009057970252905553]
[-0.1961258535154169, -0.009057970252905553], 0, -1.0, [-0.20826342938615208, -0.012137575870735183]
[-0.20826342938615208, -0.012137575870735183], 0, -1.0, [-0.2234287197656328, -0.015165290379480716]
[-0.2234287197656328, -0.015165290379480716], 0, -1.0, [-0.24155311997730697, -0.01812440021167417]
[-0.24155311997730697, -0.01812440021167417], 0, -1.0, [-0.2625493333615757, -0.02099621338426872]
[-0.2625493333615757, -0.02099621338426872], 0, -1.0, [-0.28630933204121206, -0.023759998679636345]
[-0.28630933204121206, -0.023759998679636345], 0, -1.0, [-0.3127024544790622, -0.02639312243785015]
[-0.3127024544790622, -0.02639312243785015], 0, -1.0, [-0.34157386537134843, -0.02887141089228622]
[-0.34157386537134843, -0.02887141089228622], 0, -1.0, [-0.37274361831979635, -0.03116975294844792]
[-0.37274361831979635, -0.03116975294844792], 0, -1.0, [-0.4060065566979041, -0.03326293837810774]
[-0.4060065566979041, -0.03326293837810774], 0, -1.0, [-0.44113325707051715, -0.035126700372613055]
[-0.44113325707051715, -0.035126700372613055], 0, -1.0, [-0.4778721589781991, -0.03673890190768195]
[-0.4778721589781991, -0.03673890190768195], 0, -1.0, [-0.5159529359000206, -0.03808077692182141]
[-0.5159529359000206, -0.03808077692182141], 0, -1.0, [-0.5550910515913313, -0.0391381156913108]
[-0.5550910515913313, -0.0391381156913108], 0, -1.0, [-0.5949933264259057, -0.03990227483457447]
[-0.5949933264259057, -0.03990227483457447], 0, -1.0, [-0.6353642267478657, -0.040370900321960036]
[-0.6353642267478657, -0.040370900321960036], 0, -1.0, [-0.6759125044831135, -0.04054827773524774]
[-0.6759125044831135, -0.04054827773524774], 0, -1.0, [-0.7163577692757639, -0.040445264792650384]
[-0.7163577692757639, -0.040445264792650384], 0, -1.0, [-0.756436579360893, -0.0400788100851291]
[-0.756436579360893, -0.0400788100851291], 0, -1.0, [-0.7959076895208941, -0.039471110160001065]
[-0.7959076895208941, -0.039471110160001065], 0, -1.0, [-0.8345561853351876, -0.0386484958142935]
[-0.8345561853351876, -0.0386484958142935], 0, -1.0, [-0.8721963467790064, -0.03764016144381878]
[-0.8721963467790064, -0.03764016144381878], 0, -1.0, [-0.9086732028963052, -0.03647685611729874]
[-0.9086732028963052, -0.03647685611729874], 0, -1.0, [-0.9438628462028028, -0.03518964330649767]
[-0.9438628462028028, -0.03518964330649767], 0, -1.0, [-0.9776716587228829, -0.03380881252008007]
[-0.9776716587228829, -0.03380881252008007], 0, -1.0, [-1.0100346551865438, -0.03236299646366089]
[-1.0100346551865438, -0.03236299646366089], 0, -1.0, [-1.0409131727227645, -0.030878517536220805]
[-1.0409131727227645, -0.030878517536220805], 0, -1.0, [-1.0702921345467193, -0.029378961823954768]
[-1.0702921345467193, -0.029378961823954768], 0, -1.0, [-1.0981770942683464, -0.027884959721627068]
[-1.0981770942683464, -0.027884959721627068], 0, -1.0, [-1.1245912348249179, -0.02641414055657138]
[-1.1245912348249179, -0.02641414055657138], 0, -1.0, [-1.1495724582590796, -0.024981223434161808]
[-1.1495724582590796, -0.024981223434161808], 0, -1.0, [-1.1731706647914057, -0.023598206532326027]
[-1.1731706647914057, -0.023598206532326027], 0, -1.0, [-1.1954452853638506, -0.02227462057244496]
[-1.1954452853638506, -0.02227462057244496], 0, -1.0, [-1.2, 0.0]
[-1.2, 0.0], 2, -1.0, [-1.1967581039591646, 0.003241896040835368]
[-1.1967581039591646, 0.003241896040835368], 2, -1.0, [-1.1902636585360942, 0.006494445423070332]
[-1.1902636585360942, 0.006494445423070332], 2, -1.0, [-1.1804959639787937, 0.009767694557300442]
[-1.1804959639787937, 0.009767694557300442], 2, -1.0, [-1.1674255149588486, 0.013070449019945182]
[-1.1674255149588486, 0.013070449019945182], 2, -1.0, [-1.1510159267200155, 0.016409588238833067]
[-1.1510159267200155, 0.016409588238833067], 2, -1.0, [-1.1312266168239755, 0.019789309896040046]
[-1.1312266168239755, 0.019789309896040046], 2, -1.0, [-1.108016322100852, 0.02321029472312345]
[-1.108016322100852, 0.02321029472312345], 2, -1.0, [-1.081347524946184, 0.02666879715466819]
[-1.081347524946184, 0.02666879715466819], 2, -1.0, [-1.0511918363028878, 0.03015568864329602]
[-1.0511918363028878, 0.03015568864329602], 2, -1.0, [-1.0175363271434712, 0.0336555091594167]
[-1.0175363271434712, 0.0336555091594167], 2, -1.0, [-0.9803907090723114, 0.03714561807115983]
[-0.9803907090723114, 0.03714561807115983], 2, -1.0, [-0.9397951336374217, 0.04059557543488971]
[-0.9397951336374217, 0.04059557543488971], 2, -1.0, [-0.8958282112564235, 0.043966922380998245]
[-0.8958282112564235, 0.043966922380998245], 2, -1.0, [-0.8486146572192776, 0.04721355403714586]
[-0.8486146572192776, 0.04721355403714586], 2, -1.0, [-0.7983317816221248, 0.05028287559715283]
[-0.7983317816221248, 0.05028287559715283], 2, -1.0, [-0.7452138959379592, 0.0531178856841656]
[-0.7452138959379592, 0.0531178856841656], 2, -1.0, [-0.6895536666604415, 0.0556602292775177]
[-0.6895536666604415, 0.0556602292775177], 2, -1.0, [-0.6316995610792892, 0.057854105581152386]
[-0.6316995610792892, 0.057854105581152386], 2, -1.0, [-0.5720488365336812, 0.05965072454560789]
[-0.5720488365336812, 0.05965072454560789], 2, -1.0, [-0.5110360146660762, 0.061012821867605024]
[-0.5110360146660762, 0.061012821867605024], 2, -1.0, [-0.44911739120176025, 0.061918623464315904]
[-0.44911739120176025, 0.061918623464315904], 2, -1.0, [-0.38675274139346727, 0.06236464980829299]
[-0.38675274139346727, 0.06236464980829299], 2, -1.0, [-0.3243858485235833, 0.06236689286988392]
[-0.3243858485235833, 0.06236689286988392], 2, -1.0, [-0.2624256859117381, 0.061960162611845254]
[-0.2624256859117381, 0.061960162611845254], 2, -1.0, [-0.20122996568717166, 0.061195720224566416]
[-0.20122996568717166, 0.061195720224566416], 2, -1.0, [-0.14109236178367496, 0.06013760390349669]
[-0.14109236178367496, 0.06013760390349669], 2, -1.0, [-0.08223412731502394, 0.05885823446865101]
[-0.08223412731502394, 0.05885823446865101], 2, -1.0, [-0.024800200336085113, 0.05743392697893883]
[-0.024800200336085113, 0.05743392697893883], 2, -1.0, [0.03114064276343887, 0.05594084309952398]
[0.03114064276343887, 0.05594084309952398], 2, -1.0, [0.08559238750154527, 0.0544517447381064]
[0.08559238750154527, 0.0544517447381064], 2, -1.0, [0.13862609852276647, 0.05303371102122119]
[0.13862609852276647, 0.05303371102122119], 2, -1.0, [0.19037290492486428, 0.0517468064020978]
[0.19037290492486428, 0.0517468064020978], 1, -1.0, [0.24001646944167865, 0.04964356451681436]
[0.24001646944167865, 0.04964356451681436], 1, -1.0, [0.28778060108566533, 0.047764131643986706]
[0.28778060108566533, 0.047764131643986706], 1, -1.0, [0.3339199795570522, 0.04613937847138687]
[0.3339199795570522, 0.04613937847138687], 1, -1.0, [0.3787123066970787, 0.0447923271400265]
[0.3787123066970787, 0.0447923271400265], 1, -1.0, [0.4224518800794228, 0.0437395733823441]
[0.4224518800794228, 0.0437395733823441], 1, -1.0, [0.4654444398008648, 0.042992559721442024]
[0.4654444398008648, 0.042992559721442024], 1, -1.0, [0.5080030512181968, 0.042558611417332]
