[-0.4133315647455317, 0.0], 0, -1.0, [-0.4151435680018825, -0.0018120032563508442]
[-0.4151435680018825, -0.0018120032563508442], 0, -1.0, [-0.41875470937625464, -0.0036111413743721045]
[-0.41875470937625464, -0.0036111413743721045], 0, -1.0, [-0.42413927988445105, -0.005384570508196384]
[-0.42413927988445105, -0.005384570508196384], 0, -1.0, [-0.43125877721372935, -0.007119497329278308]
[-0.43125877721372935, -0.007119497329278308], 0, -1.0, [-0.44006200073266216, -0.008803223518932828]
[-0.44006200073266216, -0.008803223518932828], 0, -1.0, [-0.4504852124121513, -0.010423211679489145]
[-0.4504852124121513, -0.010423211679489145], 0, -1.0, [-0.4624523894824357, -0.011967177070284414]
[-0.4624523894824357, -0.011967177070284414], 0, -1.0, [-0.4758755968083243, -0.013423207325888566]
[-0.4758755968083243, -0.013423207325888566], 0, -1.0, [-0.490655506469417, -0.014779909661092702]
[-0.490655506469417, -0.014779909661092702], 0, -1.0, [-0.5066820886355963, -0.016026582166179255]
[-0.5066820886355963, -0.016026582166179255], 0, -1.0, [-0.5238354914983976, -0.017153402862801315]
[-0.5238354914983976, -0.017153402862801315], 0, -1.0, [-0.5419871189920974, -0.018151627493699796]
[-0.5419871189920974, -0.018151627493699796], 0, -1.0, [-0.5610009038485124, -0.019013784856415052]
[-0.5610009038485124, -0.019013784856415052], 0, -1.0, [-0.5807347610013586, -0.01973385715284616]
[-0.5807347610013586, -0.01973385715284616], 0, -1.0, [-0.6010421935514241, -0.020307432550065483]
[-0.6010421935514241, -0.020307432550065483], 0, -1.0, [-0.6217740116205187, -0.020731818069094597]
[-0.6217740116205187, -0.020731818069094597], 0, -1.0, [-0.6427801146548598, -0.02100610303434116]
[-0.6427801146548598, -0.02100610303434116], 0, -1.0, [-0.6639112811226422, -0.021131166467782382]
[-0.6639112811226422, -0.021131166467782382], 0, -1.0, [-0.6850209068160484, -0.021109625693406294]
[-0.6850209068160484, -0.021109625693406294], 0, -1.0, [-0.7059666344322102, -0.02094572761616177]
[-0.7059666344322102, -0.02094572761616177], 0, -1.0, [-0.7266118226287612, -0.020645188196550996]
[-0.7266118226287612, -0.020645188196550996], 1, -1.0, [-0.7458268117511324, -0.0192149891223712]
[-0.7458268117511324, -0.0192149891223712], 0, -1.0, [-0.7644958420978594, -0.018669030346726987]
[-0.7644958420978594, -0.018669030346726987], 2, -1.0, [-0.7805113585922933, -0.016015516494433904]
[-0.7805113585922933, -0.016015516494433904], 2, -1.0, [-0.7937852133692247, -0.013273854776931458]
[-0.7937852133692247, -0.013273854776931458], 2, -1.0, [-0.804247386379374, -0.010462173010149336]
[-0.804247386379374, -0.010462173010149336], 2, -1.0, [-0.8118447081890268, -0.007597321809652812]
[-0.8118447081890268, -0.007597321809652812], 2, -1.0, [-0.8165397170922114, -0.004695008903184616]
[-0.8165397170922114, -0.004695008903184616], 2, -1.0, [-0.818309755229593, -0.0017700381373816684]
[-0.818309755229593, -0.0017700381373816684], 2, -1.0, [-0.8171463793779983, 0.0011633758515947187]
[-0.8171463793779983, 0.0011633758515947187], 2, -1.0, [-0.813055132807369, 0.004091246570629353]
[-0.813055132807369, 0.004091246570629353], 2, -1.0, [-0.8060556955991126, 0.006999437208256376]
[-0.8060556955991126, 0.006999437208256376], 2, -1.0, [-0.7961824020001265, 0.009873293598986168]
[-0.7961824020001265, 0.009873293598986168], 2, -1.0, [-0.7834850844415134, 0.012697317558613013]
[-0.7834850844415134, 0.012697317558613013], 2, -1.0, [-0.7680301746215231, 0.015454909819990363]
[-0.7680301746215231, 0.015454909819990363], 2, -1.0, [-0.7499019628926482, 0.018128211728874855]
[-0.7499019628926482, 0.018128211728874855], 2, -1.0, [-0.7292038892752222, 0.02069807361742604]
[-0.7292038892752222, 0.02069807361742604], 2, -1.0, [-0.7060597149249223, 0.023144174350299883]
[-0.7060597149249223, 0.023144174350299883], 2, -1.0, [-0.6806144050008277, 0.02544530992409455]
[-0.6806144050008277, 0.02544530992409455], 2, -1.0, [-0.6530345465533337, 0.027579858447493957]
[-0.6530345465533337, 0.027579858447493957], 2, -1.0, [-0.6235081323819688, 0.02952641417136487]
[-0.6235081323819688, 0.02952641417136487], 2, -1.0, [-0.5922435671820485, 0.03126456519992026]
[-0.5922435671820485, 0.03126456519992026], 2, -1.0, [-0.5594677972801964, 0.03277576990185215]
[-0.5594677972801964, 0.03277576990185215], 2, -1.0, [-0.5254235285870579, 0.034044268693138535]
[-0.5254235285870579, 0.034044268693138535], 2, -1.0, [-0.49036557431485767, 0.035057954272200195]
[-0.49036557431485767, 0.035057954272200195], 2, -1.0, [-0.45455645633447445, 0.035809117980383234]
[-0.45455645633447445, 0.035809117980383234], 2, -1.0, [-0.4182614611522422, 0.036294995182232226]
[-0.4182614611522422, 0.036294995182232226], 2, -1.0, [-0.3817434121312461, 0.03651804902099616]
[-0.3817434121312461, 0.03651804902099616], 2, -1.0, [-0.3452574542250796, 0.036485957906166475]
[-0.3452574542250796, 0.036485957906166475], 2, -1.0, [-0.30904615045606976, 0.03621130376900981]
[-0.30904615045606976, 0.03621130376900981], 2, -1.0, [-0.27333516020189363, 0.035710990254176116]
[-0.27333516020189363, 0.035710990254176116], 2, -1.0, [-0.23832971294810595, 0.035005447253787667]
[-0.23832971294810595, 0.035005447253787667], 2, -1.0, [-0.2042120165991429, 0.03411769634896305]
[-0.2042120165991429, 0.03411769634896305], 2, -1.0, [-0.17113965791186933, 0.03307235868727357]
[-0.17113965791186933, 0.03307235868727357], 2, -1.0, [-0.13924497508658407, 0.03189468282528527]
[-0.13924497508658407, 0.03189468282528527], 2, -1.0, [-0.10863531777403732, 0.030609657312546758]
[-0.10863531777403732, 0.030609657312546758], 1, -1.0, [-0.08039406310825617, 0.028241254665781142]
[-0.08039406310825617, 0.028241254665781142], 1, -1.0, [-0.0545804491591074, 0.025813613949148773]
[-0.0545804491591074, 0.025813613949148773], 1, -1.0, [-0.03123339598635262, 0.023347053172754775]
[-0.03123339598635262, 0.023347053172754775], 1, -1.0, [-0.01037537618425792, 0.0208580198020947]
[-0.01037537618425792, 0.0208580198020947], 1, -1.0, [0.007983854564912986, 0.018359230749170907]
[0.007983854564912986, 0.018359230749170907], 0, -1.0, [0.022843802376556976, 0.01485994781164399]
[0.022843802376556976, 0.01485994781164399], 0, -1.0, [0.034209618583096145, 0.011365816206539167]
[0.034209618583096145, 0.011365816206539167], 0, -1.0, [0.042088589090254036, 0.007878970507157888]
[0.042088589090254036, 0.007878970507157888], 0, -1.0, [0.046487461939308194, 0.0043988728490541576]
[0.046487461939308194, 0.0043988728490541576], 0, -1.0, [0.04741060760469761, 0.0009231456653894161]
[0.04741060760469761, 0.0009231456653894161], 0, -1.0, [0.044858998033046826, -0.0025516095716507834]
[0.044858998033046826, -0.0025516095716507834], 0, -1.0, [0.03882999302378194, -0.0060290050092648845]
[0.03882999302378194, -0.0060290050092648845], 0, -1.0, [0.029317931235700645, -0.009512061788081295]
[0.029317931235700645, -0.009512061788081295], 0, -1.0, [0.016315533052794033, -0.013002398182906612]
[0.016315533052794033, -0.013002398182906612], 0, -1.0, [-0.00018387101599001698, -0.01649940406878405]
[-0.00018387101599001698, -0.01649940406878405], 0, -1.0, [-0.020183274704427885, -0.019999403688437868]
[-0.020183274704427885, -0.019999403688437868], 0, -1.0, [-0.04367809694136299, -0.023494822236935102]
[-0.04367809694136299, -0.023494822236935102], 0, -1.0, [-0.07065148738822097, -0.026973390446857978]
[-0.07065148738822097, -0.026973390446857978], 0, -1.0, [-0.10106893188506884, -0.03041744449684787]
[-0.10106893188506884, -0.03041744449684787], 0, -1.0, [-0.13487233614621566, -0.03380340426114683]
[-0.13487233614621566, -0.03380340426114683], 0, -1.0, [-0.17197387349639795, -0.0371015373501823]
[-0.17197387349639795, -0.0371015373501823], 0, -1.0, [-0.2122500069029486, -0.040276133406550646]
[-0.2122500069029486, -0.040276133406550646], 0, -1.0, [-0.25553622128768494, -0.04328621438473636]
[-0.25553622128768494, -0.04328621438473636], 0, -1.0, [-0.30162310408561493, -0.04608688279793]
[-0.30162310408561493, -0.04608688279793], 0, -1.0, [-0.35025445776051234, -0.04863135367489739]
[-0.35025445776051234, -0.04863135367489739], 0, -1.0, [-0.4011280832735719, -0.05087362551305957]
[-0.4011280832735719, -0.05087362551305957], 0, -1.0, [-0.453899712367436, -0.05277162909386407]
[-0.453899712367436, -0.05277162909386407], 0, -1.0, [-0.5081902835578525, -0.054290571190416415]
[-0.5081902835578525, -0.054290571190416415], 0, -1.0, [-0.5635963772869901, -0.05540609372913758]
[-0.5635963772869901, -0.05540609372913758], 0, -1.0, [-0.6197032083558944, -0.05610683106890437]
[-0.6197032083558944, -0.05610683106890437], 0, -1.0, [-0.6760992005560246, -0.05639599220013018]
[-0.6760992005560246, -0.05639599220013018], 0, -1.0, [-0.7323909234199488, -0.056291722863924254]
[-0.7323909234199488, -0.056291722863924254], 0, -1.0, [-0.7882171138758416, -0.05582619045589281]
[-0.7882171138758416, -0.05582619045589281], 1, -1.0, [-0.8422606510279698, -0.054043537152128215]
[-0.8422606510279698, -0.054043537152128215], 1, -1.0, [-0.8942619815545422, -0.05200133052657243]
[-0.8942619815545422, -0.05200133052657243], 1, -1.0, [-0.944021858034242, -0.04975987647969978]
[-0.944021858034242, -0.04975987647969978], 1, -1.0, [-0.9914005401842652, -0.04737868215002317]
[-0.9914005401842652, -0.04737868215002317], 0, -1.0, [-1.0373141653260982, -0.04591362514183316]
[-1.0373141653260982, -0.04591362514183316], 0, -1.0, [-1.081728889302234, -0.04441472397613592]
[-1.081728889302234, -0.04441472397613592], 0, -1.0, [-1.1246570159355584, -0.04292812663332433]
[-1.1246570159355584, -0.04292812663332433], 0, -1.0, [-1.166152339015892, -0.04149532308033377]
[-1.166152339015892, -0.04149532308033377], 0, -1.0, [-1.2, 0.0]
[-1.2, 0.0], 2, -1.0, [-1.1967581039591646, 0.003241896040835368]
[-1.1967581039591646, 0.003241896040835368], 2, -1.0, [-1.1902636585360942, 0.006494445423070332]
[-1.1902636585360942, 0.006494445423070332], 2, -1.0, [-1.1804959639787937, 0.009767694557300442]
[-1.1804959639787937, 0.009767694557300442], 2, -1.0, [-1.1674255149588486, 0.013070449019945182]
[-1.1674255149588486, 0.013070449019945182], 2, -1.0, [-1.1510159267200155, 0.016409588238833067]
[-1.1510159267200155, 0.016409588238833067], 2, -1.0, [-1.1312266168239755, 0.019789309896040046]
[-1.1312266168239755, 0.019789309896040046], 2, -1.0, [-1.108016322100852, 0.02321029472312345]
[-1.108016322100852, 0.02321029472312345], 2, -1.0, [-1.081347524946184, 0.02666879715466819]
[-1.081347524946184, 0.02666879715466819], 2, -1.0, [-1.0511918363028878, 0.03015568864329602]
[-1.0511918363028878, 0.03015568864329602], 2, -1.0, [-1.0175363271434712, 0.0336555091594167]
[-1.0175363271434712, 0.0336555091594167], 2, -1.0, [-0.9803907090723114, 0.03714561807115983]
[-0.9803907090723114, 0.03714561807115983], 2, -1.0, [-0.9397951336374217, 0.04059557543488971]
[-0.9397951336374217, 0.04059557543488971], 2, -1.0, [-0.8958282112564235, 0.043966922380998245]
[-0.8958282112564235, 0.043966922380998245], 1, -1.0, [-0.8496146572192776, 0.04621355403714586]
[-0.8496146572192776, 0.04621355403714586], 2, -1.0, [-0.8003275824757488, 0.04928707474352887]
[-0.8003275824757488, 0.04928707474352887], 0, -1.0, [-0.7501953648095883, 0.05013221766616049]
[-0.7501953648095883, 0.05013221766616049], 2, -1.0, [-0.6974915732954988, 0.052703791514089444]
[-0.6974915732954988, 0.052703791514089444], 2, -1.0, [-0.6425419418338607, 0.05494963146163812]
[-0.6425419418338607, 0.05494963146163812], 2, -1.0, [-0.5857190473581881, 0.05682289447567254]
[-0.5857190473581881, 0.05682289447567254], 2, -1.0, [-0.5274329429888499, 0.0582861043693382]
[-0.5274329429888499, 0.0582861043693382], 2, -1.0, [-0.46811808299819, 0.05931485999065988]
[-0.46811808299819, 0.05931485999065988], 1, -1.0, [-0.4092174096368325, 0.058900673361357535]
[-0.4092174096368325, 0.058900673361357535], 1, -1.0, [-0.3511578601551986, 0.058059549481633894]
[-0.3511578601551986, 0.058059549481633894], 2, -1.0, [-0.2933346981430531, 0.05782316201214557]
[-0.2933346981430531, 0.05782316201214557], 1, -1.0, [-0.23710440610205125, 0.056230292041001814]
[-0.23710440610205125, 0.056230292041001814], 2, -1.0, [-0.1817678771167554, 0.05533652898529585]
[-0.1817678771167554, 0.05533652898529585], 1, -1.0, [-0.12856877273991002, 0.05319910437684539]
[-0.12856877273991002, 0.05319910437684539], 1, -1.0, [-0.07768600070619279, 0.05088277203371723]
[-0.07768600070619279, 0.05088277203371723], 2, -1.0, [-0.02823564039193751, 0.04945036031425528]
[-0.02823564039193751, 0.04945036031425528], 1, -1.0, [0.018723683638761666, 0.046959324030699176]
[0.018723683638761666, 0.046959324030699176], 1, -1.0, [0.0631869506162707, 0.04446326697750904]
[0.0631869506162707, 0.04446326697750904], 1, -1.0, [0.10519499990013256, 0.042008049283861856]
[0.10519499990013256, 0.042008049283861856], 0, -1.0, [0.14382651174977298, 0.03863151184964043]
[0.14382651174977298, 0.03863151184964043], 2, -1.0, [0.18118715364946514, 0.03736064189969215]
[0.18118715364946514, 0.03736064189969215], 2, -1.0, [0.21740811512317273, 0.036220961473707604]
[0.21740811512317273, 0.036220961473707604], 2, -1.0, [0.2526422373801708, 0.035234122256998054]
[0.2526422373801708, 0.035234122256998054], 2, -1.0, [0.2870607026763576, 0.03441846529618681]
[0.2870607026763576, 0.03441846529618681], 2, -1.0, [0.3208503150706868, 0.03378961239432922]
[0.3208503150706868, 0.03378961239432922], 1, -1.0, [0.35321135644128726, 0.03236104137060048]
[0.35321135644128726, 0.03236104137060048], 2, -1.0, [0.3853494196350037, 0.03213806319371643]
[0.3853494196350037, 0.03213806319371643], 2, -1.0, [0.417480084402702, 0.0321306647676983]
[0.417480084402702, 0.0321306647676983], 1, -1.0, [0.4488282350126858, 0.031348150609983784]
[0.4488282350126858, 0.031348150609983784], 1, -1.0, [0.4796202974169977, 0.030792062404311853]
[0.4796202974169977, 0.030792062404311853], 2, -1.0, [0.5110834773168984, 0.03146317989990075]
