[-0.42467156870480693, 0.0], 0, -1.0, [-0.42640267882049854, -0.0017311101156916309]
[-0.42640267882049854, -0.0017311101156916309], 0, -1.0, [-0.42985247351936146, -0.003449794698862934]
[-0.42985247351936146, -0.003449794698862934], 0, -1.0, [-0.43499613345259547, -0.00514365993323399]
[-0.43499613345259547, -0.00514365993323399], 0, -1.0, [-0.4417965156516555, -0.006800382199060045]
[-0.4417965156516555, -0.006800382199060045], 0, -1.0, [-0.4502042751932545, -0.00840775954159898]
[-0.4502042751932545, -0.00840775954159898], 0, -1.0, [-0.46015805647928715, -0.00995378128603266]
[-0.46015805647928715, -0.00995378128603266], 0, -1.0, [-0.4715847758779689, -0.0114267193986817]
[-0.4715847758779689, -0.0114267193986817], 0, -1.0, [-0.4844000190828529, -0.012815243204884011]
[-0.4844000190828529, -0.012815243204884011], 0, -1.0, [-0.49850857583621383, -0.0141085567533609]
[-0.49850857583621383, -0.0141085567533609], 0, -1.0, [-0.5138051314473462, -0.015296555611132315]
[-0.5138051314473462, -0.015296555611132315], 0, -1.0, [-0.5301751288222449, -0.01636999737489875]
[-0.5301751288222449, -0.01636999737489875], 0, -1.0, [-0.5474958067475919, -0.017320677925346983]
[-0.5474958067475919, -0.017320677925346983], 0, -1.0, [-0.565637410426732, -0.018141603679140035]
[-0.565637410426732, -0.018141603679140035], 0, -1.0, [-0.5844645594724784, -0.0188271490457464]
[-0.5844645594724784, -0.0188271490457464], 0, -1.0, [-0.6038377476315325, -0.01937318815905411]
[-0.6038377476315325, -0.01937318815905411], 0, -1.0, [-0.6236149384578015, -0.019777190826268977]
[-0.6236149384578015, -0.019777190826268977], 0, -1.0, [-0.6436532129610147, -0.0200382745032133]
[-0.6436532129610147, -0.0200382745032133], 0, -1.0, [-0.663810419784625, -0.02015720682361017]
[-0.663810419784625, -0.02015720682361017], 0, -1.0, [-0.6839467763064203, -0.02013635652179536]
[-0.6839467763064203, -0.02013635652179536], 0, -1.0, [-0.703926370457463, -0.01997959415104268]
[-0.703926370457463, -0.01997959415104268], 0, -1.0, [-0.7236185178932848, -0.01969214743582181]
[-0.7236185178932848, -0.01969214743582181], 0, -1.0, [-0.7428989369429512, -0.019280419049666337]
[-0.7428989369429512, -0.019280419049666337], 0, -1.0, [-0.7616507137411429, -0.018751776798191722]
[-0.7616507137411429, -0.018751776798191722], 2, -1.0, [-0.7777650411784824, -0.016114327437339517]
[-0.7777650411784824, -0.016114327437339517], 2, -1.0, [-0.7911525423401213, -0.01338750116163892]
[-0.7911525423401213, -0.01338750116163892], 2, -1.0, [-0.8017420242665327, -0.010589481926411445]
[-0.8017420242665327, -0.010589481926411445], 2, -1.0, [-0.8094792220692887, -0.007737197802755962]
[-0.8094792220692887, -0.007737197802755962], 2, -1.0, [-0.8143256659277037, -0.0048464438584150515]
[-0.8143256659277037, -0.0048464438584150515], 2, -1.0, [-0.8162577766032709, -0.0019321106755671746]
[-0.8162577766032709, -0.0019321106755671746], 2, -1.0, [-0.8152662664093281, 0.0009915101939428832]
[-0.8152662664093281, 0.0009915101939428832], 2, -1.0, [-0.8113558934977464, 0.003910372911581689]
[-0.8113558934977464, 0.003910372911581689], 2, -1.0, [-0.8045455884419305, 0.006810305055815932]
[-0.8045455884419305, 0.006810305055815932], 2, -1.0, [-0.7948689433845452, 0.009676645057385256]
[-0.7948689433845452, 0.009676645057385256], 2, -1.0, [-0.7823750252126316, 0.012493918171913603]
[-0.7823750252126316, 0.012493918171913603], 2, -1.0, [-0.7671294451819938, 0.015245580030637841]
[-0.7671294451819938, 0.015245580030637841], 2, -1.0, [-0.7492155884816438, 0.017913856700349968]
[-0.7492155884816438, 0.017913856700349968], 2, -1.0, [-0.7287358795403999, 0.02047970894124394]
[-0.7287358795403999, 0.02047970894124394], 2, -1.0, [-0.7058129345440313, 0.022922944996368613]
[-0.7058129345440313, 0.022922944996368613], 2, -1.0, [-0.68059043475425, 0.02522249978978129]
[-0.68059043475425, 0.02522249978978129], 2, -1.0, [-0.6532335466420165, 0.027356888112233413]
[-0.6532335466420165, 0.027356888112233413], 2, -1.0, [-0.623928721588782, 0.02930482505323453]
[-0.623928721588782, 0.02930482505323453], 2, -1.0, [-0.5928827323103797, 0.03104598927840229]
[-0.5928827323103797, 0.03104598927840229], 2, -1.0, [-0.5603208468242741, 0.03256188548610563]
[-0.5603208468242741, 0.03256188548610563], 2, -1.0, [-0.5264841025671216, 0.033836744257152454]
[-0.5264841025671216, 0.033836744257152454], 2, -1.0, [-0.4916257186279345, 0.03485838393918711]
[-0.4916257186279345, 0.03485838393918711], 2, -1.0, [-0.4560067650755108, 0.03561895355242371]
[-0.4560067650755108, 0.03561895355242371], 2, -1.0, [-0.4198912846669683, 0.036115480408542525]
[-0.4198912846669683, 0.036115480408542525], 2, -1.0, [-0.3835411227898343, 0.03635016187713399]
[-0.3835411227898343, 0.03635016187713399], 2, -1.0, [-0.3472107568461632, 0.03633036594367113]
[-0.3472107568461632, 0.03633036594367113], 2, -1.0, [-0.3111424206686983, 0.036068336177464896]
[-0.3111424206686983, 0.036068336177464896], 2, -1.0, [-0.27556179227869887, 0.035580628389999425]
[-0.27556179227869887, 0.035580628389999425], 2, -1.0, [-0.24067445892038467, 0.03488733335831421]
[-0.24067445892038467, 0.03488733335831421], 2, -1.0, [-0.206663300580729, 0.03401115833965567]
[-0.206663300580729, 0.03401115833965567], 2, -1.0, [-0.17368685305123305, 0.03297644752949595]
[-0.17368685305123305, 0.03297644752949595], 2, -1.0, [-0.14187863482409382, 0.03180821822713922]
[-0.14187863482409382, 0.03180821822713922], 2, -1.0, [-0.11134735747731003, 0.0305312773467838]
[-0.11134735747731003, 0.0305312773467838], 1, -1.0, [-0.0831778921638475, 0.028169465313462542]
[-0.0831778921638475, 0.028169465313462542], 1, -1.0, [-0.057430996066985096, 0.025746896096862395]
[-0.057430996066985096, 0.025746896096862395], 1, -1.0, [-0.034147085577920566, 0.02328391048906453]
[-0.034147085577920566, 0.02328391048906453], 0, -1.0, [-0.014350068792707643, 0.019797016785212923]
[-0.014350068792707643, 0.019797016785212923], 0, -1.0, [0.0019492642850726279, 0.01629933307778027]
[0.0019492642850726279, 0.01629933307778027], 0, -1.0, [0.014748640108582681, 0.012799375823510054]
[0.014748640108582681, 0.012799375823510054], 0, -1.0, [0.02405046265972198, 0.009301822551139297]
[0.02405046265972198, 0.009301822551139297], 0, -1.0, [0.029858789666857028, 0.005808327007135048]
[0.029858789666857028, 0.005808327007135048], 0, -1.0, [0.03217713987653698, 0.0023183502096799564]
[0.03217713987653698, 0.0023183502096799564], 0, -1.0, [0.031007128937850337, -0.0011700109386866436]
[0.031007128937850337, -0.0011700109386866436], 0, -1.0, [0.026347926425040163, -0.004659202512810175]
[0.026347926425040163, -0.004659202512810175], 0, -1.0, [0.01819652974557809, -0.008151396679462075]
[0.01819652974557809, -0.008151396679462075], 0, -1.0, [0.0065488571702180896, -0.011647672575359999]
[0.0065488571702180896, -0.011647672575359999], 0, -1.0, [-0.00859833293594599, -0.015147190106164079]
[-0.00859833293594599, -0.015147190106164079], 0, -1.0, [-0.027244691360772712, -0.018646358424826724]
[-0.027244691360772712, -0.018646358424826724], 0, -1.0, [-0.04938270385978702, -0.022138012499014304]
[-0.04938270385978702, -0.022138012499014304], 0, -1.0, [-0.07499333167138847, -0.025610627811601446]
[-0.07499333167138847, -0.025610627811601446], 0, -1.0, [-0.10404095590827367, -0.0290476242368852]
[-0.10404095590827367, -0.0290476242368852], 0, -1.0, [-0.13646778970856321, -0.03242683380028956]
[-0.13646778970856321, -0.03242683380028956], 0, -1.0, [-0.17218801971435616, -0.03572023000579293]
[-0.17218801971435616, -0.03572023000579293], 0, -1.0, [-0.2110820529813695, -0.038894033267013364]
[-0.2110820529813695, -0.038894033267013364], 0, -1.0, [-0.2529913632404704, -0.04190931025910088]
[-0.2529913632404704, -0.04190931025910088], 0, -1.0, [-0.2977145295014878, -0.04472316626101744]
[-0.2977145295014878, -0.04472316626101744], 0, -1.0, [-0.3450051110795435, -0.047290581578055726]
[-0.3450051110795435, -0.047290581578055726], 0, -1.0, [-0.39457197452791803, -0.049566863448374514]
[-0.39457197452791803, -0.049566863448374514], 0, -1.0, [-0.44608255406896213, -0.05151057954104412]
[-0.44608255406896213, -0.05151057954104412], 0, -1.0, [-0.49916927943369305, -0.05308672536473091]
[-0.49916927943369305, -0.05308672536473091], 0, -1.0, [-0.5534390620439871, -0.05426978261029399]
[-0.5534390620439871, -0.05426978261029399], 0, -1.0, [-0.6084853413106647, -0.05504627926667761]
[-0.6084853413106647, -0.05504627926667761], 0, -1.0, [-0.6639018303387295, -0.05541648902806482]
[-0.6639018303387295, -0.05541648902806482], 0, -1.0, [-0.7192968432862509, -0.05539501294752138]
[-0.7192968432862509, -0.05539501294752138], 0, -1.0, [-0.7743069959023412, -0.05501015261609033]
[-0.7743069959023412, -0.05501015261609033], 1, -1.0, [-0.8276091689907504, -0.05330217308840923]
[-0.8276091689907504, -0.05330217308840923], 1, -1.0, [-0.8789344702331381, -0.0513253012423877]
[-0.8789344702331381, -0.0513253012423877], 1, -1.0, [-0.9280715804234103, -0.049137110190272226]
[-0.9280715804234103, -0.049137110190272226], 1, -1.0, [-0.9748666473655767, -0.04679506694216643]
[-0.9748666473655767, -0.04679506694216643], 0, -1.0, [-1.0202203410205453, -0.04535369365496859]
[-1.0202203410205453, -0.04535369365496859], 0, -1.0, [-1.0640822176186011, -0.04386187659805582]
[-1.0640822176186011, -0.04386187659805582], 0, -1.0, [-1.1064473008154894, -0.04236508319688824]
[-1.1064473008154894, -0.04236508319688824], 0, -1.0, [-1.147351773633756, -0.04090447281826663]
[-1.147351773633756, -0.04090447281826663], 0, -1.0, [-1.1868682473036705, -0.03951647366991458]
[-1.1868682473036705, -0.03951647366991458], 0, -1.0, [-1.2, 0.0]
[-1.2, 0.0], 1, -1.0, [-1.1977581039591645, 0.002241896040835368]
[-1.1977581039591645, 0.002241896040835368], 1, -1.0, [-1.193266922003125, 0.004491181956039541]
[-1.193266922003125, 0.004491181956039541], 2, -1.0, [-1.1855119564322518, 0.007754965570873074]
[-1.1855119564322518, 0.007754965570873074], 2, -1.0, [-1.1744691428266927, 0.011042813605559074]
[-1.1744691428266927, 0.011042813605559074], 2, -1.0, [-1.1601063542972423, 0.014362788529450343]
[-1.1601063542972423, 0.014362788529450343], 2, -1.0, [-1.142385619200586, 0.01772073509665632]
[-1.142385619200586, 0.01772073509665632], 0, -1.0, [-1.1232661269295268, 0.019119492271059066]
[-1.1232661269295268, 0.019119492271059066], 2, -1.0, [-1.1007114499551227, 0.02255467697440415]
[-1.1007114499551227, 0.02255467697440415], 2, -1.0, [-1.0746889208895753, 0.026022529065547275]
[-1.0746889208895753, 0.026022529065547275], 2, -1.0, [-1.0451748894789858, 0.02951403141058941]
[-1.0451748894789858, 0.02951403141058941], 2, -1.0, [-1.01216090409381, 0.033013985385175866]
[-1.01216090409381, 0.033013985385175866], 2, -1.0, [-0.9756607161233817, 0.036500187970428345]
[-0.9756607161233817, 0.036500187970428345], 2, -1.0, [-0.9357178796084338, 0.039942836514947865]
[-0.9357178796084338, 0.039942836514947865], 2, -1.0, [-0.8924135566043156, 0.04330432300411813]
[-0.8924135566043156, 0.04330432300411813], 2, -1.0, [-0.8458739536922787, 0.04653960291203697]
[-0.8458739536922787, 0.04653960291203697], 0, -1.0, [-0.7982766331900137, 0.04759732050226499]
[-0.7982766331900137, 0.04759732050226499], 2, -1.0, [-0.7478445835292576, 0.050432049660756095]
[-0.7478445835292576, 0.050432049660756095], 2, -1.0, [-0.6948547105941015, 0.05298987293515608]
[-0.6948547105941015, 0.05298987293515608], 2, -1.0, [-0.6396361823963288, 0.055218528197772725]
[-0.6396361823963288, 0.055218528197772725], 2, -1.0, [-0.5825648445263942, 0.05707133786993461]
[-0.5825648445263942, 0.05707133786993461], 2, -1.0, [-0.5240535640629703, 0.058511280463423916]
[-0.5240535640629703, 0.058511280463423916], 2, -1.0, [-0.4645388726871196, 0.05951469137585072]
[-0.4645388726871196, 0.05951469137585072], 0, -1.0, [-0.40646481665958356, 0.058074056027535986]
[-0.40646481665958356, 0.058074056027535986], 2, -1.0, [-0.34825129651932407, 0.058213520140259496]
[-0.34825129651932407, 0.058213520140259496], 1, -1.0, [-0.2912930633242678, 0.056958233195056295]
[-0.2912930633242678, 0.056958233195056295], 2, -1.0, [-0.23493947194376624, 0.05635359138050155]
[-0.23493947194376624, 0.05635359138050155], 1, -1.0, [-0.1804902035929882, 0.054449268350778034]
[-0.1804902035929882, 0.054449268350778034], 2, -1.0, [-0.12718331439276953, 0.05330688920021866]
[-0.12718331439276953, 0.05330688920021866], 1, -1.0, [-0.0761966467292485, 0.05098666766352103]
[-0.0761966467292485, 0.05098666766352103], 1, -1.0, [-0.027644946287947093, 0.04855170044130141]
[-0.027644946287947093, 0.04855170044130141], 1, -1.0, [0.01841534696078667, 0.046060293248733765]
[0.01841534696078667, 0.046060293248733765], 1, -1.0, [0.06197945439554946, 0.043564107434762786]
[0.06197945439554946, 0.043564107434762786], 2, -1.0, [0.10408665380718721, 0.04210719941163774]
[0.10408665380718721, 0.04210719941163774], 0, -1.0, [0.1428147489244812, 0.03872809511729401]
[0.1428147489244812, 0.03872809511729401], 2, -1.0, [0.1802688110480413, 0.03745406212356009]
[0.1802688110480413, 0.03745406212356009], 2, -1.0, [0.21657963870608693, 0.03631082765804562]
[0.21657963870608693, 0.03631082765804562], 0, -1.0, [0.24989986192455554, 0.033320223218468614]
[0.24989986192455554, 0.033320223218468614], 2, -1.0, [0.28239035111843797, 0.0324904891938824]
[0.28239035111843797, 0.0324904891938824], 2, -1.0, [0.31422557572649334, 0.0318352246080554]
[0.31422557572649334, 0.0318352246080554], 2, -1.0, [0.3455917395794975, 0.03136616385300419]
[0.3455917395794975, 0.03136616385300419], 2, -1.0, [0.37668540671935086, 0.03109366713985336]
[0.37668540671935086, 0.03109366713985336], 2, -1.0, [0.407712551456555, 0.031027144737204162]
[0.407712551456555, 0.031027144737204162], 2, -1.0, [0.43888795246781265, 0.03117540101125767]
[0.43888795246781265, 0.03117540101125767], 2, -1.0, [0.47043483888834337, 0.03154688642053071]
[0.47043483888834337, 0.03154688642053071], 1, -1.0, [0.5015846840909781, 0.031149845202634727]
