[-0.42835348422585817, 0.0], 0, -1.0, [-0.43005814313905383, -0.0017046589131956328]
[-0.43005814313905383, -0.0017046589131956328], 0, -1.0, [-0.4334551852346029, -0.0033970420955490885]
[-0.4334551852346029, -0.0033970420955490885], 0, -1.0, [-0.43852009377157386, -0.005064908536970931]
[-0.43852009377157386, -0.005064908536970931], 0, -1.0, [-0.44521618684392555, -0.006696093072351675]
[-0.44521618684392555, -0.006696093072351675], 0, -1.0, [-0.453494746635727, -0.008278559791801412]
[-0.453494746635727, -0.008278559791801412], 0, -1.0, [-0.4632952192283124, -0.009800472592585409]
[-0.4632952192283124, -0.009800472592585409], 0, -1.0, [-0.4745455054587123, -0.0112502862303999]
[-0.4745455054587123, -0.0112502862303999], 0, -1.0, [-0.4871623647796154, -0.012616859320903048]
[-0.4871623647796154, -0.012616859320903048], 0, -1.0, [-0.5010519533057392, -0.013889588526123806]
[-0.5010519533057392, -0.013889588526123806], 0, -1.0, [-0.5161105140823519, -0.015058560776612767]
[-0.5161105140823519, -0.015058560776612767], 0, -1.0, [-0.5322252320966097, -0.016114718014257734]
[-0.5322252320966097, -0.016114718014257734], 0, -1.0, [-0.5492752589087609, -0.017050026812151325]
[-0.5492752589087609, -0.017050026812151325], 0, -1.0, [-0.5671329024800201, -0.017857643571259206]
[-0.5671329024800201, -0.017857643571259206], 0, -1.0, [-0.5856649675093865, -0.018532065029366336]
[-0.5856649675093865, -0.018532065029366336], 0, -1.0, [-0.6047342212271127, -0.019069253717726276]
[-0.6047342212271127, -0.019069253717726276], 0, -1.0, [-0.6242009500814503, -0.01946672885433752]
[-0.6242009500814503, -0.01946672885433752], 0, -1.0, [-0.6439245650326043, -0.019723614951154038]
[-0.6439245650326043, -0.019723614951154038], 0, -1.0, [-0.6637652080318459, -0.019840642999241622]
[-0.6637652080318459, -0.019840642999241622], 0, -1.0, [-0.6835853102684454, -0.01982010223659942]
[-0.6835853102684454, -0.01982010223659942], 0, -1.0, [-0.7032510541447271, -0.019665743876281724]
[-0.7032510541447271, -0.019665743876281724], 0, -1.0, [-0.7226336955686392, -0.019382641423912148]
[-0.7226336955686392, -0.019382641423912148], 0, -1.0, [-0.7416107105789461, -0.01897701501030695]
[-0.7416107105789461, -0.01897701501030695], 0, -1.0, [-0.7600667398207639, -0.018456029241817804]
[-0.7600667398207639, -0.018456029241817804], 0, -1.0, [-0.77789431508718, -0.01782757526641612]
[-0.77789431508718, -0.01782757526641612], 2, -1.0, [-0.7929943631111488, -0.015100048023968783]
[-0.7929943631111488, -0.015100048023968783], 2, -1.0, [-0.8052868217351158, -0.01229245862396695]
[-0.8052868217351158, -0.01229245862396695], 2, -1.0, [-0.814709246155818, -0.009422424420702156]
[-0.814709246155818, -0.009422424420702156], 2, -1.0, [-0.8212154883906081, -0.00650624223479015]
[-0.8212154883906081, -0.00650624223479015], 2, -1.0, [-0.8247745743746908, -0.003559085984082759]
[-0.8247745743746908, -0.003559085984082759], 2, -1.0, [-0.8253698736174649, -0.0005952992427740731]
[-0.8253698736174649, -0.0005952992427740731], 2, -1.0, [-0.8229986262762989, 0.0023712473411660385]
[-0.8229986262762989, 0.0023712473411660385], 2, -1.0, [-0.8176718627746125, 0.005326763501686451]
[-0.8176718627746125, 0.005326763501686451], 2, -1.0, [-0.8094147218110007, 0.008257140963611692]
[-0.8094147218110007, 0.008257140963611692], 2, -1.0, [-0.7982671434201573, 0.011147578390843503]
[-0.7982671434201573, 0.011147578390843503], 2, -1.0, [-0.7842848842171893, 0.013982259202967884]
[-0.7842848842171893, 0.013982259202967884], 2, -1.0, [-0.767540771963994, 0.016744112253195373]
[-0.767540771963994, 0.016744112253195373], 2, -1.0, [-0.7481260867037197, 0.019414685260274234]
[-0.7481260867037197, 0.019414685260274234], 2, -1.0, [-0.726151927457759, 0.021974159245960686]
[-0.726151927457759, 0.021974159245960686], 2, -1.0, [-0.7017503995364721, 0.024401527921286897]
[-0.7017503995364721, 0.024401527921286897], 2, -1.0, [-0.6750754415976311, 0.026674957938840976]
[-0.6750754415976311, 0.026674957938840976], 2, -1.0, [-0.646303108079145, 0.028772333518486085]
[-0.646303108079145, 0.028772333518486085], 2, -1.0, [-0.6156311358478904, 0.03067197223125466]
[-0.6156311358478904, 0.03067197223125466], 2, -1.0, [-0.5832776570379214, 0.03235347880996894]
[-0.5832776570379214, 0.03235347880996894], 2, -1.0, [-0.5494789739802348, 0.0337986830576866]
[-0.5494789739802348, 0.0337986830576866], 2, -1.0, [-0.5144863843852168, 0.0349925895950181]
[-0.5144863843852168, 0.0349925895950181], 2, -1.0, [-0.4785621292122625, 0.03592425517295427]
[-0.4785621292122625, 0.03592425517295427], 2, -1.0, [-0.44197462216193795, 0.03658750705032457]
[-0.44197462216193795, 0.03658750705032457], 2, -1.0, [-0.4049931965911173, 0.036981425570820625]
[-0.4049931965911173, 0.036981425570820625], 2, -1.0, [-0.3678826611698454, 0.037110535421271906]
[-0.3678826611698454, 0.037110535421271906], 2, -1.0, [-0.3308979807503414, 0.036984680419504035]
[-0.3308979807503414, 0.036984680419504035], 2, -1.0, [-0.29427938949731225, 0.03661859125302911]
[-0.29427938949731225, 0.03661859125302911], 2, -1.0, [-0.2582482009796466, 0.036031188517665604]
[-0.2582482009796466, 0.036031188517665604], 2, -1.0, [-0.22300351175243904, 0.035244689227207596]
[-0.22300351175243904, 0.035244689227207596], 2, -1.0, [-0.18871991183979125, 0.03428359991264779]
[-0.18871991183979125, 0.03428359991264779], 2, -1.0, [-0.15554622965675102, 0.033173682183040225]
[-0.15554622965675102, 0.033173682183040225], 2, -1.0, [-0.12360526132457807, 0.031940968332172956]
[-0.12360526132457807, 0.031940968332172956], 2, -1.0, [-0.09299437308073302, 0.030610888243845037]
[-0.09299437308073302, 0.030610888243845037], 2, -1.0, [-0.06378682474217728, 0.029207548338555732]
[-0.06378682474217728, 0.029207548338555732], 2, -1.0, [-0.036033642375488145, 0.027753182366689142]
[-0.036033642375488145, 0.027753182366689142], 2, -1.0, [-0.009765866965011145, 0.026267775410477]
[-0.009765866965011145, 0.026267775410477], 2, -1.0, [0.015002981305494587, 0.024768848270505732]
[0.015002981305494587, 0.024768848270505732], 2, -1.0, [0.038274361404831654, 0.023271380099337068]
[0.038274361404831654, 0.023271380099337068], 2, -1.0, [0.06006220383099774, 0.021787842426166087]
[0.06006220383099774, 0.021787842426166087], 2, -1.0, [0.08039052059045954, 0.020328316759461798]
[0.08039052059045954, 0.020328316759461798], 2, -1.0, [0.0992911902874279, 0.018900669696968367]
[0.0992911902874279, 0.018900669696968367], 2, -1.0, [0.11680195315550089, 0.017510762868072984]
[0.11680195315550089, 0.017510762868072984], 2, -1.0, [0.13296463235566794, 0.01616267920016706]
[0.13296463235566794, 0.01616267920016706], 2, -1.0, [0.1478235836377266, 0.01485895128205867]
[0.1478235836377266, 0.01485895128205867], 2, -1.0, [0.16142436520219472, 0.013600781564468103]
[0.16142436520219472, 0.013600781564468103], 2, -1.0, [0.173812612756021, 0.012388247553826285]
[0.173812612756021, 0.012388247553826285], 2, -1.0, [0.18503310068586826, 0.011220487929847246]
[0.18503310068586826, 0.011220487929847246], 2, -1.0, [0.19512896834190158, 0.010095867656033307]
[0.19512896834190158, 0.010095867656033307], 2, -1.0, [0.20414109006099818, 0.009012121719096605]
[0.20414109006099818, 0.009012121719096605], 2, -1.0, [0.21210756828012936, 0.00796647821913119]
[0.21210756828012936, 0.00796647821913119], 2, -1.0, [0.21906333051506788, 0.006955762234938506]
[0.21906333051506788, 0.006955762234938506], 2, -1.0, [0.2250398128154506, 0.005976482300382724]
[0.2250398128154506, 0.005976482300382724], 2, -1.0, [0.23006471434383488, 0.005024901528384271]
[0.23006471434383488, 0.005024901528384271], 1, -1.0, [0.23316180981920678, 0.0030970954753719087]
[0.23316180981920678, 0.0030970954753719087], 0, -1.0, [0.23334597134093857, 0.0001841615217317849]
[0.23334597134093857, 0.0001841615217317849], 0, -1.0, [0.23061808845804366, -0.00272788288289492]
[0.23061808845804366, -0.00272788288289492], 0, -1.0, [0.22496504462282396, -0.005653043835219682]
[0.22496504462282396, -0.005653043835219682], 0, -1.0, [0.21636006959409465, -0.008604975028729317]
[0.21636006959409465, -0.008604975028729317], 0, -1.0, [0.20476349429821059, -0.011596575295884063]
[0.20476349429821059, -0.011596575295884063], 0, -1.0, [0.1901239624942782, -0.014639531803932382]
[0.1901239624942782, -0.014639531803932382], 0, -1.0, [0.17238018010398318, -0.01774378239029502]
[0.17238018010398318, -0.01774378239029502], 0, -1.0, [0.15146330661718355, -0.020916873486799627]
[0.15146330661718355, -0.020916873486799627], 2, -1.0, [0.12930011070980843, -0.022163195907375116]
[0.12930011070980843, -0.022163195907375116], 2, -1.0, [0.1058226515777031, -0.023477459132105336]
[0.1058226515777031, -0.023477459132105336], 2, -1.0, [0.0809701202678238, -0.0248525313098793]
[0.0809701202678238, -0.0248525313098793], 0, -1.0, [0.052690983803666366, -0.028279136464157428]
[0.052690983803666366, -0.028279136464157428], 0, -1.0, [0.02094301617933607, -0.0317479676243303]
[0.02094301617933607, -0.0317479676243303], 0, -1.0, [-0.014300018706300432, -0.0352430348856365]
[-0.014300018706300432, -0.0352430348856365], 0, -1.0, [-0.053040753426222234, -0.0387407347199218]
[-0.053040753426222234, -0.0387407347199218], 0, -1.0, [-0.09524990500360075, -0.04220915157737852]
[-0.09524990500360075, -0.04220915157737852], 0, -1.0, [-0.1408576830685187, -0.045607778064917934]
[-0.1408576830685187, -0.045607778064917934], 0, -1.0, [-0.18974555296136583, -0.04888786989284713]
[-0.18974555296136583, -0.04888786989284713], 0, -1.0, [-0.24173920448713554, -0.05199365152576972]
[-0.24173920448713554, -0.05199365152576972], 0, -1.0, [-0.2966037437555188, -0.054864539268383264]
[-0.2966037437555188, -0.054864539268383264], 1, -1.0, [-0.35304217977942276, -0.05643843602390397]
[-0.35304217977942276, -0.05643843602390397], 0, -1.0, [-0.4117047004620069, -0.05866252068258416]
[-0.4117047004620069, -0.05866252068258416], 0, -1.0, [-0.47219075462965054, -0.06048605416764365]
[-0.47219075462965054, -0.06048605416764365], 0, -1.0, [-0.534060842342538, -0.06187008771288749]
[-0.534060842342538, -0.06187008771288749], 0, -1.0, [-0.5968524774368524, -0.06279163509431446]
[-0.5968524774368524, -0.06279163509431446], 0, -1.0, [-0.6600991213303221, -0.06324664389346966]
[-0.6600991213303221, -0.06324664389346966], 0, -1.0, [-0.7233503860507756, -0.06325126472045353]
[-0.7233503860507756, -0.06325126472045353], 1, -1.0, [-0.7851915825150646, -0.061841196464288935]
[-0.7851915825150646, -0.061841196464288935], 1, -1.0, [-0.8452661079263708, -0.06007452541130621]
[-0.8452661079263708, -0.06007452541130621], 1, -1.0, [-0.9032855082038654, -0.05801940027749459]
[-0.9032855082038654, -0.05801940027749459], 1, -1.0, [-0.9590343068846555, -0.05574879868079011]
[-0.9590343068846555, -0.05574879868079011], 0, -1.0, [-1.0133700405181778, -0.054335733633522336]
[-1.0133700405181778, -0.054335733633522336], 0, -1.0, [-1.066218636487616, -0.05284859596943826]
[-1.066218636487616, -0.05284859596943826], 0, -1.0, [-1.117571301621665, -0.05135266513404904]
[-1.117571301621665, -0.05135266513404904], 0, -1.0, [-1.1674794753455835, -0.049908173723918384]
[-1.1674794753455835, -0.049908173723918384], 0, -1.0, [-1.2, 0.0]
[-1.2, 0.0], 2, -1.0, [-1.1967581039591646, 0.003241896040835368]
[-1.1967581039591646, 0.003241896040835368], 2, -1.0, [-1.1902636585360942, 0.006494445423070332]
[-1.1902636585360942, 0.006494445423070332], 2, -1.0, [-1.1804959639787937, 0.009767694557300442]
[-1.1804959639787937, 0.009767694557300442], 2, -1.0, [-1.1674255149588486, 0.013070449019945182]
[-1.1674255149588486, 0.013070449019945182], 2, -1.0, [-1.1510159267200155, 0.016409588238833067]
[-1.1510159267200155, 0.016409588238833067], 2, -1.0, [-1.1312266168239755, 0.019789309896040046]
[-1.1312266168239755, 0.019789309896040046], 2, -1.0, [-1.108016322100852, 0.02321029472312345]
[-1.108016322100852, 0.02321029472312345], 2, -1.0, [-1.081347524946184, 0.02666879715466819]
[-1.081347524946184, 0.02666879715466819], 2, -1.0, [-1.0511918363028878, 0.03015568864329602]
[-1.0511918363028878, 0.03015568864329602], 2, -1.0, [-1.0175363271434712, 0.0336555091594167]
[-1.0175363271434712, 0.0336555091594167], 2, -1.0, [-0.9803907090723114, 0.03714561807115983]
[-0.9803907090723114, 0.03714561807115983], 2, -1.0, [-0.9397951336374217, 0.04059557543488971]
[-0.9397951336374217, 0.04059557543488971], 2, -1.0, [-0.8958282112564235, 0.043966922380998245]
[-0.8958282112564235, 0.043966922380998245], 2, -1.0, [-0.8486146572192776, 0.04721355403714586]
[-0.8486146572192776, 0.04721355403714586], 2, -1.0, [-0.7983317816221248, 0.05028287559715283]
[-0.7983317816221248, 0.05028287559715283], 2, -1.0, [-0.7452138959379592, 0.0531178856841656]
[-0.7452138959379592, 0.0531178856841656], 2, -1.0, [-0.6895536666604415, 0.0556602292775177]
[-0.6895536666604415, 0.0556602292775177], 2, -1.0, [-0.6316995610792892, 0.057854105581152386]
[-0.6316995610792892, 0.057854105581152386], 2, -1.0, [-0.5720488365336812, 0.05965072454560789]
[-0.5720488365336812, 0.05965072454560789], 2, -1.0, [-0.5110360146660762, 0.061012821867605024]
[-0.5110360146660762, 0.061012821867605024], 2, -1.0, [-0.44911739120176025, 0.061918623464315904]
[-0.44911739120176025, 0.061918623464315904], 2, -1.0, [-0.38675274139346727, 0.06236464980829299]
[-0.38675274139346727, 0.06236464980829299], 2, -1.0, [-0.3243858485235833, 0.06236689286988392]
[-0.3243858485235833, 0.06236689286988392], 2, -1.0, [-0.2624256859117381, 0.061960162611845254]
[-0.2624256859117381, 0.061960162611845254], 2, -1.0, [-0.20122996568717166, 0.061195720224566416]
[-0.20122996568717166, 0.061195720224566416], 2, -1.0, [-0.14109236178367496, 0.06013760390349669]
[-0.14109236178367496, 0.06013760390349669], 2, -1.0, [-0.08223412731502394, 0.05885823446865101]
[-0.08223412731502394, 0.05885823446865101], 2, -1.0, [-0.024800200336085113, 0.05743392697893883]
[-0.024800200336085113, 0.05743392697893883], 2, -1.0, [0.03114064276343887, 0.05594084309952398]
[0.03114064276343887, 0.05594084309952398], 2, -1.0, [0.08559238750154527, 0.0544517447381064]
[0.08559238750154527, 0.0544517447381064], 2, -1.0, [0.13862609852276647, 0.05303371102122119]
[0.13862609852276647, 0.05303371102122119], 2, -1.0, [0.19037290492486428, 0.0517468064020978]
[0.19037290492486428, 0.0517468064020978], 1, -1.0, [0.24001646944167865, 0.04964356451681436]
[0.24001646944167865, 0.04964356451681436], 1, -1.0, [0.28778060108566533, 0.047764131643986706]
[0.28778060108566533, 0.047764131643986706], 1, -1.0, [0.3339199795570522, 0.04613937847138687]
[0.3339199795570522, 0.04613937847138687], 1, -1.0, [0.3787123066970787, 0.0447923271400265]
[0.3787123066970787, 0.0447923271400265], 1, -1.0, [0.4224518800794228, 0.0437395733823441]
[0.4224518800794228, 0.0437395733823441], 1, -1.0, [0.4654444398008648, 0.042992559721442024]
[0.4654444398008648, 0.042992559721442024], 1, -1.0, [0.5080030512181968, 0.042558611417332]
