[-0.550000376608442, 0.0], 2, -1.0, [-0.5488025715707169, 0.0011978050377250984]
[-0.5488025715707169, 0.0011978050377250984], 2, -1.0, [-0.5464159181269288, 0.0023866534437880825]
[-0.5464159181269288, 0.0023866534437880825], 2, -1.0, [-0.5428582697228154, 0.0035576484041134723]
[-0.5428582697228154, 0.0035576484041134723], 2, -1.0, [-0.5381562554680922, 0.004702014254723143]
[-0.5381562554680922, 0.004702014254723143], 2, -1.0, [-0.5323450948175599, 0.005811160650532385]
[-0.5323450948175599, 0.005811160650532385], 2, -1.0, [-0.5254683442997379, 0.006876750517821939]
[-0.5254683442997379, 0.006876750517821939], 1, -1.0, [-0.5185775720901702, 0.006890772209567703]
[-0.5185775720901702, 0.006890772209567703], 0, -1.0, [-0.5127244574827132, 0.005853114607457015]
[-0.5127244574827132, 0.005853114607457015], 0, -1.0, [-0.5079528857955544, 0.004771571687158858]
[-0.5079528857955544, 0.004771571687158858], 0, -1.0, [-0.5042986151989611, 0.003654270596593237]
[-0.5042986151989611, 0.003654270596593237], 0, -1.0, [-0.5017890149400113, 0.002509600258949831]
[-0.5017890149400113, 0.002509600258949831], 0, -1.0, [-0.5004428712017429, 0.0013461437382683815]
[-0.5004428712017429, 0.0013461437382683815], 0, -1.0, [-0.5002702570990099, 0.00017261410273310368]
[-0.5002702570990099, 0.00017261410273310368], 0, -1.0, [-0.5012724640917835, -0.001002206992773611]
[-0.5012724640917835, -0.001002206992773611], 0, -1.0, [-0.5034419932491863, -0.0021695291574027427]
[-0.5034419932491863, -0.0021695291574027427], 0, -1.0, [-0.5067626061578538, -0.0033206129086675784]
[-0.5067626061578538, -0.0033206129086675784], 0, -1.0, [-0.5112094366555348, -0.00444683049768086]
[-0.5112094366555348, -0.00444683049768086], 0, -1.0, [-0.516749165802521, -0.005539729146986246]
[-0.516749165802521, -0.005539729146986246], 0, -1.0, [-0.5233402634077046, -0.006591097605183659]
[-0.5233402634077046, -0.006591097605183659], 0, -1.0, [-0.5309332998541233, -0.007593036446418761]
[-0.5309332998541233, -0.007593036446418761], 0, -1.0, [-0.5394713318073444, -0.008538031953221167]
[-0.5394713318073444, -0.008538031953221167], 0, -1.0, [-0.5488903645715306, -0.009419032764186253]
[-0.5488903645715306, -0.009419032764186253], 0, -1.0, [-0.559119892370008, -0.010229527798477456]
[-0.559119892370008, -0.010229527798477456], 0, -1.0, [-0.5700835157175373, -0.01096362334752937]
[-0.5700835157175373, -0.01096362334752937], 0, -1.0, [-0.5816996324296776, -0.011616116712140275]
[-0.5816996324296776, -0.011616116712140275], 0, -1.0, [-0.5938821958469127, -0.01218256341723516]
[-0.5938821958469127, -0.01218256341723516], 0, -1.0, [-0.6065415307499264, -0.01265933490301374]
[-0.6065415307499264, -0.01265933490301374], 0, -1.0, [-0.6195851944491388, -0.013043663699212435]
[-0.6195851944491388, -0.013043663699212435], 0, -1.0, [-0.6329188678955783, -0.013333673446439454]
[-0.6329188678955783, -0.013333673446439454], 0, -1.0, [-0.6464472596139726, -0.013528391718394324]
[-0.6464472596139726, -0.013528391718394324], 0, -1.0, [-0.6600750039946807, -0.013627744380708035]
[-0.6600750039946807, -0.013627744380708035], 0, -1.0, [-0.6737075351297628, -0.013632531135082171]
[-0.6737075351297628, -0.013632531135082171], 0, -1.0, [-0.6872519179959246, -0.013544382866161728]
[-0.6872519179959246, -0.013544382866161728], 0, -1.0, [-0.700617620348153, -0.013365702352228403]
[-0.700617620348153, -0.013365702352228403], 0, -1.0, [-0.7137172110901275, -0.013099590741974528]
[-0.7137172110901275, -0.013099590741974528], 0, -1.0, [-0.7264669739632681, -0.01274976287314061]
[-0.7264669739632681, -0.01274976287314061], 2, -1.0, [-0.7367874289317178, -0.01032045496844969]
[-0.7367874289317178, -0.01032045496844969], 2, -1.0, [-0.7446157657914731, -0.007828336859755345]
[-0.7446157657914731, -0.007828336859755345], 2, -1.0, [-0.7499052920569342, -0.005289526265461088]
[-0.7499052920569342, -0.005289526265461088], 2, -1.0, [-0.752624937001809, -0.002719644944874748]
[-0.752624937001809, -0.002719644944874748], 2, -1.0, [-0.7527588787928953, -0.00013394179108631044]
[-0.7527588787928953, -0.00013394179108631044], 2, -1.0, [-0.7503063409278553, 0.002452537865039929]
[-0.7503063409278553, 0.002452537865039929], 2, -1.0, [-0.7452815820019686, 0.005024758925886672]
[-0.7452815820019686, 0.005024758925886672], 2, -1.0, [-0.7377140799913454, 0.007567502010623208]
[-0.7377140799913454, 0.007567502010623208], 2, -1.0, [-0.7276488893722942, 0.010065190619051211]
[-0.7276488893722942, 0.010065190619051211], 2, -1.0, [-0.7151471271100315, 0.0125017622622627]
[-0.7151471271100315, 0.0125017622622627], 2, -1.0, [-0.7002865226254433, 0.014860604484588187]
[-0.7002865226254433, 0.014860604484588187], 2, -1.0, [-0.68316194837824, 0.01712457424720342]
[-0.68316194837824, 0.01712457424720342], 2, -1.0, [-0.663885833159101, 0.019276115219138995]
[-0.663885833159101, 0.019276115219138995], 2, -1.0, [-0.6425883513674293, 0.021297481791671662]
[-0.6425883513674293, 0.021297481791671662], 2, -1.0, [-0.6194172804240571, 0.023171070943372243]
[-0.6194172804240571, 0.023171070943372243], 2, -1.0, [-0.5945374268197289, 0.024879853604328223]
[-0.5945374268197289, 0.024879853604328223], 0, -1.0, [-0.5701295403167915, 0.024407886502937366]
[-0.5701295403167915, 0.024407886502937366], 2, -1.0, [-0.5443738053483324, 0.025755734968459152]
[-0.5443738053483324, 0.025755734968459152], 2, -1.0, [-0.51746235851075, 0.026911446837582415]
[-0.51746235851075, 0.026911446837582415], 2, -1.0, [-0.48959693220182443, 0.02786542630892552]
[-0.48959693220182443, 0.02786542630892552], 2, -1.0, [-0.46098607770647065, 0.02861085449535377]
[-0.46098607770647065, 0.02861085449535377], 1, -1.0, [-0.4328420618464064, 0.028144015860064264]
[-0.4328420618464064, 0.028144015860064264], 0, -1.0, [-0.40637034259528465, 0.026471719251121732]
[-0.40637034259528465, 0.026471719251121732], 0, -1.0, [-0.38175982445329654, 0.024610518141988103]
[-0.38175982445329654, 0.024610518141988103], 0, -1.0, [-0.35918128531167803, 0.022578539141618486]
[-0.35918128531167803, 0.022578539141618486], 0, -1.0, [-0.33878647905943793, 0.020394806252240112]
[-0.33878647905943793, 0.020394806252240112], 0, -1.0, [-0.3207078343794996, 0.01807864467993833]
[-0.3207078343794996, 0.01807864467993833], 0, -1.0, [-0.3050586375456538, 0.015649196833845802]
[-0.3050586375456538, 0.015649196833845802], 0, -1.0, [-0.29193356857236674, 0.013125068973287071]
[-0.29193356857236674, 0.013125068973287071], 0, -1.0, [-0.2814094547897737, 0.010524113782593074]
[-0.2814094547897737, 0.010524113782593074], 0, -1.0, [-0.273546111622157, 0.00786334316761671]
[-0.273546111622157, 0.00786334316761671], 0, -1.0, [-0.2683871543356675, 0.005158957286489439]
[-0.2683871543356675, 0.005158957286489439], 0, -1.0, [-0.26596068414543905, 0.0024264701902284845]
[-0.26596068414543905, 0.0024264701902284845], 0, -1.0, [-0.2662797751256796, -0.00031909098024049875]
[-0.2662797751256796, -0.00031909098024049875], 0, -1.0, [-0.2693427132481225, -0.0030629381224428916]
[-0.2693427132481225, -0.0030629381224428916], 0, -1.0, [-0.27513296458220093, -0.00579025133407846]
[-0.27513296458220093, -0.00579025133407846], 0, -1.0, [-0.2836188756791044, -0.008485911096903415]
[-0.2836188756791044, -0.008485911096903415], 0, -1.0, [-0.29475313511777024, -0.011134259438665872]
[-0.29475313511777024, -0.011134259438665872], 0, -1.0, [-0.3084720507690837, -0.013718915651313474]
[-0.3084720507690837, -0.013718915651313474], 0, -1.0, [-0.32469472190140913, -0.01622267113232547]
[-0.32469472190140913, -0.01622267113232547], 0, -1.0, [-0.34332220767343136, -0.01862748577202224]
[-0.34332220767343136, -0.01862748577202224], 0, -1.0, [-0.364236812092289, -0.020914604418857626]
[-0.364236812092289, -0.020914604418857626], 0, -1.0, [-0.3873016178242705, -0.023064805731981552]
[-0.3873016178242705, -0.023064805731981552], 0, -1.0, [-0.41236040463220675, -0.02505878680793623]
[-0.41236040463220675, -0.02505878680793623], 0, -1.0, [-0.439238080035628, -0.026877675403421248]
[-0.439238080035628, -0.026877675403421248], 0, -1.0, [-0.46774172806786746, -0.028503648032239502]
[-0.46774172806786746, -0.028503648032239502], 0, -1.0, [-0.49766234611891974, -0.029920618051052277]
[-0.49766234611891974, -0.029920618051052277], 0, -1.0, [-0.5287772911672947, -0.03111494504837493]
[-0.5287772911672947, -0.03111494504837493], 0, -1.0, [-0.5608533989111975, -0.032076107743902814]
[-0.5608533989111975, -0.032076107743902814], 0, -1.0, [-0.593650678309009, -0.032797279397811525]
[-0.593650678309009, -0.032797279397811525], 0, -1.0, [-0.6269264272451072, -0.033275748936098214]
[-0.6269264272451072, -0.033275748936098214], 0, -1.0, [-0.6604395701716637, -0.03351314292655647]
[-0.6604395701716637, -0.03351314292655647], 0, -1.0, [-0.6939549921918136, -0.0335154220201499]
[-0.6939549921918136, -0.0335154220201499], 0, -1.0, [-0.7272476401465141, -0.0332926479547005]
[-0.7272476401465141, -0.0332926479547005], 0, -1.0, [-0.7601061804088816, -0.03285854026236744]
[-0.7601061804088816, -0.03285854026236744], 0, -1.0, [-0.7923360422655603, -0.032229861856678775]
[-0.7923360422655603, -0.032229861856678775], 0, -1.0, [-0.8237617290579036, -0.03142568679234321]
[-0.8237617290579036, -0.03142568679234321], 0, -1.0, [-0.8542283391090006, -0.03046661005109706]
[-0.8542283391090006, -0.03046661005109706], 0, -1.0, [-0.8836022971795633, -0.029373958070562665]
[-0.8836022971795633, -0.029373958070562665], 0, -1.0, [-0.9117713482843781, -0.02816905110481482]
[-0.9117713482843781, -0.02816905110481482], 0, -1.0, [-0.9386439047637407, -0.026872556479362545]
[-0.9386439047637407, -0.026872556479362545], 2, -1.0, [-0.9621478625538057, -0.02350395779006503]
[-0.9621478625538057, -0.02350395779006503], 2, -1.0, [-0.9822327561345167, -0.02008489358071092]
[-0.9822327561345167, -0.02008489358071092], 2, -1.0, [-0.9988649793934913, -0.016632223258974673]
[-0.9988649793934913, -0.016632223258974673], 2, -1.0, [-1.0120234370625263, -0.013158457669034996]
[-1.0120234370625263, -0.013158457669034996], 2, -1.0, [-1.0216958005269283, -0.009672363464402018]
[-1.0216958005269283, -0.009672363464402018], 2, -1.0, [-1.0278754767404414, -0.006179676213513103]
[-1.0278754767404414, -0.006179676213513103], 2, -1.0, [-1.0305593518818426, -0.0026838751414011842]
[-1.0305593518818426, -0.0026838751414011842], 2, -1.0, [-1.0297463407105523, 0.0008130111712902222]
[-1.0297463407105523, 0.0008130111712902222], 2, -1.0, [-1.025436754885185, 0.0043095858253672185]
[-1.025436754885185, 0.0043095858253672185], 2, -1.0, [-1.0176324944060036, 0.007804260479181495]
[-1.0176324944060036, 0.007804260479181495], 2, -1.0, [-1.006338061023502, 0.011294433382501471]
[-1.006338061023502, 0.011294433382501471], 2, -1.0, [-0.9915623859873723, 0.014775675036129617]
[-0.9915623859873723, 0.014775675036129617], 2, -1.0, [-0.9733214519946481, 0.01824093399272424]
[-0.9733214519946481, 0.01824093399272424], 2, -1.0, [-0.951641665969447, 0.021679786025201157]
[-0.951641665969447, 0.021679786025201157], 2, -1.0, [-0.9265639013327251, 0.025077764636721813]
[-0.9265639013327251, 0.025077764636721813], 2, -1.0, [-0.8981480730021555, 0.02841582833056961]
[-0.8981480730021555, 0.02841582833056961], 2, -1.0, [-0.8664780352406121, 0.031670037761543465]
[-0.8664780352406121, 0.031670037761543465], 2, -1.0, [-0.8316665052368077, 0.03481153000380438]
[-0.8316665052368077, 0.03481153000380438], 2, -1.0, [-0.7938596228298783, 0.03780688240692944]
[-0.7938596228298783, 0.03780688240692944], 2, -1.0, [-0.7532406741383966, 0.04061894869148173]
[-0.7532406741383966, 0.04061894869148173], 2, -1.0, [-0.710032454791699, 0.04320821934669758]
[-0.710032454791699, 0.04320821934669758], 2, -1.0, [-0.6644977507731729, 0.04553470401852615]
[-0.6644977507731729, 0.04553470401852615], 2, -1.0, [-0.6169374930045448, 0.04756025776862804]
[-0.6169374930045448, 0.04756025776862804], 2, -1.0, [-0.5676863073066525, 0.049251185697892344]
[-0.5676863073066525, 0.049251185697892344], 2, -1.0, [-0.5171054283287798, 0.050580878977872674]
[-0.5171054283287798, 0.050580878977872674], 2, -1.0, [-0.4655732463754324, 0.05153218195334742]
[-0.4655732463754324, 0.05153218195334742], 2, -1.0, [-0.4134740613092439, 0.052099185066188464]
[-0.4134740613092439, 0.052099185066188464], 2, -1.0, [-0.36118586864480856, 0.052288192664435365]
[-0.36118586864480856, 0.052288192664435365], 2, -1.0, [-0.3090681453047982, 0.05211772334001037]
[-0.3090681453047982, 0.05211772334001037], 2, -1.0, [-0.257450603522781, 0.051617541782017225]
[-0.257450603522781, 0.051617541782017225], 2, -1.0, [-0.2066237405095719, 0.05082686301320907]
[-0.2066237405095719, 0.05082686301320907], 2, -1.0, [-0.1568317606831964, 0.04979197982637551]
[-0.1568317606831964, 0.04979197982637551], 2, -1.0, [-0.10826814053783108, 0.04856362014536532]
[-0.10826814053783108, 0.04856362014536532], 2, -1.0, [-0.06107380328793403, 0.04719433724989706]
[-0.06107380328793403, 0.04719433724989706], 2, -1.0, [-0.01533762069115302, 0.04573618259678101]
[-0.01533762069115302, 0.04573618259678101], 2, -1.0, [0.02890120791808265, 0.04423882860923567]
[0.02890120791808265, 0.04423882860923567], 2, -1.0, [0.07164942753997898, 0.04274821962189633]
[0.07164942753997898, 0.04274821962189633], 2, -1.0, [0.11295517859519946, 0.04130575105522048]
[0.11295517859519946, 0.04130575105522048], 2, -1.0, [0.15290309868053903, 0.039947920085339574]
[0.15290309868053903, 0.039947920085339574], 2, -1.0, [0.19160945687445086, 0.038706358193911834]
[0.19160945687445086, 0.038706358193911834], 2, -1.0, [0.22921760099814664, 0.03760814412369577]
[0.22921760099814664, 0.03760814412369577], 2, -1.0, [0.2658939002036715, 0.036676299205524864]
[0.2658939002036715, 0.036676299205524864], 2, -1.0, [0.30182427970465575, 0.035930379500984266]
[0.30182427970465575, 0.035930379500984266], 2, -1.0, [0.3372113750598308, 0.03538709535517502]
[0.3372113750598308, 0.03538709535517502], 2, -1.0, [0.3722722799584579, 0.03506090489862712]
[0.3722722799584579, 0.03506090489862712], 2, -1.0, [0.4072368213620908, 0.03496454140363286]
[0.4072368213620908, 0.03496454140363286], 2, -1.0, [0.44234626539403116, 0.0351094440319404]
[0.44234626539403116, 0.0351094440319404], 2, -1.0, [0.47785233249609577, 0.03550606710206463]
[0.47785233249609577, 0.03550606710206463], 2, -1.0, [0.5140163772829457, 0.03616404478684991]
