[-0.535125345771803, 0.0], 0, -1.0, [-0.536038913723184, -0.000913567951380957]
[-0.536038913723184, -0.000913567951380957], 0, -1.0, [-0.5378592022956078, -0.0018202885724238021]
[-0.5378592022956078, -0.0018202885724238021], 0, -1.0, [-0.5405725702897836, -0.0027133679941757764]
[-0.5405725702897836, -0.0027133679941757764], 0, -1.0, [-0.5441586898326847, -0.00358611954290106]
[-0.5441586898326847, -0.00358611954290106], 0, -1.0, [-0.5485907077726634, -0.004432017939978728]
[-0.5485907077726634, -0.004432017939978728], 0, -1.0, [-0.5538354617831065, -0.00524475401044306]
[-0.5538354617831065, -0.00524475401044306], 0, -1.0, [-0.5598537515154525, -0.006018289732345966]
[-0.5598537515154525, -0.006018289732345966], 0, -1.0, [-0.5666006647232276, -0.006746913207775135]
[-0.5666006647232276, -0.006746913207775135], 0, -1.0, [-0.5740259575901105, -0.007425292866882987]
[-0.5740259575901105, -0.007425292866882987], 0, -1.0, [-0.5820744875444768, -0.008048529954366224]
[-0.5820744875444768, -0.008048529954366224], 0, -1.0, [-0.5906866956646076, -0.008612208120130858]
[-0.5906866956646076, -0.008612208120130858], 0, -1.0, [-0.5997991344323576, -0.00911243876774989]
[-0.5997991344323576, -0.00911243876774989], 0, -1.0, [-0.6093450351598425, -0.009545900727485004]
[-0.6093450351598425, -0.009545900727485004], 0, -1.0, [-0.6192549079907229, -0.009909872830880403]
[-0.6192549079907229, -0.009909872830880403], 0, -1.0, [-0.6294571660699051, -0.010202258079182189]
[-0.6294571660699051, -0.010202258079182189], 0, -1.0, [-0.6398787643868294, -0.010421598316924387]
[-0.6398787643868294, -0.010421598316924387], 0, -1.0, [-0.650445843021147, -0.010567078634317627]
[-0.650445843021147, -0.010567078634317627], 0, -1.0, [-0.6610843641292781, -0.010638521108130985]
[-0.6610843641292781, -0.010638521108130985], 0, -1.0, [-0.6717207320532642, -0.010636367923986142]
[-0.6717207320532642, -0.010636367923986142], 0, -1.0, [-0.682282386425459, -0.010561654372194758]
[-0.682282386425459, -0.010561654372194758], 0, -1.0, [-0.6926983590672121, -0.010415972641753061]
[-0.6926983590672121, -0.010415972641753061], 0, -1.0, [-0.7028997867890872, -0.010201427721875066]
[-0.7028997867890872, -0.010201427721875066], 0, -1.0, [-0.7128203738202992, -0.009920587031211972]
[-0.7128203738202992, -0.009920587031211972], 0, -1.0, [-0.7223967994327183, -0.009576425612419065]
[-0.7223967994327183, -0.009576425612419065], 0, -1.0, [-0.7315690682759091, -0.009172268843190773]
[-0.7315690682759091, -0.009172268843190773], 2, -1.0, [-0.7382808028982253, -0.006711734622316264]
[-0.7382808028982253, -0.006711734622316264], 2, -1.0, [-0.7424914477971293, -0.0042106448989039855]
[-0.7424914477971293, -0.0042106448989039855], 2, -1.0, [-0.7441758698643499, -0.0016844220672206228]
[-0.7441758698643499, -0.0016844220672206228], 2, -1.0, [-0.7433240828505915, 0.0008517870137584129]
[-0.7433240828505915, 0.0008517870137584129], 2, -1.0, [-0.7399411317657041, 0.0033829510848873453]
[-0.7399411317657041, 0.0033829510848873453], 2, -1.0, [-0.7340471517197609, 0.005893980045943216]
[-0.7340471517197609, 0.005893980045943216], 2, -1.0, [-0.7256775938604559, 0.008369557859304964]
[-0.7256775938604559, 0.008369557859304964], 2, -1.0, [-0.7148835894314315, 0.010794004429024414]
[-0.7148835894314315, 0.010794004429024414], 2, -1.0, [-0.7017324022769573, 0.013151187154474176]
[-0.7017324022769573, 0.013151187154474176], 2, -1.0, [-0.6863079012628658, 0.015424501014091506]
[-0.6863079012628658, 0.015424501014091506], 2, -1.0, [-0.6687109682808969, 0.01759693298196887]
[-0.6687109682808969, 0.01759693298196887], 2, -1.0, [-0.649059746273829, 0.01965122200706795]
[-0.649059746273829, 0.01965122200706795], 2, -1.0, [-0.6274896267952137, 0.02157011947861536]
[-0.6274896267952137, 0.02157011947861536], 2, -1.0, [-0.6041528797217437, 0.023336747073470037]
[-0.6041528797217437, 0.023336747073470037], 2, -1.0, [-0.5792178402372856, 0.024935039484458056]
[-0.5792178402372856, 0.024935039484458056], 2, -1.0, [-0.5528675907107288, 0.026350249526556846]
[-0.5528675907107288, 0.026350249526556846], 2, -1.0, [-0.5252981070392838, 0.02756948367144498]
[-0.5252981070392838, 0.02756948367144498], 2, -1.0, [-0.4967158784372374, 0.028582228602046372]
[-0.4967158784372374, 0.028582228602046372], 2, -1.0, [-0.46733505306990863, 0.02938082536732875]
[-0.46733505306990863, 0.02938082536732875], 0, -1.0, [-0.43937420474991074, 0.027960848319997914]
[-0.43937420474991074, 0.027960848319997914], 0, -1.0, [-0.4130383405927939, 0.026335864157116848]
[-0.4130383405927939, 0.026335864157116848], 0, -1.0, [-0.3885165593241355, 0.024521781268658414]
[-0.3885165593241355, 0.024521781268658414], 0, -1.0, [-0.3659803916652453, 0.022536167658890167]
[-0.3659803916652453, 0.022536167658890167], 0, -1.0, [-0.34558279900331496, 0.020397592661930378]
[-0.34558279900331496, 0.020397592661930378], 0, -1.0, [-0.3274577607722446, 0.01812503823107036]
[-0.3274577607722446, 0.01812503823107036], 0, -1.0, [-0.31172034747914334, 0.01573741329310126]
[-0.31172034747914334, 0.01573741329310126], 0, -1.0, [-0.2984671562962363, 0.013253191182907038]
[-0.2984671562962363, 0.013253191182907038], 0, -1.0, [-0.28777697895412185, 0.010690177342114474]
[-0.28777697895412185, 0.010690177342114474], 0, -1.0, [-0.2797115754311676, 0.008065403522954257]
[-0.2797115754311676, 0.008065403522954257], 0, -1.0, [-0.2743164391482361, 0.005395136282931454]
[-0.2743164391482361, 0.005395136282931454], 0, -1.0, [-0.27162145752061523, 0.0026949816276209066]
[-0.27162145752061523, 0.0026949816276209066], 0, -1.0, [-0.2716413936097614, -1.993608914620769e-05]
[-0.2716413936097614, -1.993608914620769e-05], 0, -1.0, [-0.2743761386164994, -0.0027347450067379724]
[-0.2743761386164994, -0.0027347450067379724], 0, -1.0, [-0.2798107099841742, -0.005434571367674775]
[-0.2798107099841742, -0.005434571367674775], 0, -1.0, [-0.2879149952986539, -0.00810428531447971]
[-0.2879149952986539, -0.00810428531447971], 0, -1.0, [-0.29864326758789006, -0.010728272289236201]
[-0.29864326758789006, -0.010728272289236201], 0, -1.0, [-0.3119335226409884, -0.013290255053098315]
[-0.3119335226409884, -0.013290255053098315], 0, -1.0, [-0.3277067129439325, -0.015773190302944086]
[-0.3277067129439325, -0.015773190302944086], 0, -1.0, [-0.34586597467811675, -0.018159261734184237]
[-0.34586597467811675, -0.018159261734184237], 0, -1.0, [-0.36629596230047773, -0.020429987622360975]
[-0.36629596230047773, -0.020429987622360975], 0, -1.0, [-0.3888624173330815, -0.022566455032603815]
[-0.3888624173330815, -0.022566455032603815], 0, -1.0, [-0.41341210160556924, -0.024549684272487732]
[-0.41341210160556924, -0.024549684272487732], 0, -1.0, [-0.4397732178332018, -0.026361116227632517]
[-0.4397732178332018, -0.026361116227632517], 0, -1.0, [-0.4677564202010671, -0.027983202367865324]
[-0.4677564202010671, -0.027983202367865324], 0, -1.0, [-0.4971564839398109, -0.029400063738743765]
[-0.4971564839398109, -0.029400063738743765], 0, -1.0, [-0.5277546569379103, -0.030598172998099426]
[-0.5277546569379103, -0.030598172998099426], 0, -1.0, [-0.5593216616334553, -0.031567004695544965]
[-0.5593216616334553, -0.031567004695544965], 0, -1.0, [-0.5916212572414069, -0.03229959560795162]
[-0.5916212572414069, -0.03229959560795162], 0, -1.0, [-0.6244142177412723, -0.03279296049986536]
[-0.6244142177412723, -0.03279296049986536], 0, -1.0, [-0.6574625372787367, -0.03304831953746449]
[-0.6574625372787367, -0.03304831953746449], 0, -1.0, [-0.6905336480181216, -0.033071110739384874]
[-0.6905336480181216, -0.033071110739384874], 0, -1.0, [-0.7234044300039771, -0.03287078198585553]
[-0.7234044300039771, -0.03287078198585553], 0, -1.0, [-0.7558648090487563, -0.03246037904477922]
[-0.7558648090487563, -0.03246037904477922], 0, -1.0, [-0.7877207744905794, -0.03185596544182309]
[-0.7877207744905794, -0.03185596544182309], 0, -1.0, [-0.8187966984866898, -0.031075923996110394]
[-0.8187966984866898, -0.031075923996110394], 0, -1.0, [-0.8489368952874408, -0.030140196800751026]
[-0.8489368952874408, -0.030140196800751026], 0, -1.0, [-0.8780064153678122, -0.02906952008037141]
[-0.8780064153678122, -0.02906952008037141], 0, -1.0, [-0.9058911190876237, -0.027884703719811485]
[-0.9058911190876237, -0.027884703719811485], 2, -1.0, [-0.9304971133138344, -0.024605994226210758]
[-0.9304971133138344, -0.024605994226210758], 2, -1.0, [-0.9517547626205489, -0.021257649306714508]
[-0.9517547626205489, -0.021257649306714508], 2, -1.0, [-0.9696141936118716, -0.017859430991322704]
[-0.9696141936118716, -0.017859430991322704], 2, -1.0, [-0.9840410352053167, -0.01442684159344506]
[-0.9840410352053167, -0.01442684159344506], 2, -1.0, [-0.9950126161049162, -0.01097158089959952]
[-0.9950126161049162, -0.01097158089959952], 2, -1.0, [-1.0025147712403675, -0.007502155135451251]
[-1.0025147712403675, -0.007502155135451251], 2, -1.0, [-1.006539353959044, -0.00402458271867643]
[-1.006539353959044, -0.00402458271867643], 2, -1.0, [-1.0070825108832477, -0.0005431569242037269]
[-1.0070825108832477, -0.0005431569242037269], 2, -1.0, [-1.0041437496536034, 0.0029387612296443147]
[-1.0041437496536034, 0.0029387612296443147], 2, -1.0, [-0.9977258127848593, 0.006417936868744093]
[-0.9977258127848593, 0.006417936868744093], 2, -1.0, [-0.9878353592575092, 0.009890453527350029]
[-0.9878353592575092, 0.009890453527350029], 2, -1.0, [-0.974484444602473, 0.013350914655036229]
[-0.974484444602473, 0.013350914655036229], 2, -1.0, [-0.9576927754091942, 0.01679166919327876]
[-0.9576927754091942, 0.01679166919327876], 2, -1.0, [-0.9374906909454437, 0.020202084463750512]
[-0.9374906909454437, 0.020202084463750512], 2, -1.0, [-0.9139227891133349, 0.02356790183210873]
[-0.9139227891133349, 0.02356790183210873], 2, -1.0, [-0.8870520637663741, 0.026870725346960816]
[-0.8870520637663741, 0.026870725346960816], 2, -1.0, [-0.8569643551966559, 0.03008770856971825]
[-0.8569643551966559, 0.03008770856971825], 2, -1.0, [-0.8237728385042765, 0.03319151669237937]
[-0.8237728385042765, 0.03319151669237937], 2, -1.0, [-0.7876221933105824, 0.03615064519369416]
[-0.7876221933105824, 0.03615064519369416], 2, -1.0, [-0.748692025899185, 0.0389301674113973]
[-0.748692025899185, 0.0389301674113973], 2, -1.0, [-0.7071990692484209, 0.041492956650764135]
[-0.7071990692484209, 0.041492956650764135], 2, -1.0, [-0.6633976880179602, 0.04380138123046071]
[-0.6633976880179602, 0.04380138123046071], 2, -1.0, [-0.6175782829216026, 0.0458194050963576]
[-0.6175782829216026, 0.0458194050963576], 2, -1.0, [-0.5700633324371825, 0.04751495048442001]
[-0.5700633324371825, 0.04751495048442001], 2, -1.0, [-0.5212010252230697, 0.04886230721411286]
[-0.5212010252230697, 0.04886230721411286], 2, -1.0, [-0.47135670098168836, 0.04984432424138132]
[-0.47135670098168836, 0.04984432424138132], 2, -1.0, [-0.4209025902340516, 0.05045411074763677]
[-0.4209025902340516, 0.05045411074763677], 2, -1.0, [-0.37020657385658584, 0.05069601637746574]
[-0.37020657385658584, 0.05069601637746574], 2, -1.0, [-0.3196208233481064, 0.050585750508479445]
[-0.3196208233481064, 0.050585750508479445], 2, -1.0, [-0.2694712015140265, 0.05014962183407989]
[-0.2694712015140265, 0.05014962183407989], 2, -1.0, [-0.22004819610679743, 0.04942300540722905]
[-0.22004819610679743, 0.04942300540722905], 2, -1.0, [-0.17159994963382874, 0.0484482464729687]
[-0.17159994963382874, 0.0484482464729687], 2, -1.0, [-0.12432768137650088, 0.04727226825732787]
[-0.12432768137650088, 0.04727226825732787], 2, -1.0, [-0.07838352432976219, 0.045944157046738696]
[-0.07838352432976219, 0.045944157046738696], 2, -1.0, [-0.033870565459133195, 0.04451295887062899]
[-0.033870565459133195, 0.04451295887062899], 2, -1.0, [0.009155288481751025, 0.04302585394088422]
[0.009155288481751025, 0.04302585394088422], 2, -1.0, [0.05068208533056341, 0.041526796848812386]
[0.05068208533056341, 0.041526796848812386], 2, -1.0, [0.09073772413086811, 0.040055638800304695]
[0.09073772413086811, 0.040055638800304695], 2, -1.0, [0.12938541739652706, 0.03864769326565896]
[0.12938541739652706, 0.03864769326565896], 2, -1.0, [0.1667190895148164, 0.03733367211828935]
[0.1667190895148164, 0.03733367211828935], 2, -1.0, [0.2028589937519026, 0.036139904237086205]
[0.2028589937519026, 0.036139904237086205], 2, -1.0, [0.23794774201694424, 0.03508874826504164]
[0.23794774201694424, 0.03508874826504164], 2, -1.0, [0.2721468624395214, 0.03419912042257717]
[0.2721468624395214, 0.03419912042257717], 2, -1.0, [0.3056339345374431, 0.03348707209792168]
[0.3056339345374431, 0.03348707209792168], 2, -1.0, [0.3386003011973947, 0.0329663666599516]
[0.3386003011973947, 0.0329663666599516], 2, -1.0, [0.3712493193314069, 0.03264901813401221]
[0.3712493193314069, 0.03264901813401221], 2, -1.0, [0.40379508406433606, 0.032545764732929125]
[0.40379508406433606, 0.032545764732929125], 2, -1.0, [0.43646154130024695, 0.0326664572359109]
[0.43646154130024695, 0.0326664572359109], 2, -1.0, [0.46948188715915906, 0.03302034585891213]
[0.46948188715915906, 0.03302034585891213], 2, -1.0, [0.5030981370049556, 0.033616249845796635]
