[-0.4106837177598059, 0.0], 0, -1.0, [-0.41251447735074576, -0.0018307595909398877]
[-0.41251447735074576, -0.0018307595909398877], 0, -1.0, [-0.41616303365351737, -0.003648556302771613]
[-0.41616303365351737, -0.003648556302771613], 0, -1.0, [-0.42160347951100946, -0.005440445857492102]
[-0.42160347951100946, -0.005440445857492102], 0, -1.0, [-0.4287970089075822, -0.0071935293965727535]
[-0.4287970089075822, -0.0071935293965727535], 0, -1.0, [-0.43769200503139283, -0.00889499612381061]
[-0.43769200503139283, -0.00889499612381061], 0, -1.0, [-0.44822419319983814, -0.010532188168445315]
[-0.44822419319983814, -0.010532188168445315], 0, -1.0, [-0.4603168854762206, -0.012092692276382514]
[-0.4603168854762206, -0.012092692276382514], 0, -1.0, [-0.47388134610353827, -0.01356446062731765]
[-0.47388134610353827, -0.01356446062731765], 0, -1.0, [-0.4888173064464824, -0.014935960342944121]
[-0.4888173064464824, -0.014935960342944121], 0, -1.0, [-0.5050136547005333, -0.016196348254050856]
[-0.5050136547005333, -0.016196348254050856], 0, -1.0, [-0.5223493191540034, -0.017335664453470102]
[-0.5223493191540034, -0.017335664453470102], 0, -1.0, [-0.5406943545088617, -0.01834503535485833]
[-0.5406943545088617, -0.01834503535485833], 0, -1.0, [-0.559911229223253, -0.01921687471439121]
[-0.559911229223253, -0.01921687471439121], 0, -1.0, [-0.5798562988816025, -0.019945069658349537]
[-0.5798562988816025, -0.019945069658349537], 0, -1.0, [-0.6003814373262805, -0.020525138444677977]
[-0.6003814373262805, -0.020525138444677977], 0, -1.0, [-0.621335784942947, -0.020954347616666483]
[-0.621335784942947, -0.020954347616666483], 0, -1.0, [-0.6425675633256579, -0.021231778382710988]
[-0.6425675633256579, -0.021231778382710988], 0, -1.0, [-0.6639258986401505, -0.02135833531449263]
[-0.6639258986401505, -0.02135833531449263], 0, -1.0, [-0.6852625931200016, -0.02133669447985113]
[-0.6852625931200016, -0.02133669447985113], 0, -1.0, [-0.7064337856055274, -0.021171192485525844]
[-0.7064337856055274, -0.021171192485525844], 0, -1.0, [-0.7273014477241703, -0.020867662118642855]
[-0.7273014477241703, -0.020867662118642855], 0, -1.0, [-0.7477346716135942, -0.02043322388942394]
[-0.7477346716135942, -0.02043322388942394], 0, -1.0, [-0.7676107170446352, -0.019876045431041087]
[-0.7676107170446352, -0.019876045431041087], 2, -1.0, [-0.7848157992351917, -0.0172050821905565]
[-0.7848157992351917, -0.0172050821905565], 2, -1.0, [-0.7992562056214778, -0.01444040638628613]
[-0.7992562056214778, -0.01444040638628613], 2, -1.0, [-0.8108569003480758, -0.011600694726597967]
[-0.8108569003480758, -0.011600694726597967], 2, -1.0, [-0.8195600974808396, -0.008703197132763813]
[-0.8195600974808396, -0.008703197132763813], 2, -1.0, [-0.8253239492352469, -0.005763851754407314]
[-0.8253239492352469, -0.005763851754407314], 2, -1.0, [-0.8281214670907198, -0.0027975178554728373]
[-0.8281214670907198, -0.0027975178554728373], 2, -1.0, [-0.8279397634463289, 0.00018170364439090312]
[-0.8279397634463289, 0.00018170364439090312], 2, -1.0, [-0.8247796711506166, 0.003160092295712344]
[-0.8247796711506166, 0.003160092295712344], 2, -1.0, [-0.8186557684580442, 0.006123902692572339]
[-0.8186557684580442, 0.006123902692572339], 2, -1.0, [-0.8095968076285804, 0.009058960829463775]
[-0.8095968076285804, 0.009058960829463775], 2, -1.0, [-0.7976465160184698, 0.011950291610110677]
[-0.7976465160184698, 0.011950291610110677], 2, -1.0, [-0.7828647086574033, 0.014781807361066504]
[-0.7828647086574033, 0.014781807361066504], 2, -1.0, [-0.7653286209444737, 0.01753608771292953]
[-0.7653286209444737, 0.01753608771292953], 2, -1.0, [-0.7451343399856278, 0.020194280958845953]
[-0.7451343399856278, 0.020194280958845953], 2, -1.0, [-0.7223981850636394, 0.02273615492198847]
[-0.7223981850636394, 0.02273615492198847], 2, -1.0, [-0.6972578647742522, 0.025140320289387147]
[-0.6972578647742522, 0.025140320289387147], 2, -1.0, [-0.6698732245050152, 0.02738464026923708]
[-0.6698732245050152, 0.02738464026923708], 2, -1.0, [-0.6404263977571772, 0.029446826747837974]
[-0.6404263977571772, 0.029446826747837974], 2, -1.0, [-0.6091211926117021, 0.031305205145475204]
[-0.6091211926117021, 0.031305205145475204], 2, -1.0, [-0.5761815832924064, 0.032939609319295654]
[-0.5761815832924064, 0.032939609319295654], 2, -1.0, [-0.541849236506888, 0.03433234678551845]
[-0.541849236506888, 0.03433234678551845], 2, -1.0, [-0.5063800796413813, 0.03546915686550671]
[-0.5063800796413813, 0.03546915686550671], 2, -1.0, [-0.47004000557129877, 0.03634007407008252]
[-0.47004000557129877, 0.03634007407008252], 2, -1.0, [-0.43309989610594535, 0.03694010946535344]
[-0.43309989610594535, 0.03694010946535344], 2, -1.0, [-0.39583022052566075, 0.0372696755802846]
[-0.39583022052566075, 0.0372696755802846], 2, -1.0, [-0.35849551567439236, 0.03733470485126839]
[-0.35849551567439236, 0.03733470485126839], 2, -1.0, [-0.32134907138557345, 0.03714644428881891]
[-0.32134907138557345, 0.03714644428881891], 2, -1.0, [-0.28462812673251836, 0.03672094465305511]
[-0.28462812673251836, 0.03672094465305511], 2, -1.0, [-0.24854983186809665, 0.03607829486442172]
[-0.24854983186809665, 0.03607829486442172], 2, -1.0, [-0.21330815552281285, 0.03524167634528379]
[-0.21330815552281285, 0.03524167634528379], 2, -1.0, [-0.17907183133707194, 0.03423632418574091]
[-0.17907183133707194, 0.03423632418574091], 2, -1.0, [-0.14598334957421347, 0.033088481762858474]
[-0.14598334957421347, 0.033088481762858474], 2, -1.0, [-0.11415892510320627, 0.031824424471007196]
[-0.11415892510320627, 0.031824424471007196], 2, -1.0, [-0.08368931513758354, 0.030469609965622722]
[-0.08368931513758354, 0.030469609965622722], 2, -1.0, [-0.05464132431023992, 0.029047990827343616]
[-0.05464132431023992, 0.029047990827343616], 2, -1.0, [-0.02705981979342669, 0.02758150451681323]
[-0.02705981979342669, 0.02758150451681323], 2, -1.0, [-0.0009700821687422777, 0.026089737624684414]
[-0.0009700821687422777, 0.026089737624684414], 2, -1.0, [0.023619666042853073, 0.02458974821159535]
[0.023619666042853073, 0.02458974821159535], 2, -1.0, [0.04671568787582252, 0.023096021832969448]
[0.04671568787582252, 0.023096021832969448], 2, -1.0, [0.06833622104932188, 0.021620533173499372]
[0.06833622104932188, 0.021620533173499372], 2, -1.0, [0.08850910617044541, 0.020172885121123526]
[0.08850910617044541, 0.020172885121123526], 2, -1.0, [0.1072696056488109, 0.018760499478365486]
[0.1072696056488109, 0.018760499478365486], 2, -1.0, [0.1246584429466654, 0.017388837297854492]
[0.1246584429466654, 0.017388837297854492], 2, -1.0, [0.14072007413889429, 0.016061631192228892]
[0.14072007413889429, 0.016061631192228892], 2, -1.0, [0.15550119043803737, 0.014781116299143082]
[0.15550119043803737, 0.014781116299143082], 2, -1.0, [0.16904944093753801, 0.013548250499500657]
[0.16904944093753801, 0.013548250499500657], 2, -1.0, [0.18141235873435585, 0.012362917796817849]
[0.18141235873435585, 0.012362917796817849], 2, -1.0, [0.19263647014273472, 0.011224111408378853]
[0.19263647014273472, 0.011224111408378853], 2, -1.0, [0.20276656526535966, 0.01013009512262495]
[0.20276656526535966, 0.01013009512262495], 2, -1.0, [0.21184510818420504, 0.009078542918845384]
[0.21184510818420504, 0.009078542918845384], 2, -1.0, [0.21991176600643672, 0.008066657822231675]
[0.21991176600643672, 0.008066657822231675], 2, -1.0, [0.22700303758600757, 0.007091271579570839]
[0.22700303758600757, 0.007091271579570839], 2, -1.0, [0.2331519646658497, 0.006148927079842135]
[0.2331519646658497, 0.006148927079842135], 2, -1.0, [0.23838791025378825, 0.005235945587938563]
[0.23838791025378825, 0.005235945587938563], 2, -1.0, [0.2427363911258467, 0.004348480872058432]
[0.2427363911258467, 0.004348480872058432], 2, -1.0, [0.24621895336117158, 0.0034825622353248796]
[0.24621895336117158, 0.0034825622353248796], 2, -1.0, [0.24885308170809925, 0.0026341283469276723]
[0.24885308170809925, 0.0026341283469276723], 2, -1.0, [0.2506521353425757, 0.0017990536344764533]
[0.2506521353425757, 0.0017990536344764533], 2, -1.0, [0.2516253042088832, 0.0009731688663075038]
[0.2516253042088832, 0.0009731688663075038], 2, -1.0, [0.2517775816420744, 0.00015227743319124148]
[0.2517775816420744, 0.00015227743319124148], 2, -1.0, [0.2511097503839092, -0.0006678312581652221]
[0.2511097503839092, -0.0006678312581652221], 0, -1.0, [0.24761838044710666, -0.0034913699368025563]
[0.24761838044710666, -0.0034913699368025563], 0, -1.0, [0.24128565960000664, -0.006332720847100008]
[0.24128565960000664, -0.006332720847100008], 0, -1.0, [0.2320797964761209, -0.009205863123885742]
[0.2320797964761209, -0.009205863123885742], 0, -1.0, [0.2199557847893522, -0.012124011686768688]
[0.2199557847893522, -0.012124011686768688], 0, -1.0, [0.20485658922303476, -0.01509919556631746]
[0.20485658922303476, -0.01509919556631746], 0, -1.0, [0.18671483966294053, -0.018141749560094244]
[0.18671483966294053, -0.018141749560094244], 2, -1.0, [0.167455144263662, -0.019259695399278517]
[0.167455144263662, -0.019259695399278517], 0, -1.0, [0.14500433371712718, -0.022450810546534826]
[0.14500433371712718, -0.022450810546534826], 0, -1.0, [0.11928636176208668, -0.025717971955040504]
[0.11928636176208668, -0.025717971955040504], 0, -1.0, [0.09022676763868878, -0.029059594123397904]
[0.09022676763868878, -0.029059594123397904], 0, -1.0, [0.05775820047733259, -0.03246856716135619]
[0.05775820047733259, -0.03246856716135619], 0, -1.0, [0.021827069618671487, -0.035931130858661106]
[0.021827069618671487, -0.035931130858661106], 0, -1.0, [-0.017598703418942284, -0.03942577303761377]
[-0.017598703418942284, -0.03942577303761377], 2, -1.0, [-0.05852099297925824, -0.040922289560315954]
[-0.05852099297925824, -0.040922289560315954], 0, -1.0, [-0.10290485344868304, -0.0443838604694248]
[-0.10290485344868304, -0.0443838604694248], 0, -1.0, [-0.15067052621173105, -0.047765672763047995]
[-0.15067052621173105, -0.047765672763047995], 0, -1.0, [-0.20168512475918268, -0.05101459854745163]
[-0.20168512475918268, -0.05101459854745163], 0, -1.0, [-0.25575589981059005, -0.05407077505140739]
[-0.25575589981059005, -0.05407077505140739], 0, -1.0, [-0.3126261999574601, -0.05687030014687007]
[-0.3126261999574601, -0.05687030014687007], 0, -1.0, [-0.3719752497305327, -0.05934904977307261]
[-0.3719752497305327, -0.05934904977307261], 0, -1.0, [-0.4334226646411816, -0.061447414910648895]
[-0.4334226646411816, -0.061447414910648895], 0, -1.0, [-0.4965381810300381, -0.06311551638885646]
[-0.4965381810300381, -0.06311551638885646], 0, -1.0, [-0.5608564290236532, -0.06431824799361507]
[-0.5608564290236532, -0.06431824799361507], 0, -1.0, [-0.6258958260871335, -0.0650393970634803]
[-0.6258958260871335, -0.0650393970634803], 0, -1.0, [-0.6911799818851012, -0.0652841557979678]
[-0.6911799818851012, -0.0652841557979678], 2, -1.0, [-0.7542595589749979, -0.06307957708989669]
[-0.7542595589749979, -0.06307957708989669], 1, -1.0, [-0.8157439740395063, -0.06148441506450847]
[-0.8157439740395063, -0.06148441506450847], 1, -1.0, [-0.875307231796305, -0.05956325775679874]
[-0.875307231796305, -0.05956325775679874], 0, -1.0, [-0.9336955844127778, -0.05838835261647283]
[-0.9336955844127778, -0.05838835261647283], 0, -1.0, [-0.9907274724451096, -0.057031888032331855]
[-0.9907274724451096, -0.057031888032331855], 0, -1.0, [-1.0462951495446515, -0.055567677099541926]
[-1.0462951495446515, -0.055567677099541926], 0, -1.0, [-1.1003628358053863, -0.054067686260734674]
[-1.1003628358053863, -0.054067686260734674], 0, -1.0, [-1.152962253372176, -0.05259941756678973]
[-1.152962253372176, -0.05259941756678973], 0, -1.0, [-1.2, 0.0]
[-1.2, 0.0], 2, -1.0, [-1.1967581039591646, 0.003241896040835368]
[-1.1967581039591646, 0.003241896040835368], 2, -1.0, [-1.1902636585360942, 0.006494445423070332]
[-1.1902636585360942, 0.006494445423070332], 2, -1.0, [-1.1804959639787937, 0.009767694557300442]
[-1.1804959639787937, 0.009767694557300442], 2, -1.0, [-1.1674255149588486, 0.013070449019945182]
[-1.1674255149588486, 0.013070449019945182], 2, -1.0, [-1.1510159267200155, 0.016409588238833067]
[-1.1510159267200155, 0.016409588238833067], 2, -1.0, [-1.1312266168239755, 0.019789309896040046]
[-1.1312266168239755, 0.019789309896040046], 2, -1.0, [-1.108016322100852, 0.02321029472312345]
[-1.108016322100852, 0.02321029472312345], 2, -1.0, [-1.081347524946184, 0.02666879715466819]
[-1.081347524946184, 0.02666879715466819], 2, -1.0, [-1.0511918363028878, 0.03015568864329602]
[-1.0511918363028878, 0.03015568864329602], 2, -1.0, [-1.0175363271434712, 0.0336555091594167]
[-1.0175363271434712, 0.0336555091594167], 2, -1.0, [-0.9803907090723114, 0.03714561807115983]
[-0.9803907090723114, 0.03714561807115983], 2, -1.0, [-0.9397951336374217, 0.04059557543488971]
[-0.9397951336374217, 0.04059557543488971], 2, -1.0, [-0.8958282112564235, 0.043966922380998245]
[-0.8958282112564235, 0.043966922380998245], 2, -1.0, [-0.8486146572192776, 0.04721355403714586]
[-0.8486146572192776, 0.04721355403714586], 2, -1.0, [-0.7983317816221248, 0.05028287559715283]
[-0.7983317816221248, 0.05028287559715283], 2, -1.0, [-0.7452138959379592, 0.0531178856841656]
[-0.7452138959379592, 0.0531178856841656], 2, -1.0, [-0.6895536666604415, 0.0556602292775177]
[-0.6895536666604415, 0.0556602292775177], 2, -1.0, [-0.6316995610792892, 0.057854105581152386]
[-0.6316995610792892, 0.057854105581152386], 2, -1.0, [-0.5720488365336812, 0.05965072454560789]
[-0.5720488365336812, 0.05965072454560789], 2, -1.0, [-0.5110360146660762, 0.061012821867605024]
[-0.5110360146660762, 0.061012821867605024], 2, -1.0, [-0.44911739120176025, 0.061918623464315904]
[-0.44911739120176025, 0.061918623464315904], 2, -1.0, [-0.38675274139346727, 0.06236464980829299]
[-0.38675274139346727, 0.06236464980829299], 0, -1.0, [-0.3263858485235833, 0.06036689286988392]
[-0.3263858485235833, 0.06036689286988392], 2, -1.0, [-0.26641326066670956, 0.05997258785687377]
[-0.26641326066670956, 0.05997258785687377], 2, -1.0, [-0.2071838024472931, 0.05922945821941646]
[-0.2071838024472931, 0.05922945821941646], 2, -1.0, [-0.14898678436628338, 0.05819701808100971]
[-0.14898678436628338, 0.05819701808100971], 2, -1.0, [-0.09204417899061942, 0.05694260537566395]
[-0.09204417899061942, 0.05694260537566395], 2, -1.0, [-0.036506866223770036, 0.05553731276684939]
[-0.036506866223770036, 0.05553731276684939], 2, -1.0, [0.017545425014080178, 0.054052291237850214]
[0.017545425014080178, 0.054052291237850214], 2, -1.0, [0.07010117867422344, 0.05255575366014327]
[0.07010117867422344, 0.05255575366014327], 2, -1.0, [0.12121201334791365, 0.0511108346736902]
[0.12121201334791365, 0.0511108346736902], 2, -1.0, [0.17098632362999838, 0.049774310282084726]
[0.17098632362999838, 0.049774310282084726], 2, -1.0, [0.21958239344500144, 0.04859606981500306]
[0.21958239344500144, 0.04859606981500306], 0, -1.0, [0.2652015639195629, 0.04561917047456146]
[0.2652015639195629, 0.04561917047456146], 0, -1.0, [0.30807110196762855, 0.042869538048065675]
[0.30807110196762855, 0.042869538048065675], 2, -1.0, [0.3504344833248853, 0.04236338135725674]
[0.3504344833248853, 0.04236338135725674], 1, -1.0, [0.39155676472527096, 0.04112228140038563]
[0.39155676472527096, 0.04112228140038563], 1, -1.0, [0.43171442795348475, 0.04015766322821377]
[0.43171442795348475, 0.04015766322821377], 1, -1.0, [0.4711916527217384, 0.03947722476825367]
[0.4711916527217384, 0.03947722476825367], 1, -1.0, [0.5102774413539574, 0.039085788632218926]
