[-0.5237511491753831, 0.0], 0, -1.0, [-0.5247500063735948, -0.0009988571982116677]
[-0.5247500063735948, -0.0009988571982116677], 0, -1.0, [-0.5267402293581566, -0.0019902229845617757]
[-0.5267402293581566, -0.0019902229845617757], 0, -1.0, [-0.5297068917882922, -0.002966662430135644]
[-0.5297068917882922, -0.002966662430135644], 0, -1.0, [-0.5336277459107023, -0.003920854122410084]
[-0.5336277459107023, -0.003920854122410084], 0, -1.0, [-0.5384733941033141, -0.004845648192611778]
[-0.5384733941033141, -0.004845648192611778], 0, -1.0, [-0.5442075196780227, -0.005734125574708621]
[-0.5442075196780227, -0.005734125574708621], 0, -1.0, [-0.5507871781240322, -0.00657965844600946]
[-0.5507871781240322, -0.00657965844600946], 0, -1.0, [-0.5581631495774784, -0.0073759714534461646]
[-0.5581631495774784, -0.0073759714534461646], 0, -1.0, [-0.5662803525329654, -0.008117202955487037]
[-0.5662803525329654, -0.008117202955487037], 0, -1.0, [-0.5750783176743831, -0.00879796514141775]
[-0.5750783176743831, -0.00879796514141775], 0, -1.0, [-0.5844917192377134, -0.009413401563330242]
[-0.5844917192377134, -0.009413401563330242], 0, -1.0, [-0.5944509596040266, -0.009959240366313269]
[-0.5944509596040266, -0.009959240366313269], 0, -1.0, [-0.6048828009633698, -0.010431841359343164]
[-0.6048828009633698, -0.010431841359343164], 0, -1.0, [-0.6157110360192252, -0.010828235055855362]
[-0.6157110360192252, -0.010828235055855362], 0, -1.0, [-0.6268571879602831, -0.011146151941057975]
[-0.6268571879602831, -0.011146151941057975], 0, -1.0, [-0.6382412284526626, -0.011384040492379472]
[-0.6382412284526626, -0.011384040492379472], 0, -1.0, [-0.6497823013291473, -0.011541072876484646]
[-0.6497823013291473, -0.011541072876484646], 0, -1.0, [-0.6613994390742287, -0.011617137745081413]
[-0.6613994390742287, -0.011617137745081413], 0, -1.0, [-0.6730122591903891, -0.01161282011616038]
[-0.6730122591903891, -0.01161282011616038], 0, -1.0, [-0.6845416281050509, -0.011529368914661836]
[-0.6845416281050509, -0.011529368914661836], 0, -1.0, [-0.6959102814170391, -0.011368653311988271]
[-0.6959102814170391, -0.011368653311988271], 0, -1.0, [-0.7070433909219555, -0.011133109504916305]
[-0.7070433909219555, -0.011133109504916305], 0, -1.0, [-0.7178690708976851, -0.010825679975729679]
[-0.7178690708976851, -0.010825679975729679], 0, -1.0, [-0.7283188184489804, -0.010449747551295286]
[-0.7283188184489804, -0.010449747551295286], 0, -1.0, [-0.738327885164826, -0.01000906671584557]
[-0.738327885164826, -0.01000906671584557], 2, -1.0, [-0.74583557979414, -0.007507694629313996]
[-0.74583557979414, -0.007507694629313996], 2, -1.0, [-0.750797263968854, -0.004961684174714123]
[-0.750797263968854, -0.004961684174714123], 2, -1.0, [-0.7531838661102238, -0.002386602141369774]
[-0.7531838661102238, -0.002386602141369774], 2, -1.0, [-0.752981526507861, 0.0002023396023628026]
[-0.752981526507861, 0.0002023396023628026], 2, -1.0, [-0.7501914170579935, 0.0027901094498674985]
[-0.7501914170579935, 0.0027901094498674985], 2, -1.0, [-0.7448297567867003, 0.0053616602712932195]
[-0.7448297567867003, 0.0053616602712932195], 2, -1.0, [-0.7369280213622007, 0.00790173542449955]
[-0.7369280213622007, 0.00790173542449955], 2, -1.0, [-0.7265333219240732, 0.010394699438127519]
[-0.7265333219240732, 0.010394699438127519], 2, -1.0, [-0.7137089063473786, 0.01282441557669452]
[-0.7137089063473786, 0.01282441557669452], 2, -1.0, [-0.6985347153286061, 0.01517419101877249]
[-0.6985347153286061, 0.01517419101877249], 2, -1.0, [-0.681107907567924, 0.01742680776068209]
[-0.681107907567924, 0.01742680776068209], 2, -1.0, [-0.6615432543508237, 0.01956465321710027]
[-0.6615432543508237, 0.01956465321710027], 2, -1.0, [-0.6399732958468148, 0.02156995850400893]
[-0.6399732958468148, 0.02156995850400893], 2, -1.0, [-0.6165481514109484, 0.02342514443586646]
[-0.6165481514109484, 0.02342514443586646], 2, -1.0, [-0.591434885844874, 0.025113265566074357]
[-0.591434885844874, 0.025113265566074357], 2, -1.0, [-0.5648163540318107, 0.026618531813063243]
[-0.5648163540318107, 0.026618531813063243], 2, -1.0, [-0.5368894775493781, 0.02792687648243263]
[-0.5368894775493781, 0.02792687648243263], 2, -1.0, [-0.5078629472119084, 0.02902653033746974]
[-0.5078629472119084, 0.02902653033746974], 1, -1.0, [-0.47895439175718607, 0.028908555454722294]
[-0.47895439175718607, 0.028908555454722294], 1, -1.0, [-0.4503796690350616, 0.028574722722124454]
[-0.4503796690350616, 0.028574722722124454], 0, -1.0, [-0.4233496842865205, 0.027029984748541108]
[-0.4233496842865205, 0.027029984748541108], 0, -1.0, [-0.39806028459333126, 0.025289399693189236]
[-0.39806028459333126, 0.025289399693189236], 0, -1.0, [-0.37469032305125516, 0.023369961542076108]
[-0.37469032305125516, 0.023369961542076108], 0, -1.0, [-0.3534003979217558, 0.021289925129499322]
[-0.3534003979217558, 0.021289925129499322], 0, -1.0, [-0.33433221419096415, 0.01906818373079168]
[-0.33433221419096415, 0.01906818373079168], 0, -1.0, [-0.31760847620003646, 0.01672373799092768]
[-0.31760847620003646, 0.01672373799092768], 0, -1.0, [-0.3033331945173353, 0.01427528168270117]
[-0.3033331945173353, 0.01427528168270117], 0, -1.0, [-0.29159227803032417, 0.011740916487011154]
[-0.29159227803032417, 0.011740916487011154], 0, -1.0, [-0.2824542818726718, 0.009137996157652385]
[-0.2824542818726718, 0.009137996157652385], 0, -1.0, [-0.2759711909426407, 0.006483090930031098]
[-0.2759711909426407, 0.006483090930031098], 0, -1.0, [-0.27217913483783784, 0.003792056104802882]
[-0.27217913483783784, 0.003792056104802882], 0, -1.0, [-0.2710989506698203, 0.0010801841680175128]
[-0.2710989506698203, 0.0010801841680175128], 0, -1.0, [-0.2727365335580403, -0.0016375828882199493]
[-0.2727365335580403, -0.0016375828882199493], 0, -1.0, [-0.2770829393366328, -0.004346405778592496]
[-0.2770829393366328, -0.004346405778592496], 0, -1.0, [-0.2841142293454116, -0.007031290008778789]
[-0.2841142293454116, -0.007031290008778789], 0, -1.0, [-0.2937910726562483, -0.009676843310836725]
[-0.2937910726562483, -0.009676843310836725], 0, -1.0, [-0.30605814634535217, -0.01226707368910386]
[-0.30605814634535217, -0.01226707368910386], 0, -1.0, [-0.32084339894844904, -0.01478525260309687]
[-0.32084339894844904, -0.01478525260309687], 0, -1.0, [-0.33805726514293455, -0.017213866194485526]
[-0.33805726514293455, -0.017213866194485526], 0, -1.0, [-0.35759193957289714, -0.019534674429962606]
[-0.35759193957289714, -0.019534674429962606], 0, -1.0, [-0.37932083258500365, -0.02172889301210651]
[-0.37932083258500365, -0.02172889301210651], 0, -1.0, [-0.40309833804376466, -0.023777505458760985]
[-0.40309833804376466, -0.023777505458760985], 0, -1.0, [-0.42876004077627095, -0.025661702732506262]
[-0.42876004077627095, -0.025661702732506262], 0, -1.0, [-0.4561234763547477, -0.02736343557847673]
[-0.4561234763547477, -0.02736343557847673], 0, -1.0, [-0.48498952764614434, -0.02886605129139663]
[-0.48498952764614434, -0.02886605129139663], 0, -1.0, [-0.51514450125109, -0.03015497360494566]
[-0.51514450125109, -0.03015497360494566], 0, -1.0, [-0.5463628751158526, -0.031218373864762537]
[-0.5463628751158526, -0.031218373864762537], 0, -1.0, [-0.5784106509133816, -0.03204777579752904]
[-0.5784106509133816, -0.03204777579752904], 0, -1.0, [-0.6110491877210744, -0.032638536807692846]
[-0.6110491877210744, -0.032638536807692846], 0, -1.0, [-0.6440393444026405, -0.03299015668156618]
[-0.6440393444026405, -0.03299015668156618], 0, -1.0, [-0.6771457238190731, -0.033106379416432526]
[-0.6771457238190731, -0.033106379416432526], 0, -1.0, [-0.7101407976199414, -0.03299507380086828]
[-0.7101407976199414, -0.03299507380086828], 0, -1.0, [-0.7428086980624257, -0.032667900442484236]
[-0.7428086980624257, -0.032667900442484236], 0, -1.0, [-0.7749484918395734, -0.032139793777147756]
[-0.7749484918395734, -0.032139793777147756], 0, -1.0, [-0.8063767959141096, -0.031428304074536194]
[-0.8063767959141096, -0.031428304074536194], 0, -1.0, [-0.8369296503101002, -0.030552854395990665]
[-0.8369296503101002, -0.030552854395990665], 0, -1.0, [-0.8664636203306246, -0.02953397002052433]
[-0.8664636203306246, -0.02953397002052433], 0, -1.0, [-0.8948561538950999, -0.028392533564475266]
[-0.8948561538950999, -0.028392533564475266], 0, -1.0, [-0.9220052633783689, -0.027149109483268954]
[-0.9220052633783689, -0.027149109483268954], 2, -1.0, [-0.9458286324169769, -0.02382336903860803]
[-0.9458286324169769, -0.02382336903860803], 2, -1.0, [-0.9662667144381409, -0.02043808202116404]
[-0.9662667144381409, -0.02043808202116404], 2, -1.0, [-0.9832781204558338, -0.017011406017692864]
[-0.9832781204558338, -0.017011406017692864], 2, -1.0, [-0.9968353498530651, -0.013557229397231302]
[-0.9968353498530651, -0.013557229397231302], 2, -1.0, [-1.0069210589648818, -0.010085709111816641]
[-1.0069210589648818, -0.010085709111816641], 2, -1.0, [-1.013524995587105, -0.006603936622223265]
[-1.013524995587105, -0.006603936622223265], 2, -1.0, [-1.0166416770770703, -0.003116681489965309]
[-1.0166416770770703, -0.003116681489965309], 2, -1.0, [-1.0162688549051628, 0.0003728221719073734]
[-1.0162688549051628, 0.0003728221719073734], 2, -1.0, [-1.012406786587568, 0.0038620683175946704]
[-1.012406786587568, 0.0038620683175946704], 2, -1.0, [-1.0050583228826522, 0.007348463704915945]
[-1.0050583228826522, 0.007348463704915945], 2, -1.0, [-0.9942298093759314, 0.010828513506720797]
[-0.9942298093759314, 0.010828513506720797], 2, -1.0, [-0.9799327923049153, 0.014297017071016192]
[-0.9799327923049153, 0.014297017071016192], 2, -1.0, [-0.9621865039022507, 0.017746288402664605]
[-0.9621865039022507, 0.017746288402664605], 2, -1.0, [-0.9410210781614128, 0.02116542574083789]
[-0.9410210781614128, 0.02116542574083789], 2, -1.0, [-0.9164814099528803, 0.024539668208532463]
[-0.9164814099528803, 0.024539668208532463], 2, -1.0, [-0.8886315164440718, 0.027849893508808503]
[-0.8886315164440718, 0.027849893508808503], 2, -1.0, [-0.8575591898476789, 0.03107232659639294]
[-0.8575591898476789, 0.03107232659639294], 2, -1.0, [-0.8233806484138125, 0.03417854143386632]
[-0.8233806484138125, 0.03417854143386632], 2, -1.0, [-0.7862448070503373, 0.03713584136347528]
[-0.7862448070503373, 0.03713584136347528], 2, -1.0, [-0.7463367144348614, 0.03990809261547593]
[-0.7463367144348614, 0.03990809261547593], 2, -1.0, [-0.7038796594497616, 0.042457054985099725]
[-0.7038796594497616, 0.042457054985099725], 2, -1.0, [-0.6591354580681943, 0.0447442013815673]
[-0.6591354580681943, 0.0447442013815673], 2, -1.0, [-0.6124025115679589, 0.04673294650023545]
[-0.6124025115679589, 0.04673294650023545], 2, -1.0, [-0.5640113876850472, 0.048391123882911655]
[-0.5640113876850472, 0.048391123882911655], 2, -1.0, [-0.51431791117766, 0.04969347650738717]
[-0.51431791117766, 0.04969347650738717], 2, -1.0, [-0.4636940321605026, 0.050623879017157425]
[-0.4636940321605026, 0.050623879017157425], 2, -1.0, [-0.41251702417688446, 0.051177007983618114]
[-0.41251702417688446, 0.051177007983618114], 2, -1.0, [-0.3611577948547636, 0.05135922932212081]
[-0.3611577948547636, 0.05135922932212081], 2, -1.0, [-0.30996922090403384, 0.051188573950729795]
[-0.30996922090403384, 0.051188573950729795], 2, -1.0, [-0.2592754169511786, 0.05069380395285519]
[-0.2592754169511786, 0.05069380395285519], 2, -1.0, [-0.20936271452394117, 0.04991270242723746]
[-0.20936271452394117, 0.04991270242723746], 2, -1.0, [-0.16047289307437862, 0.04888982144956254]
[-0.16047289307437862, 0.04888982144956254], 2, -1.0, [-0.11279891890949527, 0.04767397416488335]
[-0.11279891890949527, 0.04767397416488335], 2, -1.0, [-0.06648316503114457, 0.04631575387835069]
[-0.06648316503114457, 0.04631575387835069], 2, -1.0, [-0.021617850647218252, 0.04486531438392632]
[-0.021617850647218252, 0.04486531438392632], 2, -1.0, [0.021752719373226682, 0.043370570020444935]
[0.021752719373226682, 0.043370570020444935], 2, -1.0, [0.0636286107887844, 0.04187589141555772]
[0.0636286107887844, 0.04187589141555772], 2, -1.0, [0.10404991082302095, 0.040421300034236544]
[0.10404991082302095, 0.040421300034236544], 2, -1.0, [0.1430920219187507, 0.039042111095729755]
[0.1430920219187507, 0.039042111095729755], 0, -1.0, [0.17886096476820074, 0.035768942849450036]
[0.17886096476820074, 0.035768942849450036], 2, -1.0, [0.213481256299127, 0.034620291530926266]
[0.213481256299127, 0.034620291530926266], 2, -1.0, [0.24709697117467386, 0.033615714875546855]
[0.24709697117467386, 0.033615714875546855], 2, -1.0, [0.2798686923095359, 0.03277172113486208]
[0.2798686923095359, 0.03277172113486208], 2, -1.0, [0.3119710231790187, 0.03210233086948275]
[0.3119710231790187, 0.03210233086948275], 2, -1.0, [0.34359064523841054, 0.03161962205939181]
[0.34359064523841054, 0.03161962205939181], 2, -1.0, [0.37492487501794997, 0.03133422977953943]
[0.37492487501794997, 0.03133422977953943], 2, -1.0, [0.40618065516159735, 0.03125578014364739]
[0.40618065516159735, 0.03125578014364739], 2, -1.0, [0.43757389875566094, 0.03139324359406357]
[0.43757389875566094, 0.03139324359406357], 2, -1.0, [0.46932909380278715, 0.03175519504712622]
[0.46932909380278715, 0.03175519504712622], 2, -1.0, [0.5016790619983021, 0.032349968195515014]
