[-0.5964460876973448, 0.0], 1, -1.0, [-0.595904071519935, 0.0005420161774097354]
[-0.595904071519935, 0.0005420161774097354], 1, -1.0, [-0.5948240083107333, 0.0010800632092016543]
[-0.5948240083107333, 0.0010800632092016543], 1, -1.0, [-0.5932138115266852, 0.0016101967840481254]
[-0.5932138115266852, 0.0016101967840481254], 1, -1.0, [-0.5910852891406658, 0.002128522386019389]
[-0.5910852891406658, 0.002128522386019389], 1, -1.0, [-0.5884540686520932, 0.0026312204885726863]
[-0.5884540686520932, 0.0026312204885726863], 1, -1.0, [-0.5853394966048203, 0.0031145720472728444]
[-0.5853394966048203, 0.0031145720472728444], 1, -1.0, [-0.5817645123048668, 0.0035749842999534803]
[-0.5817645123048668, 0.0035749842999534803], 1, -1.0, [-0.5777554954922414, 0.004009016812625409]
[-0.5777554954922414, 0.004009016812625409], 1, -1.0, [-0.5733420878618367, 0.0044134076304046255]
[-0.5733420878618367, 0.0044134076304046255], 1, -1.0, [-0.5685569885514046, 0.004785099310432182]
[-0.5685569885514046, 0.004785099310432182], 1, -1.0, [-0.5634357240174, 0.005121264534004477]
[-0.5634357240174, 0.005121264534004477], 1, -1.0, [-0.5580163930935617, 0.00541933092383837]
[-0.5580163930935617, 0.00541933092383837], 1, -1.0, [-0.5523393884583714, 0.005677004635190286]
[-0.5523393884583714, 0.005677004635190286], 1, -1.0, [-0.5464470962069978, 0.0058922922513735786]
[-0.5464470962069978, 0.0058922922513735786], 0, -1.0, [-0.5413835757080626, 0.00506352049893523]
[-0.5413835757080626, 0.00506352049893523], 0, -1.0, [-0.5371867324841082, 0.004196843223954456]
[-0.5371867324841082, 0.004196843223954456], 0, -1.0, [-0.533888007804934, 0.003298724679174279]
[-0.533888007804934, 0.003298724679174279], 0, -1.0, [-0.5315121261382907, 0.002375881666643297]
[-0.5315121261382907, 0.002375881666643297], 0, -1.0, [-0.5300768999172975, 0.0014352262209932879]
[-0.5300768999172975, 0.0014352262209932879], 0, -1.0, [-0.5295930908222967, 0.00048380909500077556]
[-0.5295930908222967, 0.00048380909500077556], 0, -1.0, [-0.5300643267861762, -0.00047123596387960045]
[-0.5300643267861762, -0.00047123596387960045], 0, -1.0, [-0.5314870741567588, -0.0014227473705825952]
[-0.5314870741567588, -0.0014227473705825952], 0, -1.0, [-0.5338506648100764, -0.0023635906533175767]
[-0.5338506648100764, -0.0023635906533175767], 0, -1.0, [-0.537137378415452, -0.0032867136053756005]
[-0.537137378415452, -0.0032867136053756005], 0, -1.0, [-0.5413225804147381, -0.004185201999286234]
[-0.5413225804147381, -0.004185201999286234], 0, -1.0, [-0.5463749165049585, -0.00505233609022036]
[-0.5463749165049585, -0.00505233609022036], 0, -1.0, [-0.5522565644281532, -0.005881647923194649]
[-0.5522565644281532, -0.005881647923194649], 0, -1.0, [-0.5589235436144699, -0.006666979186316772]
[-0.5589235436144699, -0.006666979186316772], 0, -1.0, [-0.5663260826581351, -0.007402539043665207]
[-0.5663260826581351, -0.007402539043665207], 0, -1.0, [-0.5744090437225811, -0.008082961064446004]
[-0.5744090437225811, -0.008082961064446004], 0, -1.0, [-0.5831124017928618, -0.008703358070280828]
[-0.5831124017928618, -0.008703358070280828], 0, -1.0, [-0.592371775273261, -0.00925937348039919]
[-0.592371775273261, -0.00925937348039919], 0, -1.0, [-0.6021190028463217, -0.009747227573060692]
[-0.6021190028463217, -0.009747227573060692], 0, -1.0, [-0.612282759869577, -0.010163757023255315]
[-0.612282759869577, -0.010163757023255315], 0, -1.0, [-0.6227892060057844, -0.010506446136207338]
[-0.6227892060057844, -0.010506446136207338], 0, -1.0, [-0.6335626543838804, -0.010773448378096045]
[-0.6335626543838804, -0.010773448378096045], 0, -1.0, [-0.6445262514872327, -0.010963597103352336]
[-0.6445262514872327, -0.010963597103352336], 0, -1.0, [-0.6556026562618481, -0.011076404774615398]
[-0.6556026562618481, -0.011076404774615398], 0, -1.0, [-0.6667147067019119, -0.011112050440063845]
[-0.6667147067019119, -0.011112050440063845], 0, -1.0, [-0.6777860624413103, -0.011071355739398402]
[-0.6777860624413103, -0.011071355739398402], 0, -1.0, [-0.6887418126578682, -0.010955750216557827]
[-0.6887418126578682, -0.010955750216557827], 0, -1.0, [-0.6995090398445901, -0.010767227186721936]
[-0.6995090398445901, -0.010767227186721936], 0, -1.0, [-0.7100173316482008, -0.01050829180361065]
[-0.7100173316482008, -0.01050829180361065], 0, -1.0, [-0.7201992349221411, -0.01018190327394027]
[-0.7201992349221411, -0.01018190327394027], 0, -1.0, [-0.7299906482740408, -0.009791413351899706]
[-0.7299906482740408, -0.009791413351899706], 0, -1.0, [-0.73933115158482, -0.009340503310779142]
[-0.73933115158482, -0.009340503310779142], 2, -1.0, [-0.7461642731195031, -0.006833121534683063]
[-0.7461642731195031, -0.006833121534683063], 2, -1.0, [-0.7504494476489947, -0.004285174529491668]
[-0.7504494476489947, -0.004285174529491668], 2, -1.0, [-0.7521615667762529, -0.0017121191272582593]
[-0.7521615667762529, -0.0017121191272582593], 2, -1.0, [-0.7512906710256316, 0.0008708957506212535]
[-0.7512906710256316, 0.0008708957506212535], 2, -1.0, [-0.7478418212353807, 0.00344884979025092]
[-0.7478418212353807, 0.00344884979025092], 2, -1.0, [-0.7418351643740987, 0.006006656861282011]
[-0.7418351643740987, 0.006006656861282011], 2, -1.0, [-0.7333061860814953, 0.008528978292603403]
[-0.7333061860814953, 0.008528978292603403], 2, -1.0, [-0.7223061196140488, 0.01100006646744658]
[-0.7223061196140488, 0.01100006646744658], 2, -1.0, [-0.7089024591200235, 0.013403660494025287]
[-0.7089024591200235, 0.013403660494025287], 2, -1.0, [-0.6931795051667788, 0.015722953953244592]
[-0.6931795051667788, 0.015722953953244592], 2, -1.0, [-0.6752388534307756, 0.017940651736003205]
[-0.6752388534307756, 0.017940651736003205], 2, -1.0, [-0.6551997250416043, 0.02003912838917129]
[-0.6551997250416043, 0.02003912838917129], 2, -1.0, [-0.6331990311248911, 0.022000693916713204]
[-0.6331990311248911, 0.022000693916713204], 2, -1.0, [-0.6093910665330315, 0.023807964591859552]
[-0.6093910665330315, 0.023807964591859552], 2, -1.0, [-0.5839467401749048, 0.025444326358126823]
[-0.5839467401749048, 0.025444326358126823], 2, -1.0, [-0.5570522725568885, 0.026894467618016324]
[-0.5570522725568885, 0.026894467618016324], 2, -1.0, [-0.5289073246886843, 0.02814494786820416]
[-0.5289073246886843, 0.02814494786820416], 2, -1.0, [-0.4997225643852651, 0.029184760303419207]
[-0.4997225643852651, 0.029184760303419207], 0, -1.0, [-0.4717167225792839, 0.028005841805981195]
[-0.4717167225792839, 0.028005841805981195], 0, -1.0, [-0.4450984269723459, 0.02661829560693798]
[-0.4450984269723459, 0.02661829560693798], 0, -1.0, [-0.42006345694182456, 0.025034970030521356]
[-0.42006345694182456, 0.025034970030521356], 0, -1.0, [-0.39679257604283713, 0.023270880898987437]
[-0.39679257604283713, 0.023270880898987437], 0, -1.0, [-0.3754499680805556, 0.021342607962281535]
[-0.3754499680805556, 0.021342607962281535], 0, -1.0, [-0.35618225549193, 0.019267712588625592]
[-0.35618225549193, 0.019267712588625592], 0, -1.0, [-0.33911803915024435, 0.017064216341685666]
[-0.33911803915024435, 0.017064216341685666], 0, -1.0, [-0.324367869544571, 0.014750169605673354]
[-0.324367869544571, 0.014750169605673354], 0, -1.0, [-0.31202454166454513, 0.012343327880025833]
[-0.31202454166454513, 0.012343327880025833], 0, -1.0, [-0.3021635994010728, 0.009860942263472321]
[-0.3021635994010728, 0.009860942263472321], 0, -1.0, [-0.2948439383695083, 0.007319661031564496]
[-0.2948439383695083, 0.007319661031564496], 0, -1.0, [-0.2901084067563734, 0.004735531613134917]
[-0.2901084067563734, 0.004735531613134917], 0, -1.0, [-0.2879843199879403, 0.002124086768433146]
[-0.2879843199879403, 0.002124086768433146], 0, -1.0, [-0.28848382486251617, -0.0004995048745759043]
[-0.28848382486251617, -0.0004995048745759043], 0, -1.0, [-0.2916040708231473, -0.0031202459606311313]
[-0.2916040708231473, -0.0031202459606311313], 0, -1.0, [-0.2973271692386766, -0.005723098415529261]
[-0.2973271692386766, -0.005723098415529261], 0, -1.0, [-0.30561994519986824, -0.008292775961191635]
[-0.30561994519986824, -0.008292775961191635], 0, -1.0, [-0.31643350987490804, -0.010813564675039803]
[-0.31643350987490804, -0.010813564675039803], 0, -1.0, [-0.3297027043178706, -0.013269194442962548]
[-0.3297027043178706, -0.013269194442962548], 0, -1.0, [-0.34534548696831413, -0.015642782650443547]
[-0.34534548696831413, -0.015642782650443547], 0, -1.0, [-0.36326235573098054, -0.017916868762666432]
[-0.36326235573098054, -0.017916868762666432], 0, -1.0, [-0.3833359098645143, -0.02007355413353381]
[-0.3833359098645143, -0.02007355413353381], 0, -1.0, [-0.40543066496199237, -0.022094755097478047]
[-0.40543066496199237, -0.022094755097478047], 0, -1.0, [-0.42939323396224643, -0.023962569000254053]
[-0.42939323396224643, -0.023962569000254053], 0, -1.0, [-0.4550529765155689, -0.02565974255332247]
[-0.4550529765155689, -0.02565974255332247], 0, -1.0, [-0.4822231969921107, -0.027170220476541763]
[-0.4822231969921107, -0.027170220476541763], 0, -1.0, [-0.510702938056837, -0.02847974106472623]
[-0.510702938056837, -0.02847974106472623], 0, -1.0, [-0.5402793737780487, -0.029576435721211672]
[-0.5402793737780487, -0.029576435721211672], 0, -1.0, [-0.5707307572204254, -0.030451383442376738]
[-0.5707307572204254, -0.030451383442376738], 0, -1.0, [-0.6018298274998756, -0.031099070279450098]
[-0.6018298274998756, -0.031099070279450098], 0, -1.0, [-0.6333475363691309, -0.03151770886925532]
[-0.6333475363691309, -0.03151770886925532], 0, -1.0, [-0.665056920519456, -0.031709384150325114]
[-0.665056920519456, -0.031709384150325114], 0, -1.0, [-0.6967369277024236, -0.03168000718296761]
[-0.6967369277024236, -0.03168000718296761], 0, -1.0, [-0.7281760051187671, -0.0314390774163436]
[-0.7281760051187671, -0.0314390774163436], 0, -1.0, [-0.7591752771965957, -0.03099927207782861]
[-0.7591752771965957, -0.03099927207782861], 0, -1.0, [-0.7895511740981377, -0.030375896901541948]
[-0.7895511740981377, -0.030375896901541948], 1, -1.0, [-0.8181374171525291, -0.02858624305439141]
[-0.8181374171525291, -0.02858624305439141], 1, -1.0, [-0.8447910658925482, -0.026653648740019114]
[-0.8447910658925482, -0.026653648740019114], 0, -1.0, [-0.870391620306316, -0.02560055441376781]
[-0.870391620306316, -0.02560055441376781], 2, -1.0, [-0.8928356852523481, -0.022444064946032093]
[-0.8928356852523481, -0.022444064946032093], 2, -1.0, [-0.9120430542264639, -0.019207368974115787]
[-0.9120430542264639, -0.019207368974115787], 2, -1.0, [-0.9279531240147402, -0.015910069788276263]
[-0.9279531240147402, -0.015910069788276263], 2, -1.0, [-0.9405214614900765, -0.0125683374753364]
[-0.9405214614900765, -0.0125683374753364], 2, -1.0, [-0.9497167326524544, -0.009195271162377795]
[-0.9497167326524544, -0.009195271162377795], 2, -1.0, [-0.9555181473339799, -0.005801414681525506]
[-0.9555181473339799, -0.005801414681525506], 2, -1.0, [-0.9579135249637905, -0.002395377629810576]
[-0.9579135249637905, -0.002395377629810576], 2, -1.0, [-0.9568980486164745, 0.0010154763473159177]
[-0.9568980486164745, 0.0010154763473159177], 2, -1.0, [-0.9524737451513992, 0.0044243034650753915]
[-0.9524737451513992, 0.0044243034650753915], 2, -1.0, [-0.944649705973401, 0.00782403917799814]
[-0.944649705973401, 0.00782403917799814], 2, -1.0, [-0.9334430423331552, 0.011206663640245813]
[-0.9334430423331552, 0.011206663640245813], 2, -1.0, [-0.9188805473347132, 0.014562494998441975]
[-0.9188805473347132, 0.014562494998441975], 2, -1.0, [-0.9010010102622521, 0.017879537072461187]
[-0.9010010102622521, 0.017879537072461187], 2, -1.0, [-0.8798580944435906, 0.021142915818661494]
[-0.8798580944435906, 0.021142915818661494], 2, -1.0, [-0.8555236458330706, 0.02433444861052004]
[-0.8555236458330706, 0.02433444861052004], 2, -1.0, [-0.8280912459919075, 0.027432399841163045]
[-0.8280912459919075, 0.027432399841163045], 2, -1.0, [-0.7976797631301648, 0.030411482861742757]
[-0.7976797631301648, 0.030411482861742757], 2, -1.0, [-0.7644365948035705, 0.033243168326594234]
[-0.7644365948035705, 0.033243168326594234], 2, -1.0, [-0.728540245929483, 0.03589634887408749]
[-0.728540245929483, 0.03589634887408749], 2, -1.0, [-0.6902018593130108, 0.03833838661647212]
[-0.6902018593130108, 0.03833838661647212], 2, -1.0, [-0.6496653273665046, 0.0405365319465062]
[-0.6496653273665046, 0.0405365319465062], 2, -1.0, [-0.607205675538137, 0.04245965182836759]
[-0.607205675538137, 0.04245965182836759], 2, -1.0, [-0.5631255260545303, 0.04408014948360669]
[-0.5631255260545303, 0.04408014948360669], 2, -1.0, [-0.5177496201998999, 0.045375905854630305]
[-0.5177496201998999, 0.045375905854630305], 2, -1.0, [-0.47141758075949936, 0.046332039440400555]
[-0.47141758075949936, 0.046332039440400555], 2, -1.0, [-0.42447530380427223, 0.04694227695522713]
[-0.42447530380427223, 0.04694227695522713], 2, -1.0, [-0.37726554447329824, 0.047209759330973974]
[-0.37726554447329824, 0.047209759330973974], 2, -1.0, [-0.330118370699909, 0.047147173773389235]
[-0.330118370699909, 0.047147173773389235], 2, -1.0, [-0.28334217928414723, 0.04677619141576178]
[-0.28334217928414723, 0.04677619141576178], 2, -1.0, [-0.23721589588909558, 0.046126283395051655]
[-0.23721589588909558, 0.046126283395051655], 2, -1.0, [-0.19198282956549984, 0.04523306632359575]
[-0.19198282956549984, 0.04523306632359575], 2, -1.0, [-0.14784645350156578, 0.044136376063934064]
[-0.14784645350156578, 0.044136376063934064], 2, -1.0, [-0.10496817355290272, 0.04287827994866306]
[-0.10496817355290272, 0.04287827994866306], 2, -1.0, [-0.06346695849337147, 0.04150121505953124]
[-0.06346695849337147, 0.04150121505953124], 2, -1.0, [-0.023420564552126474, 0.040046393941245]
[-0.023420564552126474, 0.040046393941245], 2, -1.0, [0.01513199773287826, 0.038552562285004734]
[0.01513199773287826, 0.038552562285004734], 2, -1.0, [0.05218713557077806, 0.0370551378378998]
[0.05218713557077806, 0.0370551378378998], 2, -1.0, [0.08777285021775892, 0.03558571464698086]
[0.08777285021775892, 0.03558571464698086], 2, -1.0, [0.12194473605585851, 0.03417188583809959]
[0.12194473605585851, 0.03417188583809959], 2, -1.0, [0.1547820577285769, 0.0328373216727184]
[0.1547820577285769, 0.0328373216727184], 2, -1.0, [0.18638409298782557, 0.031602035259248686]
[0.18638409298782557, 0.031602035259248686], 2, -1.0, [0.21686686548646947, 0.0304827724986439]
[0.21686686548646947, 0.0304827724986439], 2, -1.0, [0.24636033752966782, 0.029493472043198347]
[0.24636033752966782, 0.029493472043198347], 2, -1.0, [0.2750060898005856, 0.028645752270917764]
[0.2750060898005856, 0.028645752270917764], 2, -1.0, [0.30295548320709825, 0.027949393406512625]
[0.30295548320709825, 0.027949393406512625], 2, -1.0, [0.33036827587049045, 0.02741279266339221]
[0.33036827587049045, 0.02741279266339221], 2, -1.0, [0.35741165388061524, 0.02704337801012481]
[0.35741165388061524, 0.02704337801012481], 2, -1.0, [0.38425962558559307, 0.026847971704977817]
[0.38425962558559307, 0.026847971704977817], 2, -1.0, [0.4110927237694465, 0.026833098183853404]
[0.4110927237694465, 0.026833098183853404], 2, -1.0, [0.4380979562108409, 0.027005232441394425]
[0.4380979562108409, 0.027005232441394425], 2, -1.0, [0.46546894115974147, 0.027370984948900574]
[0.46546894115974147, 0.027370984948900574], 2, -1.0, [0.4934061587763961, 0.027937217616654627]
[0.4934061587763961, 0.027937217616654627], 2, -1.0, [0.5221172412782736, 0.028711082501877497]
