[-0.4301168402342973, 0.0], 0, -1.0, [-0.4318088003979403, -0.0016919601636429759]
[-0.4318088003979403, -0.0016919601636429759], 0, -1.0, [-0.4351805179218028, -0.0033717175238624827]
[-0.4351805179218028, -0.0033717175238624827], 0, -1.0, [-0.44020762329363244, -0.005027105371829675]
[-0.44020762329363244, -0.005027105371829675], 0, -1.0, [-0.44685365871568816, -0.006646035422055743]
[-0.44685365871568816, -0.006646035422055743], 0, -1.0, [-0.4550702108133341, -0.008216552097645944]
[-0.4550702108133341, -0.008216552097645944], 0, -1.0, [-0.4647971142996003, -0.009726903486266196]
[-0.4647971142996003, -0.009726903486266196], 0, -1.0, [-0.4759627465114282, -0.011165632211827946]
[-0.4759627465114282, -0.011165632211827946], 0, -1.0, [-0.48848443411089015, -0.012521687599461921]
[-0.48848443411089015, -0.012521687599461921], 0, -1.0, [-0.5022689924551836, -0.013784558344293443]
[-0.5022689924551836, -0.013784558344293443], 0, -1.0, [-0.5172134150232545, -0.014944422568070824]
[-0.5172134150232545, -0.014944422568070824], 0, -1.0, [-0.5332057248667631, -0.01599230984350868]
[-0.5332057248667631, -0.01599230984350868], 0, -1.0, [-0.5501259925652546, -0.016920267698491583]
[-0.5501259925652546, -0.016920267698491583], 0, -1.0, [-0.5678475160740154, -0.01772152350876079]
[-0.5678475160740154, -0.01772152350876079], 0, -1.0, [-0.5862381478355684, -0.018390631761552968]
[-0.5862381478355684, -0.018390631761552968], 0, -1.0, [-0.6051617444247019, -0.01892359658913358]
[-0.6051617444247019, -0.01892359658913358], 0, -1.0, [-0.6244797047397851, -0.019317960315083173]
[-0.6244797047397851, -0.019317960315083173], 0, -1.0, [-0.6440525552474234, -0.019572850507638316]
[-0.6440525552474234, -0.019572850507638316], 0, -1.0, [-0.6637415358069283, -0.019688980559504812]
[-0.6637415358069283, -0.019688980559504812], 0, -1.0, [-0.6834101376815485, -0.019668601874620117]
[-0.6834101376815485, -0.019668601874620117], 0, -1.0, [-0.7029255467086667, -0.01951540902711824]
[-0.7029255467086667, -0.01951540902711824], 0, -1.0, [-0.722159949132218, -0.019234402423551303]
[-0.722159949132218, -0.019234402423551303], 0, -1.0, [-0.7409916648555693, -0.018831715723351346]
[-0.7409916648555693, -0.018831715723351346], 0, -1.0, [-0.7593060821534376, -0.018314417297868278]
[-0.7593060821534376, -0.018314417297868278], 0, -1.0, [-0.776996378331425, -0.017690296177987303]
[-0.776996378331425, -0.017690296177987303], 2, -1.0, [-0.7919640215428362, -0.014967643211411221]
[-0.7919640215428362, -0.014967643211411221], 2, -1.0, [-0.8041294222625883, -0.012165400719752171]
[-0.8041294222625883, -0.012165400719752171], 2, -1.0, [-0.8134305611405305, -0.009301138877942145]
[-0.8134305611405305, -0.009301138877942145], 2, -1.0, [-0.819821691437794, -0.00639113029726356]
[-0.819821691437794, -0.00639113029726356], 2, -1.0, [-0.8232722388528676, -0.003450547415073597]
[-0.8232722388528676, -0.003450547415073597], 2, -1.0, [-0.8237659922719848, -0.0004937534191171702]
[-0.8237659922719848, -0.0004937534191171702], 2, -1.0, [-0.8213006490868398, 0.0024653431851450703]
[-0.8213006490868398, 0.0024653431851450703], 2, -1.0, [-0.8158877491220011, 0.005412899964838628]
[-0.8158877491220011, 0.005412899964838628], 2, -1.0, [-0.807553002021746, 0.008334747100255198]
[-0.807553002021746, 0.008334747100255198], 2, -1.0, [-0.7963369838263835, 0.01121601819536245]
[-0.7963369838263835, 0.01121601819536245], 2, -1.0, [-0.7822961490205623, 0.014040834805821169]
[-0.7822961490205623, 0.014040834805821169], 2, -1.0, [-0.7655040744857491, 0.016792074534813278]
[-0.7655040744857491, 0.016792074534813278], 2, -1.0, [-0.7460528221486248, 0.019451252337124334]
[-0.7460528221486248, 0.019451252337124334], 2, -1.0, [-0.7240542792694082, 0.021998542879216553]
[-0.7240542792694082, 0.021998542879216553], 2, -1.0, [-0.6996413119500459, 0.024412967319362426]
[-0.6996413119500459, 0.024412967319362426], 2, -1.0, [-0.6729685522710793, 0.026672759678966595]
[-0.6729685522710793, 0.026672759678966595], 2, -1.0, [-0.6442126368186173, 0.028755915452462023]
[-0.6442126368186173, 0.028755915452462023], 2, -1.0, [-0.6135717284480475, 0.030640908370569795]
[-0.6135717284480475, 0.030640908370569795], 2, -1.0, [-0.5812641869923725, 0.0323075414556751]
[-0.5812641869923725, 0.0323075414556751], 2, -1.0, [-0.5475263089666804, 0.03373787802569201]
[-0.5475263089666804, 0.03373787802569201], 2, -1.0, [-0.5126091285165226, 0.03491718045015783]
[-0.5126091285165226, 0.03491718045015783], 2, -1.0, [-0.47677435548877856, 0.035834773027744085]
[-0.47677435548877856, 0.035834773027744085], 2, -1.0, [-0.44028961178340287, 0.03648474370537571]
[-0.44028961178340287, 0.03648474370537571], 2, -1.0, [-0.4034232023384379, 0.03686640944496496]
[-0.4034232023384379, 0.03686640944496496], 2, -1.0, [-0.3664387107428595, 0.036984491595578456]
[-0.3664387107428595, 0.036984491595578456], 2, -1.0, [-0.3295897328555347, 0.036848977887324795]
[-0.3295897328555347, 0.036848977887324795], 2, -1.0, [-0.29311505103495283, 0.03647468182058189]
[-0.29311505103495283, 0.03647468182058189], 2, -1.0, [-0.2572345085231493, 0.035880542511803566]
[-0.2572345085231493, 0.035880542511803566], 2, -1.0, [-0.22214577537214025, 0.03508873315100902]
[-0.22214577537214025, 0.03508873315100902], 1, -1.0, [-0.18902211486457848, 0.033123660507561756]
[-0.18902211486457848, 0.033123660507561756], 2, -1.0, [-0.1570071554683436, 0.032014959396234895]
[-0.1570071554683436, 0.032014959396234895], 2, -1.0, [-0.12621995910966288, 0.030787196358680713]
[-0.12621995910966288, 0.030787196358680713], 2, -1.0, [-0.09675566495210787, 0.02946429415755501]
[-0.09675566495210787, 0.02946429415755501], 2, -1.0, [-0.0686867895285167, 0.028068875423591162]
[-0.0686867895285167, 0.028068875423591162], 2, -1.0, [-0.04206502554972441, 0.026621763978792293]
[-0.04206502554972441, 0.026621763978792293], 2, -1.0, [-0.016923381478106736, 0.025141644071617675]
[-0.016923381478106736, 0.025141644071617675], 2, -1.0, [0.006721483910938089, 0.023644865389044825]
[0.006721483910938089, 0.023644865389044825], 2, -1.0, [0.028866857539153617, 0.022145373628215528]
[0.028866857539153617, 0.022145373628215528], 2, -1.0, [0.04952159988396321, 0.020654742344809587]
[0.04952159988396321, 0.020654742344809587], 2, -1.0, [0.06870388089580534, 0.01918228101184213]
[0.06870388089580534, 0.01918228101184213], 2, -1.0, [0.08643907669343641, 0.017735195797631068]
[0.08643907669343641, 0.017735195797631068], 2, -1.0, [0.10275785929172912, 0.016318782598292707]
[0.10275785929172912, 0.016318782598292707], 2, -1.0, [0.11769449486408987, 0.014936635572360753]
[0.11769449486408987, 0.014936635572360753], 2, -1.0, [0.1312853531147002, 0.01359085825061033]
[0.1312853531147002, 0.01359085825061033], 2, -1.0, [0.14356762097010473, 0.012282267855404528]
[0.14356762097010473, 0.012282267855404528], 2, -1.0, [0.1545782075201301, 0.011010586550025368]
[0.1545782075201301, 0.011010586550025368], 2, -1.0, [0.16435282338523768, 0.00977461586510759]
[0.16435282338523768, 0.00977461586510759], 2, -1.0, [0.17292521590322674, 0.008572392517989065]
[0.17292521590322674, 0.008572392517989065], 2, -1.0, [0.1803265412076825, 0.007401325304455742]
[0.1803265412076825, 0.007401325304455742], 2, -1.0, [0.18658485498682292, 0.006258313779140423]
[0.18658485498682292, 0.006258313779140423], 2, -1.0, [0.19172470512296594, 0.005139850136143013]
[0.19172470512296594, 0.005139850136143013], 2, -1.0, [0.1957668112598455, 0.004042106136879543]
[0.1957668112598455, 0.004042106136879543], 2, -1.0, [0.19872781843948523, 0.002961007179639727]
[0.19872781843948523, 0.002961007179639727], 2, -1.0, [0.20062011416415138, 0.001892295724666157]
[0.20062011416415138, 0.001892295724666157], 2, -1.0, [0.2014517004914717, 0.0008315863273203436]
[0.2014517004914717, 0.0008315863273203436], 0, -1.0, [0.1992261150178059, -0.0022255854736658092]
[0.1992261150178059, -0.0022255854736658092], 0, -1.0, [0.19393391880811198, -0.005292196209693921]
[0.19393391880811198, -0.005292196209693921], 0, -1.0, [0.18555303788070387, -0.008380880927408112]
[0.18555303788070387, -0.008380880927408112], 0, -1.0, [0.1740495944230194, -0.01150344345768448]
[0.1740495944230194, -0.01150344345768448], 0, -1.0, [0.15937927724209594, -0.014670317180923473]
[0.15937927724209594, -0.014670317180923473], 0, -1.0, [0.14148932682389806, -0.01788995041819787]
[0.14148932682389806, -0.01788995041819787], 0, -1.0, [0.12032123148890238, -0.021168095334995682]
[0.12032123148890238, -0.021168095334995682], 1, -1.0, [0.09681424389287127, -0.0235069875960311]
[0.09681424389287127, -0.0235069875960311], 2, -1.0, [0.07191196334310297, -0.024902280549768296]
[0.07191196334310297, -0.024902280549768296], 0, -1.0, [0.04356763496972781, -0.02834432837337516]
[0.04356763496972781, -0.02834432837337516], 2, -1.0, [0.013744630275617828, -0.029823004694109985]
[0.013744630275617828, -0.029823004694109985], 1, -1.0, [-0.018576249427408653, -0.03232087970302648]
[-0.018576249427408653, -0.03232087970302648], 0, -1.0, [-0.054393248018321766, -0.03581699859091311]
[-0.054393248018321766, -0.03581699859091311], 2, -1.0, [-0.09167703586498002, -0.03728378784665826]
[-0.09167703586498002, -0.03728378784665826], 0, -1.0, [-0.13236686558661442, -0.0406898297216344]
[-0.13236686558661442, -0.0406898297216344], 0, -1.0, [-0.1763621608126475, -0.04399529522603307]
[-0.1763621608126475, -0.04399529522603307], 1, -1.0, [-0.22251562734873936, -0.04615346653609186]
[-0.22251562734873936, -0.04615346653609186], 0, -1.0, [-0.2716324505293108, -0.04911682318057142]
[-0.2716324505293108, -0.04911682318057142], 0, -1.0, [-0.323464131434183, -0.051831680904872245]
[-0.323464131434183, -0.051831680904872245], 0, -1.0, [-0.3777082518570402, -0.054244120422857194]
[-0.3777082518570402, -0.054244120422857194], 0, -1.0, [-0.4340119514362213, -0.05630369957918105]
[-0.4340119514362213, -0.05630369957918105], 0, -1.0, [-0.4919794925442645, -0.05796754110804322]
[-0.4919794925442645, -0.05796754110804322], 0, -1.0, [-0.551183822796838, -0.05920433025257354]
[-0.551183822796838, -0.05920433025257354], 0, -1.0, [-0.6111815012568363, -0.059997678459998365]
[-0.6111815012568363, -0.059997678459998365], 1, -1.0, [-0.6705298412457354, -0.05934833998889909]
[-0.6705298412457354, -0.05934833998889909], 0, -1.0, [-0.7298115387915064, -0.05928169754577099]
[-0.7298115387915064, -0.05928169754577099], 0, -1.0, [-0.7886434204487505, -0.058831881657244046]
[-0.7886434204487505, -0.058831881657244046], 0, -1.0, [-0.8466904086288497, -0.058046988180099277]
[-0.8466904086288497, -0.058046988180099277], 0, -1.0, [-0.9036762078156484, -0.05698579918679873]
[-0.9036762078156484, -0.05698579918679873], 0, -1.0, [-0.9593901808089359, -0.05571397299328754]
[-0.9593901808089359, -0.05571397299328754], 0, -1.0, [-1.0136903923947005, -0.05430021158576453]
[-1.0136903923947005, -0.05430021158576453], 0, -1.0, [-1.0665032240574162, -0.052812831662715616]
[-1.0665032240574162, -0.052812831662715616], 0, -1.0, [-1.1178202475244947, -0.05131702346707849]
[-1.1178202475244947, -0.05131702346707849], 0, -1.0, [-1.1676931715246637, -0.049872924000168864]
[-1.1676931715246637, -0.049872924000168864], 0, -1.0, [-1.2, 0.0]
[-1.2, 0.0], 2, -1.0, [-1.1967581039591646, 0.003241896040835368]
[-1.1967581039591646, 0.003241896040835368], 2, -1.0, [-1.1902636585360942, 0.006494445423070332]
[-1.1902636585360942, 0.006494445423070332], 2, -1.0, [-1.1804959639787937, 0.009767694557300442]
[-1.1804959639787937, 0.009767694557300442], 2, -1.0, [-1.1674255149588486, 0.013070449019945182]
[-1.1674255149588486, 0.013070449019945182], 2, -1.0, [-1.1510159267200155, 0.016409588238833067]
[-1.1510159267200155, 0.016409588238833067], 2, -1.0, [-1.1312266168239755, 0.019789309896040046]
[-1.1312266168239755, 0.019789309896040046], 2, -1.0, [-1.108016322100852, 0.02321029472312345]
[-1.108016322100852, 0.02321029472312345], 2, -1.0, [-1.081347524946184, 0.02666879715466819]
[-1.081347524946184, 0.02666879715466819], 2, -1.0, [-1.0511918363028878, 0.03015568864329602]
[-1.0511918363028878, 0.03015568864329602], 2, -1.0, [-1.0175363271434712, 0.0336555091594167]
[-1.0175363271434712, 0.0336555091594167], 2, -1.0, [-0.9803907090723114, 0.03714561807115983]
[-0.9803907090723114, 0.03714561807115983], 2, -1.0, [-0.9397951336374217, 0.04059557543488971]
[-0.9397951336374217, 0.04059557543488971], 2, -1.0, [-0.8958282112564235, 0.043966922380998245]
[-0.8958282112564235, 0.043966922380998245], 2, -1.0, [-0.8486146572192776, 0.04721355403714586]
[-0.8486146572192776, 0.04721355403714586], 2, -1.0, [-0.7983317816221248, 0.05028287559715283]
[-0.7983317816221248, 0.05028287559715283], 2, -1.0, [-0.7452138959379592, 0.0531178856841656]
[-0.7452138959379592, 0.0531178856841656], 2, -1.0, [-0.6895536666604415, 0.0556602292775177]
[-0.6895536666604415, 0.0556602292775177], 2, -1.0, [-0.6316995610792892, 0.057854105581152386]
[-0.6316995610792892, 0.057854105581152386], 2, -1.0, [-0.5720488365336812, 0.05965072454560789]
[-0.5720488365336812, 0.05965072454560789], 2, -1.0, [-0.5110360146660762, 0.061012821867605024]
[-0.5110360146660762, 0.061012821867605024], 2, -1.0, [-0.44911739120176025, 0.061918623464315904]
[-0.44911739120176025, 0.061918623464315904], 2, -1.0, [-0.38675274139346727, 0.06236464980829299]
[-0.38675274139346727, 0.06236464980829299], 2, -1.0, [-0.3243858485235833, 0.06236689286988392]
[-0.3243858485235833, 0.06236689286988392], 2, -1.0, [-0.2624256859117381, 0.061960162611845254]
[-0.2624256859117381, 0.061960162611845254], 2, -1.0, [-0.20122996568717166, 0.061195720224566416]
[-0.20122996568717166, 0.061195720224566416], 2, -1.0, [-0.14109236178367496, 0.06013760390349669]
[-0.14109236178367496, 0.06013760390349669], 2, -1.0, [-0.08223412731502394, 0.05885823446865101]
[-0.08223412731502394, 0.05885823446865101], 2, -1.0, [-0.024800200336085113, 0.05743392697893883]
[-0.024800200336085113, 0.05743392697893883], 2, -1.0, [0.03114064276343887, 0.05594084309952398]
[0.03114064276343887, 0.05594084309952398], 1, -1.0, [0.08459238750154527, 0.0534517447381064]
[0.08459238750154527, 0.0534517447381064], 2, -1.0, [0.13662420467148473, 0.052031817169939445]
[0.13662420467148473, 0.052031817169939445], 2, -1.0, [0.18736309285988065, 0.05073888818839591]
[0.18736309285988065, 0.05073888818839591], 2, -1.0, [0.23698662238151136, 0.04962352952163071]
[0.23698662238151136, 0.04962352952163071], 2, -1.0, [0.2857158122708679, 0.048729189889356525]
[0.2857158122708679, 0.048729189889356525], 2, -1.0, [0.3338085106488472, 0.04809269837797929]
[0.3338085106488472, 0.04809269837797929], 2, -1.0, [0.3815534534930309, 0.04774494284418366]
[0.3815534534930309, 0.04774494284418366], 2, -1.0, [0.42926500777521326, 0.04771155428218236]
[0.42926500777521326, 0.04771155428218236], 2, -1.0, [0.4772784650109594, 0.04801345723574612]
[0.4772784650109594, 0.04801345723574612], 2, -1.0, [0.5259456369029324, 0.04866717189197305]
