[-0.4896439616918326, 0.0], 0, -1.0, [-0.4908981826151606, -0.001254220923328012]
[-0.4908981826151606, -0.001254220923328012], 0, -1.0, [-0.49339726478865653, -0.002499082173495905]
[-0.49339726478865653, -0.002499082173495905], 0, -1.0, [-0.49712254850830906, -0.003725283719652505]
[-0.49712254850830906, -0.003725283719652505], 0, -1.0, [-0.502046195201644, -0.004923646693334843]
[-0.502046195201644, -0.004923646693334843], 0, -1.0, [-0.5081313736424643, -0.006085178440820389]
[-0.5081313736424643, -0.006085178440820389], 0, -1.0, [-0.515332515972605, -0.007201142330140666]
[-0.515332515972605, -0.007201142330140666], 0, -1.0, [-0.5235956488956591, -0.008263132923054181]
[-0.5235956488956591, -0.008263132923054181], 0, -1.0, [-0.5328588052689831, -0.00926315637332398]
[-0.5328588052689831, -0.00926315637332398], 0, -1.0, [-0.5430525203522744, -0.010193715083291262]
[-0.5430525203522744, -0.010193715083291262], 0, -1.0, [-0.5541004151609437, -0.011047894808669247]
[-0.5541004151609437, -0.011047894808669247], 0, -1.0, [-0.5659198667827756, -0.011819451621831985]
[-0.5659198667827756, -0.011819451621831985], 0, -1.0, [-0.5784227622863628, -0.012502895503587132]
[-0.5784227622863628, -0.012502895503587132], 0, -1.0, [-0.5915163291903731, -0.013093566904010319]
[-0.5915163291903731, -0.013093566904010319], 0, -1.0, [-0.6051040316426521, -0.013587702452279056]
[-0.6051040316426521, -0.013587702452279056], 0, -1.0, [-0.6190865177825274, -0.013982486139875289]
[-0.6190865177825274, -0.013982486139875289], 0, -1.0, [-0.6333626005418465, -0.014276082759319053]
[-0.6333626005418465, -0.014276082759319053], 0, -1.0, [-0.6478302516704075, -0.014467651128561044]
[-0.6478302516704075, -0.014467651128561044], 0, -1.0, [-0.6623875872855205, -0.014557335615112995]
[-0.6623875872855205, -0.014557335615112995], 0, -1.0, [-0.676933822899095, -0.014546235613574503]
[-0.676933822899095, -0.014546235613574503], 0, -1.0, [-0.6913701767267342, -0.014436353827639184]
[-0.6913701767267342, -0.014436353827639184], 0, -1.0, [-0.7056007020859033, -0.01423052535916913]
[-0.7056007020859033, -0.01423052535916913], 0, -1.0, [-0.7195330327010404, -0.013932330615137106]
[-0.7195330327010404, -0.013932330615137106], 0, -1.0, [-0.733079028529484, -0.013545995828443676]
[-0.733079028529484, -0.013545995828443676], 2, -1.0, [-0.744155314026698, -0.01107628549721391]
[-0.744155314026698, -0.01107628549721391], 2, -1.0, [-0.752695512074165, -0.00854019804746692]
[-0.752695512074165, -0.00854019804746692], 2, -1.0, [-0.758649597790218, -0.005954085716053062]
[-0.758649597790218, -0.005954085716053062], 2, -1.0, [-0.7619833086505001, -0.0033337108602820714]
[-0.7619833086505001, -0.0033337108602820714], 2, -1.0, [-0.7626776860341627, -0.0006943773836625747]
[-0.7626776860341627, -0.0006943773836625747], 2, -1.0, [-0.7607288016279099, 0.0019488844062528648]
[-0.7607288016279099, 0.0019488844062528648], 2, -1.0, [-0.7561476989138206, 0.004581102714089334]
[-0.7561476989138206, 0.004581102714089334], 2, -1.0, [-0.7489605560608839, 0.007187142852936746]
[-0.7489605560608839, 0.007187142852936746], 2, -1.0, [-0.7392090525027639, 0.009751503558119944]
[-0.7392090525027639, 0.009751503558119944], 2, -1.0, [-0.7269508978283877, 0.012258154674376211]
[-0.7269508978283877, 0.012258154674376211], 2, -1.0, [-0.7122604590039207, 0.014690438824467082]
[-0.7122604590039207, 0.014690438824467082], 2, -1.0, [-0.6952294013837104, 0.017031057620210278]
[-0.6952294013837104, 0.017031057620210278], 2, -1.0, [-0.6759672418939818, 0.019262159489728568]
[-0.6759672418939818, 0.019262159489728568], 2, -1.0, [-0.6546017010638164, 0.021365540830165446]
[-0.6546017010638164, 0.021365540830165446], 2, -1.0, [-0.6312787363971474, 0.02332296466666902]
[-0.6312787363971474, 0.02332296466666902], 2, -1.0, [-0.6061621450635435, 0.025116591333603888]
[-0.6061621450635435, 0.025116591333603888], 2, -1.0, [-0.5794326406835578, 0.026729504379985645]
[-0.5794326406835578, 0.026729504379985645], 2, -1.0, [-0.5512863377186943, 0.028146302964863576]
[-0.5512863377186943, 0.028146302964863576], 2, -1.0, [-0.5219326167403666, 0.029353720978327662]
[-0.5219326167403666, 0.029353720978327662], 2, -1.0, [-0.49159139190143775, 0.030341224838928847]
[-0.49159139190143775, 0.030341224838928847], 2, -1.0, [-0.46048985371502393, 0.031101538186413785]
[-0.46048985371502393, 0.031101538186413785], 2, -1.0, [-0.4288588098617194, 0.03163104385330449]
[-0.4288588098617194, 0.03163104385330449], 2, -1.0, [-0.39692878783613406, 0.031930022025585376]
[-0.39692878783613406, 0.031930022025585376], 2, -1.0, [-0.36492609011541466, 0.03200269772071939]
[-0.36492609011541466, 0.03200269772071939], 0, -1.0, [-0.3350690012952225, 0.029857088820192168]
[-0.3350690012952225, 0.029857088820192168], 0, -1.0, [-0.30755169612107564, 0.027517305174146862]
[-0.30755169612107564, 0.027517305174146862], 0, -1.0, [-0.28254365502483036, 0.025008041096245284]
[-0.28254365502483036, 0.025008041096245284], 0, -1.0, [-0.2601900166828831, 0.02235363834194723]
[-0.2601900166828831, 0.02235363834194723], 0, -1.0, [-0.24061265963608258, 0.019577357046800532]
[-0.24061265963608258, 0.019577357046800532], 0, -1.0, [-0.22391178390138616, 0.016700875734696412]
[-0.22391178390138616, 0.016700875734696412], 0, -1.0, [-0.21016776530947232, 0.013744018591913851]
[-0.21016776530947232, 0.013744018591913851], 0, -1.0, [-0.19944307394712676, 0.010724691362345542]
[-0.19944307394712676, 0.010724691362345542], 0, -1.0, [-0.19178407722183363, 0.007658996725293122]
[-0.19178407722183363, 0.007658996725293122], 0, -1.0, [-0.1872225822328716, 0.004561494988962024]
[-0.1872225822328716, 0.004561494988962024], 0, -1.0, [-0.1857770073667286, 0.0014455748661429948]
[-0.1857770073667286, 0.0014455748661429948], 0, -1.0, [-0.18745310704025614, -0.0016760996735275258]
[-0.18745310704025614, -0.0016760996735275258], 0, -1.0, [-0.1922442055019901, -0.004791098461733952]
[-0.1922442055019901, -0.004791098461733952], 0, -1.0, [-0.2001309259290908, -0.007886720427100709]
[-0.2001309259290908, -0.007886720427100709], 0, -1.0, [-0.21108043078676653, -0.010949504857675726]
[-0.21108043078676653, -0.010949504857675726], 0, -1.0, [-0.2250452198361864, -0.013964789049419854]
[-0.2250452198361864, -0.013964789049419854], 0, -1.0, [-0.2419615643123211, -0.016916344476134725]
[-0.2419615643123211, -0.016916344476134725], 0, -1.0, [-0.2617476899331608, -0.019786125620839673]
[-0.2617476899331608, -0.019786125620839673], 0, -1.0, [-0.2843018566550419, -0.02255416672188109]
[-0.2843018566550419, -0.02255416672188109], 0, -1.0, [-0.30950051704011755, -0.025198660385075667]
[-0.30950051704011755, -0.025198660385075667], 0, -1.0, [-0.33719676366811135, -0.02769624662799379]
[-0.33719676366811135, -0.02769624662799379], 0, -1.0, [-0.3672192936469372, -0.030022529978825797]
[-0.3672192936469372, -0.030022529978825797], 0, -1.0, [-0.3993721185833526, -0.03215282493641539]
[-0.3993721185833526, -0.03215282493641539], 0, -1.0, [-0.4334352253714181, -0.03406310678806554]
[-0.4334352253714181, -0.03406310678806554], 0, -1.0, [-0.46916634285800846, -0.03573111748659038]
[-0.46916634285800846, -0.03573111748659038], 0, -1.0, [-0.5063038916381335, -0.03713754878012503]
[-0.5063038916381335, -0.03713754878012503], 0, -1.0, [-0.5445710938581385, -0.03826720222000501]
[-0.5445710938581385, -0.03826720222000501], 0, -1.0, [-0.5836811074454415, -0.03911001358730306]
[-0.5836811074454415, -0.03911001358730306], 0, -1.0, [-0.6233429396003248, -0.03966183215488325]
[-0.6233429396003248, -0.03966183215488325], 0, -1.0, [-0.6632678045269575, -0.03992486492663271]
[-0.6632678045269575, -0.03992486492663271], 0, -1.0, [-0.7031755353682568, -0.03990773084129925]
[-0.7031755353682568, -0.03990773084129925], 0, -1.0, [-0.7428006498919452, -0.039625114523688366]
[-0.7428006498919452, -0.039625114523688366], 0, -1.0, [-0.7818977055232684, -0.039097055631323235]
[-0.7818977055232684, -0.039097055631323235], 0, -1.0, [-0.8202456553144312, -0.03834794979116276]
[-0.8202456553144312, -0.03834794979116276], 0, -1.0, [-0.8576510191462843, -0.03740536383185313]
[-0.8576510191462843, -0.03740536383185313], 0, -1.0, [-0.8939497971946383, -0.036298778048354054]
[-0.8939497971946383, -0.036298778048354054], 0, -1.0, [-0.929008159127144, -0.03505836193250563]
[-0.929008159127144, -0.03505836193250563], 0, -1.0, [-0.962722029811695, -0.033713870684551055]
[-0.962722029811695, -0.033713870684551055], 0, -1.0, [-0.9950157530220695, -0.03229372321037448]
[-0.9950157530220695, -0.03229372321037448], 0, -1.0, [-1.0258400468001865, -0.03082429377811692]
[-1.0258400468001865, -0.03082429377811692], 0, -1.0, [-1.055169470431666, -0.02932942363147961]
[-1.055169470431666, -0.02932942363147961], 0, -1.0, [-1.0829996089834022, -0.027830138551736213]
[-1.0829996089834022, -0.027830138551736213], 0, -1.0, [-1.1093441537854294, -0.02634454480202717]
[-1.1093441537854294, -0.02634454480202717], 0, -1.0, [-1.1342320226268614, -0.024887868841431945]
[-1.1342320226268614, -0.024887868841431945], 0, -1.0, [-1.1577046271594527, -0.023472604532591364]
[-1.1577046271594527, -0.023472604532591364], 0, -1.0, [-1.1798133609275632, -0.022108733768110567]
[-1.1798133609275632, -0.022108733768110567], 0, -1.0, [-1.2, 0.0]
[-1.2, 0.0], 2, -1.0, [-1.1967581039591646, 0.003241896040835368]
[-1.1967581039591646, 0.003241896040835368], 2, -1.0, [-1.1902636585360942, 0.006494445423070332]
[-1.1902636585360942, 0.006494445423070332], 2, -1.0, [-1.1804959639787937, 0.009767694557300442]
[-1.1804959639787937, 0.009767694557300442], 2, -1.0, [-1.1674255149588486, 0.013070449019945182]
[-1.1674255149588486, 0.013070449019945182], 2, -1.0, [-1.1510159267200155, 0.016409588238833067]
[-1.1510159267200155, 0.016409588238833067], 2, -1.0, [-1.1312266168239755, 0.019789309896040046]
[-1.1312266168239755, 0.019789309896040046], 2, -1.0, [-1.108016322100852, 0.02321029472312345]
[-1.108016322100852, 0.02321029472312345], 2, -1.0, [-1.081347524946184, 0.02666879715466819]
[-1.081347524946184, 0.02666879715466819], 2, -1.0, [-1.0511918363028878, 0.03015568864329602]
[-1.0511918363028878, 0.03015568864329602], 2, -1.0, [-1.0175363271434712, 0.0336555091594167]
[-1.0175363271434712, 0.0336555091594167], 2, -1.0, [-0.9803907090723114, 0.03714561807115983]
[-0.9803907090723114, 0.03714561807115983], 2, -1.0, [-0.9397951336374217, 0.04059557543488971]
[-0.9397951336374217, 0.04059557543488971], 2, -1.0, [-0.8958282112564235, 0.043966922380998245]
[-0.8958282112564235, 0.043966922380998245], 2, -1.0, [-0.8486146572192776, 0.04721355403714586]
[-0.8486146572192776, 0.04721355403714586], 2, -1.0, [-0.7983317816221248, 0.05028287559715283]
[-0.7983317816221248, 0.05028287559715283], 2, -1.0, [-0.7452138959379592, 0.0531178856841656]
[-0.7452138959379592, 0.0531178856841656], 2, -1.0, [-0.6895536666604415, 0.0556602292775177]
[-0.6895536666604415, 0.0556602292775177], 2, -1.0, [-0.6316995610792892, 0.057854105581152386]
[-0.6316995610792892, 0.057854105581152386], 2, -1.0, [-0.5720488365336812, 0.05965072454560789]
[-0.5720488365336812, 0.05965072454560789], 2, -1.0, [-0.5110360146660762, 0.061012821867605024]
[-0.5110360146660762, 0.061012821867605024], 2, -1.0, [-0.44911739120176025, 0.061918623464315904]
[-0.44911739120176025, 0.061918623464315904], 2, -1.0, [-0.38675274139346727, 0.06236464980829299]
[-0.38675274139346727, 0.06236464980829299], 0, -1.0, [-0.3263858485235833, 0.06036689286988392]
[-0.3263858485235833, 0.06036689286988392], 2, -1.0, [-0.26641326066670956, 0.05997258785687377]
[-0.26641326066670956, 0.05997258785687377], 2, -1.0, [-0.2071838024472931, 0.05922945821941646]
[-0.2071838024472931, 0.05922945821941646], 2, -1.0, [-0.14898678436628338, 0.05819701808100971]
[-0.14898678436628338, 0.05819701808100971], 2, -1.0, [-0.09204417899061942, 0.05694260537566395]
[-0.09204417899061942, 0.05694260537566395], 2, -1.0, [-0.036506866223770036, 0.05553731276684939]
[-0.036506866223770036, 0.05553731276684939], 2, -1.0, [0.017545425014080178, 0.054052291237850214]
[0.017545425014080178, 0.054052291237850214], 2, -1.0, [0.07010117867422344, 0.05255575366014327]
[0.07010117867422344, 0.05255575366014327], 2, -1.0, [0.12121201334791365, 0.0511108346736902]
[0.12121201334791365, 0.0511108346736902], 1, -1.0, [0.16998632362999838, 0.048774310282084725]
[0.16998632362999838, 0.048774310282084725], 1, -1.0, [0.2165787225711103, 0.04659239894111191]
[0.2165787225711103, 0.04659239894111191], 1, -1.0, [0.2611805129158377, 0.044601790344727416]
[0.2611805129158377, 0.044601790344727416], 1, -1.0, [0.3040112572765783, 0.04283074436074057]
[0.3040112572765783, 0.04283074436074057], 1, -1.0, [0.34531165461023194, 0.041300397333653656]
[0.34531165461023194, 0.041300397333653656], 1, -1.0, [0.38533774752029387, 0.04002609291006192]
[0.38533774752029387, 0.04002609291006192], 1, -1.0, [0.42435636188599574, 0.03901861436570187]
[0.42435636188599574, 0.03901861436570187], 1, -1.0, [0.4626416057621648, 0.038285243876169064]
[0.4626416057621648, 0.038285243876169064], 2, -1.0, [0.501472214768428, 0.03883060900626319]
