[-0.5674098323027742, 0.0], 2, -1.0, [-0.5660821945880937, 0.001327637714680448]
[-0.5660821945880937, 0.001327637714680448], 2, -1.0, [-0.5634367931335549, 0.002645401454538821]
[-0.5634367931335549, 0.002645401454538821], 2, -1.0, [-0.559493317328007, 0.0039434758055479]
[-0.559493317328007, 0.0039434758055479], 2, -1.0, [-0.5542811524386716, 0.00521216488933544]
[-0.5542811524386716, 0.00521216488933544], 2, -1.0, [-0.5478391945376302, 0.00644195790104145]
[-0.5478391945376302, 0.00644195790104145], 2, -1.0, [-0.540215593692898, 0.007623600844732258]
[-0.540215593692898, 0.007623600844732258], 0, -1.0, [-0.5334674183234422, 0.006748175369455687]
[-0.5334674183234422, 0.006748175369455687], 0, -1.0, [-0.5276452389455413, 0.005822179377900943]
[-0.5276452389455413, 0.005822179377900943], 0, -1.0, [-0.5227927118379133, 0.004852527107627974]
[-0.5227927118379133, 0.004852527107627974], 0, -1.0, [-0.5189462302025962, 0.003846481635317053]
[-0.5189462302025962, 0.003846481635317053], 0, -1.0, [-0.5161346415247724, 0.0028115886778238217]
[-0.5161346415247724, 0.0028115886778238217], 0, -1.0, [-0.5143790291742877, 0.001755612350484706]
[-0.5143790291742877, 0.001755612350484706], 0, -1.0, [-0.5136925561055515, 0.0006864730687361638]
[-0.5136925561055515, 0.0006864730687361638], 0, -1.0, [-0.5140803687470442, -0.00038781264149263545]
[-0.5140803687470442, -0.00038781264149263545], 0, -1.0, [-0.5155395597386733, -0.0014591909916290041]
[-0.5155395597386733, -0.0014591909916290041], 0, -1.0, [-0.5180591889605662, -0.00251962922189296]
[-0.5180591889605662, -0.00251962922189296], 0, -1.0, [-0.5216203631698427, -0.00356117420927654]
[-0.5216203631698427, -0.00356117420927654], 0, -1.0, [-0.5261963753852158, -0.0045760122153730935]
[-0.5261963753852158, -0.0045760122153730935], 0, -1.0, [-0.5317529057993693, -0.005556530414153515]
[-0.5317529057993693, -0.005556530414153515], 0, -1.0, [-0.5382482863362089, -0.006495380536839572]
[-0.5382482863362089, -0.006495380536839572], 0, -1.0, [-0.5456338309080255, -0.007385544571816622]
[-0.5456338309080255, -0.007385544571816622], 0, -1.0, [-0.5538542329022645, -0.008220401994239027]
[-0.5538542329022645, -0.008220401994239027], 0, -1.0, [-0.56284803041418, -0.00899379751191539]
[-0.56284803041418, -0.00899379751191539], 0, -1.0, [-0.5725481382594726, -0.00970010784529258]
[-0.5725481382594726, -0.00970010784529258], 0, -1.0, [-0.582882443915035, -0.010334305655562408]
[-0.582882443915035, -0.010334305655562408], 0, -1.0, [-0.5937744623545164, -0.010892018439481434]
[-0.5937744623545164, -0.010892018439481434], 0, -1.0, [-0.6051440424137363, -0.011369580059219939]
[-0.6051440424137363, -0.011369580059219939], 0, -1.0, [-0.6169081150101334, -0.011764072596397146]
[-0.6169081150101334, -0.011764072596397146], 0, -1.0, [-0.6289814714330756, -0.01207335642294216]
[-0.6289814714330756, -0.01207335642294216], 0, -1.0, [-0.641277558195407, -0.012296086762331399]
[-0.641277558195407, -0.012296086762331399], 0, -1.0, [-0.6537092737460422, -0.012431715550635204]
[-0.6537092737460422, -0.012431715550635204], 0, -1.0, [-0.6661897518055718, -0.012480478059529699]
[-0.6661897518055718, -0.012480478059529699], 0, -1.0, [-0.6786331162683753, -0.012443364462803443]
[-0.6786331162683753, -0.012443364462803443], 0, -1.0, [-0.6909551935252781, -0.012322077256902765]
[-0.6909551935252781, -0.012322077256902765], 0, -1.0, [-0.7030741696523356, -0.012118976127057505]
[-0.7030741696523356, -0.012118976127057505], 0, -1.0, [-0.7149111820837539, -0.01183701243141833]
[-0.7149111820837539, -0.01183701243141833], 0, -1.0, [-0.7263908379990002, -0.011479655915246297]
[-0.7263908379990002, -0.011479655915246297], 0, -1.0, [-0.7374416545380337, -0.011050816539033526]
[-0.7374416545380337, -0.011050816539033526], 2, -1.0, [-0.7459964189364406, -0.008554764398406942]
[-0.7459964189364406, -0.008554764398406942], 2, -1.0, [-0.7520042250821433, -0.0060078061457025786]
[-0.7520042250821433, -0.0060078061457025786], 2, -1.0, [-0.7554299298751705, -0.0034257047930273225]
[-0.7554299298751705, -0.0034257047930273225], 2, -1.0, [-0.7562537237494459, -0.0008237938742753021]
[-0.7562537237494459, -0.0008237938742753021], 2, -1.0, [-0.7544708681703115, 0.0017828555791343272]
[-0.7544708681703115, 0.0017828555791343272], 2, -1.0, [-0.7500916306032663, 0.004379237567045137]
[-0.7500916306032663, 0.004379237567045137], 2, -1.0, [-0.7431414243238833, 0.006950206279383049]
[-0.7431414243238833, 0.006950206279383049], 2, -1.0, [-0.733661137136135, 0.009480287187748283]
[-0.733661137136135, 0.009480287187748283], 2, -1.0, [-0.7217076101555235, 0.01195352698061143]
[-0.7217076101555235, 0.01195352698061143], 2, -1.0, [-0.7073542059937996, 0.014353404161723949]
[-0.7073542059937996, 0.014353404161723949], 2, -1.0, [-0.6906913859474056, 0.016662820046393988]
[-0.6906913859474056, 0.016662820046393988], 2, -1.0, [-0.6718271995281924, 0.018864186419213304]
[-0.6718271995281924, 0.018864186419213304], 2, -1.0, [-0.6508875786541115, 0.020939620874080828]
[-0.6508875786541115, 0.020939620874080828], 2, -1.0, [-0.6280163250536592, 0.022871253600452265]
[-0.6280163250536592, 0.022871253600452265], 2, -1.0, [-0.6033746848944688, 0.02464164015919042]
[-0.6033746848944688, 0.02464164015919042], 2, -1.0, [-0.5771404208119529, 0.026234264082515855]
[-0.5771404208119529, 0.026234264082515855], 2, -1.0, [-0.5495063189069902, 0.027634101904962786]
[-0.5495063189069902, 0.027634101904962786], 2, -1.0, [-0.5206781059962259, 0.028828212910764275]
[-0.5206781059962259, 0.028828212910764275], 2, -1.0, [-0.49087179782719326, 0.029806308169032625]
[-0.49087179782719326, 0.029806308169032625], 2, -1.0, [-0.4603105478420115, 0.03056124998518177]
[-0.4603105478420115, 0.03056124998518177], 2, -1.0, [-0.42922111288594167, 0.03108943495606981]
[-0.42922111288594167, 0.03108943495606981], 2, -1.0, [-0.3978300910864381, 0.03139102179950361]
[-0.3978300910864381, 0.03139102179950361], 0, -1.0, [-0.3683601126711315, 0.029469978415306575]
[-0.3683601126711315, 0.029469978415306575], 0, -1.0, [-0.34101279088748715, 0.02734732178364437]
[-0.34101279088748715, 0.02734732178364437], 0, -1.0, [-0.31596740539818463, 0.025045385489302536]
[-0.31596740539818463, 0.025045385489302536], 0, -1.0, [-0.29338049035433306, 0.022586915043851585]
[-0.29338049035433306, 0.022586915043851585], 0, -1.0, [-0.2733861805619176, 0.019994309792415434]
[-0.2733861805619176, 0.019994309792415434], 0, -1.0, [-0.25609713397355655, 0.01728904658836106]
[-0.25609713397355655, 0.01728904658836106], 0, -1.0, [-0.24160583497635346, 0.01449129899720307]
[-0.24160583497635346, 0.01449129899720307], 0, -1.0, [-0.2299860870502778, 0.01161974792607566]
[-0.2299860870502778, 0.01161974792607566], 0, -1.0, [-0.22129452058083895, 0.008691566469438833]
[-0.22129452058083895, 0.008691566469438833], 0, -1.0, [-0.21557196711887064, 0.005722553461968321]
[-0.21557196711887064, 0.005722553461968321], 0, -1.0, [-0.21284458114148114, 0.0027273859773895084]
[-0.21284458114148114, 0.0027273859773895084], 0, -1.0, [-0.21312462150683487, -0.0002800403653537343]
[-0.21312462150683487, -0.0002800403653537343], 0, -1.0, [-0.21641083568690067, -0.0032862141800657925]
[-0.21641083568690067, -0.0032862141800657925], 0, -1.0, [-0.22268841996779665, -0.006277584280895979]
[-0.22268841996779665, -0.006277584280895979], 0, -1.0, [-0.23192855836022297, -0.009240138392426336]
[-0.23192855836022297, -0.009240138392426336], 0, -1.0, [-0.2440875725774189, -0.012159014217195932]
[-0.2440875725774189, -0.012159014217195932], 0, -1.0, [-0.2591057456903123, -0.01501817311289343]
[-0.2591057456903123, -0.01501817311289343], 0, -1.0, [-0.2769059130767201, -0.017800167386407773]
[-0.2769059130767201, -0.017800167386407773], 0, -1.0, [-0.2973919453231067, -0.02048603224638664]
[-0.2973919453231067, -0.02048603224638664], 0, -1.0, [-0.32044727696286485, -0.023055331639758144]
[-0.32044727696286485, -0.023055331639758144], 0, -1.0, [-0.34593365923646824, -0.025486382273603385]
[-0.34593365923646824, -0.025486382273603385], 0, -1.0, [-0.3736903302047207, -0.027756670968252482]
[-0.3736903302047207, -0.027756670968252482], 0, -1.0, [-0.40353379666664124, -0.029843466461920518]
[-0.40353379666664124, -0.029843466461920518], 0, -1.0, [-0.4352584047968315, -0.031724608130190256]
[-0.4352584047968315, -0.031724608130190256], 0, -1.0, [-0.4686378370358075, -0.03337943223897605]
[-0.4686378370358075, -0.03337943223897605], 0, -1.0, [-0.503427611117549, -0.0347897740817414]
[-0.503427611117549, -0.0347897740817414], 0, -1.0, [-0.5393685766192471, -0.03594096550169817]
[-0.5393685766192471, -0.03594096550169817], 0, -1.0, [-0.57619131272791, -0.036822736108662976]
[-0.57619131272791, -0.036822736108662976], 0, -1.0, [-0.6136212393057929, -0.03742992657788288]
[-0.6136212393057929, -0.03742992657788288], 0, -1.0, [-0.6513841749194618, -0.03776293561366884]
[-0.6513841749194618, -0.03776293561366884], 0, -1.0, [-0.689212022640915, -0.03782784772145319]
[-0.689212022640915, -0.03782784772145319], 0, -1.0, [-0.7268482459596749, -0.0376362233187599]
[-0.7268482459596749, -0.0376362233187599], 0, -1.0, [-0.7640528162093947, -0.037204570249719744]
[-0.7640528162093947, -0.037204570249719744], 0, -1.0, [-0.8006063661817401, -0.03655354997234538]
[-0.8006063661817401, -0.03655354997234538], 0, -1.0, [-0.8363133630818579, -0.0357069969001178]
[-0.8363133630818579, -0.0357069969001178], 0, -1.0, [-0.8710042051742564, -0.03469084209239851]
[-0.8710042051742564, -0.03469084209239851], 1, -1.0, [-0.9035362371703084, -0.032532031996052035]
[-0.9035362371703084, -0.032532031996052035], 0, -1.0, [-0.9347968813338274, -0.03126064416351909]
[-0.9347968813338274, -0.03126064416351909], 0, -1.0, [-0.9646983153280865, -0.029901433994259]
[-0.9646983153280865, -0.029901433994259], 0, -1.0, [-0.9931759281605828, -0.02847761283249628]
[-0.9931759281605828, -0.02847761283249628], 0, -1.0, [-1.0201863004736937, -0.027010372313110882]
[-1.0201863004736937, -0.027010372313110882], 0, -1.0, [-1.0457048763825139, -0.025518575908820076]
[-1.0457048763825139, -0.025518575908820076], 2, -1.0, [-1.0677234773571707, -0.02201860097465682]
[-1.0677234773571707, -0.02201860097465682], 2, -1.0, [-1.08624681661282, -0.01852333925564952]
[-1.08624681661282, -0.01852333925564952], 2, -1.0, [-1.1012872907666738, -0.015040474153853614]
[-1.1012872907666738, -0.015040474153853614], 2, -1.0, [-1.112860606885426, -0.011573316118752362]
[-1.112860606885426, -0.011573316118752362], 2, -1.0, [-1.1209822722669365, -0.008121665381510343]
[-1.1209822722669365, -0.008121665381510343], 2, -1.0, [-1.1256649350581618, -0.004682662791225213]
[-1.1256649350581618, -0.004682662791225213], 2, -1.0, [-1.126916546288089, -0.0012516112299272562]
[-1.126916546288089, -0.0012516112299272562], 2, -1.0, [-1.1247393124767902, 0.002177233811298872]
[-1.1247393124767902, 0.002177233811298872], 2, -1.0, [-1.119129417328802, 0.005609895147988231]
[-1.119129417328802, 0.005609895147988231], 2, -1.0, [-1.1100775063154358, 0.00905191101336625]
[-1.1100775063154358, 0.00905191101336625], 2, -1.0, [-1.0975699448015028, 0.01250756151393288]
[-1.0975699448015028, 0.01250756151393288], 2, -1.0, [-1.0815908745087772, 0.015979070292725706]
[-1.0815908745087772, 0.015979070292725706], 2, -1.0, [-1.0621251000467795, 0.019465774461997654]
[-1.0621251000467795, 0.019465774461997654], 2, -1.0, [-1.0391618320226446, 0.022963268024134956]
[-1.0391618320226446, 0.022963268024134956], 2, -1.0, [-1.0126992904071337, 0.02646254161551092]
[-1.0126992904071337, 0.02646254161551092], 2, -1.0, [-0.9827501258074064, 0.02994916459972733]
[-0.9827501258074064, 0.02994916459972733], 2, -1.0, [-0.9493475423756228, 0.03340258343178361]
[-0.9493475423756228, 0.03340258343178361], 2, -1.0, [-0.9125519021901872, 0.036795640185435574]
[-0.9125519021901872, 0.036795640185435574], 2, -1.0, [-0.872457460153316, 0.0400944420368712]
[-0.872457460153316, 0.0400944420368712], 2, -1.0, [-0.829198731896986, 0.043258728256330065]
[-0.829198731896986, 0.043258728256330065], 2, -1.0, [-0.7829558565266357, 0.046242875370350274]
[-0.7829558565266357, 0.046242875370350274], 2, -1.0, [-0.7339582138255383, 0.04899764270109744]
[-0.7339582138255383, 0.04899764270109744], 2, -1.0, [-0.682485531816488, 0.05147268200905034]
[-0.682485531816488, 0.05147268200905034], 2, -1.0, [-0.6288658141049217, 0.05361971771156621]
[-0.6288658141049217, 0.05361971771156621], 2, -1.0, [-0.5734696512196966, 0.055396162885225135]
[-0.5734696512196966, 0.055396162885225135], 2, -1.0, [-0.5167008505896766, 0.05676880063001997]
[-0.5167008505896766, 0.05676880063001997], 2, -1.0, [-0.4589837807049073, 0.05771706988476932]
[-0.4589837807049073, 0.05771706988476932], 2, -1.0, [-0.4007482940223341, 0.05823548668257322]
[-0.4007482940223341, 0.05823548668257322], 2, -1.0, [-0.34241346865314704, 0.05833482536918708]
[-0.34241346865314704, 0.05833482536918708], 2, -1.0, [-0.2843715999811719, 0.05804186867197513]
[-0.2843715999811719, 0.05804186867197513], 2, -1.0, [-0.22697383095903872, 0.057397769022133185]
[-0.22697383095903872, 0.057397769022133185], 2, -1.0, [-0.17051854433791191, 0.056455286621126824]
[-0.17051854433791191, 0.056455286621126824], 2, -1.0, [-0.11524321778501556, 0.055275326552896346]
[-0.11524321778501556, 0.055275326552896346], 2, -1.0, [-0.06131996232156104, 0.05392325546345452]
[-0.06131996232156104, 0.05392325546345452], 2, -1.0, [-0.00885452446834558, 0.05246543785321546]
[-0.00885452446834558, 0.05246543785321546], 2, -1.0, [0.04211179536229611, 0.05096631983064169]
[0.04211179536229611, 0.05096631983064169], 2, -1.0, [0.09159803945867936, 0.04948624409638326]
[0.09159803945867936, 0.04948624409638326], 2, -1.0, [0.1396780808456753, 0.04808004138699594]
[0.1396780808456753, 0.04808004138699594], 2, -1.0, [0.18647441645232507, 0.04679633560664978]
[0.18647441645232507, 0.04679633560664978], 1, -1.0, [0.23115184872882077, 0.044677432276495704]
[0.23115184872882077, 0.044677432276495704], 1, -1.0, [0.2739066764275675, 0.042754827698746736]
[0.2739066764275675, 0.042754827698746736], 1, -1.0, [0.3149590976100769, 0.0410524211825094]
[0.3149590976100769, 0.0410524211825094], 1, -1.0, [0.3545469129716037, 0.039587815361526786]
[0.3545469129716037, 0.039587815361526786], 1, -1.0, [0.39292049625729664, 0.038373583285692965]
[0.39292049625729664, 0.038373583285692965], 1, -1.0, [0.43033890537586483, 0.03741840911856822]
[0.43033890537586483, 0.03741840911856822], 1, -1.0, [0.46706695490571404, 0.03672804952984923]
[0.46706695490571404, 0.03672804952984923], 1, -1.0, [0.5033730453635117, 0.036306090457797625]
