[-0.49917864379499866, 0.0], 0, -1.0, [-0.5003616309963124, -0.0011829872013137052]
[-0.5003616309963124, -0.0011829872013137052], 0, -1.0, [-0.5027187556599609, -0.002357124663648549]
[-0.5027187556599609, -0.002357124663648549], 0, -1.0, [-0.506232378082557, -0.003513622422596105]
[-0.506232378082557, -0.003513622422596105], 0, -1.0, [-0.51087618957194, -0.004643811489382977]
[-0.51087618957194, -0.004643811489382977], 0, -1.0, [-0.5166153972907327, -0.005739207718792688]
[-0.5166153972907327, -0.005739207718792688], 0, -1.0, [-0.5234069765155891, -0.006791579224856417]
[-0.5234069765155891, -0.006791579224856417], 0, -1.0, [-0.5311999942334864, -0.007793017717897364]
[-0.5311999942334864, -0.007793017717897364], 0, -1.0, [-0.5399360077523474, -0.008736013518860984]
[-0.5399360077523474, -0.008736013518860984], 0, -1.0, [-0.5495495410796905, -0.009613533327343084]
[-0.5495495410796905, -0.009613533327343084], 0, -1.0, [-0.5599686402151898, -0.01041909913549934]
[-0.5599686402151898, -0.01041909913549934], 0, -1.0, [-0.5711155062686517, -0.011146866053461957]
[-0.5711155062686517, -0.011146866053461957], 0, -1.0, [-0.5829072025744331, -0.01179169630578139]
[-0.5829072025744331, -0.01179169630578139], 0, -1.0, [-0.5952564289044527, -0.012349226330019664]
[-0.5952564289044527, -0.012349226330019664], 0, -1.0, [-0.6080723527077189, -0.012815923803266092]
[-0.6080723527077189, -0.012815923803266092], 0, -1.0, [-0.6212614842750332, -0.01318913156731435]
[-0.6212614842750332, -0.01318913156731435], 0, -1.0, [-0.6347285800981142, -0.013467095823080888]
[-0.6347285800981142, -0.013467095823080888], 0, -1.0, [-0.6483775566971347, -0.013648976599020559]
[-0.6483775566971347, -0.013648976599020559], 0, -1.0, [-0.6621123960190306, -0.013734839321895878]
[-0.6621123960190306, -0.013734839321895878], 0, -1.0, [-0.6758380232850343, -0.013725627266003635]
[-0.6758380232850343, -0.013725627266003635], 0, -1.0, [-0.6894611389351709, -0.0136231156501366]
[-0.6894611389351709, -0.0136231156501366], 0, -1.0, [-0.7028909880420837, -0.013429849106912781]
[-0.7028909880420837, -0.013429849106912781], 0, -1.0, [-0.716040053130514, -0.01314906508843026]
[-0.716040053130514, -0.01314906508843026], 0, -1.0, [-0.7288246595615728, -0.012784606431058826]
[-0.7288246595615728, -0.012784606431058826], 0, -1.0, [-0.7411654862980324, -0.01234082673645951]
[-0.7411654862980324, -0.01234082673645951], 0, -1.0, [-0.7529879787134337, -0.011822492415401372]
[-0.7529879787134337, -0.011822492415401372], 0, -1.0, [-0.7642226639028686, -0.011234685189434981]
[-0.7642226639028686, -0.011234685189434981], 2, -1.0, [-0.7728053724808025, -0.008582708577933867]
[-0.7728053724808025, -0.008582708577933867], 2, -1.0, [-0.778688342913479, -0.005882970432676503]
[-0.778688342913479, -0.005882970432676503], 2, -1.0, [-0.7818394863201477, -0.003151143406668626]
[-0.7818394863201477, -0.003151143406668626], 2, -1.0, [-0.7822418358925393, -0.0004023495723915974]
[-0.7822418358925393, -0.0004023495723915974], 2, -1.0, [-0.779893236466034, 0.002348599426505251]
[-0.779893236466034, 0.002348599426505251], 2, -1.0, [-0.7748063041063581, 0.0050869323596759225]
[-0.7748063041063581, 0.0050869323596759225], 2, -1.0, [-0.7670086595288826, 0.007797644577475461]
[-0.7670086595288826, 0.007797644577475461], 2, -1.0, [-0.7565434130812734, 0.010465246447609274]
[-0.7565434130812734, 0.010465246447609274], 2, -1.0, [-0.7434698531924242, 0.01307355988884916]
[-0.7434698531924242, 0.01307355988884916], 2, -1.0, [-0.72786426514601, 0.015605588046414157]
[-0.72786426514601, 0.015605588046414157], 2, -1.0, [-0.709820783756808, 0.018043481389202032]
[-0.709820783756808, 0.018043481389202032], 2, -1.0, [-0.6894521635974694, 0.020368620159338605]
[-0.6894521635974694, 0.020368620159338605], 2, -1.0, [-0.6668903360475371, 0.02256182754993226]
[-0.6668903360475371, 0.02256182754993226], 2, -1.0, [-0.6422866162756214, 0.024603719771915653]
[-0.6422866162756214, 0.024603719771915653], 2, -1.0, [-0.6158114280632788, 0.02647518821234258]
[-0.6158114280632788, 0.02647518821234258], 2, -1.0, [-0.5876534323923023, 0.028157995670976564]
[-0.5876534323923023, 0.028157995670976564], 2, -1.0, [-0.5580179780233088, 0.029635454368993557]
[-0.5580179780233088, 0.029635454368993557], 2, -1.0, [-0.5271248381193012, 0.030893139904007525]
[-0.5271248381193012, 0.030893139904007525], 2, -1.0, [-0.4952052532395828, 0.03191958487971839]
[-0.4952052532395828, 0.03191958487971839], 2, -1.0, [-0.4624983623513335, 0.032706890888249275]
[-0.4624983623513335, 0.032706890888249275], 2, -1.0, [-0.42924716270277474, 0.03325119964855878]
[-0.42924716270277474, 0.03325119964855878], 2, -1.0, [-0.39569418861384303, 0.03355297408893169]
[-0.39569418861384303, 0.03355297408893169], 2, -1.0, [-0.3620771313801094, 0.033617057233733635]
[-0.3620771313801094, 0.033617057233733635], 0, -1.0, [-0.3306246327017666, 0.03145249867834279]
[-0.3306246327017666, 0.03145249867834279], 0, -1.0, [-0.30153993970002596, 0.029084693001740665]
[-0.30153993970002596, 0.029084693001740665], 0, -1.0, [-0.2750002079960602, 0.02653973170396576]
[-0.2750002079960602, 0.02653973170396576], 0, -1.0, [-0.2511568675602808, 0.023843340435779327]
[-0.2511568675602808, 0.023843340435779327], 0, -1.0, [-0.23013682404873387, 0.021020043511546974]
[-0.23013682404873387, 0.021020043511546974], 0, -1.0, [-0.21204424221030815, 0.0180925818384257]
[-0.21204424221030815, 0.0180925818384257], 0, -1.0, [-0.19696265855230322, 0.015081583658004931]
[-0.19696265855230322, 0.015081583658004931], 0, -1.0, [-0.18495719068560235, 0.012005467866700861]
[-0.18495719068560235, 0.012005467866700861], 0, -1.0, [-0.17607664308766363, 0.008880547597938729]
[-0.17607664308766363, 0.008880547597938729], 0, -1.0, [-0.17035534686014872, 0.005721296227514916]
[-0.17035534686014872, 0.005721296227514916], 0, -1.0, [-0.1678146096203257, 0.0025407372398230208]
[-0.1678146096203257, 0.0025407372398230208], 0, -1.0, [-0.16846368813451953, -0.000649078514193829]
[-0.16846368813451953, -0.000649078514193829], 0, -1.0, [-0.17230022966781866, -0.003836541533299135]
[-0.17230022966781866, -0.003836541533299135], 0, -1.0, [-0.17931015868930014, -0.007009929021481492]
[-0.17931015868930014, -0.007009929021481492], 0, -1.0, [-0.18946701486225967, -0.010156856172959538]
[-0.18946701486225967, -0.010156856172959538], 0, -1.0, [-0.20273077790060345, -0.013263763038343776]
[-0.20273077790060345, -0.013263763038343776], 0, -1.0, [-0.2190462465172431, -0.016315468616639652]
[-0.2190462465172431, -0.016315468616639652], 0, -1.0, [-0.2383410733397476, -0.019294826822504496]
[-0.2383410733397476, -0.019294826822504496], 0, -1.0, [-0.2605235952061495, -0.0221825218664019]
[-0.2605235952061495, -0.0221825218664019], 0, -1.0, [-0.2854806369731185, -0.024957041766969012]
[-0.2854806369731185, -0.024957041766969012], 0, -1.0, [-0.31307550324983313, -0.027594866276714647]
[-0.31307550324983313, -0.027594866276714647], 0, -1.0, [-0.343146400743685, -0.030070897493851882]
[-0.343146400743685, -0.030070897493851882], 0, -1.0, [-0.37550554707591555, -0.032359146332230526]
[-0.37550554707591555, -0.032359146332230526], 0, -1.0, [-0.4099392124211347, -0.034433665345219154]
[-0.4099392124211347, -0.034433665345219154], 0, -1.0, [-0.4462089017573612, -0.03626968933622653]
[-0.4462089017573612, -0.03626968933622653], 0, -1.0, [-0.48405381477576337, -0.03784491301840214]
[-0.48405381477576337, -0.03784491301840214], 0, -1.0, [-0.523194619783391, -0.039140805007627566]
[-0.523194619783391, -0.039140805007627566], 0, -1.0, [-0.5633384559588877, -0.0401438361754967]
[-0.5633384559588877, -0.0401438361754967], 0, -1.0, [-0.6041849500641259, -0.04084649410523816]
[-0.6041849500641259, -0.04084649410523816], 0, -1.0, [-0.6454329182229486, -0.041247968158822756]
[-0.6454329182229486, -0.041247968158822756], 0, -1.0, [-0.6867873399337227, -0.041354421710774095]
[-0.6867873399337227, -0.041354421710774095], 0, -1.0, [-0.7279661550433303, -0.041178815109607636]
[-0.7279661550433303, -0.041178815109607636], 0, -1.0, [-0.7687064517501001, -0.04074029670676984]
[-0.7687064517501001, -0.04074029670676984], 0, -1.0, [-0.808769681574147, -0.04006322982404691]
[-0.808769681574147, -0.04006322982404691], 0, -1.0, [-0.8479456432183601, -0.039175961644213164]
[-0.8479456432183601, -0.039175961644213164], 0, -1.0, [-0.8860551029902723, -0.03810945977191232]
[-0.8860551029902723, -0.03810945977191232], 0, -1.0, [-0.9229510451624777, -0.03689594217220539]
[-0.9229510451624777, -0.03689594217220539], 0, -1.0, [-0.9585186543439682, -0.03556760918149054]
[-0.9585186543439682, -0.03556760918149054], 0, -1.0, [-0.9926742123668111, -0.03415555802284288]
[-0.9926742123668111, -0.03415555802284288], 0, -1.0, [-1.025363139827526, -0.032688927460714924]
[-1.025363139827526, -0.032688927460714924], 0, -1.0, [-1.0565574287129174, -0.03119428888539141]
[-1.0565574287129174, -0.03119428888539141], 0, -1.0, [-1.0862527031157574, -0.029695274402840064]
[-1.0862527031157574, -0.029695274402840064], 0, -1.0, [-1.1144651175772986, -0.028212414461541185]
[-1.1144651175772986, -0.028212414461541185], 0, -1.0, [-1.1412282649275136, -0.02676314735021512]
[-1.1412282649275136, -0.02676314735021512], 0, -1.0, [-1.1665902243767263, -0.0253619594492127]
[-1.1665902243767263, -0.0253619594492127], 0, -1.0, [-1.190610841059226, -0.024020616682499767]
[-1.190610841059226, -0.024020616682499767], 0, -1.0, [-1.2, 0.0]
[-1.2, 0.0], 2, -1.0, [-1.1967581039591646, 0.003241896040835368]
[-1.1967581039591646, 0.003241896040835368], 2, -1.0, [-1.1902636585360942, 0.006494445423070332]
[-1.1902636585360942, 0.006494445423070332], 2, -1.0, [-1.1804959639787937, 0.009767694557300442]
[-1.1804959639787937, 0.009767694557300442], 2, -1.0, [-1.1674255149588486, 0.013070449019945182]
[-1.1674255149588486, 0.013070449019945182], 2, -1.0, [-1.1510159267200155, 0.016409588238833067]
[-1.1510159267200155, 0.016409588238833067], 2, -1.0, [-1.1312266168239755, 0.019789309896040046]
[-1.1312266168239755, 0.019789309896040046], 2, -1.0, [-1.108016322100852, 0.02321029472312345]
[-1.108016322100852, 0.02321029472312345], 2, -1.0, [-1.081347524946184, 0.02666879715466819]
[-1.081347524946184, 0.02666879715466819], 2, -1.0, [-1.0511918363028878, 0.03015568864329602]
[-1.0511918363028878, 0.03015568864329602], 2, -1.0, [-1.0175363271434712, 0.0336555091594167]
[-1.0175363271434712, 0.0336555091594167], 2, -1.0, [-0.9803907090723114, 0.03714561807115983]
[-0.9803907090723114, 0.03714561807115983], 2, -1.0, [-0.9397951336374217, 0.04059557543488971]
[-0.9397951336374217, 0.04059557543488971], 2, -1.0, [-0.8958282112564235, 0.043966922380998245]
[-0.8958282112564235, 0.043966922380998245], 2, -1.0, [-0.8486146572192776, 0.04721355403714586]
[-0.8486146572192776, 0.04721355403714586], 2, -1.0, [-0.7983317816221248, 0.05028287559715283]
[-0.7983317816221248, 0.05028287559715283], 2, -1.0, [-0.7452138959379592, 0.0531178856841656]
[-0.7452138959379592, 0.0531178856841656], 2, -1.0, [-0.6895536666604415, 0.0556602292775177]
[-0.6895536666604415, 0.0556602292775177], 2, -1.0, [-0.6316995610792892, 0.057854105581152386]
[-0.6316995610792892, 0.057854105581152386], 2, -1.0, [-0.5720488365336812, 0.05965072454560789]
[-0.5720488365336812, 0.05965072454560789], 1, -1.0, [-0.5120360146660762, 0.06001282186760502]
[-0.5120360146660762, 0.06001282186760502], 1, -1.0, [-0.4521098961150043, 0.05992611855107187]
[-0.4521098961150043, 0.05992611855107187], 1, -1.0, [-0.39271584335477117, 0.05939405276023314]
[-0.39271584335477117, 0.05939405276023314], 1, -1.0, [-0.33427838303110907, 0.05843746032366207]
[-0.33427838303110907, 0.05843746032366207], 1, -1.0, [-0.2771857088121271, 0.05709267421898198]
[-0.2771857088121271, 0.05709267421898198], 1, -1.0, [-0.22177734931795334, 0.05540835949417379]
[-0.22177734931795334, 0.05540835949417379], 2, -1.0, [-0.16733576944510123, 0.05444157987285211]
[-0.16733576944510123, 0.05444157987285211], 1, -1.0, [-0.11508573567135297, 0.052250033773748254]
[-0.11508573567135297, 0.052250033773748254], 1, -1.0, [-0.065188172984908, 0.049897562686444956]
[-0.065188172984908, 0.049897562686444956], 2, -1.0, [-0.016742955619344718, 0.04844521736556329]
[-0.016742955619344718, 0.04844521736556329], 2, -1.0, [0.030205414757062718, 0.046948370376407436]
[0.030205414757062718, 0.046948370376407436], 1, -1.0, [0.07466404224155904, 0.04445862748449632]
[0.07466404224155904, 0.04445862748449632], 1, -1.0, [0.11668512353888341, 0.04202108129732438]
[0.11668512353888341, 0.04202108129732438], 1, -1.0, [0.15635782052384697, 0.03967269698496356]
[0.15635782052384697, 0.03967269698496356], 0, -1.0, [0.19280054870383906, 0.03644272817999209]
[0.19280054870383906, 0.03644272817999209], 1, -1.0, [0.22714993309067483, 0.034349384386835755]
[0.22714993309067483, 0.034349384386835755], 1, -1.0, [0.25955766678199826, 0.032407733691323416]
[0.25955766678199826, 0.032407733691323416], 1, -1.0, [0.29018578506494513, 0.030628118282946884]
[0.29018578506494513, 0.030628118282946884], 1, -1.0, [0.3192029022368859, 0.029017117171940797]
[0.3192029022368859, 0.029017117171940797], 1, -1.0, [0.3467813262294985, 0.027578423992612577]
[0.3467813262294985, 0.027578423992612577], 2, -1.0, [0.3740949412755729, 0.02731361504607443]
[0.3740949412755729, 0.02731361504607443], 2, -1.0, [0.4013244944718794, 0.027229553196306475]
[0.4013244944718794, 0.027229553196306475], 2, -1.0, [0.4286574190136372, 0.027332924541757758]
[0.4286574190136372, 0.027332924541757758], 1, -1.0, [0.4552878720218089, 0.026630453008171743]
[0.4552878720218089, 0.026630453008171743], 2, -1.0, [0.4824095718321194, 0.027121699810310457]
[0.4824095718321194, 0.027121699810310457], 1, -1.0, [0.509223138159322, 0.026813566327202505]
