[-0.5291991973303369, 0.0], 0, -1.0, [-0.5301571961434451, -0.0009579988131082183]
[-0.5301571961434451, -0.0009579988131082183], 0, -1.0, [-0.5320660099759896, -0.0019088138325444517]
[-0.5320660099759896, -0.0019088138325444517], 0, -1.0, [-0.534911326379798, -0.0028453164038083623]
[-0.534911326379798, -0.0028453164038083623], 0, -1.0, [-0.5386718149385467, -0.003760488558748631]
[-0.5386718149385467, -0.003760488558748631], 0, -1.0, [-0.5433192942244024, -0.004647479285855705]
[-0.5433192942244024, -0.004647479285855705], 0, -1.0, [-0.5488189558849443, -0.005499661660541894]
[-0.5488189558849443, -0.005499661660541894], 0, -1.0, [-0.5551296466083917, -0.006310690723447318]
[-0.5551296466083917, -0.006310690723447318], 0, -1.0, [-0.5622042083049487, -0.007074561696556954]
[-0.5622042083049487, -0.007074561696556954], 0, -1.0, [-0.5699898761105854, -0.0077856678056366846]
[-0.5699898761105854, -0.0077856678056366846], 0, -1.0, [-0.578428732773694, -0.008438856663108592]
[-0.578428732773694, -0.008438856663108592], 0, -1.0, [-0.5874582166629266, -0.009029483889232663]
[-0.5874582166629266, -0.009029483889232663], 0, -1.0, [-0.5970116791042587, -0.009553462441332062]
[-0.5970116791042587, -0.009553462441332062], 0, -1.0, [-0.6070189851109744, -0.010007306006715747]
[-0.6070189851109744, -0.010007306006715747], 0, -1.0, [-0.617407149924998, -0.010388164814023554]
[-0.617407149924998, -0.010388164814023554], 0, -1.0, [-0.628101002264884, -0.010693852339885911]
[-0.628101002264884, -0.010693852339885911], 0, -1.0, [-0.6390238638971186, -0.010922861632234656]
[-0.6390238638971186, -0.010922861632234656], 0, -1.0, [-0.6500982342233347, -0.01107437032621605]
[-0.6500982342233347, -0.01107437032621605], 0, -1.0, [-0.6612464680940991, -0.011148233870764496]
[-0.6612464680940991, -0.011148233870764496], 0, -1.0, [-0.6723914350763193, -0.011144966982220112]
[-0.6723914350763193, -0.011144966982220112], 0, -1.0, [-0.6834571489353978, -0.01106571385907855]
[-0.6834571489353978, -0.01106571385907855], 0, -1.0, [-0.6943693571257784, -0.010912208190380624]
[-0.6943693571257784, -0.010912208190380624], 0, -1.0, [-0.7050560815585979, -0.010686724432819454]
[-0.7050560815585979, -0.010686724432819454], 0, -1.0, [-0.7154481037461066, -0.010392022187508706]
[-0.7154481037461066, -0.010392022187508706], 0, -1.0, [-0.7254793895002799, -0.010031285754173329]
[-0.7254793895002799, -0.010031285754173329], 0, -1.0, [-0.7350874505664075, -0.009608061066127552]
[-0.7350874505664075, -0.009608061066127552], 0, -1.0, [-0.7442136427786002, -0.009126192212192753]
[-0.7442136427786002, -0.009126192212192753], 0, -1.0, [-0.7528034024184105, -0.008589759639810214]
[-0.7528034024184105, -0.008589759639810214], 2, -1.0, [-0.758806424341472, -0.006003021923061523]
[-0.758806424341472, -0.006003021923061523], 2, -1.0, [-0.7621881758975065, -0.003381751556034521]
[-0.7621881758975065, -0.003381751556034521], 2, -1.0, [-0.7629294342373031, -0.000741258339796587]
[-0.7629294342373031, -0.000741258339796587], 2, -1.0, [-0.7610260083280894, 0.0019034259092136929]
[-0.7610260083280894, 0.0019034259092136929], 2, -1.0, [-0.756488676354703, 0.00453733197338645]
[-0.756488676354703, 0.00453733197338645], 2, -1.0, [-0.7493433452571209, 0.0071453310975821]
[-0.7493433452571209, 0.0071453310975821], 2, -1.0, [-0.7396314150884034, 0.009711930168717482]
[-0.7396314150884034, 0.009711930168717482], 2, -1.0, [-0.7274103071806761, 0.012221107907727203]
[-0.7274103071806761, 0.012221107907727203], 2, -1.0, [-0.7127540924405995, 0.014656214740076568]
[-0.7127540924405995, 0.014656214740076568], 2, -1.0, [-0.69575413545128, 0.016999956989319588]
[-0.69575413545128, 0.016999956989319588], 2, -1.0, [-0.6765196528678978, 0.019234482583382156]
[-0.6765196528678978, 0.019234482583382156], 2, -1.0, [-0.6551780727331897, 0.021341580134708067]
[-0.6551780727331897, 0.021341580134708067], 2, -1.0, [-0.6318750769728324, 0.02330299576035732]
[-0.6318750769728324, 0.02330299576035732], 2, -1.0, [-0.6067742146073437, 0.025100862365488683]
[-0.6067742146073437, 0.025100862365488683], 2, -1.0, [-0.580055989806356, 0.02671822480098774]
[-0.580055989806356, 0.02671822480098774], 2, -1.0, [-0.5519163574647418, 0.02813963234161417]
[-0.5519163574647418, 0.02813963234161417], 1, -1.0, [-0.5235645986258507, 0.028351758838891024]
[-0.5235645986258507, 0.028351758838891024], 0, -1.0, [-0.49621309611425257, 0.02735150251159811]
[-0.49621309611425257, 0.02735150251159811], 0, -1.0, [-0.47006675521764796, 0.02614634089660463]
[-0.47006675521764796, 0.02614634089660463], 0, -1.0, [-0.4453201808862916, 0.024746574331356373]
[-0.4453201808862916, 0.024746574331356373], 0, -1.0, [-0.42215531475516227, 0.023164866131129322]
[-0.42215531475516227, 0.023164866131129322], 1, -1.0, [-0.3997395846124065, 0.022415730142755757]
[-0.3997395846124065, 0.022415730142755757], 0, -1.0, [-0.37923156895910165, 0.020508015653304863]
[-0.37923156895910165, 0.020508015653304863], 0, -1.0, [-0.3607727734533618, 0.018458795505739853]
[-0.3607727734533618, 0.018458795505739853], 0, -1.0, [-0.3444871840442782, 0.016285589409083583]
[-0.3444871840442782, 0.016285589409083583], 0, -1.0, [-0.33048121508866196, 0.014005968955616253]
[-0.33048121508866196, 0.014005968955616253], 0, -1.0, [-0.3188439520437687, 0.011637263044893252]
[-0.3188439520437687, 0.011637263044893252], 0, -1.0, [-0.30964758301247525, 0.009196369031293467]
[-0.30964758301247525, 0.009196369031293467], 0, -1.0, [-0.3029479168848324, 0.006699666127642856]
[-0.3029479168848324, 0.006699666127642856], 0, -1.0, [-0.29878489626270344, 0.004163020622128992]
[-0.29878489626270344, 0.004163020622128992], 0, -1.0, [-0.29718302889619813, 0.0016018673665053077]
[-0.29718302889619813, 0.0016018673665053077], 0, -1.0, [-0.29815168033060446, -0.0009686514344063482]
[-0.29815168033060446, -0.0009686514344063482], 0, -1.0, [-0.3016851915286451, -0.00353351119804064]
[-0.3016851915286451, -0.00353351119804064], 0, -1.0, [-0.3077628074110037, -0.006077615882358632]
[-0.3077628074110037, -0.006077615882358632], 0, -1.0, [-0.3163484248226642, -0.008585617411660461]
[-0.3163484248226642, -0.008585617411660461], 0, -1.0, [-0.32739019076631004, -0.011041765943645879]
[-0.32739019076631004, -0.011041765943645879], 0, -1.0, [-0.34082000316351074, -0.013429812397200681]
[-0.34082000316351074, -0.013429812397200681], 0, -1.0, [-0.35655298600054347, -0.015732982837032724]
[-0.35655298600054347, -0.015732982837032724], 0, -1.0, [-0.3744870272458616, -0.017934041245318087]
[-0.3744870272458616, -0.017934041245318087], 0, -1.0, [-0.39450247979557407, -0.020015452549712508]
[-0.39450247979557407, -0.020015452549712508], 0, -1.0, [-0.41646213106623636, -0.02195965127066227]
[-0.41646213106623636, -0.02195965127066227], 0, -1.0, [-0.44021154385293354, -0.023749412786697156]
[-0.44021154385293354, -0.023749412786697156], 0, -1.0, [-0.4655798582009867, -0.02536831434805314]
[-0.4655798582009867, -0.02536831434805314], 0, -1.0, [-0.4923811205968612, -0.026801262395874485]
[-0.4923811205968612, -0.026801262395874485], 0, -1.0, [-0.5204161732975116, -0.02803505270065036]
[-0.5204161732975116, -0.02803505270065036], 0, -1.0, [-0.5494750951527595, -0.02905892185524793]
[-0.5494750951527595, -0.02905892185524793], 0, -1.0, [-0.5793401394742573, -0.029865044321497867]
[-0.5793401394742573, -0.029865044321497867], 0, -1.0, [-0.6097890692763959, -0.03044892980213859]
[-0.6097890692763959, -0.03044892980213859], 0, -1.0, [-0.6405987510695643, -0.030809681793168404]
[-0.6405987510695643, -0.030809681793168404], 0, -1.0, [-0.6715488405140746, -0.0309500894445103]
[-0.6715488405140746, -0.0309500894445103], 0, -1.0, [-0.7024253805348311, -0.030876540020756425]
[-0.7024253805348311, -0.030876540020756425], 0, -1.0, [-0.7330241367581279, -0.03059875622329686]
[-0.7330241367581279, -0.03059875622329686], 0, -1.0, [-0.7631535157033607, -0.03012937894523269]
[-0.7631535157033607, -0.03012937894523269], 0, -1.0, [-0.7926369450556487, -0.029483429352288114]
[-0.7926369450556487, -0.029483429352288114], 0, -1.0, [-0.8213146378580685, -0.028677692802419684]
[-0.8213146378580685, -0.028677692802419684], 0, -1.0, [-0.8490447081007635, -0.027730070242695023]
[-0.8490447081007635, -0.027730070242695023], 0, -1.0, [-0.8757036486522166, -0.02665894055145309]
[-0.8757036486522166, -0.02665894055145309], 2, -1.0, [-0.8991862194975516, -0.023482570845334956]
[-0.8991862194975516, -0.023482570845334956], 2, -1.0, [-0.9194112251713571, -0.020225005673805495]
[-0.9194112251713571, -0.020225005673805495], 2, -1.0, [-0.936317697132008, -0.01690647196065092]
[-0.936317697132008, -0.01690647196065092], 2, -1.0, [-0.9498612097998549, -0.013543512667846888]
[-0.9498612097998549, -0.013543512667846888], 2, -1.0, [-0.9600105538248498, -0.010149344024994894]
[-0.9600105538248498, -0.010149344024994894], 2, -1.0, [-0.9667449290993853, -0.006734375274535499]
[-0.9667449290993853, -0.006734375274535499], 2, -1.0, [-0.9700517685961942, -0.0033068394968090113]
[-0.9700517685961942, -0.0033068394968090113], 2, -1.0, [-0.9699252638271432, 0.0001265047690511157]
[-0.9699252638271432, 0.0001265047690511157], 2, -1.0, [-0.9663656325968942, 0.0035596312302489234]
[-0.9663656325968942, 0.0035596312302489234], 2, -1.0, [-0.9593791471100764, 0.006986485486817833]
[-0.9593791471100764, 0.006986485486817833], 2, -1.0, [-0.9489789217647244, 0.010400225345352065]
[-0.9489789217647244, 0.010400225345352065], 2, -1.0, [-0.9351864410877335, 0.013792480676990956]
[-0.9351864410877335, 0.013792480676990956], 2, -1.0, [-0.918033785214912, 0.017152655872821533]
[-0.918033785214912, 0.017152655872821533], 2, -1.0, [-0.8975664795225421, 0.020467305692369833]
[-0.8975664795225421, 0.020467305692369833], 2, -1.0, [-0.8738468539200178, 0.023719625602524302]
[-0.8738468539200178, 0.023719625602524302], 2, -1.0, [-0.8469577450797318, 0.026889108840286006]
[-0.8469577450797318, 0.026889108840286006], 2, -1.0, [-0.8170063132714299, 0.02995143180830188]
[-0.8170063132714299, 0.02995143180830188], 2, -1.0, [-0.7841276797182775, 0.03287863355315247]
[-0.7841276797182775, 0.03287863355315247], 2, -1.0, [-0.7484880297933324, 0.03563964992494501]
[-0.7484880297933324, 0.03563964992494501], 2, -1.0, [-0.7102867851129259, 0.03820124468040656]
[-0.7102867851129259, 0.03820124468040656], 2, -1.0, [-0.6697574393191617, 0.04052934579376421]
[-0.6697574393191617, 0.04052934579376421], 2, -1.0, [-0.6271666932218342, 0.04259074609732749]
[-0.6271666932218342, 0.04259074609732749], 2, -1.0, [-0.5828116252036847, 0.04435506801814949]
[-0.5828116252036847, 0.04435506801814949], 2, -1.0, [-0.5370147927416417, 0.04579683246204303]
[-0.5370147927416417, 0.04579683246204303], 2, -1.0, [-0.4901173673146757, 0.04689742542696596]
[-0.4901173673146757, 0.04689742542696596], 2, -1.0, [-0.4424706304186069, 0.04764673689606877]
[-0.4424706304186069, 0.04764673689606877], 2, -1.0, [-0.3944263652463984, 0.04804426517220851]
[-0.3944263652463984, 0.04804426517220851], 2, -1.0, [-0.34632682734975284, 0.04809953789664554]
[-0.34632682734975284, 0.04809953789664554], 2, -1.0, [-0.29849503752956735, 0.04783178982018548]
[-0.29849503752956735, 0.04783178982018548], 2, -1.0, [-0.25122609834327153, 0.04726893918629584]
[-0.25122609834327153, 0.04726893918629584], 2, -1.0, [-0.20478010079759618, 0.04644599754567534]
[-0.20478010079759618, 0.04644599754567534], 2, -1.0, [-0.15937698797016972, 0.04540311282742646]
[-0.15937698797016972, 0.04540311282742646], 2, -1.0, [-0.11519351628012783, 0.04418347169004188]
[-0.11519351628012783, 0.04418347169004188], 2, -1.0, [-0.07236224197593633, 0.042831274304191515]
[-0.07236224197593633, 0.042831274304191515], 2, -1.0, [-0.03097229034633281, 0.041389951629603516]
[-0.03097229034633281, 0.041389951629603516], 2, -1.0, [0.008928445452274232, 0.03990073579860704]
[0.008928445452274232, 0.03990073579860704], 2, -1.0, [0.04733007801506843, 0.0384016325627942]
[0.04733007801506843, 0.0384016325627942], 2, -1.0, [0.08425686979836092, 0.03692679178329248]
[0.08425686979836092, 0.03692679178329248], 2, -1.0, [0.11976310347156263, 0.035506233673201715]
[0.11976310347156263, 0.035506233673201715], 2, -1.0, [0.15392896978242837, 0.034165866310865725]
[0.15392896978242837, 0.034165866310865725], 2, -1.0, [0.18685669166239896, 0.032927721879970596]
[0.18685669166239896, 0.032927721879970596], 2, -1.0, [0.21866703314888947, 0.03181034148649051]
[0.21866703314888947, 0.03181034148649051], 2, -1.0, [0.24949628038081556, 0.030829247231926097]
[0.24949628038081556, 0.030829247231926097], 2, -1.0, [0.27949373236901903, 0.02999745198820348]
[0.27949373236901903, 0.02999745198820348], 2, -1.0, [0.3088197018029914, 0.02932596943397236]
[0.3088197018029914, 0.02932596943397236], 2, -1.0, [0.3376439995362865, 0.02882429773329509]
[0.3376439995362865, 0.02882429773329509], 2, -1.0, [0.36614485844697675, 0.02850085891069029]
[0.36614485844697675, 0.02850085891069029], 2, -1.0, [0.3945082406500353, 0.02836338220305855]
[0.3945082406500353, 0.02836338220305855], 2, -1.0, [0.4229274641386711, 0.0284192234886358]
[0.4229274641386711, 0.0284192234886358], 2, -1.0, [0.4516030786496696, 0.028675614510998506]
[0.4516030786496696, 0.028675614510998506], 2, -1.0, [0.4807429139390126, 0.029139835289343004]
[0.4807429139390126, 0.029139835289343004], 2, -1.0, [0.5105622150234531, 0.02981930108444053]
