[-0.4134614321282757, 0.0], 0, -1.0, [-0.4152725141260066, -0.0018110819977308667]
[-0.4152725141260066, -0.0018110819977308667], 0, -1.0, [-0.4188818178257934, -0.0036093036997868265]
[-0.4188818178257934, -0.0036093036997868265], 0, -1.0, [-0.42426364405822614, -0.005381826232432696]
[-0.42426364405822614, -0.005381826232432696], 0, -1.0, [-0.431379505542579, -0.007115861484352821]
[-0.431379505542579, -0.007115861484352821], 0, -1.0, [-0.44017822223031233, -0.008798716687733337]
[-0.44017822223031233, -0.008798716687733337], 0, -1.0, [-0.4505960826093138, -0.01041786037900144]
[-0.4505960826093138, -0.01041786037900144], 0, -1.0, [-0.4625570967450019, -0.01196101413568811]
[-0.4625570967450019, -0.01196101413568811], 0, -1.0, [-0.47597336898504794, -0.013416272240046018]
[-0.47597336898504794, -0.013416272240046018], 0, -1.0, [-0.49074561775613573, -0.0147722487710878]
[-0.49074561775613573, -0.0147722487710878], 0, -1.0, [-0.5067638664865192, -0.016018248730383412]
[-0.5067638664865192, -0.016018248730383412], 0, -1.0, [-0.5239083233655045, -0.017144456878985376]
[-0.5239083233655045, -0.017144456878985376], 0, -1.0, [-0.5420504586365695, -0.018142135271065018]
[-0.5420504586365695, -0.018142135271065018], 0, -1.0, [-0.5610542769481518, -0.01900381831158226]
[-0.5610542769481518, -0.01900381831158226], 0, -1.0, [-0.5807777697787972, -0.019723492830645475]
[-0.5807777697787972, -0.019723492830645475], 0, -1.0, [-0.601074520171394, -0.02029675039259674]
[-0.601074520171394, -0.02029675039259674], 0, -1.0, [-0.6217954201500917, -0.020720899978697707]
[-0.6217954201500917, -0.020720899978697707], 0, -1.0, [-0.6427904514454569, -0.020995031295365164]
[-0.6427904514454569, -0.020995031295365164], 0, -1.0, [-0.6639104735515579, -0.021120022106100984]
[-0.6639104735515579, -0.021120022106100984], 0, -1.0, [-0.6850089604113496, -0.021098486859791755]
[-0.6850089604113496, -0.021098486859791755], 0, -1.0, [-0.7059436284904039, -0.020934668079054364]
[-0.7059436284904039, -0.020934668079054364], 0, -1.0, [-0.7265779045120184, -0.02063427602161447]
[-0.7265779045120184, -0.02063427602161447], 0, -1.0, [-0.7467821901136646, -0.020204285601646207]
[-0.7467821901136646, -0.020204285601646207], 0, -1.0, [-0.766434892226839, -0.019652702113174422]
[-0.766434892226839, -0.019652702113174422], 0, -1.0, [-0.7854232009549275, -0.018988308728088456]
[-0.7854232009549275, -0.018988308728088456], 2, -1.0, [-0.8016436099533364, -0.016220408998408924]
[-0.8016436099533364, -0.016220408998408924], 2, -1.0, [-0.8150122306219305, -0.01336862066859415]
[-0.8150122306219305, -0.01336862066859415], 2, -1.0, [-0.825463210397459, -0.010450979775528392]
[-0.825463210397459, -0.010450979775528392], 2, -1.0, [-0.8329472114427693, -0.007484001045310367]
[-0.8329472114427693, -0.007484001045310367], 2, -1.0, [-0.8374300879165217, -0.004482876473752454]
[-0.8374300879165217, -0.004482876473752454], 2, -1.0, [-0.8388918686276986, -0.0014617807111768693]
[-0.8388918686276986, -0.0014617807111768693], 2, -1.0, [-0.8373261202091865, 0.0015657484185121447]
[-0.8373261202091865, 0.0015657484185121447], 2, -1.0, [-0.8327397350769723, 0.00458638513221421]
[-0.8327397350769723, 0.00458638513221421], 2, -1.0, [-0.8251531584704042, 0.0075865766065681154]
[-0.8251531584704042, 0.0075865766065681154], 2, -1.0, [-0.8146010392585937, 0.010552119211810481]
[-0.8146010392585937, 0.010552119211810481], 2, -1.0, [-0.8011332592025742, 0.013467780056019594]
[-0.8011332592025742, 0.013467780056019594], 2, -1.0, [-0.784816264461206, 0.016316994741368194]
[-0.784816264461206, 0.016316994741368194], 2, -1.0, [-0.7657345914440289, 0.019081673017177087]
[-0.7657345914440289, 0.019081673017177087], 2, -1.0, [-0.7439924477789059, 0.021742143665122952]
[-0.7439924477789059, 0.021742143665122952], 2, -1.0, [-0.7197151805686275, 0.02427726721027842]
[-0.7197151805686275, 0.02427726721027842], 2, -1.0, [-0.6930504419558847, 0.02666473861274273]
[-0.6930504419558847, 0.02666473861274273], 2, -1.0, [-0.664168851039403, 0.028881590916481636]
[-0.664168851039403, 0.028881590916481636], 2, -1.0, [-0.6332639565111321, 0.030904894528270967]
[-0.6332639565111321, 0.030904894528270967], 2, -1.0, [-0.6005513304679012, 0.03271262604323085]
[-0.6005513304679012, 0.03271262604323085], 2, -1.0, [-0.566266673127691, 0.03428465734021026]
[-0.566266673127691, 0.03428465734021026], 2, -1.0, [-0.530662879729318, 0.035603793398372885]
[-0.530662879729318, 0.035603793398372885], 2, -1.0, [-0.49400610951560947, 0.03665677021370858]
[-0.49400610951560947, 0.03665677021370858], 2, -1.0, [-0.4565709928679235, 0.03743511664768596]
[-0.4565709928679235, 0.03743511664768596], 2, -1.0, [-0.4186352036386331, 0.03793578922929044]
[-0.4186352036386331, 0.03793578922929044], 2, -1.0, [-0.3804736958154207, 0.0381615078232124]
[-0.3804736958154207, 0.0381615078232124], 2, -1.0, [-0.3423529450798948, 0.03812075073552592]
[-0.3423529450798948, 0.03812075073552592], 2, -1.0, [-0.30452553952488126, 0.037827405555013544]
[-0.30452553952488126, 0.037827405555013544], 2, -1.0, [-0.2672254291603524, 0.037300110364528835]
[-0.2672254291603524, 0.037300110364528835], 2, -1.0, [-0.23066407688588356, 0.03656135227446886]
[-0.23066407688588356, 0.03656135227446886], 2, -1.0, [-0.1950276655024551, 0.03563641138342846]
[-0.1950276655024551, 0.03563641138342846], 2, -1.0, [-0.1604754197500154, 0.03455224575243969]
[-0.1604754197500154, 0.03455224575243969], 2, -1.0, [-0.12713901250760756, 0.033336407242407814]
[-0.12713901250760756, 0.033336407242407814], 2, -1.0, [-0.09512295050308049, 0.03201606200452707]
[-0.09512295050308049, 0.03201606200452707], 2, -1.0, [-0.06450578320362302, 0.03061716729945748]
[-0.06450578320362302, 0.03061716729945748], 2, -1.0, [-0.035341950602110275, 0.029163832601512743]
[-0.035341950602110275, 0.029163832601512743], 2, -1.0, [-0.0076640793077373155, 0.02767787129437296]
[-0.0076640793077373155, 0.02767787129437296], 2, -1.0, [0.018514452761281282, 0.026178532069018597]
[0.018514452761281282, 0.026178532069018597], 2, -1.0, [0.043196840169794484, 0.0246823874085132]
[0.043196840169794484, 0.0246823874085132], 2, -1.0, [0.06640019034554095, 0.023203350175746477]
[0.06640019034554095, 0.023203350175746477], 2, -1.0, [0.088152977804618, 0.021752787459077046]
[0.088152977804618, 0.021752787459077046], 2, -1.0, [0.10849268008879223, 0.02033970228417422]
[0.10849268008879223, 0.02033970228417422], 2, -1.0, [0.12746363743375688, 0.018970957344964647]
[0.12746363743375688, 0.018970957344964647], 2, -1.0, [0.14511515691929225, 0.017651519485535366]
[0.14511515691929225, 0.017651519485535366], 2, -1.0, [0.1614998653967926, 0.016384708477500353]
[0.1614998653967926, 0.016384708477500353], 2, -1.0, [0.17667230354735575, 0.015172438150563156]
[0.17667230354735575, 0.015172438150563156], 2, -1.0, [0.19068774539417388, 0.014015441846818138]
[0.19068774539417388, 0.014015441846818138], 2, -1.0, [0.20360122275193654, 0.012913477357762673]
[0.20360122275193654, 0.012913477357762673], 2, -1.0, [0.21546673171518832, 0.011865508963251769]
[0.21546673171518832, 0.011865508963251769], 2, -1.0, [0.22633659770657283, 0.010869865991384495]
[0.22633659770657283, 0.010869865991384495], 2, -1.0, [0.23626097626640963, 0.009924378559836789]
[0.23626097626640963, 0.009924378559836789], 2, -1.0, [0.24528746822064967, 0.00902649195424006]
[0.24528746822064967, 0.00902649195424006], 2, -1.0, [0.253460829774591, 0.008173361553941319]
[0.253460829774591, 0.008173361553941319], 2, -1.0, [0.2608227601969608, 0.007361930422369822]
[0.2608227601969608, 0.007361930422369822], 2, -1.0, [0.2674117519112117, 0.006588991714250878]
[0.2674117519112117, 0.006588991714250878], 2, -1.0, [0.27326298988579684, 0.005851237974585166]
[0.27326298988579684, 0.005851237974585166], 2, -1.0, [0.27840828914525584, 0.005145299259459016]
[0.27840828914525584, 0.005145299259459016], 2, -1.0, [0.282876060974099, 0.0044677718288431666]
[0.282876060974099, 0.0044677718288431666], 2, -1.0, [0.2866912999433259, 0.0038152389692268874]
[0.2866912999433259, 0.0038152389692268874], 2, -1.0, [0.28987558525768775, 0.003184285314361852]
[0.28987558525768775, 0.003184285314361852], 2, -1.0, [0.2924470911128476, 0.002571505855159836]
[0.2924470911128476, 0.002571505855159836], 2, -1.0, [0.2944206017834167, 0.0019735106705691253]
[0.2944206017834167, 0.0019735106705691253], 2, -1.0, [0.295807528056446, 0.0013869262730292794]
[0.295807528056446, 0.0013869262730292794], 2, -1.0, [0.29661592240255985, 0.0008083943461138479]
[0.29661592240255985, 0.0008083943461138479], 1, -1.0, [0.2958504909609688, -0.0007654314415910103]
[0.2958504909609688, -0.0007654314415910103], 1, -1.0, [0.2935067774714604, -0.002343713489508376]
[0.2935067774714604, -0.002343713489508376], 1, -1.0, [0.28957118893809713, -0.003935588533363273]
[0.28957118893809713, -0.003935588533363273], 0, -1.0, [0.2830210772259509, -0.006550111712146275]
[0.2830210772259509, -0.006550111712146275], 0, -1.0, [0.27381924893408577, -0.009201828291865123]
[0.27381924893408577, -0.009201828291865123], 0, -1.0, [0.2619145339989678, -0.011904714935117987]
[0.2619145339989678, -0.011904714935117987], 0, -1.0, [0.2472426628712836, -0.014671871127684212]
[0.2472426628712836, -0.014671871127684212], 1, -1.0, [0.23072753600619228, -0.016515126865091316]
[0.23072753600619228, -0.016515126865091316], 1, -1.0, [0.21228777197129958, -0.01843976403489269]
[0.21228777197129958, -0.01843976403489269], 1, -1.0, [0.19183809538033597, -0.02044967659096362]
[0.19183809538033597, -0.02044967659096362], 1, -1.0, [0.1692911375274772, -0.022546957852858755]
[0.1692911375274772, -0.022546957852858755], 2, -1.0, [0.1455597279620779, -0.023731409565399306]
[0.1455597279620779, -0.023731409565399306], 1, -1.0, [0.1195629155503166, -0.025996812411761286]
[0.1195629155503166, -0.025996812411761286], 0, -1.0, [0.09022520828922981, -0.029337707261086796]
[0.09022520828922981, -0.029337707261086796], 2, -1.0, [0.05947852486308742, -0.03074668342614239]
[0.05947852486308742, -0.03074668342614239], 2, -1.0, [0.02727153501908173, -0.03220698984400569]
[0.02727153501908173, -0.03220698984400569], 0, -1.0, [-0.008427092454035785, -0.035698627473117514]
[-0.008427092454035785, -0.035698627473117514], 0, -1.0, [-0.047624921040973545, -0.03919782858693776]
[-0.047624921040973545, -0.03919782858693776], 0, -1.0, [-0.0902972765070744, -0.04267235546610086]
[-0.0902972765070744, -0.04267235546610086], 0, -1.0, [-0.1363784635585643, -0.04608118705148989]
[-0.1363784635585643, -0.04608118705148989], 0, -1.0, [-0.1857533134133515, -0.04937484985478717]
[-0.1857533134133515, -0.04937484985478717], 0, -1.0, [-0.23824993179452647, -0.05249661838117498]
[-0.23824993179452647, -0.05249661838117498], 0, -1.0, [-0.2936346933158984, -0.05538476152137198]
[-0.2936346933158984, -0.05538476152137198], 0, -1.0, [-0.3516105900231131, -0.057975896707214716]
[-0.3516105900231131, -0.057975896707214716], 0, -1.0, [-0.4118199218965396, -0.060209331873426496]
[-0.4118199218965396, -0.060209331873426496], 0, -1.0, [-0.473851971277529, -0.06203204938098937]
[-0.473851971277529, -0.06203204938098937], 0, -1.0, [-0.5372557382378707, -0.06340376696034171]
[-0.5372557382378707, -0.06340376696034171], 0, -1.0, [-0.6015571066319656, -0.06430136839409491]
[-0.6015571066319656, -0.06430136839409491], 0, -1.0, [-0.6662791031434303, -0.0647219965114647]
[-0.6662791031434303, -0.0647219965114647], 0, -1.0, [-0.7309633763449994, -0.06468427320156912]
[-0.7309633763449994, -0.06468427320156912], 0, -1.0, [-0.7951908045810759, -0.06422742823607656]
[-0.7951908045810759, -0.06422742823607656], 0, -1.0, [-0.8585993028034705, -0.06340849822239455]
[-0.8585993028034705, -0.06340849822239455], 0, -1.0, [-0.9208973939893652, -0.06229809118589471]
[-0.9208973939893652, -0.06229809118589471], 0, -1.0, [-0.9818728053959694, -0.06097541140660428]
[-0.9818728053959694, -0.06097541140660428], 0, -1.0, [-1.0413960707290766, -0.059523265333107235]
[-1.0413960707290766, -0.059523265333107235], 2, -1.0, [-1.0974197146958515, -0.05602364396677496]
[-1.0974197146958515, -0.05602364396677496], 0, -1.0, [-1.1519716805145332, -0.05455196581868162]
[-1.1519716805145332, -0.05455196581868162], 0, -1.0, [-1.2, 0.0]
[-1.2, 0.0], 2, -1.0, [-1.1967581039591646, 0.003241896040835368]
[-1.1967581039591646, 0.003241896040835368], 2, -1.0, [-1.1902636585360942, 0.006494445423070332]
[-1.1902636585360942, 0.006494445423070332], 2, -1.0, [-1.1804959639787937, 0.009767694557300442]
[-1.1804959639787937, 0.009767694557300442], 2, -1.0, [-1.1674255149588486, 0.013070449019945182]
[-1.1674255149588486, 0.013070449019945182], 2, -1.0, [-1.1510159267200155, 0.016409588238833067]
[-1.1510159267200155, 0.016409588238833067], 2, -1.0, [-1.1312266168239755, 0.019789309896040046]
[-1.1312266168239755, 0.019789309896040046], 2, -1.0, [-1.108016322100852, 0.02321029472312345]
[-1.108016322100852, 0.02321029472312345], 2, -1.0, [-1.081347524946184, 0.02666879715466819]
[-1.081347524946184, 0.02666879715466819], 2, -1.0, [-1.0511918363028878, 0.03015568864329602]
[-1.0511918363028878, 0.03015568864329602], 2, -1.0, [-1.0175363271434712, 0.0336555091594167]
[-1.0175363271434712, 0.0336555091594167], 2, -1.0, [-0.9803907090723114, 0.03714561807115983]
[-0.9803907090723114, 0.03714561807115983], 2, -1.0, [-0.9397951336374217, 0.04059557543488971]
[-0.9397951336374217, 0.04059557543488971], 2, -1.0, [-0.8958282112564235, 0.043966922380998245]
[-0.8958282112564235, 0.043966922380998245], 2, -1.0, [-0.8486146572192776, 0.04721355403714586]
[-0.8486146572192776, 0.04721355403714586], 2, -1.0, [-0.7983317816221248, 0.05028287559715283]
[-0.7983317816221248, 0.05028287559715283], 2, -1.0, [-0.7452138959379592, 0.0531178856841656]
[-0.7452138959379592, 0.0531178856841656], 2, -1.0, [-0.6895536666604415, 0.0556602292775177]
[-0.6895536666604415, 0.0556602292775177], 2, -1.0, [-0.6316995610792892, 0.057854105581152386]
[-0.6316995610792892, 0.057854105581152386], 2, -1.0, [-0.5720488365336812, 0.05965072454560789]
[-0.5720488365336812, 0.05965072454560789], 2, -1.0, [-0.5110360146660762, 0.061012821867605024]
[-0.5110360146660762, 0.061012821867605024], 2, -1.0, [-0.44911739120176025, 0.061918623464315904]
[-0.44911739120176025, 0.061918623464315904], 2, -1.0, [-0.38675274139346727, 0.06236464980829299]
[-0.38675274139346727, 0.06236464980829299], 2, -1.0, [-0.3243858485235833, 0.06236689286988392]
[-0.3243858485235833, 0.06236689286988392], 2, -1.0, [-0.2624256859117381, 0.061960162611845254]
[-0.2624256859117381, 0.061960162611845254], 2, -1.0, [-0.20122996568717166, 0.061195720224566416]
[-0.20122996568717166, 0.061195720224566416], 2, -1.0, [-0.14109236178367496, 0.06013760390349669]
[-0.14109236178367496, 0.06013760390349669], 2, -1.0, [-0.08223412731502394, 0.05885823446865101]
[-0.08223412731502394, 0.05885823446865101], 2, -1.0, [-0.024800200336085113, 0.05743392697893883]
[-0.024800200336085113, 0.05743392697893883], 2, -1.0, [0.03114064276343887, 0.05594084309952398]
[0.03114064276343887, 0.05594084309952398], 2, -1.0, [0.08559238750154527, 0.0544517447381064]
[0.08559238750154527, 0.0544517447381064], 2, -1.0, [0.13862609852276647, 0.05303371102122119]
[0.13862609852276647, 0.05303371102122119], 2, -1.0, [0.19037290492486428, 0.0517468064020978]
[0.19037290492486428, 0.0517468064020978], 2, -1.0, [0.24101646944167865, 0.050643564516814364]
[0.24101646944167865, 0.050643564516814364], 2, -1.0, [0.29078555519931315, 0.04976908575763451]
[0.29078555519931315, 0.04976908575763451], 2, -1.0, [0.33994708223056147, 0.04916152703124832]
[0.33994708223056147, 0.04916152703124832], 2, -1.0, [0.388799856212751, 0.04885277398218953]
[0.388799856212751, 0.04885277398218953], 2, -1.0, [0.4376689695757199, 0.0488691133629689]
[0.4376689695757199, 0.0488691133629689], 2, -1.0, [0.4869007238355066, 0.04923175425978669]
[0.4869007238355066, 0.04923175425978669], 2, -1.0, [0.5368577983788596, 0.04995707454335301]
