[-0.5149964768129428, 0.0], 0, -1.0, [-0.5160609868927017, -0.0010645100797589922]
[-0.5160609868927017, -0.0010645100797589922], 0, -1.0, [-0.5181820255696806, -0.00212103867697885]
[-0.5181820255696806, -0.00212103867697885], 0, -1.0, [-0.521343688083892, -0.0031616625142113683]
[-0.521343688083892, -0.0031616625142113683], 0, -1.0, [-0.525522263625446, -0.004178575541553968]
[-0.525522263625446, -0.004178575541553968], 0, -1.0, [-0.5306864130868572, -0.005164149461411227]
[-0.5306864130868572, -0.005164149461411227], 0, -1.0, [-0.5367974092725162, -0.006110996185659041]
[-0.5367974092725162, -0.006110996185659041], 0, -1.0, [-0.543809441570197, -0.007012032297680774]
[-0.543809441570197, -0.007012032297680774], 0, -1.0, [-0.5516699867300711, -0.007860545159874074]
[-0.5516699867300711, -0.007860545159874074], 0, -1.0, [-0.5603202465672734, -0.008650259837202334]
[-0.5603202465672734, -0.008650259837202334], 0, -1.0, [-0.5696956521080655, -0.009375405540792043]
[-0.5696956521080655, -0.009375405540792043], 0, -1.0, [-0.579726431984817, -0.010030779876751474]
[-0.579726431984817, -0.010030779876751474], 0, -1.0, [-0.5903382408425445, -0.010611808857727554]
[-0.5903382408425445, -0.010611808857727554], 0, -1.0, [-0.6014528412792375, -0.011114600436692997]
[-0.6014528412792375, -0.011114600436692997], 0, -1.0, [-0.6129888305626233, -0.011535989283385884]
[-0.6129888305626233, -0.011535989283385884], 0, -1.0, [-0.6248624012227496, -0.011873570660126315]
[-0.6248624012227496, -0.011873570660126315], 0, -1.0, [-0.636988122788952, -0.012125721566202417]
[-0.636988122788952, -0.012125721566202417], 0, -1.0, [-0.6492797305816356, -0.012291607792683575]
[-0.6492797305816356, -0.012291607792683575], 0, -1.0, [-0.6616509067120976, -0.012371176130462066]
[-0.6616509067120976, -0.012371176130462066], 0, -1.0, [-0.6740160383705939, -0.0123651316584963]
[-0.6740160383705939, -0.0123651316584963], 0, -1.0, [-0.6862909391236158, -0.012274900753021902]
[-0.6862909391236158, -0.012274900753021902], 0, -1.0, [-0.6983935202690936, -0.01210258114547779]
[-0.6983935202690936, -0.01210258114547779], 0, -1.0, [-0.7102444012329863, -0.01185088096389267]
[-0.7102444012329863, -0.01185088096389267], 0, -1.0, [-0.7217674504081364, -0.01152304917515017]
[-0.7217674504081364, -0.01152304917515017], 1, -1.0, [-0.7318902505807795, -0.010122800172643102]
[-0.7318902505807795, -0.010122800172643102], 2, -1.0, [-0.7395505621744447, -0.007660311593665232]
[-0.7395505621744447, -0.007660311593665232], 2, -1.0, [-0.7447021795133612, -0.00515161733891648]
[-0.7447021795133612, -0.00515161733891648], 2, -1.0, [-0.7473144755281537, -0.0026122960147925093]
[-0.7473144755281537, -0.0026122960147925093], 2, -1.0, [-0.7473720597930738, -5.758426492012778e-05]
[-0.7473720597930738, -5.758426492012778e-05], 2, -1.0, [-0.7448745941207302, 0.0024974656723435688]
[-0.7448745941207302, 0.0024974656723435688], 2, -1.0, [-0.739836788413739, 0.005037805706991224]
[-0.739836788413739, 0.005037805706991224], 2, -1.0, [-0.732288577275592, 0.007548211138147016]
[-0.732288577275592, 0.007548211138147016], 2, -1.0, [-0.7222754556718217, 0.010013121603770278]
[-0.7222754556718217, 0.010013121603770278], 2, -1.0, [-0.7098589303598883, 0.012416525311933399]
[-0.7098589303598883, 0.012416525311933399], 2, -1.0, [-0.6951170236847016, 0.014741906675186683]
[-0.6951170236847016, 0.014741906675186683], 2, -1.0, [-0.6781447487660275, 0.016972274918674098]
[-0.6781447487660275, 0.016972274918674098], 2, -1.0, [-0.6590544615250313, 0.01909028724099616]
[-0.6590544615250313, 0.01909028724099616], 2, -1.0, [-0.6379759871393303, 0.021078474385701013]
[-0.6379759871393303, 0.021078474385701013], 2, -1.0, [-0.6150564182156504, 0.02291956892367993]
[-0.6150564182156504, 0.02291956892367993], 2, -1.0, [-0.590459490858043, 0.02459692735760738]
[-0.590459490858043, 0.02459692735760738], 2, -1.0, [-0.564364463903634, 0.02609502695440888]
[-0.564364463903634, 0.02609502695440888], 2, -1.0, [-0.5369644558608799, 0.027400008042754054]
[-0.5369644558608799, 0.027400008042754054], 2, -1.0, [-0.5084642320752167, 0.028500223785663196]
[-0.5084642320752167, 0.028500223785663196], 0, -1.0, [-0.4810774783703649, 0.027386753704851805]
[-0.4810774783703649, 0.027386753704851805], 0, -1.0, [-0.45500877018593533, 0.026068708184429596]
[-0.45500877018593533, 0.026068708184429596], 0, -1.0, [-0.4304508644823443, 0.024557905703591013]
[-0.4304508644823443, 0.024557905703591013], 0, -1.0, [-0.40758251128561274, 0.02286835319673157]
[-0.40758251128561274, 0.02286835319673157], 0, -1.0, [-0.38656681870189563, 0.02101569258371709]
[-0.38656681870189563, 0.02101569258371709], 0, -1.0, [-0.36755016145382857, 0.01901665724806707]
[-0.36755016145382857, 0.01901665724806707], 0, -1.0, [-0.3506615852051362, 0.016888576248692413]
[-0.3506615852051362, 0.016888576248692413], 0, -1.0, [-0.3360126300711309, 0.014648955134005284]
[-0.3360126300711309, 0.014648955134005284], 0, -1.0, [-0.32369747812102534, 0.01231515195010559]
[-0.32369747812102534, 0.01231515195010559], 0, -1.0, [-0.31379332132222704, 0.009904156798798327]
[-0.31379332132222704, 0.009904156798798327], 0, -1.0, [-0.30636084718027495, 0.007432474141952103]
[-0.30636084718027495, 0.007432474141952103], 0, -1.0, [-0.3014447476208454, 0.004916099559429583]
[-0.3014447476208454, 0.004916099559429583], 0, -1.0, [-0.29907417058932967, 0.0023705770315157375]
[-0.29907417058932967, 0.0023705770315157375], 0, -1.0, [-0.29926305168046763, -0.00018888109113796014]
[-0.29926305168046763, -0.00018888109113796014], 0, -1.0, [-0.3020102834267205, -0.002747231746252834]
[-0.3020102834267205, -0.002747231746252834], 0, -1.0, [-0.30729970158620634, -0.005289418159485835]
[-0.30729970158620634, -0.005289418159485835], 0, -1.0, [-0.3150998900813279, -0.007800188495121547]
[-0.3150998900813279, -0.007800188495121547], 0, -1.0, [-0.32536382850371803, -0.010263938422390168]
[-0.32536382850371803, -0.010263938422390168], 0, -1.0, [-0.338028427663206, -0.012664599159487963]
[-0.338028427663206, -0.012664599159487963], 0, -1.0, [-0.3530140186852416, -0.0149855910220356]
[-0.3530140186852416, -0.0149855910220356], 0, -1.0, [-0.37022387851996713, -0.01720985983472549]
[-0.37022387851996713, -0.01720985983472549], 0, -1.0, [-0.38954388793820893, -0.01932000941824183]
[-0.38954388793820893, -0.01932000941824183], 0, -1.0, [-0.4108424253940174, -0.021298537455808446]
[-0.4108424253940174, -0.021298537455808446], 0, -1.0, [-0.4339705996817025, -0.023128174287685085]
[-0.4339705996817025, -0.023128174287685085], 0, -1.0, [-0.4587629144975807, -0.02479231481587824]
[-0.4587629144975807, -0.02479231481587824], 0, -1.0, [-0.48503843788154993, -0.0262755233839692]
[-0.48503843788154993, -0.0262755233839692], 0, -1.0, [-0.51260251920713, -0.027564081325580025]
[-0.51260251920713, -0.027564081325580025], 0, -1.0, [-0.5412490574979905, -0.028646538290860467]
[-0.5412490574979905, -0.028646538290860467], 0, -1.0, [-0.570763280525582, -0.029514223027591595]
[-0.570763280525582, -0.029514223027591595], 0, -1.0, [-0.6009249489014472, -0.030161668375865237]
[-0.6009249489014472, -0.030161668375865237], 0, -1.0, [-0.6315118585412812, -0.03058690963983403]
[-0.6315118585412812, -0.03058690963983403], 0, -1.0, [-0.6623034837295132, -0.03079162518823192]
[-0.6623034837295132, -0.03079162518823192], 0, -1.0, [-0.6930845858343552, -0.03078110210484194]
[-0.6930845858343552, -0.03078110210484194], 0, -1.0, [-0.723648611944882, -0.030564026110526787]
[-0.723648611944882, -0.030564026110526787], 0, -1.0, [-0.7538007233998609, -0.03015211145497899]
[-0.7538007233998609, -0.03015211145497899], 0, -1.0, [-0.7833603240556257, -0.0295596006557648]
[-0.7833603240556257, -0.0295596006557648], 1, -1.0, [-0.8111629980013684, -0.02780267394574261]
[-0.8111629980013684, -0.02780267394574261], 2, -1.0, [-0.8360666804211153, -0.024903682419746987]
[-0.8360666804211153, -0.024903682419746987], 2, -1.0, [-0.8579553025352173, -0.021888622114101985]
[-0.8579553025352173, -0.021888622114101985], 2, -1.0, [-0.8767361108505956, -0.01878080831537823]
[-0.8767361108505956, -0.01878080831537823], 2, -1.0, [-0.8923367494720015, -0.015600638621405932]
[-0.8923367494720015, -0.015600638621405932], 2, -1.0, [-0.9047023662266365, -0.012365616754634969]
[-0.9047023662266365, -0.012365616754634969], 2, -1.0, [-0.9137929552965809, -0.009090589069944414]
[-0.9137929552965809, -0.009090589069944414], 2, -1.0, [-0.9195811000662675, -0.005788144769686589]
[-0.9195811000662675, -0.005788144769686589], 2, -1.0, [-0.9220502348767446, -0.002469134810477118]
[-0.9220502348767446, -0.002469134810477118], 2, -1.0, [-0.9211935055440178, 0.0008567293327268466]
[-0.9211935055440178, 0.0008567293327268466], 2, -1.0, [-0.9170132758629687, 0.004180229681049157]
[-0.9170132758629687, 0.004180229681049157], 2, -1.0, [-0.9095212993306867, 0.007491976532281984]
[-0.9095212993306867, 0.007491976532281984], 2, -1.0, [-0.8987395494786741, 0.010781749852012596]
[-0.8987395494786741, 0.010781749852012596], 2, -1.0, [-0.8847016756046474, 0.014037873874026715]
[-0.8847016756046474, 0.014037873874026715], 2, -1.0, [-0.8674550205791288, 0.017246655025518625]
[-0.8674550205791288, 0.017246655025518625], 2, -1.0, [-0.8470631016828787, 0.020391918896250177]
[-0.8470631016828787, 0.020391918896250177], 2, -1.0, [-0.823608413286476, 0.023454688396402655]
[-0.823608413286476, 0.023454688396402655], 2, -1.0, [-0.7971953626852004, 0.02641305060127563]
[-0.7971953626852004, 0.02641305060127563], 2, -1.0, [-0.7679531011000861, 0.029242261585114292]
[-0.7679531011000861, 0.029242261585114292], 2, -1.0, [-0.7360379671277296, 0.03191513397235646]
[-0.7360379671277296, 0.03191513397235646], 2, -1.0, [-0.701635228821952, 0.03440273830577765]
[-0.701635228821952, 0.03440273830577765], 2, -1.0, [-0.6649598038977199, 0.03667542492423205]
[-0.6649598038977199, 0.03667542492423205], 2, -1.0, [-0.6262556658150827, 0.03870413808263722]
[-0.6262556658150827, 0.03870413808263722], 0, -1.0, [-0.5877937142045373, 0.038461951610545414]
[-0.5877937142045373, 0.038461951610545414], 2, -1.0, [-0.5478532711906858, 0.039940443013851454]
[-0.5478532711906858, 0.039940443013851454], 2, -1.0, [-0.5067310799374448, 0.041122191253241035]
[-0.5067310799374448, 0.041122191253241035], 2, -1.0, [-0.4647353424177687, 0.041995737519676085]
[-0.4647353424177687, 0.041995737519676085], 2, -1.0, [-0.4221787897154242, 0.04255655270234447]
[-0.4221787897154242, 0.04255655270234447], 2, -1.0, [-0.3793712050278357, 0.04280758468758852]
[-0.3793712050278357, 0.04280758468758852], 2, -1.0, [-0.3366118898214211, 0.04275931520641465]
[-0.3366118898214211, 0.04275931520641465], 2, -1.0, [-0.2941825743013142, 0.04242931552010687]
[-0.2941825743013142, 0.04242931552010687], 2, -1.0, [-0.25234122240468143, 0.041841351896632815]
[-0.25234122240468143, 0.041841351896632815], 2, -1.0, [-0.21131707864979724, 0.04102414375488419]
[-0.21131707864979724, 0.04102414375488419], 2, -1.0, [-0.17130716828706438, 0.040009910362732846]
[-0.17130716828706438, 0.040009910362732846], 2, -1.0, [-0.13247431645556718, 0.0388328518314972]
[-0.13247431645556718, 0.0388328518314972], 2, -1.0, [-0.09494661833709231, 0.03752769811847487]
[-0.09494661833709231, 0.03752769811847487], 2, -1.0, [-0.05881818688438778, 0.03612843145270453]
[-0.05881818688438778, 0.03612843145270453], 2, -1.0, [-0.024150936047763555, 0.034667250836624225]
[-0.024150936047763555, 0.034667250836624225], 2, -1.0, [0.009022873680674878, 0.03317380972843843]
[0.009022873680674878, 0.03317380972843843], 2, -1.0, [0.04069759924099771, 0.03167472556032283]
[0.04069759924099771, 0.03167472556032283], 2, -1.0, [0.0708909349801957, 0.030193335739197996]
[0.0708909349801957, 0.030193335739197996], 2, -1.0, [0.0996405950962222, 0.028749660116026497]
[0.0996405950962222, 0.028749660116026497], 2, -1.0, [0.1270011187922825, 0.027360523696060315]
[0.1270011187922825, 0.027360523696060315], 2, -1.0, [0.15304091248142732, 0.026039793689144795]
[0.15304091248142732, 0.026039793689144795], 2, -1.0, [0.17783960214124667, 0.02479868965981935]
[0.17783960214124667, 0.02479868965981935], 2, -1.0, [0.20148573465460393, 0.02364613251335726]
[0.20148573465460393, 0.02364613251335726], 2, -1.0, [0.22407484042233153, 0.02258910576772759]
[0.22407484042233153, 0.02258910576772759], 2, -1.0, [0.24570785036226528, 0.02163300993993374]
[0.24570785036226528, 0.02163300993993374], 2, -1.0, [0.2664898476628025, 0.02078199730053723]
[0.2664898476628025, 0.02078199730053723], 2, -1.0, [0.28652912711864903, 0.02003927945584657]
[0.28652912711864903, 0.02003927945584657], 2, -1.0, [0.3059365312930311, 0.01940740417438208]
[0.3059365312930311, 0.01940740417438208], 2, -1.0, [0.32482503198595586, 0.018888500692924724]
[0.32482503198595586, 0.018888500692924724], 2, -1.0, [0.3433095265781594, 0.018484494592203554]
[0.3433095265781594, 0.018484494592203554], 2, -1.0, [0.3615068209899171, 0.018197294411757717]
[0.3615068209899171, 0.018197294411757717], 2, -1.0, [0.3795357736405412, 0.018028952650624097]
[0.3795357736405412, 0.018028952650624097], 2, -1.0, [0.39751757745757643, 0.017981803817035208]
[0.39751757745757643, 0.017981803817035208], 2, -1.0, [0.41557615930869063, 0.01805858185111418]
[0.41557615930869063, 0.01805858185111418], 2, -1.0, [0.4338386779258955, 0.018262518617204848]
[0.4338386779258955, 0.018262518617204848], 2, -1.0, [0.45243610220553965, 0.018597424279644188]
[0.45243610220553965, 0.018597424279644188], 2, -1.0, [0.47150385144417295, 0.019067749238633316]
[0.47150385144417295, 0.019067749238633316], 2, -1.0, [0.4911824773289658, 0.01967862588479283]
[0.4911824773289658, 0.01967862588479283], 2, -1.0, [0.5116183640108178, 0.020435886681852065]
