[-0.43507072112875544, 0.0], 2, -1.0, [-0.43472690361664185, 0.00034381751211360375]
[-0.43472690361664185, 0.00034381751211360375], 2, -1.0, [-0.4340417564657391, 0.0006851471509027435]
[-0.4340417564657391, 0.0006851471509027435], 2, -1.0, [-0.43302023532815426, 0.001021521137584857]
[-0.43302023532815426, 0.001021521137584857], 2, -1.0, [-0.4316697236278823, 0.0013505117002719457]
[-0.4316697236278823, 0.0013505117002719457], 2, -1.0, [-0.4299999730061957, 0.0016697506216866171]
[-0.4299999730061957, 0.0016697506216866171], 2, -1.0, [-0.4280230247666749, 0.0019769482395207726]
[-0.4280230247666749, 0.0019769482395207726], 2, -1.0, [-0.42575311304978475, 0.0022699117168901617]
[-0.42575311304978475, 0.0022699117168901617], 2, -1.0, [-0.4232065506481884, 0.0025465624015963213]
[-0.4232065506481884, 0.0025465624015963213], 2, -1.0, [-0.42040159855218967, 0.002804952095998715]
[-0.42040159855218967, 0.002804952095998715], 2, -1.0, [-0.41735832048718097, 0.003043278065008697]
[-0.41735832048718097, 0.003043278065008697], 2, -1.0, [-0.41409842386839985, 0.003259896618781121]
[-0.41409842386839985, 0.003259896618781121], 2, -1.0, [-0.4106450887486915, 0.0034533351197083527]
[-0.4106450887486915, 0.0034533351197083527], 2, -1.0, [-0.4070227864679699, 0.0036223022807215536]
[-0.4070227864679699, 0.0036223022807215536], 2, -1.0, [-0.4032570898241513, 0.003765696643818618]
[-0.4032570898241513, 0.003765696643818618], 2, -1.0, [-0.399374476670144, 0.0038826131540073516]
[-0.399374476670144, 0.0038826131540073516], 2, -1.0, [-0.3954021288961467, 0.003972347773997281]
[-0.3954021288961467, 0.003972347773997281], 0, -1.0, [-0.39336772877794074, 0.0020344001182059173]
[-0.39336772877794074, 0.0020344001182059173], 0, -1.0, [-0.39328540219882097, 8.232657911974844e-05]
[-0.39328540219882097, 8.232657911974844e-05], 0, -1.0, [-0.39515572005138566, -0.0018703178525646877]
[-0.39515572005138566, -0.0018703178525646877], 0, -1.0, [-0.398965698372757, -0.0038099783213713743]
[-0.398965698372757, -0.0038099783213713743], 0, -1.0, [-0.4046887967793122, -0.005723098406555162]
[-0.4046887967793122, -0.005723098406555162], 0, -1.0, [-0.4122849249687629, -0.0075961281894507005]
[-0.4122849249687629, -0.0075961281894507005], 0, -1.0, [-0.4217004765996883, -0.009415551630925367]
[-0.4217004765996883, -0.009415551630925367], 0, -1.0, [-0.43286841805070037, -0.011167941451012074]
[-0.43286841805070037, -0.011167941451012074], 0, -1.0, [-0.44570846571866835, -0.012840047667967954]
[-0.44570846571866835, -0.012840047667967954], 0, -1.0, [-0.46012738898727623, -0.014418923268607883]
[-0.46012738898727623, -0.014418923268607883], 0, -1.0, [-0.4760194762195782, -0.015892087232301965]
[-0.4760194762195782, -0.015892087232301965], 0, -1.0, [-0.49326719769881583, -0.017247721479237626]
[-0.49326719769881583, -0.017247721479237626], 0, -1.0, [-0.511742092208836, -0.018474894510020195]
[-0.511742092208836, -0.018474894510020195], 0, -1.0, [-0.5313058930936967, -0.019563800884860677]
[-0.5313058930936967, -0.019563800884860677], 0, -1.0, [-0.551811895747456, -0.020506002653759323]
[-0.551811895747456, -0.020506002653759323], 0, -1.0, [-0.5731065525518081, -0.021294656804352035]
[-0.5731065525518081, -0.021294656804352035], 0, -1.0, [-0.5950312646503134, -0.021924712098505335]
[-0.5950312646503134, -0.021924712098505335], 0, -1.0, [-0.6174243242045601, -0.022393059554246645]
[-0.6174243242045601, -0.022393059554246645], 0, -1.0, [-0.6401229475456851, -0.022698623341125008]
[-0.6401229475456851, -0.022698623341125008], 0, -1.0, [-0.6629653303638511, -0.02284238281816602]
[-0.6629653303638511, -0.02284238281816602], 0, -1.0, [-0.6857926518262101, -0.022827321462358947]
[-0.6857926518262101, -0.022827321462358947], 0, -1.0, [-0.7084509557810212, -0.02265830395481116]
[-0.7084509557810212, -0.02265830395481116], 1, -1.0, [-0.729792843855785, -0.021341888074763796]
[-0.729792843855785, -0.021341888074763796], 2, -1.0, [-0.7486850302706729, -0.01889218641488788]
[-0.7486850302706729, -0.01889218641488788], 2, -1.0, [-0.765014468398883, -0.016329438128210073]
[-0.765014468398883, -0.016329438128210073], 2, -1.0, [-0.7786874772936611, -0.013673008894778084]
[-0.7786874772936611, -0.013673008894778084], 2, -1.0, [-0.7896286638445503, -0.010941186550889267]
[-0.7896286638445503, -0.010941186550889267], 2, -1.0, [-0.797779790797032, -0.008151126952481637]
[-0.797779790797032, -0.008151126952481637], 2, -1.0, [-0.8030987217912501, -0.00531893099421813]
[-0.8030987217912501, -0.00531893099421813], 2, -1.0, [-0.8055585503343148, -0.0024598285430646612]
[-0.8055585503343148, -0.0024598285430646612], 2, -1.0, [-0.8051469927325935, 0.00041155760172125475]
[-0.8051469927325935, 0.00041155760172125475], 2, -1.0, [-0.8018660971084329, 0.003280895624160585]
[-0.8018660971084329, 0.003280895624160585], 2, -1.0, [-0.7957322925337605, 0.006133804574672341]
[-0.7957322925337605, 0.006133804574672341], 2, -1.0, [-0.7867767742638763, 0.008955518269884312]
[-0.7867767742638763, 0.008955518269884312], 2, -1.0, [-0.7750461929925804, 0.011730581271295918]
[-0.7750461929925804, 0.011730581271295918], 2, -1.0, [-0.7606035879676964, 0.014442605024883934]
[-0.7606035879676964, 0.014442605024883934], 2, -1.0, [-0.7435294760780059, 0.01707411188969056]
[-0.7435294760780059, 0.01707411188969056], 2, -1.0, [-0.723922982687124, 0.019606493390881993]
[-0.723922982687124, 0.019606493390881993], 2, -1.0, [-0.7019028769333273, 0.022020105753796655]
[-0.7019028769333273, 0.022020105753796655], 2, -1.0, [-0.6776083571911432, 0.02429451974218407]
[-0.6776083571911432, 0.02429451974218407], 2, -1.0, [-0.651199424814103, 0.026408932377040277]
[-0.651199424814103, 0.026408932377040277], 2, -1.0, [-0.6228566897378919, 0.0283427350762111]
[-0.6228566897378919, 0.0283427350762111], 2, -1.0, [-0.5927804730342184, 0.030076216703673476]
[-0.5927804730342184, 0.030076216703673476], 2, -1.0, [-0.5611891105843126, 0.03159136244990583]
[-0.5611891105843126, 0.03159136244990583], 2, -1.0, [-0.5283164178015978, 0.03287269278271484]
[-0.5283164178015978, 0.03287269278271484], 2, -1.0, [-0.4944083438835575, 0.0339080739180403]
[-0.4944083438835575, 0.0339080739180403], 2, -1.0, [-0.45971891849366275, 0.03468942538989475]
[-0.45971891849366275, 0.03468942538989475], 2, -1.0, [-0.42450566486972935, 0.035213253623933384]
[-0.42450566486972935, 0.035213253623933384], 2, -1.0, [-0.38902471115305975, 0.03548095371666958]
[-0.38902471115305975, 0.03548095371666958], 2, -1.0, [-0.3535258674460083, 0.03549884370705146]
[-0.3535258674460083, 0.03549884370705146], 2, -1.0, [-0.3182479440533881, 0.035277923392620175]
[-0.3182479440533881, 0.035277923392620175], 2, -1.0, [-0.2834145652913577, 0.03483337876203037]
[-0.2834145652913577, 0.03483337876203037], 2, -1.0, [-0.24923068663521325, 0.03418387865614448]
[-0.24923068663521325, 0.03418387865614448], 1, -1.0, [-0.2168799582295683, 0.03235072840564494]
[-0.2168799582295683, 0.03235072840564494], 2, -1.0, [-0.1855184708042693, 0.031361487425298984]
[-0.1855184708042693, 0.031361487425298984], 2, -1.0, [-0.15527968287488325, 0.030238787929386064]
[-0.15527968287488325, 0.030238787929386064], 2, -1.0, [-0.12627450745172147, 0.029005175423161764]
[-0.12627450745172147, 0.029005175423161764], 2, -1.0, [-0.0985920829596447, 0.027682424492076772]
[-0.0985920829596447, 0.027682424492076772], 2, -1.0, [-0.0723010988865542, 0.02629098407309049]
[-0.0723010988865542, 0.02629098407309049], 2, -1.0, [-0.04745153621705818, 0.024849562669496023]
[-0.04745153621705818, 0.024849562669496023], 2, -1.0, [-0.02407668525287155, 0.02337485096418663]
[-0.02407668525287155, 0.02337485096418663], 2, -1.0, [-0.0021953156473083907, 0.02188136960556316]
[-0.0021953156473083907, 0.02188136960556316], 0, -1.0, [0.016186108176430195, 0.018381423823738585]
[0.016186108176430195, 0.018381423823738585], 0, -1.0, [0.03107047880967569, 0.014884370633245495]
[0.03107047880967569, 0.014884370633245495], 0, -1.0, [0.04246570204673648, 0.011395223237060789]
[0.04246570204673648, 0.011395223237060789], 1, -1.0, [0.05138118538803322, 0.008915483341296743]
[0.05138118538803322, 0.008915483341296743], 1, -1.0, [0.05782631026360184, 0.0064451248755686245]
[0.05782631026360184, 0.0064451248755686245], 1, -1.0, [0.06180895956373757, 0.003982649300135725]
[0.06180895956373757, 0.003982649300135725], 1, -1.0, [0.06333446476832542, 0.0015255052045878548]
[0.06333446476832542, 0.0015255052045878548], 1, -1.0, [0.062404960987745964, -0.0009295037805794608]
[0.062404960987745964, -0.0009295037805794608], 1, -1.0, [0.05901914115735981, -0.003385819830386151]
[0.05901914115735981, -0.003385819830386151], 1, -1.0, [0.053172405724923745, -0.005846735432436065]
[0.053172405724923745, -0.005846735432436065], 0, -1.0, [0.04385741008144908, -0.009314995643474665]
[0.04385741008144908, -0.009314995643474665], 0, -1.0, [0.031064022304088362, -0.012793387777360722]
[0.031064022304088362, -0.012793387777360722], 0, -1.0, [0.014781482623891878, -0.016282539680196485]
[0.014781482623891878, -0.016282539680196485], 0, -1.0, [-0.004998599421503481, -0.01978008204539536]
[-0.004998599421503481, -0.01978008204539536], 0, -1.0, [-0.028278400379709343, -0.02327980095820586]
[-0.028278400379709343, -0.02327980095820586], 0, -1.0, [-0.05504921046794855, -0.026770810088239207]
[-0.05504921046794855, -0.026770810088239207], 0, -1.0, [-0.08528600579567455, -0.030236795327726]
[-0.08528600579567455, -0.030236795327726], 0, -1.0, [-0.11894141739483774, -0.03365541159916318]
[-0.11894141739483774, -0.03365541159916318], 0, -1.0, [-0.15593935608523435, -0.0369979386903966]
[-0.15593935608523435, -0.0369979386903966], 0, -1.0, [-0.19616868060581572, -0.04022932452058138]
[-0.19616868060581572, -0.04022932452058138], 0, -1.0, [-0.23947743245539946, -0.043308751849583736]
[-0.23947743245539946, -0.043308751849583736], 0, -1.0, [-0.28566828061486144, -0.04619084815946199]
[-0.28566828061486144, -0.04619084815946199], 0, -1.0, [-0.33449588976583833, -0.04882760915097689]
[-0.33449588976583833, -0.04882760915097689], 0, -1.0, [-0.38566690954988536, -0.05117101978404705]
[-0.38566690954988536, -0.05117101978404705], 0, -1.0, [-0.4388431480100024, -0.05317623846011706]
[-0.4388431480100024, -0.05317623846011706], 0, -1.0, [-0.49364822629579963, -0.0548050782857972]
[-0.49364822629579963, -0.0548050782857972], 0, -1.0, [-0.5496776315729407, -0.056029405277141044]
[-0.5496776315729407, -0.056029405277141044], 0, -1.0, [-0.6065116449037747, -0.05683401333083408]
[-0.6065116449037747, -0.05683401333083408], 0, -1.0, [-0.6637302042738669, -0.05721855937009214]
[-0.6637302042738669, -0.05721855937009214], 0, -1.0, [-0.7209284625450464, -0.057198258271179574]
[-0.7209284625450464, -0.057198258271179574], 0, -1.0, [-0.777731689034212, -0.05680322648916563]
[-0.777731689034212, -0.05680322648916563], 0, -1.0, [-0.8338082701364075, -0.056076581102195495]
[-0.8338082701364075, -0.056076581102195495], 0, -1.0, [-0.888879862460092, -0.05507159232368447]
[-0.888879862460092, -0.05507159232368447], 0, -1.0, [-0.9427281693206, -0.053848306860508066]
[-0.9427281693206, -0.053848306860508066], 0, -1.0, [-0.9951982552892303, -0.05247008596863034]
[-0.9951982552892303, -0.05247008596863034], 0, -1.0, [-1.0461986987956777, -0.05100044350644731]
[-1.0461986987956777, -0.05100044350644731], 0, -1.0, [-1.0956991535263105, -0.04950045473063275]
[-1.0956991535263105, -0.04950045473063275], 0, -1.0, [-1.1437260261594204, -0.048026872633109854]
[-1.1437260261594204, -0.048026872633109854], 0, -1.0, [-1.1903569929379376, -0.0466309667785173]
[-1.1903569929379376, -0.0466309667785173], 0, -1.0, [-1.2, 0.0]
[-1.2, 0.0], 2, -1.0, [-1.1967581039591646, 0.003241896040835368]
[-1.1967581039591646, 0.003241896040835368], 2, -1.0, [-1.1902636585360942, 0.006494445423070332]
[-1.1902636585360942, 0.006494445423070332], 2, -1.0, [-1.1804959639787937, 0.009767694557300442]
[-1.1804959639787937, 0.009767694557300442], 2, -1.0, [-1.1674255149588486, 0.013070449019945182]
[-1.1674255149588486, 0.013070449019945182], 2, -1.0, [-1.1510159267200155, 0.016409588238833067]
[-1.1510159267200155, 0.016409588238833067], 2, -1.0, [-1.1312266168239755, 0.019789309896040046]
[-1.1312266168239755, 0.019789309896040046], 2, -1.0, [-1.108016322100852, 0.02321029472312345]
[-1.108016322100852, 0.02321029472312345], 2, -1.0, [-1.081347524946184, 0.02666879715466819]
[-1.081347524946184, 0.02666879715466819], 2, -1.0, [-1.0511918363028878, 0.03015568864329602]
[-1.0511918363028878, 0.03015568864329602], 2, -1.0, [-1.0175363271434712, 0.0336555091594167]
[-1.0175363271434712, 0.0336555091594167], 2, -1.0, [-0.9803907090723114, 0.03714561807115983]
[-0.9803907090723114, 0.03714561807115983], 2, -1.0, [-0.9397951336374217, 0.04059557543488971]
[-0.9397951336374217, 0.04059557543488971], 2, -1.0, [-0.8958282112564235, 0.043966922380998245]
[-0.8958282112564235, 0.043966922380998245], 2, -1.0, [-0.8486146572192776, 0.04721355403714586]
[-0.8486146572192776, 0.04721355403714586], 2, -1.0, [-0.7983317816221248, 0.05028287559715283]
[-0.7983317816221248, 0.05028287559715283], 2, -1.0, [-0.7452138959379592, 0.0531178856841656]
[-0.7452138959379592, 0.0531178856841656], 0, -1.0, [-0.6915536666604415, 0.0536602292775177]
[-0.6915536666604415, 0.0536602292775177], 2, -1.0, [-0.6356864035837133, 0.05586726307672813]
[-0.6356864035837133, 0.05586726307672813], 2, -1.0, [-0.577994236536955, 0.05769216704675824]
[-0.577994236536955, 0.05769216704675824], 2, -1.0, [-0.5188959117987934, 0.05909832473816173]
[-0.5188959117987934, 0.05909832473816173], 2, -1.0, [-0.45883285736899443, 0.06006305442979891]
[-0.45883285736899443, 0.06006305442979891], 2, -1.0, [-0.3982524968169814, 0.06058036055201307]
[-0.3982524968169814, 0.06058036055201307], 0, -1.0, [-0.33959023370599584, 0.05866226311098557]
[-0.33959023370599584, 0.05866226311098557], 2, -1.0, [-0.2812390032224544, 0.058351230483541454]
[-0.2812390032224544, 0.058351230483541454], 2, -1.0, [-0.22354949867805682, 0.05768950454439756]
[-0.22354949867805682, 0.05768950454439756], 2, -1.0, [-0.16681854111901487, 0.05673095755904194]
[-0.16681854111901487, 0.05673095755904194], 2, -1.0, [-0.11128099364330976, 0.0555375474757051]
[-0.11128099364330976, 0.0555375474757051], 2, -1.0, [-0.057105421341627764, 0.054175572301682]
[-0.057105421341627764, 0.054175572301682], 2, -1.0, [-0.004393252101311605, 0.05271216924031616]
[-0.004393252101311605, 0.05271216924031616], 0, -1.0, [0.04481913426833176, 0.04921238636964337]
[0.04481913426833176, 0.04921238636964337], 0, -1.0, [0.09055408510382584, 0.04573495083549408]
[0.09055408510382584, 0.04573495083549408], 0, -1.0, [0.13288072046599786, 0.042326635362172]
[0.13288072046599786, 0.042326635362172], 0, -1.0, [0.1719033835481545, 0.03902266308215663]
[0.1719033835481545, 0.03902266308215663], 0, -1.0, [0.20775118980796953, 0.03584780625981504]
[0.20775118980796953, 0.03584780625981504], 0, -1.0, [0.24056903678271763, 0.03281784697474809]
[0.24056903678271763, 0.03281784697474809], 0, -1.0, [0.27051018627790285, 0.029941149495185216]
[0.27051018627790285, 0.029941149495185216], 0, -1.0, [0.29773036311899115, 0.027220176841088285]
[0.29773036311899115, 0.027220176841088285], 2, -1.0, [0.3243832171582437, 0.02665285403925254]
[0.3243832171582437, 0.02665285403925254], 2, -1.0, [0.35062932462503843, 0.026246107466794753]
[0.35062932462503843, 0.026246107466794753], 0, -1.0, [0.37463560086759845, 0.024006276242560017]
[0.37463560086759845, 0.024006276242560017], 2, -1.0, [0.3985614705713026, 0.023925869703704153]
[0.3985614705713026, 0.023925869703704153], 2, -1.0, [0.42257139861343695, 0.02400992804213436]
[0.42257139861343695, 0.02400992804213436], 2, -1.0, [0.44683516847928617, 0.024263769865849192]
[0.44683516847928617, 0.024263769865849192], 0, -1.0, [0.4695282866529537, 0.02269311817366754]
[0.4695282866529537, 0.02269311817366754], 2, -1.0, [0.4928176522374912, 0.023289365584537487]
[0.4928176522374912, 0.023289365584537487], 0, -1.0, [0.5148764873567253, 0.022058835119234125]
