[-0.4095357202717057, 0.0], 0, -1.0, [-0.41137459561626566, -0.0018388753445599652]
[-0.41137459561626566, -0.0018388753445599652], 0, -1.0, [-0.41503934164397105, -0.0036647460277053744]
[-0.41503934164397105, -0.0036647460277053744], 0, -1.0, [-0.4205039664356888, -0.005464624791717781]
[-0.4205039664356888, -0.005464624791717781], 0, -1.0, [-0.42772953396409374, -0.00722556752840491]
[-0.42772953396409374, -0.00722556752840491], 0, -1.0, [-0.4366642490577029, -0.008934715093609174]
[-0.4366642490577029, -0.008934715093609174], 0, -1.0, [-0.4472436067515573, -0.01057935769385439]
[-0.4472436067515573, -0.01057935769385439], 0, -1.0, [-0.4593906332935257, -0.012147026541968415]
[-0.4593906332935257, -0.012147026541968415], 0, -1.0, [-0.4730162484354171, -0.013625615141891416]
[-0.4730162484354171, -0.013625615141891416], 0, -1.0, [-0.4880197782308869, -0.015003529795469735]
[-0.4880197782308869, -0.015003529795469735], 0, -1.0, [-0.5042896441153027, -0.016269865884415907]
[-0.5042896441153027, -0.016269865884415907], 0, -1.0, [-0.5217042475076864, -0.017414603392383664]
[-0.5217042475076864, -0.017414603392383664], 0, -1.0, [-0.5401330597842509, -0.0184288122765644]
[-0.5401330597842509, -0.0184288122765644], 0, -1.0, [-0.5594379157752444, -0.01930485599099355]
[-0.5594379157752444, -0.01930485599099355], 0, -1.0, [-0.579474495791045, -0.020036580015800682]
[-0.579474495791045, -0.020036580015800682], 0, -1.0, [-0.6000939677053607, -0.020619471914315634]
[-0.6000939677053607, -0.020619471914315634], 0, -1.0, [-0.6211447480788179, -0.02105078037345718]
[-0.6211447480788179, -0.02105078037345718], 0, -1.0, [-0.6424743309635463, -0.021329582884728464]
[-0.6424743309635463, -0.021329582884728464], 0, -1.0, [-0.6639311259921574, -0.0214567950286111]
[-0.6639311259921574, -0.0214567950286111], 1, -1.0, [-0.6843662444041786, -0.020435118412021145]
[-0.6843662444041786, -0.020435118412021145], 0, -1.0, [-0.7046418123847566, -0.020275567980578092]
[-0.7046418123847566, -0.020275567980578092], 0, -1.0, [-0.7246253370269408, -0.019983524642184145]
[-0.7246253370269408, -0.019983524642184145], 0, -1.0, [-0.744190907757025, -0.019565570730084227]
[-0.744190907757025, -0.019565570730084227], 2, -1.0, [-0.761220180428907, -0.01702927267188205]
[-0.761220180428907, -0.01702927267188205], 2, -1.0, [-0.7756144450872983, -0.014394264658391213]
[-0.7756144450872983, -0.014394264658391213], 2, -1.0, [-0.7872935827472538, -0.011679137659955503]
[-0.7872935827472538, -0.011679137659955503], 2, -1.0, [-0.7961949301083429, -0.00890134736108901]
[-0.7961949301083429, -0.00890134736108901], 2, -1.0, [-0.8022721892546848, -0.006077259146341916]
[-0.8022721892546848, -0.006077259146341916], 2, -1.0, [-0.805494496179093, -0.003222306924408147]
[-0.805494496179093, -0.003222306924408147], 2, -1.0, [-0.8058457355377737, -0.0003512393586807736]
[-0.8058457355377737, -0.0003512393586807736], 2, -1.0, [-0.8033241612600491, 0.00252157427772464]
[-0.8033241612600491, 0.00252157427772464], 2, -1.0, [-0.7979423545254613, 0.005381806734587923]
[-0.7979423545254613, 0.005381806734587923], 2, -1.0, [-0.789727522537, 0.008214831988461322]
[-0.789727522537, 0.008214831988461322], 2, -1.0, [-0.7787221134473863, 0.011005409089613706]
[-0.7787221134473863, 0.011005409089613706], 2, -1.0, [-0.7649846946767859, 0.01373741877060043]
[-0.7649846946767859, 0.01373741877060043], 2, -1.0, [-0.7485910139329096, 0.016393680743876274]
[-0.7485910139329096, 0.016393680743876274], 2, -1.0, [-0.7296351353445335, 0.018955878588376097]
[-0.7296351353445335, 0.018955878588376097], 2, -1.0, [-0.7082305188986209, 0.02140461644591267]
[-0.7082305188986209, 0.02140461644591267], 2, -1.0, [-0.6845108923671354, 0.023719626531485537]
[-0.6845108923671354, 0.023719626531485537], 2, -1.0, [-0.6586307544043233, 0.025880137962812043]
[-0.6586307544043233, 0.025880137962812043], 2, -1.0, [-0.6307653491066382, 0.027865405297685136]
[-0.6307653491066382, 0.027865405297685136], 2, -1.0, [-0.6011099693235366, 0.029655379783101603]
[-0.6011099693235366, 0.029655379783101603], 2, -1.0, [-0.5698784804103135, 0.031231488913222992]
[-0.5698784804103135, 0.031231488913222992], 2, -1.0, [-0.5373010077635425, 0.03257747264677107]
[-0.5373010077635425, 0.03257747264677107], 2, -1.0, [-0.5036207973149502, 0.03368021044859225]
[-0.5036207973149502, 0.03368021044859225], 2, -1.0, [-0.4690903320165587, 0.03453046529839155]
[-0.4690903320165587, 0.03453046529839155], 2, -1.0, [-0.43396686049842, 0.0351234715181387]
[-0.43396686049842, 0.0351234715181387], 2, -1.0, [-0.39850755654462994, 0.03545930395379004]
[-0.39850755654462994, 0.03545930395379004], 2, -1.0, [-0.36296457047944547, 0.035542986065184475]
[-0.36296457047944547, 0.035542986065184475], 2, -1.0, [-0.3275802492864539, 0.035384321192991536]
[-0.3275802492864539, 0.035384321192991536], 2, -1.0, [-0.2925827887775474, 0.03499746050890652]
[-0.2925827887775474, 0.03499746050890652], 2, -1.0, [-0.258182540641665, 0.0344002481358824]
[-0.258182540641665, 0.0344002481358824], 2, -1.0, [-0.2245691362486693, 0.033613404392995705]
[-0.2245691362486693, 0.033613404392995705], 2, -1.0, [-0.19190951694445943, 0.03265961930420987]
[-0.19190951694445943, 0.03265961930420987], 2, -1.0, [-0.16034688731137417, 0.03156262963308526]
[-0.16034688731137417, 0.03156262963308526], 2, -1.0, [-0.130000542394685, 0.030346344916689152]
[-0.130000542394685, 0.030346344916689152], 2, -1.0, [-0.10096646858104476, 0.02903407381364025]
[-0.10096646858104476, 0.02903407381364025], 2, -1.0, [-0.07331858387190647, 0.02764788470913829]
[-0.07331858387190647, 0.02764788470913829], 2, -1.0, [-0.04711046692447683, 0.02620811694742964]
[-0.04711046692447683, 0.02620811694742964], 2, -1.0, [-0.022377423304083648, 0.024733043620393184]
[-0.022377423304083648, 0.024733043620393184], 2, -1.0, [0.0008612516280067616, 0.02323867493209041]
[0.0008612516280067616, 0.02323867493209041], 1, -1.0, [0.021599934904829154, 0.020738683276822392]
[0.021599934904829154, 0.020738683276822392], 1, -1.0, [0.039843865113634434, 0.01824393020880528]
[0.039843865113634434, 0.01824393020880528], 1, -1.0, [0.05560563382070245, 0.01576176870706802]
[0.05560563382070245, 0.01576176870706802], 1, -1.0, [0.06890210678511399, 0.013296472964411547]
[0.06890210678511399, 0.013296472964411547], 1, -1.0, [0.07975179922798184, 0.01084969244286785]
[0.07975179922798184, 0.01084969244286785], 1, -1.0, [0.08817270492212186, 0.008420905694140017]
[0.08817270492212186, 0.008420905694140017], 1, -1.0, [0.09418056411868281, 0.006007859196560952]
[0.09418056411868281, 0.006007859196560952], 1, -1.0, [0.09778754850593367, 0.0036069843872508656]
[0.09778754850593367, 0.0036069843872508656], 1, -1.0, [0.09900134063382027, 0.001213792127886598]
[0.09900134063382027, 0.001213792127886598], 0, -1.0, [0.09682458883076679, -0.00217675180305347]
[0.09682458883076679, -0.00217675180305347], 0, -1.0, [0.09125256629422845, -0.00557202253653834]
[0.09125256629422845, -0.00557202253653834], 0, -1.0, [0.08227363926283127, -0.008978927031397181]
[0.08227363926283127, -0.008978927031397181], 0, -1.0, [0.06987047712711333, -0.012403162135717934]
[0.06987047712711333, -0.012403162135717934], 0, -1.0, [0.0540220353867375, -0.01584844174037584]
[0.0540220353867375, -0.01584844174037584], 0, -1.0, [0.03470635362599374, -0.01931568176074376]
[0.03470635362599374, -0.01931568176074376], 0, -1.0, [0.01190421060129489, -0.022802143024698848]
[0.01190421060129489, -0.022802143024698848], 0, -1.0, [-0.014396338352748901, -0.026300548954043792]
[-0.014396338352748901, -0.026300548954043792], 1, -1.0, [-0.04319455605542122, -0.028798217702672317]
[-0.04319455605542122, -0.028798217702672317], 1, -1.0, [-0.0744718132045904, -0.03127725714916917]
[-0.0744718132045904, -0.03127725714916917], 1, -1.0, [-0.10818693637539126, -0.033715123170800866]
[-0.10818693637539126, -0.033715123170800866], 0, -1.0, [-0.1452715367274908, -0.03708460035209953]
[-0.1452715367274908, -0.03708460035209953], 1, -1.0, [-0.18462245322018667, -0.03935091649269587]
[-0.18462245322018667, -0.03935091649269587], 2, -1.0, [-0.22509961154344013, -0.040477158323253465]
[-0.22509961154344013, -0.040477158323253465], 2, -1.0, [-0.2665280703049866, -0.04142845876154645]
[-0.2665280703049866, -0.04142845876154645], 2, -1.0, [-0.30869904136140236, -0.04217097105641578]
[-0.30869904136140236, -0.04217097105641578], 0, -1.0, [-0.35337240752850807, -0.04467336616710569]
[-0.35337240752850807, -0.04467336616710569], 0, -1.0, [-0.4002676982424557, -0.04689529071394768]
[-0.4002676982424557, -0.04689529071394768], 0, -1.0, [-0.4490670117614738, -0.04879931351901809]
[-0.4490670117614738, -0.04879931351901809], 0, -1.0, [-0.4994206673827593, -0.0503536556212855]
[-0.4994206673827593, -0.0503536556212855], 0, -1.0, [-0.5509554998493025, -0.051534832466543196]
[-0.5509554998493025, -0.051534832466543196], 0, -1.0, [-0.6032853871333806, -0.05232988728407812]
[-0.6032853871333806, -0.05232988728407812], 0, -1.0, [-0.656023301159566, -0.052737914026185294]
[-0.656023301159566, -0.052737914026185294], 0, -1.0, [-0.708793950945994, -0.052770649786427995]
[-0.708793950945994, -0.052770649786427995], 0, -1.0, [-0.7612459986107023, -0.052452047664708346]
[-0.7612459986107023, -0.052452047664708346], 0, -1.0, [-0.8130628917825078, -0.05181689317180551]
[-0.8130628917825078, -0.05181689317180551], 0, -1.0, [-0.863971556720764, -0.05090866493825621]
[-0.863971556720764, -0.05090866493825621], 1, -1.0, [-0.9127484896795066, -0.04877693295874266]
[-0.9127484896795066, -0.04877693295874266], 0, -1.0, [-0.9602260416838435, -0.04747755200433686]
[-0.9602260416838435, -0.04747755200433686], 0, -1.0, [-1.006288207521831, -0.04606216583798728]
[-1.006288207521831, -0.04606216583798728], 0, -1.0, [-1.0508691774514962, -0.04458096992966542]
[-1.0508691774514962, -0.04458096992966542], 0, -1.0, [-1.093950299039071, -0.0430811215875748]
[-1.093950299039071, -0.0430811215875748], 0, -1.0, [-1.1355559708089251, -0.04160567176985412]
[-1.1355559708089251, -0.04160567176985412], 0, -1.0, [-1.175748960610876, -0.04019298980195076]
[-1.175748960610876, -0.04019298980195076], 0, -1.0, [-1.2, 0.0]
[-1.2, 0.0], 2, -1.0, [-1.1967581039591646, 0.003241896040835368]
[-1.1967581039591646, 0.003241896040835368], 2, -1.0, [-1.1902636585360942, 0.006494445423070332]
[-1.1902636585360942, 0.006494445423070332], 2, -1.0, [-1.1804959639787937, 0.009767694557300442]
[-1.1804959639787937, 0.009767694557300442], 2, -1.0, [-1.1674255149588486, 0.013070449019945182]
[-1.1674255149588486, 0.013070449019945182], 2, -1.0, [-1.1510159267200155, 0.016409588238833067]
[-1.1510159267200155, 0.016409588238833067], 2, -1.0, [-1.1312266168239755, 0.019789309896040046]
[-1.1312266168239755, 0.019789309896040046], 2, -1.0, [-1.108016322100852, 0.02321029472312345]
[-1.108016322100852, 0.02321029472312345], 2, -1.0, [-1.081347524946184, 0.02666879715466819]
[-1.081347524946184, 0.02666879715466819], 2, -1.0, [-1.0511918363028878, 0.03015568864329602]
[-1.0511918363028878, 0.03015568864329602], 2, -1.0, [-1.0175363271434712, 0.0336555091594167]
[-1.0175363271434712, 0.0336555091594167], 2, -1.0, [-0.9803907090723114, 0.03714561807115983]
[-0.9803907090723114, 0.03714561807115983], 2, -1.0, [-0.9397951336374217, 0.04059557543488971]
[-0.9397951336374217, 0.04059557543488971], 2, -1.0, [-0.8958282112564235, 0.043966922380998245]
[-0.8958282112564235, 0.043966922380998245], 2, -1.0, [-0.8486146572192776, 0.04721355403714586]
[-0.8486146572192776, 0.04721355403714586], 2, -1.0, [-0.7983317816221248, 0.05028287559715283]
[-0.7983317816221248, 0.05028287559715283], 2, -1.0, [-0.7452138959379592, 0.0531178856841656]
[-0.7452138959379592, 0.0531178856841656], 2, -1.0, [-0.6895536666604415, 0.0556602292775177]
[-0.6895536666604415, 0.0556602292775177], 1, -1.0, [-0.6326995610792892, 0.056854105581152385]
[-0.6326995610792892, 0.056854105581152385], 2, -1.0, [-0.5740417310796813, 0.05865782999960791]
[-0.5740417310796813, 0.05865782999960791], 1, -1.0, [-0.5150070212179534, 0.05903470986172782]
[-0.5150070212179534, 0.05903470986172782], 1, -1.0, [-0.45603674237924774, 0.05897027883870564]
[-0.45603674237924774, 0.05897027883870564], 1, -1.0, [-0.39756971645908173, 0.058467025920166005]
[-0.39756971645908173, 0.058467025920166005], 1, -1.0, [-0.34002554909199434, 0.05754416736708739]
[-0.34002554909199434, 0.05754416736708739], 1, -1.0, [-0.28378963331979606, 0.05623591577219826]
[-0.28378963331979606, 0.05623591577219826], 1, -1.0, [-0.2292011027979059, 0.05458853052189017]
[-0.2292011027979059, 0.05458853052189017], 1, -1.0, [-0.17654449573049177, 0.05265660706741412]
[-0.17654449573049177, 0.05265660706741412], 1, -1.0, [-0.12604536940558805, 0.05049912632490372]
[-0.12604536940558805, 0.05049912632490372], 2, -1.0, [-0.0768696290248303, 0.04917574038075776]
[-0.0768696290248303, 0.04917574038075776], 2, -1.0, [-0.029127707148963476, 0.04774192187586682]
[-0.029127707148963476, 0.04774192187586682], 2, -1.0, [0.017123753417341986, 0.04625146056630546]
[0.017123753417341986, 0.04625146056630546], 1, -1.0, [0.0608785120162325, 0.04375475859889051]
[0.0608785120162325, 0.04375475859889051], 1, -1.0, [0.10217484952130321, 0.04129633750507072]
[0.10217484952130321, 0.04129633750507072], 1, -1.0, [0.14108771694455474, 0.03891286742325152]
[0.14108771694455474, 0.03891286742325152], 1, -1.0, [0.17772120062415594, 0.03663348367960121]
[0.17772120062415594, 0.03663348367960121], 1, -1.0, [0.21220167568047682, 0.03448047505632087]
[0.21220167568047682, 0.03448047505632087], 1, -1.0, [0.24467185425191218, 0.032470178571435374]
[0.24467185425191218, 0.032470178571435374], 2, -1.0, [0.2762858064613301, 0.031613952209417914]
[0.2762858064613301, 0.031613952209417914], 1, -1.0, [0.30621046250713174, 0.02992465604580166]
[0.30621046250713174, 0.02992465604580166], 2, -1.0, [0.33561784740486367, 0.029407384897731904]
[0.33561784740486367, 0.029407384897731904], 2, -1.0, [0.36468892579042667, 0.029071078385563]
[0.36468892579042667, 0.029071078385563], 2, -1.0, [0.3936128145807428, 0.028923888790316134]
[0.3936128145807428, 0.028923888790316134], 1, -1.0, [0.4215863297199594, 0.027973515139216594]
[0.4215863297199594, 0.027973515139216594], 2, -1.0, [0.4498066386721619, 0.028220308952202535]
[0.4498066386721619, 0.028220308952202535], 1, -1.0, [0.47747801599509965, 0.02767137732293773]
[0.47747801599509965, 0.02767137732293773], 2, -1.0, [0.5058045902417556, 0.02832657424665597]
