[-0.4347949648734549, 0.0], 0, -1.0, [-0.43645314279701586, -0.001658177923560935]
[-0.43645314279701586, -0.001658177923560935], 0, -1.0, [-0.43975749294617, -0.0033043501491541527]
[-0.43975749294617, -0.0033043501491541527], 0, -1.0, [-0.44468404346194157, -0.004926550515771582]
[-0.44468404346194157, -0.004926550515771582], 0, -1.0, [-0.45119694119394926, -0.006512897732007688]
[-0.45119694119394926, -0.006512897732007688], 0, -1.0, [-0.459248593006566, -0.008051651812616736]
[-0.459248593006566, -0.008051651812616736], 0, -1.0, [-0.4687798789752332, -0.009531285968667208]
[-0.4687798789752332, -0.009531285968667208], 0, -1.0, [-0.4797204558831222, -0.010940576907888938]
[-0.4797204558831222, -0.010940576907888938], 0, -1.0, [-0.49198917062056613, -0.012268714737443969]
[-0.49198917062056613, -0.012268714737443969], 0, -1.0, [-0.5054946022431864, -0.013505431622620344]
[-0.5054946022431864, -0.013505431622620344], 0, -1.0, [-0.5201357484200744, -0.014641146176887967]
[-0.5201357484200744, -0.014641146176887967], 0, -1.0, [-0.5358028668335828, -0.015667118413508464]
[-0.5358028668335828, -0.015667118413508464], 0, -1.0, [-0.5523784750103048, -0.016575608176721938]
[-0.5523784750103048, -0.016575608176721938], 0, -1.0, [-0.5697385035121753, -0.017360028501870465]
[-0.5697385035121753, -0.017360028501870465], 0, -1.0, [-0.5877535880355648, -0.018015084523389478]
[-0.5877535880355648, -0.018015084523389478], 0, -1.0, [-0.6062904765417247, -0.018536888506159987]
[-0.6062904765417247, -0.018536888506159987], 0, -1.0, [-0.6252135189346748, -0.018923042392950055]
[-0.6252135189346748, -0.018923042392950055], 0, -1.0, [-0.6443861998505359, -0.019172680915861138]
[-0.6443861998505359, -0.019172680915861138], 0, -1.0, [-0.6636726705366838, -0.019286470686147843]
[-0.6636726705366838, -0.019286470686147843], 0, -1.0, [-0.6829392340703533, -0.019266563533669484]
[-0.6829392340703533, -0.019266563533669484], 0, -1.0, [-0.7020557394970114, -0.019116505426658062]
[-0.7020557394970114, -0.019116505426658062], 0, -1.0, [-0.720896844746556, -0.018841105249544576]
[-0.720896844746556, -0.018841105249544576], 0, -1.0, [-0.739343115001414, -0.018446270254858066]
[-0.739343115001414, -0.018446270254858066], 0, -1.0, [-0.7572819319001137, -0.017938816898699677]
[-0.7572819319001137, -0.017938816898699677], 2, -1.0, [-0.7726081987727692, -0.015326266872655515]
[-0.7726081987727692, -0.015326266872655515], 2, -1.0, [-0.7852358122172324, -0.012627613444463151]
[-0.7852358122172324, -0.012627613444463151], 2, -1.0, [-0.7950965199155244, -0.009860707698292077]
[-0.7950965199155244, -0.009860707698292077], 2, -1.0, [-0.8021387827896452, -0.007042262874120827]
[-0.8021387827896452, -0.007042262874120827], 2, -1.0, [-0.8063267643791235, -0.0041879815894783215]
[-0.8063267643791235, -0.0041879815894783215], 2, -1.0, [-0.8076395444302521, -0.0013127800511285974]
[-0.8076395444302521, -0.0013127800511285974], 2, -1.0, [-0.8060706259847452, 0.0015689184455068821]
[-0.8060706259847452, 0.0015689184455068821], 2, -1.0, [-0.8016277770259328, 0.004442848958812371]
[-0.8016277770259328, 0.004442848958812371], 2, -1.0, [-0.794333219515858, 0.007294557510074818]
[-0.794333219515858, 0.007294557510074818], 2, -1.0, [-0.7842241504836719, 0.010109069032186061]
[-0.7842241504836719, 0.010109069032186061], 2, -1.0, [-0.7713535515936895, 0.012870598889982418]
[-0.7713535515936895, 0.012870598889982418], 2, -1.0, [-0.7557912154077514, 0.015562336185938]
[-0.7557912154077514, 0.015562336185938], 2, -1.0, [-0.7376248889507243, 0.018166326457027124]
[-0.7376248889507243, 0.018166326457027124], 2, -1.0, [-0.716961409548412, 0.02066347940231223]
[-0.716961409548412, 0.02066347940231223], 2, -1.0, [-0.6939276864928767, 0.0230337230555353]
[-0.6939276864928767, 0.0230337230555353], 2, -1.0, [-0.6686713680007949, 0.0252563184920819]
[-0.6686713680007949, 0.0252563184920819], 2, -1.0, [-0.6413610297912196, 0.02731033820957529]
[-0.6413610297912196, 0.02731033820957529], 2, -1.0, [-0.6121857329695226, 0.02917529682169692]
[-0.6121857329695226, 0.02917529682169692], 2, -1.0, [-0.5813538273872342, 0.030831905582288464]
[-0.5813538273872342, 0.030831905582288464], 2, -1.0, [-0.5490909229827107, 0.03226290440452348]
[-0.5490909229827107, 0.03226290440452348], 2, -1.0, [-0.5156370137865004, 0.03345390919621025]
[-0.5156370137865004, 0.03345390919621025], 2, -1.0, [-0.4812428121262409, 0.03439420166025947]
[-0.4812428121262409, 0.03439420166025947], 2, -1.0, [-0.44616542601949355, 0.035077386106747384]
[-0.44616542601949355, 0.035077386106747384], 2, -1.0, [-0.41066358090948696, 0.0355018451100066]
[-0.41066358090948696, 0.0355018451100066], 2, -1.0, [-0.37499263783281384, 0.03567094307667314]
[-0.37499263783281384, 0.03567094307667314], 2, -1.0, [-0.339399685867711, 0.035592951965102836]
[-0.339399685867711, 0.035592951965102836], 2, -1.0, [-0.3041189831504704, 0.035280702717240583]
[-0.3041189831504704, 0.035280702717240583], 2, -1.0, [-0.26936798849838695, 0.03475099465208348]
[-0.26936798849838695, 0.03475099465208348], 2, -1.0, [-0.23534417001192404, 0.03402381848646292]
[-0.23534417001192404, 0.03402381848646292], 2, -1.0, [-0.20222270663666161, 0.03312146337526242]
[-0.20222270663666161, 0.03312146337526242], 2, -1.0, [-0.17015512373732955, 0.03206758289933205]
[-0.17015512373732955, 0.03206758289933205], 2, -1.0, [-0.13926883391177652, 0.030886289825553033]
[-0.13926883391177652, 0.030886289825553033], 2, -1.0, [-0.10966749699824413, 0.029601336913532388]
[-0.10966749699824413, 0.029601336913532388], 2, -1.0, [-0.08143207285632728, 0.02823542414191684]
[-0.08143207285632728, 0.02823542414191684], 2, -1.0, [-0.05462241819275389, 0.026809654663573393]
[-0.05462241819275389, 0.026809654663573393], 2, -1.0, [-0.02927927297553014, 0.025343145217223747]
[-0.02927927297553014, 0.025343145217223747], 2, -1.0, [-0.005426489604572662, 0.02385278337095748]
[-0.005426489604572662, 0.02385278337095748], 2, -1.0, [0.016926625035449682, 0.022353114640022344]
[0.016926625035449682, 0.022353114640022344], 2, -1.0, [0.03778296222755592, 0.020856337192106243]
[0.03778296222755592, 0.020856337192106243], 0, -1.0, [0.05515534219483802, 0.01737237996728209]
[0.05515534219483802, 0.01737237996728209], 0, -1.0, [0.06906186790641822, 0.013906525711580197]
[0.06906186790641822, 0.013906525711580197], 0, -1.0, [0.07952185929471729, 0.010459991388299072]
[0.07952185929471729, 0.010459991388299072], 2, -1.0, [0.0885526558296583, 0.009030796534940998]
[0.0885526558296583, 0.009030796534940998], 0, -1.0, [0.0941711524540849, 0.005618496624426602]
[0.0941711524540849, 0.005618496624426602], 0, -1.0, [0.09638875459054701, 0.0022176021364621046]
[0.09638875459054701, 0.0022176021364621046], 0, -1.0, [0.09521015184908568, -0.0011786027414613302]
[0.09521015184908568, -0.0011786027414613302], 0, -1.0, [0.09063283859593946, -0.00457731325314622]
[0.09063283859593946, -0.00457731325314622], 0, -1.0, [0.08264736842795008, -0.007985470167989377]
[0.08264736842795008, -0.007985470167989377], 0, -1.0, [0.07123834950742557, -0.011409018920524516]
[0.07123834950742557, -0.011409018920524516], 0, -1.0, [0.05638620626519658, -0.014852143242228989]
[0.05638620626519658, -0.014852143242228989], 0, -1.0, [0.0380697461107609, -0.01831646015443568]
[0.0380697461107609, -0.01831646015443568], 0, -1.0, [0.01626957292882377, -0.02180017318193713]
[0.01626957292882377, -0.02180017318193713], 0, -1.0, [-0.009027622980457627, -0.025297195909281398]
[-0.009027622980457627, -0.025297195909281398], 0, -1.0, [-0.03782390209354124, -0.02879627911308361]
[-0.03782390209354124, -0.02879627911308361], 0, -1.0, [-0.07010410368353075, -0.03228020158998951]
[-0.07010410368353075, -0.03228020158998951], 0, -1.0, [-0.10582921968026324, -0.0357251159967325]
[-0.10582921968026324, -0.0357251159967325], 0, -1.0, [-0.14492939247696604, -0.039100172796702796]
[-0.14492939247696604, -0.039100172796702796], 0, -1.0, [-0.18729696348913746, -0.042367571012171416]
[-0.18729696348913746, -0.042367571012171416], 0, -1.0, [-0.23278015745637912, -0.04548319396724166]
[-0.23278015745637912, -0.04548319396724166], 0, -1.0, [-0.2811781270002367, -0.048397969543857555]
[-0.2811781270002367, -0.048397969543857555], 0, -1.0, [-0.33223816356886204, -0.051060036568625365]
[-0.33223816356886204, -0.051060036568625365], 0, -1.0, [-0.3856558602511667, -0.05341769668230465]
[-0.3856558602511667, -0.05341769668230465], 0, -1.0, [-0.4410788514846278, -0.055422991233461054]
[-0.4410788514846278, -0.055422991233461054], 0, -1.0, [-0.49811443986334203, -0.05703558837871423]
[-0.49811443986334203, -0.05703558837871423], 0, -1.0, [-0.5563409746175646, -0.05822653475422257]
[-0.5563409746175646, -0.05822653475422257], 0, -1.0, [-0.6153223375786081, -0.05898136296104354]
[-0.6153223375786081, -0.05898136296104354], 0, -1.0, [-0.6746244225260263, -0.059302084947418135]
[-0.6746244225260263, -0.059302084947418135], 0, -1.0, [-0.7338321722406415, -0.059207749714615135]
[-0.7338321722406415, -0.059207749714615135], 0, -1.0, [-0.7925656459897583, -0.058733473749116825]
[-0.7925656459897583, -0.058733473749116825], 0, -1.0, [-0.8504937530508045, -0.05792810706104618]
[-0.8504937530508045, -0.05792810706104618], 2, -1.0, [-0.9053446633657964, -0.05485091031499191]
[-0.9053446633657964, -0.05485091031499191], 0, -1.0, [-0.9589185530752177, -0.05357388970942122]
[-0.9589185530752177, -0.05357388970942122], 0, -1.0, [-1.0110796048327733, -0.05216105175755553]
[-1.0110796048327733, -0.05216105175755553], 0, -1.0, [-1.0617553179306063, -0.050675713097833086]
[-1.0617553179306063, -0.050675713097833086], 0, -1.0, [-1.1109334148459422, -0.04917809691533584]
[-1.1109334148459422, -0.04917809691533584], 0, -1.0, [-1.1586570731241175, -0.047723658278175325]
[-1.1586570731241175, -0.047723658278175325], 0, -1.0, [-1.2, 0.0]
[-1.2, 0.0], 2, -1.0, [-1.1967581039591646, 0.003241896040835368]
[-1.1967581039591646, 0.003241896040835368], 2, -1.0, [-1.1902636585360942, 0.006494445423070332]
[-1.1902636585360942, 0.006494445423070332], 2, -1.0, [-1.1804959639787937, 0.009767694557300442]
[-1.1804959639787937, 0.009767694557300442], 2, -1.0, [-1.1674255149588486, 0.013070449019945182]
[-1.1674255149588486, 0.013070449019945182], 2, -1.0, [-1.1510159267200155, 0.016409588238833067]
[-1.1510159267200155, 0.016409588238833067], 2, -1.0, [-1.1312266168239755, 0.019789309896040046]
[-1.1312266168239755, 0.019789309896040046], 2, -1.0, [-1.108016322100852, 0.02321029472312345]
[-1.108016322100852, 0.02321029472312345], 2, -1.0, [-1.081347524946184, 0.02666879715466819]
[-1.081347524946184, 0.02666879715466819], 2, -1.0, [-1.0511918363028878, 0.03015568864329602]
[-1.0511918363028878, 0.03015568864329602], 2, -1.0, [-1.0175363271434712, 0.0336555091594167]
[-1.0175363271434712, 0.0336555091594167], 2, -1.0, [-0.9803907090723114, 0.03714561807115983]
[-0.9803907090723114, 0.03714561807115983], 2, -1.0, [-0.9397951336374217, 0.04059557543488971]
[-0.9397951336374217, 0.04059557543488971], 2, -1.0, [-0.8958282112564235, 0.043966922380998245]
[-0.8958282112564235, 0.043966922380998245], 2, -1.0, [-0.8486146572192776, 0.04721355403714586]
[-0.8486146572192776, 0.04721355403714586], 2, -1.0, [-0.7983317816221248, 0.05028287559715283]
[-0.7983317816221248, 0.05028287559715283], 2, -1.0, [-0.7452138959379592, 0.0531178856841656]
[-0.7452138959379592, 0.0531178856841656], 2, -1.0, [-0.6895536666604415, 0.0556602292775177]
[-0.6895536666604415, 0.0556602292775177], 2, -1.0, [-0.6316995610792892, 0.057854105581152386]
[-0.6316995610792892, 0.057854105581152386], 2, -1.0, [-0.5720488365336812, 0.05965072454560789]
[-0.5720488365336812, 0.05965072454560789], 2, -1.0, [-0.5110360146660762, 0.061012821867605024]
[-0.5110360146660762, 0.061012821867605024], 2, -1.0, [-0.44911739120176025, 0.061918623464315904]
[-0.44911739120176025, 0.061918623464315904], 2, -1.0, [-0.38675274139346727, 0.06236464980829299]
[-0.38675274139346727, 0.06236464980829299], 0, -1.0, [-0.3263858485235833, 0.06036689286988392]
[-0.3263858485235833, 0.06036689286988392], 2, -1.0, [-0.26641326066670956, 0.05997258785687377]
[-0.26641326066670956, 0.05997258785687377], 2, -1.0, [-0.2071838024472931, 0.05922945821941646]
[-0.2071838024472931, 0.05922945821941646], 2, -1.0, [-0.14898678436628338, 0.05819701808100971]
[-0.14898678436628338, 0.05819701808100971], 2, -1.0, [-0.09204417899061942, 0.05694260537566395]
[-0.09204417899061942, 0.05694260537566395], 2, -1.0, [-0.036506866223770036, 0.05553731276684939]
[-0.036506866223770036, 0.05553731276684939], 2, -1.0, [0.017545425014080178, 0.054052291237850214]
[0.017545425014080178, 0.054052291237850214], 2, -1.0, [0.07010117867422344, 0.05255575366014327]
[0.07010117867422344, 0.05255575366014327], 2, -1.0, [0.12121201334791365, 0.0511108346736902]
[0.12121201334791365, 0.0511108346736902], 1, -1.0, [0.16998632362999838, 0.048774310282084725]
[0.16998632362999838, 0.048774310282084725], 0, -1.0, [0.2155787225711103, 0.04559239894111191]
[0.2155787225711103, 0.04559239894111191], 0, -1.0, [0.25817598455773516, 0.04259726198662486]
[0.25817598455773516, 0.04259726198662486], 0, -1.0, [0.29798636841223397, 0.03981038385449881]
[0.29798636841223397, 0.03981038385449881], 0, -1.0, [0.33523092578441166, 0.03724455737217771]
[0.33523092578441166, 0.03724455737217771], 1, -1.0, [0.37113672498204303, 0.03590579919763136]
[0.37113672498204303, 0.03590579919763136], 1, -1.0, [0.4059385130599301, 0.03480178807788708]
[0.4059385130599301, 0.03480178807788708], 1, -1.0, [0.4398760602615203, 0.03393754720159018]
[0.4398760602615203, 0.03393754720159018], 0, -1.0, [0.4721922684096667, 0.0323162081481464]
[0.4721922684096667, 0.0323162081481464], 2, -1.0, [0.5051244542311707, 0.032932185821503986]
