[-0.4770720251135907, 0.0], 0, -1.0, [-0.4784198437651881, -0.0013478186515973978]
[-0.4784198437651881, -0.0013478186515973978], 0, -1.0, [-0.48110546792419956, -0.0026856241590114418]
[-0.48110546792419956, -0.0026856241590114418], 0, -1.0, [-0.48510892938652356, -0.004003461462323997]
[-0.48510892938652356, -0.004003461462323997], 0, -1.0, [-0.49040042363124503, -0.005291494244721471]
[-0.49040042363124503, -0.005291494244721471], 0, -1.0, [-0.49694049409448515, -0.006540070463240129]
[-0.49694049409448515, -0.006540070463240129], 0, -1.0, [-0.5046802886050002, -0.007739794510515059]
[-0.5046802886050002, -0.007739794510515059], 0, -1.0, [-0.5135618956053623, -0.008881607000362002]
[-0.5135618956053623, -0.008881607000362002], 0, -1.0, [-0.5235187678312573, -0.009956872225895084]
[-0.5235187678312573, -0.009956872225895084], 0, -1.0, [-0.5344762401153994, -0.010957472284142135]
[-0.5344762401153994, -0.010957472284142135], 0, -1.0, [-0.5463521458937917, -0.011875905778392312]
[-0.5463521458937917, -0.011875905778392312], 0, -1.0, [-0.5590575338866296, -0.012705387992837975]
[-0.5590575338866296, -0.012705387992837975], 0, -1.0, [-0.57249748246883, -0.013439948582200434]
[-0.57249748246883, -0.013439948582200434], 0, -1.0, [-0.5865720046949595, -0.014074522226129465]
[-0.5865720046949595, -0.014074522226129465], 0, -1.0, [-0.6011770321377888, -0.014605027442829275]
[-0.6011770321377888, -0.014605027442829275], 0, -1.0, [-0.6162054610281825, -0.015028428890393634]
[-0.6162054610281825, -0.015028428890393634], 0, -1.0, [-0.631548240051518, -0.01534277902333543]
[-0.631548240051518, -0.01534277902333543], 0, -1.0, [-0.6470954759411143, -0.01554723588959627]
[-0.6470954759411143, -0.01554723588959627], 0, -1.0, [-0.6627375310229411, -0.01564205508182686]
[-0.6627375310229411, -0.01564205508182686], 0, -1.0, [-0.6783660863148778, -0.015628555291936744]
[-0.6783660863148778, -0.015628555291936744], 0, -1.0, [-0.6938751447464656, -0.01550905843158784]
[-0.6938751447464656, -0.01550905843158784], 0, -1.0, [-0.7091619514831103, -0.015286806736644702]
[-0.7091619514831103, -0.015286806736644702], 0, -1.0, [-0.7241278120254129, -0.01496586054230248]
[-0.7241278120254129, -0.01496586054230248], 0, -1.0, [-0.7386787934189242, -0.014550981393511315]
[-0.7386787934189242, -0.014550981393511315], 0, -1.0, [-0.752726299192797, -0.014047505773872794]
[-0.752726299192797, -0.014047505773872794], 0, -1.0, [-0.7661875141610753, -0.013461214968278375]
[-0.7661875141610753, -0.013461214968278375], 2, -1.0, [-0.7769857205950318, -0.010798206433956447]
[-0.7769857205950318, -0.010798206433956447], 2, -1.0, [-0.7850613319910076, -0.0080756113959758]
[-0.7850613319910076, -0.0080756113959758], 2, -1.0, [-0.7903709636545322, -0.005309631663524587]
[-0.7903709636545322, -0.005309631663524587], 2, -1.0, [-0.7928866537997269, -0.002515690145194702]
[-0.7928866537997269, -0.002515690145194702], 2, -1.0, [-0.7925953126897849, 0.0002913411099420291]
[-0.7925953126897849, 0.0002913411099420291], 2, -1.0, [-0.7894984509866073, 0.003096861703177629]
[-0.7894984509866073, 0.003096861703177629], 2, -1.0, [-0.7836122115599495, 0.0058862394266578355]
[-0.7836122115599495, 0.0058862394266578355], 2, -1.0, [-0.7749677019481662, 0.0086445096117833]
[-0.7749677019481662, 0.0086445096117833], 2, -1.0, [-0.7636115976164644, 0.01135610433170183]
[-0.7636115976164644, 0.01135610433170183], 2, -1.0, [-0.749606959308553, 0.014004638307911302]
[-0.749606959308553, 0.014004638307911302], 2, -1.0, [-0.733034181643218, 0.016572777665335096]
[-0.733034181643218, 0.016572777665335096], 2, -1.0, [-0.7139919657499857, 0.01904221589323226]
[-0.7139919657499857, 0.01904221589323226], 2, -1.0, [-0.6925981879702491, 0.02139377777973662]
[-0.6925981879702491, 0.02139377777973662], 2, -1.0, [-0.6689905219920917, 0.023607665978157295]
[-0.6689905219920917, 0.023607665978157295], 2, -1.0, [-0.643326666265674, 0.025663855726417682]
[-0.643326666265674, 0.025663855726417682], 2, -1.0, [-0.6157840352462478, 0.027542631019426184]
[-0.6157840352462478, 0.027542631019426184], 2, -1.0, [-0.5865587944053791, 0.029225240840868708]
[-0.5865587944053791, 0.029225240840868708], 2, -1.0, [-0.5558641560959388, 0.030694638309440258]
[-0.5558641560959388, 0.030694638309440258], 2, -1.0, [-0.523927905143596, 0.03193625095234272]
[-0.523927905143596, 0.03193625095234272], 2, -1.0, [-0.49098918572006467, 0.03293871942353135]
[-0.49098918572006467, 0.03293871942353135], 2, -1.0, [-0.45729464829595257, 0.03369453742411212]
[-0.45729464829595257, 0.03369453742411212], 2, -1.0, [-0.4230941190602369, 0.03420052923571567]
[-0.4230941190602369, 0.03420052923571567], 2, -1.0, [-0.3886360053691293, 0.03445811369110764]
[-0.3886360053691293, 0.03445811369110764], 2, -1.0, [-0.35416268193801803, 0.034473323431111265]
[-0.35416268193801803, 0.034473323431111265], 2, -1.0, [-0.31990610878326775, 0.03425657315475026]
[-0.31990610878326775, 0.03425657315475026], 2, -1.0, [-0.2860839123985103, 0.03382219638475749]
[-0.2860839123985103, 0.03382219638475749], 1, -1.0, [-0.2538961194597312, 0.03218779293877909]
[-0.2538961194597312, 0.03218779293877909], 0, -1.0, [-0.22451750610072008, 0.029378613359011107]
[-0.22451750610072008, 0.029378613359011107], 0, -1.0, [-0.1980929193926486, 0.026424586708071497]
[-0.1980929193926486, 0.026424586708071497], 0, -1.0, [-0.17473971404898392, 0.023353205343664658]
[-0.17473971404898392, 0.023353205343664658], 0, -1.0, [-0.1545507963400269, 0.02018891770895701]
[-0.1545507963400269, 0.02018891770895701], 0, -1.0, [-0.13759794126432012, 0.01695285507570678]
[-0.13759794126432012, 0.01695285507570678], 0, -1.0, [-0.1239350951905435, 0.01366284607377662]
[-0.1239350951905435, 0.01366284607377662], 0, -1.0, [-0.11360143163573119, 0.010333663554812307]
[-0.11360143163573119, 0.010333663554812307], 0, -1.0, [-0.10662398342756398, 0.006977448208167222]
[-0.10662398342756398, 0.006977448208167222], 0, -1.0, [-0.10301972444554504, 0.0036042589820189375]
[-0.10301972444554504, 0.0036042589820189375], 0, -1.0, [-0.10279701585267895, 0.00022270859286609027]
[-0.10279701585267895, 0.00022270859286609027], 1, -1.0, [-0.10495636516442783, -0.0021593493117488803]
[-0.10495636516442783, -0.0021593493117488803], 0, -1.0, [-0.11049280679402636, -0.005536441629598524]
[-0.11049280679402636, -0.005536441629598524], 0, -1.0, [-0.11939315401860033, -0.008900347224573977]
[-0.11939315401860033, -0.008900347224573977], 0, -1.0, [-0.13163484274563378, -0.012241688727033443]
[-0.13163484274563378, -0.012241688727033443], 0, -1.0, [-0.14718411471884923, -0.01554927197321547]
[-0.14718411471884923, -0.01554927197321547], 0, -1.0, [-0.165993610113873, -0.018809495395023766]
[-0.165993610113873, -0.018809495395023766], 0, -1.0, [-0.18799947754330154, -0.022005867429428533]
[-0.18799947754330154, -0.022005867429428533], 0, -1.0, [-0.21311815605204348, -0.025118678508741936]
[-0.21311815605204348, -0.025118678508741936], 0, -1.0, [-0.24124303730931224, -0.02812488125726876]
[-0.24124303730931224, -0.02812488125726876], 0, -1.0, [-0.27224127253706043, -0.030998235227748187]
[-0.27224127253706043, -0.030998235227748187], 0, -1.0, [-0.305951040036884, -0.033709767499823594]
[-0.305951040036884, -0.033709767499823594], 0, -1.0, [-0.3421796245874803, -0.036228584550596306]
[-0.3421796245874803, -0.036228584550596306], 0, -1.0, [-0.3807026665767381, -0.038523041989257795]
[-0.3807026665767381, -0.038523041989257795], 0, -1.0, [-0.4212649040119659, -0.040562237435227785]
[-0.4212649040119659, -0.040562237435227785], 0, -1.0, [-0.46358264596348403, -0.0423177419515181]
[-0.46358264596348403, -0.0423177419515181], 0, -1.0, [-0.5073480808658387, -0.04376543490235472]
[-0.5073480808658387, -0.04376543490235472], 0, -1.0, [-0.5522353477043065, -0.04488726683846779]
[-0.5522353477043065, -0.04488726683846779], 0, -1.0, [-0.5979081043440407, -0.045672756639734226]
[-0.5979081043440407, -0.045672756639734226], 0, -1.0, [-0.6440281457391581, -0.04612004139511737]
[-0.6440281457391581, -0.04612004139511737], 0, -1.0, [-0.6902644884364179, -0.04623634269725969]
[-0.6902644884364179, -0.04623634269725969], 0, -1.0, [-0.7363022735651467, -0.04603778512872884]
[-0.7363022735651467, -0.04603778512872884], 0, -1.0, [-0.7818508616654402, -0.045548588100293504]
[-0.7818508616654402, -0.045548588100293504], 0, -1.0, [-0.826650594964995, -0.04479973329955486]
[-0.826650594964995, -0.04479973329955486], 0, -1.0, [-0.8704778654540672, -0.04382727048907217]
[-0.8704778654540672, -0.04382727048907217], 0, -1.0, [-0.9131483193159664, -0.042670453861899105]
[-0.9131483193159664, -0.042670453861899105], 0, -1.0, [-0.954518216882044, -0.041369897566077556]
[-0.954518216882044, -0.041369897566077556], 0, -1.0, [-0.9944841249551878, -0.03996590807314383]
[-0.9944841249551878, -0.03996590807314383], 0, -1.0, [-1.0329812283696571, -0.03849710341446933]
[-1.0329812283696571, -0.03849710341446933], 0, -1.0, [-1.0699806051076501, -0.036999376737993035]
[-1.0699806051076501, -0.036999376737993035], 0, -1.0, [-1.1054858190825592, -0.035505213974908995]
[-1.1054858190825592, -0.035505213974908995], 0, -1.0, [-1.1395291578857463, -0.034043338803187106]
[-1.1395291578857463, -0.034043338803187106], 0, -1.0, [-1.1721677926993925, -0.032638634813646296]
[-1.1721677926993925, -0.032638634813646296], 0, -1.0, [-1.2, 0.0]
[-1.2, 0.0], 2, -1.0, [-1.1967581039591646, 0.003241896040835368]
[-1.1967581039591646, 0.003241896040835368], 2, -1.0, [-1.1902636585360942, 0.006494445423070332]
[-1.1902636585360942, 0.006494445423070332], 2, -1.0, [-1.1804959639787937, 0.009767694557300442]
[-1.1804959639787937, 0.009767694557300442], 2, -1.0, [-1.1674255149588486, 0.013070449019945182]
[-1.1674255149588486, 0.013070449019945182], 2, -1.0, [-1.1510159267200155, 0.016409588238833067]
[-1.1510159267200155, 0.016409588238833067], 2, -1.0, [-1.1312266168239755, 0.019789309896040046]
[-1.1312266168239755, 0.019789309896040046], 2, -1.0, [-1.108016322100852, 0.02321029472312345]
[-1.108016322100852, 0.02321029472312345], 2, -1.0, [-1.081347524946184, 0.02666879715466819]
[-1.081347524946184, 0.02666879715466819], 2, -1.0, [-1.0511918363028878, 0.03015568864329602]
[-1.0511918363028878, 0.03015568864329602], 2, -1.0, [-1.0175363271434712, 0.0336555091594167]
[-1.0175363271434712, 0.0336555091594167], 2, -1.0, [-0.9803907090723114, 0.03714561807115983]
[-0.9803907090723114, 0.03714561807115983], 2, -1.0, [-0.9397951336374217, 0.04059557543488971]
[-0.9397951336374217, 0.04059557543488971], 2, -1.0, [-0.8958282112564235, 0.043966922380998245]
[-0.8958282112564235, 0.043966922380998245], 2, -1.0, [-0.8486146572192776, 0.04721355403714586]
[-0.8486146572192776, 0.04721355403714586], 2, -1.0, [-0.7983317816221248, 0.05028287559715283]
[-0.7983317816221248, 0.05028287559715283], 2, -1.0, [-0.7452138959379592, 0.0531178856841656]
[-0.7452138959379592, 0.0531178856841656], 2, -1.0, [-0.6895536666604415, 0.0556602292775177]
[-0.6895536666604415, 0.0556602292775177], 2, -1.0, [-0.6316995610792892, 0.057854105581152386]
[-0.6316995610792892, 0.057854105581152386], 2, -1.0, [-0.5720488365336812, 0.05965072454560789]
[-0.5720488365336812, 0.05965072454560789], 1, -1.0, [-0.5120360146660762, 0.06001282186760502]
[-0.5120360146660762, 0.06001282186760502], 1, -1.0, [-0.4521098961150043, 0.05992611855107187]
[-0.4521098961150043, 0.05992611855107187], 1, -1.0, [-0.39271584335477117, 0.05939405276023314]
[-0.39271584335477117, 0.05939405276023314], 1, -1.0, [-0.33427838303110907, 0.05843746032366207]
[-0.33427838303110907, 0.05843746032366207], 1, -1.0, [-0.2771857088121271, 0.05709267421898198]
[-0.2771857088121271, 0.05709267421898198], 1, -1.0, [-0.22177734931795334, 0.05540835949417379]
[-0.22177734931795334, 0.05540835949417379], 1, -1.0, [-0.16833576944510123, 0.053441579872852106]
[-0.16833576944510123, 0.053441579872852106], 1, -1.0, [-0.11708211691868871, 0.05125365252641252]
[-0.11708211691868871, 0.05125365252641252], 2, -1.0, [-0.06717582592330208, 0.049906290995386626]
[-0.06717582592330208, 0.049906290995386626], 2, -1.0, [-0.018718939856998365, 0.04845688606630372]
[-0.018718939856998365, 0.04845688606630372], 1, -1.0, [0.02724188715894469, 0.045960827015943055]
[0.02724188715894469, 0.045960827015943055], 1, -1.0, [0.07071105838371033, 0.04346917122476565]
[0.07071105838371033, 0.04346917122476565], 1, -1.0, [0.11173626958760041, 0.04102521120389008]
[0.11173626958760041, 0.04102521120389008], 1, -1.0, [0.1504006266935883, 0.0386643571059879]
[0.1504006266935883, 0.0386643571059879], 1, -1.0, [0.18681517461029534, 0.036414547916707035]
[0.18681517461029534, 0.036414547916707035], 1, -1.0, [0.22111217659993995, 0.0342970019896446]
[0.22111217659993995, 0.0342970019896446], 1, -1.0, [0.2534393232011281, 0.032327146601188135]
[0.2534393232011281, 0.032327146601188135], 1, -1.0, [0.2839549275072568, 0.030515604306128687]
[0.2839549275072568, 0.030515604306128687], 1, -1.0, [0.3128240792518566, 0.0288691517445998]
[0.3128240792518566, 0.0288691517445998], 1, -1.0, [0.3402156782638872, 0.02739159901203056]
[0.3402156782638872, 0.02739159901203056], 2, -1.0, [0.3673002410304202, 0.027084562766532965]
[0.3673002410304202, 0.027084562766532965], 2, -1.0, [0.39425505038527037, 0.02695480935485018]
[0.39425505038527037, 0.02695480935485018], 2, -1.0, [0.4212639430002335, 0.027008892614963167]
[0.4212639430002335, 0.027008892614963167], 2, -1.0, [0.4485173242283197, 0.027253381228086192]
[0.4485173242283197, 0.027253381228086192], 1, -1.0, [0.4752123440803682, 0.026695019852048547]
[0.4752123440803682, 0.026695019852048547], 1, -1.0, [0.5015457388054708, 0.026333394725102596]
