[-0.5613580660043904, 0.0], 2, -1.0, [-0.5600754765910506, 0.0012825894133398007]
[-0.5600754765910506, 0.0012825894133398007], 2, -1.0, [-0.5575198576016588, 0.0025556189893918644]
[-0.5575198576016588, 0.0025556189893918644], 2, -1.0, [-0.5537102693680935, 0.0038095882335652106]
[-0.5537102693680935, 0.0038095882335652106], 2, -1.0, [-0.5486751519551826, 0.0050351174129110035]
[-0.5486751519551826, 0.0050351174129110035], 2, -1.0, [-0.5424521390666441, 0.0062230128885384815]
[-0.5424521390666441, 0.0062230128885384815], 2, -1.0, [-0.535087801330955, 0.007364337735689078]
[-0.535087801330955, 0.007364337735689078], 2, -1.0, [-0.5266373129621652, 0.008450488368789848]
[-0.5266373129621652, 0.008450488368789848], 2, -1.0, [-0.5171640358787518, 0.00947327708341342]
[-0.5171640358787518, 0.00947327708341342], 2, -1.0, [-0.5067390163458855, 0.010425019532866307]
[-0.5067390163458855, 0.010425019532866307], 0, -1.0, [-0.49744039109967825, 0.009298625246207223]
[-0.49744039109967825, 0.009298625246207223], 0, -1.0, [-0.4893377524336059, 0.008102638666072361]
[-0.4893377524336059, 0.008102638666072361], 0, -1.0, [-0.4824916192479899, 0.0068461331856160155]
[-0.4824916192479899, 0.0068461331856160155], 0, -1.0, [-0.4769530088724785, 0.005538610375511374]
[-0.4769530088724785, 0.005538610375511374], 0, -1.0, [-0.472763101066974, 0.004189907805504502]
[-0.472763101066974, 0.004189907805504502], 0, -1.0, [-0.46995298459316137, 0.0028101164738126233]
[-0.46995298459316137, 0.0028101164738126233], 0, -1.0, [-0.46854347696109955, 0.0014095076320618035]
[-0.46854347696109955, 0.0014095076320618035], 0, -1.0, [-0.4685450092577922, -1.5322966926364402e-06]
[-0.4685450092577922, -1.5322966926364402e-06], 0, -1.0, [-0.46995757014740636, -0.0014125608896141627]
[-0.46995757014740636, -0.0014125608896141627], 0, -1.0, [-0.47277070593150244, -0.0028131357840961123]
[-0.47277070593150244, -0.0028131357840961123], 0, -1.0, [-0.4769635766727115, -0.004192870741209061]
[-0.4769635766727115, -0.004192870741209061], 0, -1.0, [-0.48250507150002264, -0.005541494827311134]
[-0.48250507150002264, -0.005541494827311134], 0, -1.0, [-0.4893539890115172, -0.006848917511494577]
[-0.4893539890115172, -0.006848917511494577], 0, -1.0, [-0.4974592908714974, -0.008105301859980173]
[-0.4974592908714974, -0.008105301859980173], 0, -1.0, [-0.5067604379992526, -0.009301147127755255]
[-0.5067604379992526, -0.009301147127755255], 0, -1.0, [-0.5171878189564704, -0.010427380957217748]
[-0.5171878189564704, -0.010427380957217748], 0, -1.0, [-0.5286632791242643, -0.01147546016779388]
[-0.5286632791242643, -0.01147546016779388], 0, -1.0, [-0.5411007569769765, -0.01243747785271226]
[-0.5411007569769765, -0.01243747785271226], 0, -1.0, [-0.5544070302744858, -0.01330627329750937]
[-0.5544070302744858, -0.01330627329750937], 0, -1.0, [-0.568482570489562, -0.01407554021507622]
[-0.568482570489562, -0.01407554021507622], 0, -1.0, [-0.5832224985560258, -0.014739928066463803]
[-0.5832224985560258, -0.014739928066463803], 0, -1.0, [-0.598517629456959, -0.015295130900933127]
[-0.598517629456959, -0.015295130900933127], 0, -1.0, [-0.614255587724937, -0.01573795826797806]
[-0.614255587724937, -0.01573795826797806], 0, -1.0, [-0.6303219710756954, -0.016066383350758367]
[-0.6303219710756954, -0.016066383350758367], 0, -1.0, [-0.6466015355926042, -0.016279564516908842]
[-0.6466015355926042, -0.016279564516908842], 0, -1.0, [-0.6629793734930144, -0.016377837900410138]
[-0.6629793734930144, -0.016377837900410138], 0, -1.0, [-0.6793420537873843, -0.01636268029436992]
[-0.6793420537873843, -0.01636268029436992], 0, -1.0, [-0.6955786971837469, -0.016236643396362552]
[-0.6955786971837469, -0.016236643396362552], 0, -1.0, [-0.7115819593254823, -0.0160032621417354]
[-0.7115819593254823, -0.0160032621417354], 0, -1.0, [-0.727248900658026, -0.0156669413325438]
[-0.727248900658026, -0.0156669413325438], 2, -1.0, [-0.7404817265545589, -0.013232825896532801]
[-0.7404817265545589, -0.013232825896532801], 2, -1.0, [-0.7512002954021879, -0.010718568847629053]
[-0.7512002954021879, -0.010718568847629053], 2, -1.0, [-0.7593414360069536, -0.008141140604765713]
[-0.7593414360069536, -0.008141140604765713], 2, -1.0, [-0.7648582539217604, -0.005516817914806803]
[-0.7648582539217604, -0.005516817914806803], 2, -1.0, [-0.7677195203180674, -0.0028612663963070704]
[-0.7677195203180674, -0.0028612663963070704], 2, -1.0, [-0.7679092165914272, -0.0001896962733596943]
[-0.7679092165914272, -0.0001896962733596943], 2, -1.0, [-0.7654262850806953, 0.002482931510731846]
[-0.7654262850806953, 0.002482931510731846], 2, -1.0, [-0.760284612225681, 0.005141672855014344]
[-0.760284612225681, 0.005141672855014344], 2, -1.0, [-0.7525132459125524, 0.0077713663131285735]
[-0.7525132459125524, 0.0077713663131285735], 2, -1.0, [-0.7421568241494872, 0.010356421763065168]
[-0.7421568241494872, 0.010356421763065168], 0, -1.0, [-0.7312761680497228, 0.010880656099764425]
[-0.7312761680497228, 0.010880656099764425], 2, -1.0, [-0.7179367611761193, 0.013339406873603583]
[-0.7179367611761193, 0.013339406873603583], 2, -1.0, [-0.7022209980372508, 0.015715763138868424]
[-0.7022209980372508, 0.015715763138868424], 1, -1.0, [-0.6852287688619669, 0.016992229175283827]
[-0.6852287688619669, 0.016992229175283827], 2, -1.0, [-0.6660712621254219, 0.01915750673654502]
[-0.6660712621254219, 0.01915750673654502], 2, -1.0, [-0.6448774504536553, 0.02119381167176662]
[-0.6448774504536553, 0.02119381167176662], 2, -1.0, [-0.6217939843923691, 0.023083466061286202]
[-0.6217939843923691, 0.023083466061286202], 2, -1.0, [-0.5969846599520605, 0.024809324440308582]
[-0.5969846599520605, 0.024809324440308582], 2, -1.0, [-0.5706293768277804, 0.02635528312428015]
[-0.5706293768277804, 0.02635528312428015], 2, -1.0, [-0.5429225333216594, 0.027706843506120946]
[-0.5429225333216594, 0.027706843506120946], 2, -1.0, [-0.5140708427949042, 0.028851690526755163]
[-0.5140708427949042, 0.028851690526755163], 2, -1.0, [-0.4842906020337713, 0.029780240761132924]
[-0.4842906020337713, 0.029780240761132924], 2, -1.0, [-0.45380448976551935, 0.030486112268251927]
[-0.45380448976551935, 0.030486112268251927], 2, -1.0, [-0.4228380181866211, 0.030966471578898244]
[-0.4228380181866211, 0.030966471578898244], 2, -1.0, [-0.3916157960403859, 0.031222222146235185]
[-0.3916157960403859, 0.031222222146235185], 2, -1.0, [-0.36035778360053955, 0.03125801243984635]
[-0.36035778360053955, 0.03125801243984635], 0, -1.0, [-0.33127572476752337, 0.029082058833016164]
[-0.33127572476752337, 0.029082058833016164], 0, -1.0, [-0.30455738151664086, 0.026718343250882515]
[-0.30455738151664086, 0.026718343250882515], 0, -1.0, [-0.28036614438096424, 0.02419123713567659]
[-0.28036614438096424, 0.02419123713567659], 0, -1.0, [-0.25884151845193215, 0.02152462592903209]
[-0.25884151845193215, 0.02152462592903209], 0, -1.0, [-0.2401002761437145, 0.018741242308217637]
[-0.2401002761437145, 0.018741242308217637], 0, -1.0, [-0.22423805216916973, 0.015862223974544797]
[-0.22423805216916973, 0.015862223974544797], 0, -1.0, [-0.21133116151393994, 0.012906890655229805]
[-0.21133116151393994, 0.012906890655229805], 0, -1.0, [-0.2014384416859901, 0.00989271982794984]
[-0.2014384416859901, 0.00989271982794984], 0, -1.0, [-0.1946029501629337, 0.006835491523056392]
[-0.1946029501629337, 0.006835491523056392], 0, -1.0, [-0.19085338175563998, 0.0037495684072937157]
[-0.19085338175563998, 0.0037495684072937157], 0, -1.0, [-0.1902051050513045, 0.0006482767043354785]
[-0.1902051050513045, 0.0006482767043354785], 0, -1.0, [-0.19266075027704124, -0.002455645225736737]
[-0.19266075027704124, -0.002455645225736737], 0, -1.0, [-0.1982103123059238, -0.005549562028882574]
[-0.1982103123059238, -0.005549562028882574], 0, -1.0, [-0.2068307625986149, -0.008620450292691083]
[-0.2068307625986149, -0.008620450292691083], 0, -1.0, [-0.21848519369514346, -0.011654431096528552]
[-0.21848519369514346, -0.011654431096528552], 0, -1.0, [-0.23312155060262651, -0.014636356907483054]
[-0.23312155060262651, -0.014636356907483054], 0, -1.0, [-0.250671035848682, -0.017549485246055492]
[-0.250671035848682, -0.017549485246055492], 0, -1.0, [-0.271046309032357, -0.02037527318367498]
[-0.271046309032357, -0.02037527318367498], 0, -1.0, [-0.29413963610424027, -0.023093327071883284]
[-0.29413963610424027, -0.023093327071883284], 0, -1.0, [-0.31982117551440703, -0.02568153941016675]
[-0.31982117551440703, -0.02568153941016675], 0, -1.0, [-0.34793761336970674, -0.028116437855299707]
[-0.34793761336970674, -0.028116437855299707], 0, -1.0, [-0.3783113721653185, -0.030373758795611758]
[-0.3783113721653185, -0.030373758795611758], 0, -1.0, [-0.4107406113542313, -0.03242923918891279]
[-0.4107406113542313, -0.03242923918891279], 0, -1.0, [-0.4450002076684787, -0.034259596314247395]
[-0.4450002076684787, -0.034259596314247395], 0, -1.0, [-0.4808438458453907, -0.03584363817691198]
[-0.4808438458453907, -0.03584363817691198], 0, -1.0, [-0.5180072674709857, -0.037163421625594946]
[-0.5180072674709857, -0.037163421625594946], 0, -1.0, [-0.5562126234408573, -0.03820535596987164]
[-0.5562126234408573, -0.03820535596987164], 0, -1.0, [-0.5951737656292906, -0.03896114218843323]
[-0.5951737656292906, -0.03896114218843323], 0, -1.0, [-0.634602211011453, -0.03942844538216236]
[-0.634602211011453, -0.03942844538216236], 0, -1.0, [-0.6742134328110292, -0.039611221799576234]
[-0.6742134328110292, -0.039611221799576234], 0, -1.0, [-0.7137330916291125, -0.03951965881808329]
[-0.7137330916291125, -0.03951965881808329], 0, -1.0, [-0.752902822328927, -0.03916973069981456]
[-0.752902822328927, -0.03916973069981456], 0, -1.0, [-0.791485239172611, -0.038582416843684006]
[-0.791485239172611, -0.038582416843684006], 0, -1.0, [-0.8292679040058565, -0.037782664833245445]
[-0.8292679040058565, -0.037782664833245445], 0, -1.0, [-0.8660661061546268, -0.03679820214877031]
[-0.8660661061546268, -0.03679820214877031], 0, -1.0, [-0.9017244118188626, -0.03565830566423594]
[-0.9017244118188626, -0.03565830566423594], 0, -1.0, [-0.9361170400546538, -0.034392628235791194]
[-0.9361170400546538, -0.034392628235791194], 0, -1.0, [-0.9691472008435051, -0.033030160788851404]
[-0.9691472008435051, -0.033030160788851404], 0, -1.0, [-1.0007455824757008, -0.03159838163219559]
[-1.0007455824757008, -0.03159838163219559], 0, -1.0, [-1.0308681999337272, -0.030122617458026447]
[-1.0308681999337272, -0.030122617458026447], 0, -1.0, [-1.0594938165786545, -0.02862561664492722]
[-1.0594938165786545, -0.02862561664492722], 0, -1.0, [-1.086621134009803, -0.027127317431148698]
[-1.086621134009803, -0.027127317431148698], 0, -1.0, [-1.1122659160312791, -0.02564478202147609]
[-1.1122659160312791, -0.02564478202147609], 0, -1.0, [-1.1364581782815921, -0.024192262250313106]
[-1.1364581782815921, -0.024192262250313106], 0, -1.0, [-1.1592395401144542, -0.022781361832861988]
[-1.1592395401144542, -0.022781361832861988], 0, -1.0, [-1.1806608031275816, -0.021421263013127436]
[-1.1806608031275816, -0.021421263013127436], 0, -1.0, [-1.2, 0.0]
[-1.2, 0.0], 2, -1.0, [-1.1967581039591646, 0.003241896040835368]
[-1.1967581039591646, 0.003241896040835368], 2, -1.0, [-1.1902636585360942, 0.006494445423070332]
[-1.1902636585360942, 0.006494445423070332], 2, -1.0, [-1.1804959639787937, 0.009767694557300442]
[-1.1804959639787937, 0.009767694557300442], 2, -1.0, [-1.1674255149588486, 0.013070449019945182]
[-1.1674255149588486, 0.013070449019945182], 2, -1.0, [-1.1510159267200155, 0.016409588238833067]
[-1.1510159267200155, 0.016409588238833067], 2, -1.0, [-1.1312266168239755, 0.019789309896040046]
[-1.1312266168239755, 0.019789309896040046], 2, -1.0, [-1.108016322100852, 0.02321029472312345]
[-1.108016322100852, 0.02321029472312345], 2, -1.0, [-1.081347524946184, 0.02666879715466819]
[-1.081347524946184, 0.02666879715466819], 2, -1.0, [-1.0511918363028878, 0.03015568864329602]
[-1.0511918363028878, 0.03015568864329602], 2, -1.0, [-1.0175363271434712, 0.0336555091594167]
[-1.0175363271434712, 0.0336555091594167], 2, -1.0, [-0.9803907090723114, 0.03714561807115983]
[-0.9803907090723114, 0.03714561807115983], 2, -1.0, [-0.9397951336374217, 0.04059557543488971]
[-0.9397951336374217, 0.04059557543488971], 2, -1.0, [-0.8958282112564235, 0.043966922380998245]
[-0.8958282112564235, 0.043966922380998245], 2, -1.0, [-0.8486146572192776, 0.04721355403714586]
[-0.8486146572192776, 0.04721355403714586], 2, -1.0, [-0.7983317816221248, 0.05028287559715283]
[-0.7983317816221248, 0.05028287559715283], 2, -1.0, [-0.7452138959379592, 0.0531178856841656]
[-0.7452138959379592, 0.0531178856841656], 2, -1.0, [-0.6895536666604415, 0.0556602292775177]
[-0.6895536666604415, 0.0556602292775177], 2, -1.0, [-0.6316995610792892, 0.057854105581152386]
[-0.6316995610792892, 0.057854105581152386], 2, -1.0, [-0.5720488365336812, 0.05965072454560789]
[-0.5720488365336812, 0.05965072454560789], 2, -1.0, [-0.5110360146660762, 0.061012821867605024]
[-0.5110360146660762, 0.061012821867605024], 2, -1.0, [-0.44911739120176025, 0.061918623464315904]
[-0.44911739120176025, 0.061918623464315904], 2, -1.0, [-0.38675274139346727, 0.06236464980829299]
[-0.38675274139346727, 0.06236464980829299], 2, -1.0, [-0.3243858485235833, 0.06236689286988392]
[-0.3243858485235833, 0.06236689286988392], 2, -1.0, [-0.2624256859117381, 0.061960162611845254]
[-0.2624256859117381, 0.061960162611845254], 2, -1.0, [-0.20122996568717166, 0.061195720224566416]
[-0.20122996568717166, 0.061195720224566416], 2, -1.0, [-0.14109236178367496, 0.06013760390349669]
[-0.14109236178367496, 0.06013760390349669], 2, -1.0, [-0.08223412731502394, 0.05885823446865101]
[-0.08223412731502394, 0.05885823446865101], 2, -1.0, [-0.024800200336085113, 0.05743392697893883]
[-0.024800200336085113, 0.05743392697893883], 0, -1.0, [0.02914064276343887, 0.05394084309952398]
[0.02914064276343887, 0.05394084309952398], 0, -1.0, [0.0795910330221497, 0.05045039025871083]
[0.0795910330221497, 0.05045039025871083], 0, -1.0, [0.12661235107765417, 0.04702131805550446]
[0.12661235107765417, 0.04702131805550446], 0, -1.0, [0.17031185647431168, 0.043699505396657526]
[0.17031185647431168, 0.043699505396657526], 0, -1.0, [0.2108306433658319, 0.040518786891520234]
[0.2108306433658319, 0.040518786891520234], 0, -1.0, [0.2483330380236815, 0.03750239465784959]
[0.2483330380236815, 0.03750239465784959], 0, -1.0, [0.2829977114239913, 0.03466467340030981]
[0.2829977114239913, 0.03466467340030981], 0, -1.0, [0.31501053670002394, 0.03201282527603261]
[0.31501053670002394, 0.03201282527603261], 0, -1.0, [0.34455906882896553, 0.02954853212894159]
[0.34455906882896553, 0.02954853212894159], 0, -1.0, [0.3718284436928492, 0.027269374863883648]
[0.3718284436928492, 0.027269374863883648], 0, -1.0, [0.3969984644370297, 0.025170020744180534]
[0.3969984644370297, 0.025170020744180534], 0, -1.0, [0.4202416461911323, 0.023243181754102615]
[0.4202416461911323, 0.023243181754102615], 2, -1.0, [0.4437220113925702, 0.023480365201437908]
[0.4437220113925702, 0.023480365201437908], 0, -1.0, [0.4656090178455837, 0.021887006453013443]
[0.4656090178455837, 0.021887006453013443], 2, -1.0, [0.48806329164532153, 0.02245427379973788]
[0.48806329164532153, 0.02245427379973788], 0, -1.0, [0.5092515538517329, 0.021188262206411377]
