[-0.5911528473483901, 0.0], 1, -1.0, [-0.5906496529186908, 0.0005031944296994102]
[-0.5906496529186908, 0.0005031944296994102], 1, -1.0, [-0.589646961352405, 0.0010026915662857431]
[-0.589646961352405, 0.0010026915662857431], 1, -1.0, [-0.5881521434549992, 0.001494817897405745]
[-0.5881521434549992, 0.001494817897405745], 1, -1.0, [-0.5861761959097208, 0.001975947545278443]
[-0.5861761959097208, 0.001975947545278443], 1, -1.0, [-0.5837336696596873, 0.0024425262500335286]
[-0.5837336696596873, 0.0024425262500335286], 0, -1.0, [-0.5818425741527293, 0.0018910955069580382]
[-0.5818425741527293, 0.0018910955069580382], 0, -1.0, [-0.5805168695720284, 0.0013257045807009192]
[-0.5805168695720284, 0.0013257045807009192], 0, -1.0, [-0.579766350717226, 0.000750518854802366]
[-0.579766350717226, 0.000750518854802366], 0, -1.0, [-0.5795965656901761, 0.00016978502704992262]
[-0.5795965656901761, 0.00016978502704992262], 0, -1.0, [-0.5800087698978925, -0.0004122042077163554]
[-0.5800087698978925, -0.0004122042077163554], 0, -1.0, [-0.5809999156509578, -0.0009911457530652579]
[-0.5809999156509578, -0.0009911457530652579], 0, -1.0, [-0.5825626774191294, -0.0015627617681716322]
[-0.5825626774191294, -0.0015627617681716322], 0, -1.0, [-0.5846855125934808, -0.002122835174351461]
[-0.5846855125934808, -0.002122835174351461], 0, -1.0, [-0.5873527573820589, -0.002667244788578144]
[-0.5873527573820589, -0.002667244788578144], 0, -1.0, [-0.5905447572207682, -0.0031919998387091916]
[-0.5905447572207682, -0.0031919998387091916], 0, -1.0, [-0.5942380308027034, -0.0036932735819352296]
[-0.5942380308027034, -0.0036932735819352296], 0, -1.0, [-0.5984054665111038, -0.004167435708400439]
[-0.5984054665111038, -0.004167435708400439], 0, -1.0, [-0.6030165496820812, -0.004611083170977355]
[-0.6030165496820812, -0.004611083170977355], 0, -1.0, [-0.6080376187274051, -0.005021069045323964]
[-0.6080376187274051, -0.005021069045323964], 0, -1.0, [-0.613432147724625, -0.00539452899721977]
[-0.613432147724625, -0.00539452899721977], 0, -1.0, [-0.619161052646601, -0.005728904921976082]
[-0.619161052646601, -0.005728904921976082], 1, -1.0, [-0.6241830179743537, -0.005021965327752651]
[-0.6241830179743537, -0.005021965327752651], 0, -1.0, [-0.6294619978119604, -0.005278979837606741]
[-0.6294619978119604, -0.005278979837606741], 0, -1.0, [-0.6349602834613961, -0.005498285649435624]
[-0.6349602834613961, -0.005498285649435624], 0, -1.0, [-0.6406388079936719, -0.0056785245322757616]
[-0.6406388079936719, -0.0056785245322757616], 0, -1.0, [-0.6464574580737852, -0.005818650080113249]
[-0.6464574580737852, -0.005818650080113249], 0, -1.0, [-0.6523753894642049, -0.005917931390419785]
[-0.6523753894642049, -0.005917931390419785], 0, -1.0, [-0.6583513426061033, -0.005975953141898327]
[-0.6583513426061033, -0.005975953141898327], 0, -1.0, [-0.6643439547402242, -0.005992612134120963]
[-0.6643439547402242, -0.005992612134120963], 0, -1.0, [-0.6703120651819916, -0.005968110441767333]
[-0.6703120651819916, -0.005968110441767333], 0, -1.0, [-0.676215010605298, -0.005902945423306398]
[-0.676215010605298, -0.005902945423306398], 0, -1.0, [-0.6820129075088481, -0.0057978969035501725]
[-0.6820129075088481, -0.0057978969035501725], 0, -1.0, [-0.6876669194261454, -0.005654011917297338]
[-0.6876669194261454, -0.005654011917297338], 0, -1.0, [-0.6931395068798897, -0.005472587453744217]
[-0.6931395068798897, -0.005472587453744217], 1, -1.0, [-0.6973946585557758, -0.004255151675886047]
[-0.6973946585557758, -0.004255151675886047], 2, -1.0, [-0.6994046005132245, -0.002009941957448789]
[-0.6994046005132245, -0.002009941957448789], 2, -1.0, [-0.69915628387862, 0.0002483166346045002]
[-0.69915628387862, 0.0002483166346045002], 2, -1.0, [-0.6966513182971265, 0.0025049655814935595]
[-0.6966513182971265, 0.0025049655814935595], 2, -1.0, [-0.6919059803777698, 0.004745337919356595]
[-0.6919059803777698, 0.004745337919356595], 2, -1.0, [-0.6849512953641445, 0.006954685013625386]
[-0.6849512953641445, 0.006954685013625386], 2, -1.0, [-0.6758331743533946, 0.009118121010749825]
[-0.6758331743533946, 0.009118121010749825], 2, -1.0, [-0.6646125743664408, 0.01122059998695382]
[-0.6646125743664408, 0.01122059998695382], 2, -1.0, [-0.651365635308993, 0.013246939057447836]
[-0.651365635308993, 0.013246939057447836], 2, -1.0, [-0.6361837373150561, 0.015181897993936943]
[-0.6361837373150561, 0.015181897993936943], 2, -1.0, [-0.619173415168763, 0.017010322146293038]
[-0.619173415168763, 0.017010322146293038], 2, -1.0, [-0.6004560644940443, 0.0187173506747187]
[-0.6004560644940443, 0.0187173506747187], 1, -1.0, [-0.5811673780853188, 0.019288686408725473]
[-0.5811673780853188, 0.019288686408725473], 0, -1.0, [-0.562449070353834, 0.01871830773148484]
[-0.562449070353834, 0.01871830773148484], 0, -1.0, [-0.544440044647047, 0.018009025706786922]
[-0.544440044647047, 0.018009025706786922], 0, -1.0, [-0.5272748112440407, 0.01716523340300623]
[-0.5272748112440407, 0.01716523340300623], 0, -1.0, [-0.5110820081325335, 0.016192803111507316]
[-0.5110820081325335, 0.016192803111507316], 0, -1.0, [-0.4959830587173776, 0.01509894941515588]
[-0.4959830587173776, 0.01509894941515588], 0, -1.0, [-0.4820909903293441, 0.013892068388033477]
[-0.4820909903293441, 0.013892068388033477], 0, -1.0, [-0.46950942642627114, 0.012581563903072975]
[-0.46950942642627114, 0.012581563903072975], 0, -1.0, [-0.4583317547064808, 0.011177671719790314]
[-0.4583317547064808, 0.011177671719790314], 0, -1.0, [-0.4486404638701384, 0.009691290836342407]
[-0.4486404638701384, 0.009691290836342407], 0, -1.0, [-0.44050663415365116, 0.008133829716487238]
[-0.44050663415365116, 0.008133829716487238], 0, -1.0, [-0.4339895614699119, 0.006517072683739268]
[-0.4339895614699119, 0.006517072683739268], 0, -1.0, [-0.42913649220991645, 0.004853069259995436]
[-0.42913649220991645, 0.004853069259995436], 0, -1.0, [-0.4259824454701934, 0.0031540467397230243]
[-0.4259824454701934, 0.0031540467397230243], 0, -1.0, [-0.42455010145171745, 0.0014323440184759962]
[-0.42455010145171745, 0.0014323440184759962], 0, -1.0, [-0.4248497386780595, -0.0002996372263420297]
[-0.4248497386780595, -0.0002996372263420297], 0, -1.0, [-0.4268792080593271, -0.0020294693812676155]
[-0.4268792080593271, -0.0020294693812676155], 0, -1.0, [-0.4306239381838793, -0.003744730124552149]
[-0.4306239381838793, -0.003744730124552149], 0, -1.0, [-0.43605697302237956, -0.00543303483850027]
[-0.43605697302237956, -0.00543303483850027], 0, -1.0, [-0.4431390499376213, -0.0070820769152417536]
[-0.4431390499376213, -0.0070820769152417536], 0, -1.0, [-0.4518187319701346, -0.008679682032513295]
[-0.4518187319701346, -0.008679682032513295], 0, -1.0, [-0.4620326132921441, -0.010213881322009516]
[-0.4620326132921441, -0.010213881322009516], 0, -1.0, [-0.473705620006737, -0.011673006714592888]
[-0.473705620006737, -0.011673006714592888], 0, -1.0, [-0.4867514296983788, -0.013045809691641801]
[-0.4867514296983788, -0.013045809691641801], 0, -1.0, [-0.5010730320059233, -0.014321602307544534]
[-0.5010730320059233, -0.014321602307544534], 0, -1.0, [-0.5165634488348797, -0.015490416828956358]
[-0.5165634488348797, -0.015490416828956358], 0, -1.0, [-0.533106626697182, -0.016543177862302288]
[-0.533106626697182, -0.016543177862302288], 0, -1.0, [-0.5505785053452518, -0.0174718786480698]
[-0.5505785053452518, -0.0174718786480698], 0, -1.0, [-0.5688482568832617, -0.01826975153800995]
[-0.5688482568832617, -0.01826975153800995], 0, -1.0, [-0.5877796786531375, -0.01893142176987584]
[-0.5877796786531375, -0.01893142176987584], 0, -1.0, [-0.6072327123406805, -0.019453033687543014]
[-0.6072327123406805, -0.019453033687543014], 0, -1.0, [-0.6270650519440608, -0.01983233960338021]
[-0.6270650519440608, -0.01983233960338021], 0, -1.0, [-0.6471337954713104, -0.02006874352724968]
[-0.6471337954713104, -0.02006874352724968], 0, -1.0, [-0.6672970903001454, -0.020163294828834923]
[-0.6672970903001454, -0.020163294828834923], 0, -1.0, [-0.6874157205814144, -0.02011863028126901]
[-0.6874157205814144, -0.02011863028126901], 0, -1.0, [-0.707354587083296, -0.019938866501881567]
[-0.707354587083296, -0.019938866501881567], 0, -1.0, [-0.7269840352657411, -0.01962944818244503]
[-0.7269840352657411, -0.01962944818244503], 0, -1.0, [-0.7461809956054373, -0.019196960339696208]
[-0.7461809956054373, -0.019196960339696208], 0, -1.0, [-0.7648299104568955, -0.018648914851458292]
[-0.7648299104568955, -0.018648914851458292], 0, -1.0, [-0.7828234330809231, -0.017993522624027532]
[-0.7828234330809231, -0.017993522624027532], 0, -1.0, [-0.8000628959206935, -0.01723946283977046]
[-0.8000628959206935, -0.01723946283977046], 2, -1.0, [-0.8144585558753398, -0.014395659954646322]
[-0.8144585558753398, -0.014395659954646322], 2, -1.0, [-0.8259392417797734, -0.011480685904433602]
[-0.8259392417797734, -0.011480685904433602], 2, -1.0, [-0.834450747343837, -0.008511505564063496]
[-0.834450747343837, -0.008511505564063496], 2, -1.0, [-0.8399543895733168, -0.005503642229479881]
[-0.8399543895733168, -0.005503642229479881], 2, -1.0, [-0.8424258509316928, -0.0024714613583759226]
[-0.8424258509316928, -0.0024714613583759226], 2, -1.0, [-0.8418543912557325, 0.0005714596759602308]
[-0.8418543912557325, 0.0005714596759602308], 2, -1.0, [-0.8382424839622007, 0.003611907293531827]
[-0.8382424839622007, 0.003611907293531827], 2, -1.0, [-0.8316059007060509, 0.006636583256149848]
[-0.8316059007060509, 0.006636583256149848], 2, -1.0, [-0.8219742389231826, 0.009631661782868298]
[-0.8219742389231826, 0.009631661782868298], 2, -1.0, [-0.8093918568046998, 0.012582382118482775]
[-0.8093918568046998, 0.012582382118482775], 2, -1.0, [-0.7939191494796494, 0.015472707325050423]
[-0.7939191494796494, 0.015472707325050423], 2, -1.0, [-0.7756340683255897, 0.018285081154059694]
[-0.7756340683255897, 0.018285081154059694], 2, -1.0, [-0.7546337530988778, 0.02100031522671185]
[-0.7546337530988778, 0.02100031522671185], 2, -1.0, [-0.7310361159299321, 0.023597637168945657]
[-0.7310361159299321, 0.023597637168945657], 2, -1.0, [-0.7049811904859963, 0.026054925443935825]
[-0.7049811904859963, 0.026054925443935825], 2, -1.0, [-0.6766320433227172, 0.028349147163279083]
[-0.6766320433227172, 0.028349147163279083], 2, -1.0, [-0.6461750429004832, 0.030457000422234006]
[-0.6461750429004832, 0.030457000422234006], 2, -1.0, [-0.6138192999756787, 0.03235574292480452]
[-0.6138192999756787, 0.03235574292480452], 2, -1.0, [-0.5797951345928705, 0.03402416538280832]
[-0.5797951345928705, 0.03402416538280832], 2, -1.0, [-0.5443514902178114, 0.035443644375059064]
[-0.5443514902178114, 0.035443644375059064], 2, -1.0, [-0.5077523010125072, 0.03659918920530416]
[-0.5077523010125072, 0.03659918920530416], 2, -1.0, [-0.47027191560542725, 0.03748038540707996]
[-0.47027191560542725, 0.03748038540707996], 2, -1.0, [-0.43218977778487044, 0.03808213782055683]
[-0.43218977778487044, 0.03808213782055683], 2, -1.0, [-0.39378464720158673, 0.03840513058328372]
[-0.39378464720158673, 0.03840513058328372], 2, -1.0, [-0.3553286981509368, 0.03845594905064989]
[-0.3553286981509368, 0.03845594905064989], 2, -1.0, [-0.31708185247979515, 0.038246845671141644]
[-0.31708185247979515, 0.038246845671141644], 2, -1.0, [-0.2792866805155964, 0.037795171964198744]
[-0.2792866805155964, 0.037795171964198744], 2, -1.0, [-0.24216414555556726, 0.03712253496002914]
[-0.24216414555556726, 0.03712253496002914], 2, -1.0, [-0.20591038284826954, 0.03625376270729772]
[-0.20591038284826954, 0.03625376270729772], 2, -1.0, [-0.17069460674898726, 0.03521577609928229]
[-0.17069460674898726, 0.03521577609928229], 2, -1.0, [-0.13665814399942816, 0.034036462749559085]
[-0.13665814399942816, 0.034036462749559085], 2, -1.0, [-0.10391450878527111, 0.032743635214157046]
[-0.10391450878527111, 0.032743635214157046], 2, -1.0, [-0.07255037418334152, 0.03136413460192959]
[-0.07255037418334152, 0.03136413460192959], 2, -1.0, [-0.042627257959857, 0.029923116223484522]
[-0.042627257959857, 0.029923116223484522], 2, -1.0, [-0.014183727394939269, 0.028443530564917732]
[-0.014183727394939269, 0.028443530564917732], 2, -1.0, [0.012762066082392855, 0.026945793477332124]
[0.012762066082392855, 0.026945793477332124], 2, -1.0, [0.03820969162713679, 0.025447625544743932]
[0.03820969162713679, 0.025447625544743932], 2, -1.0, [0.06217372397587095, 0.023964032348734156]
[0.06217372397587095, 0.023964032348734156], 2, -1.0, [0.08468111807661557, 0.02250739410074462]
[0.08468111807661557, 0.02250739410074462], 2, -1.0, [0.10576875177144456, 0.021087633694828977]
[0.10576875177144456, 0.021087633694828977], 2, -1.0, [0.12548118712849607, 0.019712435357051503]
[0.12548118712849607, 0.019712435357051503], 2, -1.0, [0.1438686776963267, 0.018387490567830626]
[0.1438686776963267, 0.018387490567830626], 2, -1.0, [0.1609854305906735, 0.01711675289434681]
[0.1609854305906735, 0.01711675289434681], 2, -1.0, [0.17688811874808036, 0.015902688157406874]
[0.17688811874808036, 0.015902688157406874], 2, -1.0, [0.1916346293407389, 0.014746510592658546]
[0.1916346293407389, 0.014746510592658546], 2, -1.0, [0.20528302851444277, 0.013648399173703873]
[0.20528302851444277, 0.013648399173703873], 2, -1.0, [0.21789071952466052, 0.012607691010217746]
[0.21789071952466052, 0.012607691010217746], 2, -1.0, [0.22951377029586306, 0.011623050771202547]
[0.22951377029586306, 0.011623050771202547], 2, -1.0, [0.24020638680704876, 0.01069261651118568]
[0.24020638680704876, 0.01069261651118568], 2, -1.0, [0.2500205100178099, 0.009814123210761161]
[0.2500205100178099, 0.009814123210761161], 2, -1.0, [0.2590055159130224, 0.008985005895212523]
[0.2590055159130224, 0.008985005895212523], 2, -1.0, [0.2672080003793374, 0.008202484466314997]
[0.2672080003793374, 0.008202484466314997], 2, -1.0, [0.2746716328356239, 0.007463632456286479]
[0.2746716328356239, 0.007463632456286479], 2, -1.0, [0.2814370646909614, 0.006765431855337498]
[0.2814370646909614, 0.006765431855337498], 2, -1.0, [0.2875418807164822, 0.006104816025520785]
[0.2875418807164822, 0.006104816025520785], 2, -1.0, [0.2930205832466905, 0.005478702530208306]
[0.2930205832466905, 0.005478702530208306], 2, -1.0, [0.2979046007528999, 0.004884017506209374]
[0.2979046007528999, 0.004884017506209374], 2, -1.0, [0.30222231375442654, 0.004317713001526648]
[0.30222231375442654, 0.004317713001526648], 2, -1.0, [0.305999092261403, 0.003776778506976434]
[0.305999092261403, 0.003776778506976434], 2, -1.0, [0.30925733999220045, 0.003258247730797489]
[0.30925733999220045, 0.003258247730797489], 2, -1.0, [0.31201654149741687, 0.0027592015052164244]
[0.31201654149741687, 0.0027592015052164244], 2, -1.0, [0.31429330907132824, 0.0022767675739113757]
[0.31429330907132824, 0.0022767675739113757], 2, -1.0, [0.31610142696060917, 0.0018081178892809047]
[0.31610142696060917, 0.0018081178892809047], 2, -1.0, [0.31745189090808673, 0.0013504639474775434]
[0.31745189090808673, 0.0013504639474775434], 2, -1.0, [0.318352941514108, 0.0009010506060212202]
[0.318352941514108, 0.0009010506060212202], 2, -1.0, [0.31881009027617646, 0.000457148762068477]
[0.31881009027617646, 0.000457148762068477], 2, -1.0, [0.3188261374939172, 1.6047217740748328e-05]
[0.3188261374939172, 1.6047217740748328e-05], 2, -1.0, [0.31840118151506114, -0.00042495597885605077]
[0.31840118151506114, -0.00042495597885605077], 2, -1.0, [0.3175326190619815, -0.0008685624530796686]
[0.3175326190619815, -0.0008685624530796686], 0, -1.0, [0.31421513662970646, -0.0033174824322750496]
[0.31421513662970646, -0.0033174824322750496], 0, -1.0, [0.3084285300933968, -0.005786606536309618]
[0.3084285300933968, -0.005786606536309618], 0, -1.0, [0.30013790733330137, -0.008290622760095435]
[0.30013790733330137, -0.008290622760095435], 0, -1.0, [0.28929406998444324, -0.010843837348858106]
[0.28929406998444324, -0.010843837348858106], 0, -1.0, [0.27583412316505745, -0.013459946819385765]
[0.27583412316505745, -0.013459946819385765], 0, -1.0, [0.25968238451300113, -0.016151738652056317]
[0.25968238451300113, -0.016151738652056317], 0, -1.0, [0.24075168752971593, -0.018930696983285204]
[0.24075168752971593, -0.018930696983285204], 0, -1.0, [0.2189451983836438, -0.021806489146072153]
[0.2189451983836438, -0.021806489146072153], 0, -1.0, [0.1941588881802588, -0.024786310203384974]
[0.1941588881802588, -0.024786310203384974], 0, -1.0, [0.16628482094068164, -0.027874067239577166]
[0.16628482094068164, -0.027874067239577166], 0, -1.0, [0.13521542573674794, -0.0310693952039337]
[0.13521542573674794, -0.0310693952039337], 0, -1.0, [0.1008489116330753, -0.03436651410367264]
[0.1008489116330753, -0.03436651410367264], 0, -1.0, [0.06309594557883169, -0.037752966054243615]
[0.06309594557883169, -0.037752966054243615], 0, -1.0, [0.02188763331346768, -0.04120831226536401]
[0.02188763331346768, -0.04120831226536401], 0, -1.0, [-0.02281529136754442, -0.0447029246810121]
[-0.02281529136754442, -0.0447029246810121], 0, -1.0, [-0.07101236228731661, -0.0481970709197722]
[-0.07101236228731661, -0.0481970709197722], 1, -1.0, [-0.12165291644271337, -0.050640554155396755]
[-0.12165291644271337, -0.050640554155396755], 1, -1.0, [-0.17462881681003042, -0.052975900367317065]
[-0.17462881681003042, -0.052975900367317065], 0, -1.0, [-0.23076942100368694, -0.05614060419365651]
[-0.23076942100368694, -0.05614060419365651], 0, -1.0, [-0.28983446186344436, -0.05906504085975744]
[-0.28983446186344436, -0.05906504085975744], 0, -1.0, [-0.3515125178343838, -0.061678055970939435]
[-0.3515125178343838, -0.061678055970939435], 0, -1.0, [-0.4154246487047443, -0.06391213087036053]
[-0.4154246487047443, -0.06391213087036053], 0, -1.0, [-0.4811339199080021, -0.06570927120325777]
[-0.4811339199080021, -0.06570927120325777], 0, -1.0, [-0.5481608167551029, -0.06702689684710075]
[-0.5481608167551029, -0.06702689684710075], 0, -1.0, [-0.6160036649522248, -0.06784284819712197]
[-0.6160036649522248, -0.06784284819712197], 2, -1.0, [-0.682162318845283, -0.06615865389305822]
[-0.682162318845283, -0.06615865389305822], 0, -1.0, [-0.7481760914631815, -0.06601377261789855]
[-0.7481760914631815, -0.06601377261789855], 2, -1.0, [-0.8116300969879255, -0.06345400552474395]
[-0.8116300969879255, -0.06345400552474395], 2, -1.0, [-0.8721828343623356, -0.06055273737441001]
[-0.8721828343623356, -0.06055273737441001], 0, -1.0, [-0.931572317206812, -0.059389482844476475]
[-0.931572317206812, -0.059389482844476475], 0, -1.0, [-0.9896107014479576, -0.05803838424114557]
[-0.9896107014479576, -0.05803838424114557], 0, -1.0, [-1.0461863007493293, -0.05657559930137178]
[-1.0461863007493293, -0.05657559930137178], 0, -1.0, [-1.1012619115552513, -0.05507561080592196]
[-1.1012619115552513, -0.05507561080592196], 0, -1.0, [-1.1548703335816077, -0.053608422026356385]
[-1.1548703335816077, -0.053608422026356385], 0, -1.0, [-1.2, 0.0]
[-1.2, 0.0], 2, -1.0, [-1.1967581039591646, 0.003241896040835368]
[-1.1967581039591646, 0.003241896040835368], 2, -1.0, [-1.1902636585360942, 0.006494445423070332]
[-1.1902636585360942, 0.006494445423070332], 2, -1.0, [-1.1804959639787937, 0.009767694557300442]
[-1.1804959639787937, 0.009767694557300442], 2, -1.0, [-1.1674255149588486, 0.013070449019945182]
[-1.1674255149588486, 0.013070449019945182], 2, -1.0, [-1.1510159267200155, 0.016409588238833067]
[-1.1510159267200155, 0.016409588238833067], 2, -1.0, [-1.1312266168239755, 0.019789309896040046]
[-1.1312266168239755, 0.019789309896040046], 2, -1.0, [-1.108016322100852, 0.02321029472312345]
[-1.108016322100852, 0.02321029472312345], 2, -1.0, [-1.081347524946184, 0.02666879715466819]
[-1.081347524946184, 0.02666879715466819], 2, -1.0, [-1.0511918363028878, 0.03015568864329602]
