[-0.43525698128345797, 0.0], 0, -1.0, [-0.43691181569584436, -0.0016548344123863941]
[-0.43691181569584436, -0.0016548344123863941], 0, -1.0, [-0.4402094985706177, -0.0032976828747733264]
[-0.4402094985706177, -0.0032976828747733264], 0, -1.0, [-0.4451260978688673, -0.004916599298249632]
[-0.4451260978688673, -0.004916599298249632], 0, -1.0, [-0.45162582093818315, -0.006499723069315849]
[-0.45162582093818315, -0.006499723069315849], 0, -1.0, [-0.4596611566238164, -0.008035335685633246]
[-0.4596611566238164, -0.008035335685633246], 0, -1.0, [-0.4691730893515504, -0.00951193272773396]
[-0.4691730893515504, -0.00951193272773396], 0, -1.0, [-0.48009140344716905, -0.010918314095618675]
[-0.48009140344716905, -0.010918314095618675], 0, -1.0, [-0.4923350971320526, -0.012243693684883525]
[-0.4923350971320526, -0.012243693684883525], 0, -1.0, [-0.5058129247828265, -0.013477827650773827]
[-0.5058129247828265, -0.013477827650773827], 0, -1.0, [-0.5204240830276979, -0.014611158244871483]
[-0.5204240830276979, -0.014611158244871483], 0, -1.0, [-0.5360590511068878, -0.015634968079189883]
[-0.5360590511068878, -0.015634968079189883], 0, -1.0, [-0.5526005888820794, -0.016541537775191614]
[-0.5526005888820794, -0.016541537775191614], 0, -1.0, [-0.5699248873815123, -0.017324298499432834]
[-0.5699248873815123, -0.017324298499432834], 0, -1.0, [-0.587902857447662, -0.01797797006614976]
[-0.587902857447662, -0.01797797006614976], 0, -1.0, [-0.606401532695002, -0.0184986752473399]
[-0.606401532695002, -0.0184986752473399], 0, -1.0, [-0.6252855544404032, -0.018884021745401276]
[-0.6252855544404032, -0.018884021745401276], 0, -1.0, [-0.6444186993696186, -0.019133144929215348]
[-0.6444186993696186, -0.019133144929215348], 0, -1.0, [-0.6636654061553323, -0.01924670678571367]
[-0.6636654061553323, -0.01924670678571367], 0, -1.0, [-0.6828922555315807, -0.01922684937624837]
[-0.6828922555315807, -0.01922684937624837], 0, -1.0, [-0.7019693596564945, -0.01907710412491376]
[-0.7019693596564945, -0.01907710412491376], 0, -1.0, [-0.7207716208485709, -0.018802261192076362]
[-0.7207716208485709, -0.018802261192076362], 0, -1.0, [-0.7391798265554338, -0.01840820570686286]
[-0.7391798265554338, -0.01840820570686286], 0, -1.0, [-0.7570815560686297, -0.017901729513195942]
[-0.7570815560686297, -0.017901729513195942], 0, -1.0, [-0.7743718842495643, -0.01729032818093461]
[-0.7743718842495643, -0.01729032818093461], 2, -1.0, [-0.7889538775551841, -0.014581993305619784]
[-0.7889538775551841, -0.014581993305619784], 2, -1.0, [-0.8007493478178218, -0.01179547026263775]
[-0.8007493478178218, -0.01179547026263775], 2, -1.0, [-0.8096975422765569, -0.008948194458735086]
[-0.8096975422765569, -0.008948194458735086], 2, -1.0, [-0.8157539119705746, -0.006056369694017643]
[-0.8157539119705746, -0.006056369694017643], 2, -1.0, [-0.8188890766635443, -0.003135164692969706]
[-0.8188890766635443, -0.003135164692969706], 2, -1.0, [-0.8190880757879778, -0.0001989991244335]
[-0.8190880757879778, -0.0001989991244335], 2, -1.0, [-0.8163499655148456, 0.0027381102731321603]
[-0.8163499655148456, 0.0027381102731321603], 2, -1.0, [-0.8106877928315918, 0.005662172683253832]
[-0.8106877928315918, 0.005662172683253832], 2, -1.0, [-0.8021289485824643, 0.008558844249127482]
[-0.8021289485824643, 0.008558844249127482], 2, -1.0, [-0.7907158725193447, 0.011413076063119598]
[-0.7907158725193447, 0.011413076063119598], 2, -1.0, [-0.7765070542336934, 0.014208818285651386]
[-0.7765070542336934, 0.014208818285651386], 2, -1.0, [-0.7595782444470465, 0.0169288097866469]
[-0.7595782444470465, 0.0169288097866469], 2, -1.0, [-0.7400237622777771, 0.019554482169269412]
[-0.7400237622777771, 0.019554482169269412], 2, -1.0, [-0.7179577574731282, 0.02206600480464898]
[-0.7179577574731282, 0.02206600480464898], 2, -1.0, [-0.6935152649470061, 0.024442492526122107]
[-0.6935152649470061, 0.024442492526122107], 2, -1.0, [-0.6668528759679392, 0.026662388979066927]
[-0.6668528759679392, 0.026662388979066927], 2, -1.0, [-0.6381488501626129, 0.028704025805326328]
[-0.6381488501626129, 0.028704025805326328], 2, -1.0, [-0.6076025090367744, 0.030546341125838487]
[-0.6076025090367744, 0.030546341125838487], 2, -1.0, [-0.5754327875745766, 0.03216972146219775]
[-0.5754327875745766, 0.03216972146219775], 2, -1.0, [-0.5418758758696242, 0.03355691170495243]
[-0.5418758758696242, 0.03355691170495243], 2, -1.0, [-0.5071819545892897, 0.03469392128033445]
[-0.5071819545892897, 0.03469392128033445], 2, -1.0, [-0.47161110969659165, 0.03557084489269807]
[-0.47161110969659165, 0.03557084489269807], 2, -1.0, [-0.43542859350488744, 0.03618251619170421]
[-0.43542859350488744, 0.03618251619170421], 2, -1.0, [-0.39889966948488764, 0.036528924019999784]
[-0.39889966948488764, 0.036528924019999784], 2, -1.0, [-0.3622843265344125, 0.03661534295047512]
[-0.3622843265344125, 0.03661534295047512], 2, -1.0, [-0.3258321668466595, 0.03645215968775298]
[-0.3258321668466595, 0.03645215968775298], 2, -1.0, [-0.28977775703076103, 0.0360544098158985]
[-0.28977775703076103, 0.0360544098158985], 2, -1.0, [-0.2543366872250576, 0.03544106980570343]
[-0.2543366872250576, 0.03544106980570343], 2, -1.0, [-0.21970251500474858, 0.034634172220309026]
[-0.21970251500474858, 0.034634172220309026], 2, -1.0, [-0.1860446905244677, 0.03365782448028089]
[-0.1860446905244677, 0.03365782448028089], 2, -1.0, [-0.15350747802150144, 0.03253721250296625]
[-0.15350747802150144, 0.03253721250296625], 2, -1.0, [-0.12220981662263278, 0.03129766139886867]
[-0.12220981662263278, 0.03129766139886867], 2, -1.0, [-0.09224600744962008, 0.0299638091730127]
[-0.09224600744962008, 0.0299638091730127], 2, -1.0, [-0.06368707775063659, 0.028558929698983486]
[-0.06368707775063659, 0.028558929698983486], 2, -1.0, [-0.03658265619875617, 0.02710442155188042]
[-0.03658265619875617, 0.02710442155188042], 2, -1.0, [-0.010963193981795006, 0.025619462216961163]
[-0.010963193981795006, 0.025619462216961163], 2, -1.0, [0.013157620269032885, 0.02412081425082789]
[0.013157620269032885, 0.02412081425082789], 2, -1.0, [0.035780381900414215, 0.02262276163138133]
[0.035780381900414215, 0.02262276163138133], 2, -1.0, [0.05691753235996416, 0.021137150459549944]
[0.05691753235996416, 0.021137150459549944], 2, -1.0, [0.07659103991536174, 0.019673507555397582]
[0.07659103991536174, 0.019673507555397582], 2, -1.0, [0.09483025223689985, 0.018239212321538106]
[0.09483025223689985, 0.018239212321538106], 2, -1.0, [0.11166995279403144, 0.01683970055713159]
[0.11166995279403144, 0.01683970055713159], 2, -1.0, [0.1271486356800264, 0.015478682885994957]
[0.1271486356800264, 0.015478682885994957], 2, -1.0, [0.14130700019479517, 0.014158364514768769]
[0.14130700019479517, 0.014158364514768769], 2, -1.0, [0.15418665696852255, 0.012879656773727377]
[0.15418665696852255, 0.012879656773727377], 2, -1.0, [0.16582903107121752, 0.011642374102694985]
[0.16582903107121752, 0.011642374102694985], 2, -1.0, [0.17627444382021784, 0.010445412749000314]
[0.17627444382021784, 0.010445412749000314], 0, -1.0, [0.18356135327357695, 0.00728690945335911]
[0.18356135327357695, 0.00728690945335911], 0, -1.0, [0.18771784579370845, 0.004156492520131517]
[0.18771784579370845, 0.004156492520131517], 0, -1.0, [0.18876039885041146, 0.001042553056703018]
[0.18876039885041146, 0.001042553056703018], 0, -1.0, [0.18669319707078194, -0.0020672017796295296]
[0.18669319707078194, -0.0020672017796295296], 0, -1.0, [0.18150796321471138, -0.005185233856070549]
[0.18150796321471138, -0.005185233856070549], 0, -1.0, [0.17318429431346039, -0.008323668901250999]
[0.17318429431346039, -0.008323668901250999], 0, -1.0, [0.16169052227092937, -0.01149377204253102]
[0.16169052227092937, -0.01149377204253102], 0, -1.0, [0.14698514627390682, -0.01470537599702254]
[0.14698514627390682, -0.01470537599702254], 0, -1.0, [0.12901890954882436, -0.017966236725082466]
[0.12901890954882436, -0.017966236725082466], 0, -1.0, [0.10773761269938373, -0.021281296849440638]
[0.10773761269938373, -0.021281296849440638], 1, -1.0, [0.08408576617685548, -0.02365184652252824]
[0.08408576617685548, -0.02365184652252824], 0, -1.0, [0.05701304093158794, -0.02707272524526754]
[0.05701304093158794, -0.02707272524526754], 0, -1.0, [0.026476794602319446, -0.030536246329268494]
[0.026476794602319446, -0.030536246329268494], 0, -1.0, [-0.007551569390177721, -0.03402836399249717]
[-0.007551569390177721, -0.03402836399249717], 0, -1.0, [-0.045079291865360194, -0.037527722475182476]
[-0.045079291865360194, -0.037527722475182476], 0, -1.0, [-0.08608418755909121, -0.04100489569373102]
[-0.08608418755909121, -0.04100489569373102], 0, -1.0, [-0.13050617758933153, -0.044421990030240305]
[-0.13050617758933153, -0.044421990030240305], 0, -1.0, [-0.17823899428237133, -0.04773281669303982]
[-0.17823899428237133, -0.04773281669303982], 0, -1.0, [-0.22912284319685872, -0.05088384891448739]
[-0.22912284319685872, -0.05088384891448739], 0, -1.0, [-0.2829389880401607, -0.053816144843302]
[-0.2829389880401607, -0.053816144843302], 0, -1.0, [-0.33940731157222515, -0.05646832353206446]
[-0.33940731157222515, -0.05646832353206446], 0, -1.0, [-0.39818783567136473, -0.05878052409913958]
[-0.39818783567136473, -0.05878052409913958], 0, -1.0, [-0.4588869082671526, -0.06069907259578787]
[-0.4588869082671526, -0.06069907259578787], 0, -1.0, [-0.5210682769805117, -0.06218136871335915]
[-0.5210682769805117, -0.06218136871335915], 0, -1.0, [-0.5842686242512114, -0.06320034727069973]
[-0.5842686242512114, -0.06320034727069973], 0, -1.0, [-0.648016455797594, -0.06374783154638265]
[-0.648016455797594, -0.06374783154638265], 2, -1.0, [-0.7098526713140602, -0.06183621551646607]
[-0.7098526713140602, -0.06183621551646607], 1, -1.0, [-0.7703635452704509, -0.060510873956390716]
[-0.7703635452704509, -0.060510873956390716], 2, -1.0, [-0.8281881561758978, -0.057824610905446855]
[-0.8281881561758978, -0.057824610905446855], 1, -1.0, [-0.8840332400559536, -0.05584508388005578]
[-0.8840332400559536, -0.05584508388005578], 0, -1.0, [-0.9386718954764409, -0.05463865542048731]
[-0.9386718954764409, -0.05463865542048731], 0, -1.0, [-0.991941885051905, -0.053269989575464055]
[-0.991941885051905, -0.053269989575464055], 0, -1.0, [-1.0437461444175447, -0.0518042593656398]
[-1.0437461444175447, -0.0518042593656398], 0, -1.0, [-1.0940505377943357, -0.050304393376791004]
[-1.0940505377943357, -0.050304393376791004], 0, -1.0, [-1.1428795865647852, -0.04882904877044948]
[-1.1428795865647852, -0.04882904877044948], 0, -1.0, [-1.190310924419619, -0.0474313378548339]
[-1.190310924419619, -0.0474313378548339], 0, -1.0, [-1.2, 0.0]
[-1.2, 0.0], 2, -1.0, [-1.1967581039591646, 0.003241896040835368]
[-1.1967581039591646, 0.003241896040835368], 2, -1.0, [-1.1902636585360942, 0.006494445423070332]
[-1.1902636585360942, 0.006494445423070332], 2, -1.0, [-1.1804959639787937, 0.009767694557300442]
[-1.1804959639787937, 0.009767694557300442], 2, -1.0, [-1.1674255149588486, 0.013070449019945182]
[-1.1674255149588486, 0.013070449019945182], 2, -1.0, [-1.1510159267200155, 0.016409588238833067]
[-1.1510159267200155, 0.016409588238833067], 2, -1.0, [-1.1312266168239755, 0.019789309896040046]
[-1.1312266168239755, 0.019789309896040046], 2, -1.0, [-1.108016322100852, 0.02321029472312345]
[-1.108016322100852, 0.02321029472312345], 2, -1.0, [-1.081347524946184, 0.02666879715466819]
[-1.081347524946184, 0.02666879715466819], 2, -1.0, [-1.0511918363028878, 0.03015568864329602]
[-1.0511918363028878, 0.03015568864329602], 2, -1.0, [-1.0175363271434712, 0.0336555091594167]
[-1.0175363271434712, 0.0336555091594167], 2, -1.0, [-0.9803907090723114, 0.03714561807115983]
[-0.9803907090723114, 0.03714561807115983], 2, -1.0, [-0.9397951336374217, 0.04059557543488971]
[-0.9397951336374217, 0.04059557543488971], 2, -1.0, [-0.8958282112564235, 0.043966922380998245]
[-0.8958282112564235, 0.043966922380998245], 2, -1.0, [-0.8486146572192776, 0.04721355403714586]
[-0.8486146572192776, 0.04721355403714586], 2, -1.0, [-0.7983317816221248, 0.05028287559715283]
[-0.7983317816221248, 0.05028287559715283], 2, -1.0, [-0.7452138959379592, 0.0531178856841656]
[-0.7452138959379592, 0.0531178856841656], 2, -1.0, [-0.6895536666604415, 0.0556602292775177]
[-0.6895536666604415, 0.0556602292775177], 2, -1.0, [-0.6316995610792892, 0.057854105581152386]
[-0.6316995610792892, 0.057854105581152386], 2, -1.0, [-0.5720488365336812, 0.05965072454560789]
[-0.5720488365336812, 0.05965072454560789], 2, -1.0, [-0.5110360146660762, 0.061012821867605024]
[-0.5110360146660762, 0.061012821867605024], 2, -1.0, [-0.44911739120176025, 0.061918623464315904]
[-0.44911739120176025, 0.061918623464315904], 2, -1.0, [-0.38675274139346727, 0.06236464980829299]
[-0.38675274139346727, 0.06236464980829299], 1, -1.0, [-0.3253858485235833, 0.06136689286988392]
[-0.3253858485235833, 0.06136689286988392], 2, -1.0, [-0.2644194795915768, 0.060966368932006514]
[-0.2644194795915768, 0.060966368932006514], 2, -1.0, [-0.20420692801105292, 0.06021255158052388]
[-0.20420692801105292, 0.06021255158052388], 1, -1.0, [-0.1460397360375124, 0.05816719197354049]
[-0.1460397360375124, 0.05816719197354049], 2, -1.0, [-0.08913642197900745, 0.05690331405850497]
[-0.08913642197900745, 0.05690331405850497], 2, -1.0, [-0.033644254649114975, 0.055492167329892476]
[-0.033644254649114975, 0.055492167329892476], 1, -1.0, [0.019360636152205526, 0.0530048908013205]
[0.019360636152205526, 0.0530048908013205], 2, -1.0, [0.07086974265329711, 0.051509106501091584]
[0.07086974265329711, 0.051509106501091584], 1, -1.0, [0.11993513998765798, 0.049065397334360876]
[0.11993513998765798, 0.049065397334360876], 1, -1.0, [0.16666062394328465, 0.04672548395562668]
[0.16666062394328465, 0.04672548395562668], 0, -1.0, [0.21019212976677656, 0.04353150582349191]
[0.21019212976677656, 0.04353150582349191], 0, -1.0, [0.2507044160968364, 0.04051228633005987]
[0.2507044160968364, 0.04051228633005987], 0, -1.0, [0.2883910855163777, 0.0376866694195413]
[0.2883910855163777, 0.0376866694195413], 1, -1.0, [0.3244564843328867, 0.036065398816509005]
[0.3244564843328867, 0.036065398816509005], 1, -1.0, [0.35911559086489797, 0.03465910653201125]
[0.35911559086489797, 0.03465910653201125], 1, -1.0, [0.3925905305542404, 0.03347493968934248]
[0.3925905305542404, 0.03347493968934248], 1, -1.0, [0.4251080095520584, 0.032517478997817956]
[0.4251080095520584, 0.032517478997817956], 1, -1.0, [0.4568975092659994, 0.03178949971394104]
[0.4568975092659994, 0.03178949971394104], 1, -1.0, [0.4881900813308097, 0.031292572064810294]
[0.4881900813308097, 0.031292572064810294], 1, -1.0, [0.5192175873456836, 0.031027506014873914]
