[-0.4619255868184621, 0.0], 0, -1.0, [-0.46338550123335515, -0.0014599144148930644]
[-0.46338550123335515, -0.0014599144148930644], 0, -1.0, [-0.4662945632048838, -0.0029090619715286554]
[-0.4662945632048838, -0.0029090619715286554], 0, -1.0, [-0.470631292937756, -0.004336729732872206]
[-0.470631292937756, -0.004336729732872206], 0, -1.0, [-0.4763636091145666, -0.005732316176810588]
[-0.4763636091145666, -0.005732316176810588], 0, -1.0, [-0.4834490046006701, -0.007085395486103508]
[-0.4834490046006701, -0.007085395486103508], 0, -1.0, [-0.4918347957792975, -0.00838579117862743]
[-0.4918347957792975, -0.00838579117862743], 0, -1.0, [-0.501458456427072, -0.009623660647774528]
[-0.501458456427072, -0.009623660647774528], 0, -1.0, [-0.5122480473987967, -0.010789590971724706]
[-0.5122480473987967, -0.010789590971724706], 0, -1.0, [-0.5241227523807823, -0.011874704981985595]
[-0.5241227523807823, -0.011874704981985595], 0, -1.0, [-0.5369935275385177, -0.01287077515773538]
[-0.5369935275385177, -0.01287077515773538], 0, -1.0, [-0.5507638690913971, -0.013770341552879324]
[-0.5507638690913971, -0.013770341552879324], 0, -1.0, [-0.565330697888757, -0.014566828797359963]
[-0.565330697888757, -0.014566828797359963], 0, -1.0, [-0.5805853542600469, -0.015254656371289897]
[-0.5805853542600469, -0.015254656371289897], 0, -1.0, [-0.5964146902009049, -0.01582933594085802]
[-0.5964146902009049, -0.01582933594085802], 0, -1.0, [-0.6127022398469666, -0.01628754964606167]
[-0.6127022398469666, -0.01628754964606167], 0, -1.0, [-0.6293294437183914, -0.01662720387142482]
[-0.6293294437183914, -0.01662720387142482], 0, -1.0, [-0.6461768979021881, -0.016847454183796733]
[-0.6461768979021881, -0.016847454183796733], 0, -1.0, [-0.6631255966010192, -0.016948698698831137]
[-0.6631255966010192, -0.016948698698831137], 0, -1.0, [-0.6800581356020221, -0.016932539001002892]
[-0.6800581356020221, -0.016932539001002892], 0, -1.0, [-0.6968598453187993, -0.01680170971677717]
[-0.6968598453187993, -0.01680170971677717], 0, -1.0, [-0.7134198250582732, -0.016559979739473846]
[-0.7134198250582732, -0.016559979739473846], 0, -1.0, [-0.7296318548100229, -0.016212029751749756]
[-0.7296318548100229, -0.016212029751749756], 0, -1.0, [-0.7453951667559754, -0.015763311945952475]
[-0.7453951667559754, -0.015763311945952475], 2, -1.0, [-0.758615065369103, -0.013219898613127577]
[-0.758615065369103, -0.013219898613127577], 2, -1.0, [-0.7692147863617439, -0.010599720992640997]
[-0.7692147863617439, -0.010599720992640997], 2, -1.0, [-0.7771346150120306, -0.007919828650286774]
[-0.7771346150120306, -0.007919828650286774], 2, -1.0, [-0.7823310394896953, -0.005196424477664646]
[-0.7823310394896953, -0.005196424477664646], 2, -1.0, [-0.7847760374994032, -0.0024449980097078837]
[-0.7847760374994032, -0.0024449980097078837], 2, -1.0, [-0.7844565709539272, 0.00031946654547600727]
[-0.7844565709539272, 0.00031946654547600727], 2, -1.0, [-0.7813743380496843, 0.0030822329042428814]
[-0.7813743380496843, 0.0030822329042428814], 2, -1.0, [-0.7755458060290411, 0.0058285320206432015]
[-0.7755458060290411, 0.0058285320206432015], 2, -1.0, [-0.7670025215857975, 0.008543284443243575]
[-0.7670025215857975, 0.008543284443243575], 2, -1.0, [-0.7557916695694373, 0.011210852016360148]
[-0.7557916695694373, 0.011210852016360148], 2, -1.0, [-0.7419768246692792, 0.01381484490015817]
[-0.7419768246692792, 0.01381484490015817], 2, -1.0, [-0.7256388157115777, 0.01633800895770148]
[-0.7256388157115777, 0.01633800895770148], 2, -1.0, [-0.7068765992023983, 0.018762216509179388]
[-0.7068765992023983, 0.018762216509179388], 2, -1.0, [-0.68580801956455, 0.021068579637848358]
[-0.68580801956455, 0.021068579637848358], 2, -1.0, [-0.6625703205396128, 0.02323769902493709]
[-0.6625703205396128, 0.02323769902493709], 2, -1.0, [-0.6373202682549798, 0.02525005228463302]
[-0.6373202682549798, 0.02525005228463302], 2, -1.0, [-0.6102337542632814, 0.027086513991698407]
[-0.6102337542632814, 0.027086513991698407], 2, -1.0, [-0.5815047685670108, 0.02872898569627063]
[-0.5815047685670108, 0.02872898569627063], 2, -1.0, [-0.5513436689840784, 0.03016109958293241]
[-0.5513436689840784, 0.03016109958293241], 2, -1.0, [-0.5199747228887285, 0.03136894609534988]
[-0.5199747228887285, 0.03136894609534988], 2, -1.0, [-0.4876329566532324, 0.03234176623549604]
[-0.4876329566532324, 0.03234176623549604], 2, -1.0, [-0.45456041097805977, 0.03307254567517267]
[-0.45456041097805977, 0.03307254567517267], 2, -1.0, [-0.4210019590751304, 0.0335584519029294]
[-0.4210019590751304, 0.0335584519029294], 2, -1.0, [-0.38720089133330404, 0.033801067741826334]
[-0.38720089133330404, 0.033801067741826334], 2, -1.0, [-0.35339449779314114, 0.033806393540162905]
[-0.35339449779314114, 0.033806393540162905], 2, -1.0, [-0.3198098842584177, 0.03358461353472342]
[-0.3198098842584177, 0.03358461353472342], 2, -1.0, [-0.28666023851470124, 0.03314964574371647]
[-0.28666023851470124, 0.03314964574371647], 2, -1.0, [-0.2541417229775453, 0.032518515537155936]
[-0.2541417229775453, 0.032518515537155936], 2, -1.0, [-0.22243111526527096, 0.03171060771227432]
[-0.22243111526527096, 0.03171060771227432], 2, -1.0, [-0.19168425652057958, 0.030746858744691387]
[-0.19168425652057958, 0.030746858744691387], 2, -1.0, [-0.1620353067842099, 0.02964894973636967]
[-0.1620353067842099, 0.02964894973636967], 2, -1.0, [-0.13359675409507826, 0.028438552689131653]
[-0.13359675409507826, 0.028438552689131653], 2, -1.0, [-0.10646008381544127, 0.027136670279636996]
[-0.10646008381544127, 0.027136670279636996], 2, -1.0, [-0.08069698900566889, 0.025763094809772374]
[-0.08069698900566889, 0.025763094809772374], 2, -1.0, [-0.05636099125451895, 0.024335997751149942]
[-0.05636099125451895, 0.024335997751149942], 0, -1.0, [-0.03548934224620219, 0.020871649008316753]
[-0.03548934224620219, 0.020871649008316753], 0, -1.0, [-0.01810353731653796, 0.017385804929664232]
[-0.01810353731653796, 0.017385804929664232], 0, -1.0, [-0.004214046239862455, 0.013889491076675503]
[-0.004214046239862455, 0.013889491076675503], 0, -1.0, [0.006175644613741526, 0.010389690853603981]
[0.006175644613741526, 0.010389690853603981], 0, -1.0, [0.013065764514169813, 0.006890119900428288]
[0.013065764514169813, 0.006890119900428288], 0, -1.0, [0.016457804703490096, 0.003392040189320281]
[0.016457804703490096, 0.003392040189320281], 0, -1.0, [0.0163528914413715, -0.00010491326211859494]
[0.0163528914413715, -0.00010491326211859494], 0, -1.0, [0.012750986017827844, -0.0036019054235436557]
[0.012750986017827844, -0.0036019054235436557], 0, -1.0, [0.0056509094822517324, -0.0071000765355761115]
[0.0056509094822517324, -0.0071000765355761115], 0, -1.0, [-0.004948807818175799, -0.010599717300427532]
[-0.004948807818175799, -0.010599717300427532], 0, -1.0, [-0.01904824960330232, -0.01409944178512652]
[-0.01904824960330232, -0.01409944178512652], 0, -1.0, [-0.036643610596207674, -0.01759536099290535]
[-0.036643610596207674, -0.01759536099290535], 0, -1.0, [-0.057723880810982384, -0.02108027021477471]
[-0.057723880810982384, -0.02108027021477471], 0, -1.0, [-0.08226675908761197, -0.02454287827662959]
[-0.08226675908761197, -0.02454287827662959], 0, -1.0, [-0.11023388507540602, -0.027967125987794057]
[-0.11023388507540602, -0.027967125987794057], 0, -1.0, [-0.14156554792366222, -0.031331662848256184]
[-0.14156554792366222, -0.031331662848256184], 0, -1.0, [-0.1761751201996945, -0.03460957227603228]
[-0.1761751201996945, -0.03460957227603228], 0, -1.0, [-0.21394357150451354, -0.037768451304819046]
[-0.21394357150451354, -0.037768451304819046], 0, -1.0, [-0.25471452560937063, -0.04077095410485707]
[-0.25471452560937063, -0.04077095410485707], 0, -1.0, [-0.29829041770808845, -0.0435758920987178]
[-0.29829041770808845, -0.0435758920987178], 0, -1.0, [-0.3444303579585268, -0.04613994025043834]
[-0.3444303579585268, -0.04613994025043834], 2, -1.0, [-0.3908502847782509, -0.046419926819724136]
[-0.3908502847782509, -0.046419926819724136], 0, -1.0, [-0.43923971589015454, -0.04838943111190362]
[-0.43923971589015454, -0.04838943111190362], 0, -1.0, [-0.48925510775278236, -0.050015391862627795]
[-0.48925510775278236, -0.050015391862627795], 0, -1.0, [-0.5405276216518835, -0.0512725138991011]
[-0.5405276216518835, -0.0512725138991011], 0, -1.0, [-0.5926732237786773, -0.05214560212679377]
[-0.5926732237786773, -0.05214560212679377], 0, -1.0, [-0.6453044672933106, -0.052631243514633386]
[-0.6453044672933106, -0.052631243514633386], 0, -1.0, [-0.6980430641713211, -0.052738596878010496]
[-0.6980430641713211, -0.052738596878010496], 0, -1.0, [-0.7505322368052937, -0.05248917263397258]
[-0.7505322368052937, -0.05248917263397258], 0, -1.0, [-0.8024478714917327, -0.05191563468643895]
[-0.8024478714917327, -0.05191563468643895], 0, -1.0, [-0.853507670855911, -0.05105979936417822]
[-0.853507670855911, -0.05105979936417822], 0, -1.0, [-0.9034777802635108, -0.04997010940759986]
[-0.9034777802635108, -0.04997010940759986], 0, -1.0, [-0.9521766850328643, -0.04869890476935354]
[-0.9521766850328643, -0.04869890476935354], 0, -1.0, [-0.9994764796753556, -0.04729979464249124]
[-0.9994764796753556, -0.04729979464249124], 0, -1.0, [-1.0453018502225313, -0.04582537054717576]
[-1.0453018502225313, -0.04582537054717576], 0, -1.0, [-1.0896272611985227, -0.04432541097599135]
[-1.0896272611985227, -0.04432541097599135], 0, -1.0, [-1.1324728979965364, -0.042845636798013766]
[-1.1324728979965364, -0.042845636798013766], 0, -1.0, [-1.1738998982928626, -0.04142700029632607]
[-1.1738998982928626, -0.04142700029632607], 0, -1.0, [-1.2, 0.0]
[-1.2, 0.0], 2, -1.0, [-1.1967581039591646, 0.003241896040835368]
[-1.1967581039591646, 0.003241896040835368], 2, -1.0, [-1.1902636585360942, 0.006494445423070332]
[-1.1902636585360942, 0.006494445423070332], 2, -1.0, [-1.1804959639787937, 0.009767694557300442]
[-1.1804959639787937, 0.009767694557300442], 2, -1.0, [-1.1674255149588486, 0.013070449019945182]
[-1.1674255149588486, 0.013070449019945182], 2, -1.0, [-1.1510159267200155, 0.016409588238833067]
[-1.1510159267200155, 0.016409588238833067], 2, -1.0, [-1.1312266168239755, 0.019789309896040046]
[-1.1312266168239755, 0.019789309896040046], 2, -1.0, [-1.108016322100852, 0.02321029472312345]
[-1.108016322100852, 0.02321029472312345], 2, -1.0, [-1.081347524946184, 0.02666879715466819]
[-1.081347524946184, 0.02666879715466819], 2, -1.0, [-1.0511918363028878, 0.03015568864329602]
[-1.0511918363028878, 0.03015568864329602], 2, -1.0, [-1.0175363271434712, 0.0336555091594167]
[-1.0175363271434712, 0.0336555091594167], 2, -1.0, [-0.9803907090723114, 0.03714561807115983]
[-0.9803907090723114, 0.03714561807115983], 2, -1.0, [-0.9397951336374217, 0.04059557543488971]
[-0.9397951336374217, 0.04059557543488971], 2, -1.0, [-0.8958282112564235, 0.043966922380998245]
[-0.8958282112564235, 0.043966922380998245], 2, -1.0, [-0.8486146572192776, 0.04721355403714586]
[-0.8486146572192776, 0.04721355403714586], 2, -1.0, [-0.7983317816221248, 0.05028287559715283]
[-0.7983317816221248, 0.05028287559715283], 2, -1.0, [-0.7452138959379592, 0.0531178856841656]
[-0.7452138959379592, 0.0531178856841656], 2, -1.0, [-0.6895536666604415, 0.0556602292775177]
[-0.6895536666604415, 0.0556602292775177], 2, -1.0, [-0.6316995610792892, 0.057854105581152386]
[-0.6316995610792892, 0.057854105581152386], 2, -1.0, [-0.5720488365336812, 0.05965072454560789]
[-0.5720488365336812, 0.05965072454560789], 2, -1.0, [-0.5110360146660762, 0.061012821867605024]
[-0.5110360146660762, 0.061012821867605024], 2, -1.0, [-0.44911739120176025, 0.061918623464315904]
[-0.44911739120176025, 0.061918623464315904], 2, -1.0, [-0.38675274139346727, 0.06236464980829299]
[-0.38675274139346727, 0.06236464980829299], 0, -1.0, [-0.3263858485235833, 0.06036689286988392]
[-0.3263858485235833, 0.06036689286988392], 2, -1.0, [-0.26641326066670956, 0.05997258785687377]
[-0.26641326066670956, 0.05997258785687377], 2, -1.0, [-0.2071838024472931, 0.05922945821941646]
[-0.2071838024472931, 0.05922945821941646], 2, -1.0, [-0.14898678436628338, 0.05819701808100971]
[-0.14898678436628338, 0.05819701808100971], 2, -1.0, [-0.09204417899061942, 0.05694260537566395]
[-0.09204417899061942, 0.05694260537566395], 2, -1.0, [-0.036506866223770036, 0.05553731276684939]
[-0.036506866223770036, 0.05553731276684939], 2, -1.0, [0.017545425014080178, 0.054052291237850214]
[0.017545425014080178, 0.054052291237850214], 0, -1.0, [0.06810117867422344, 0.05055575366014327]
[0.06810117867422344, 0.05055575366014327], 0, -1.0, [0.11520892602374366, 0.047107747349520224]
[0.11520892602374366, 0.047107747349520224], 0, -1.0, [0.15896451513949328, 0.04375558911574963]
[0.15896451513949328, 0.04375558911574963], 0, -1.0, [0.19949904141340807, 0.040534526273914795]
[0.19949904141340807, 0.040534526273914795], 0, -1.0, [0.23696810951229677, 0.037469068098888704]
[0.23696810951229677, 0.037469068098888704], 0, -1.0, [0.2715427473759544, 0.03457463786365763]
[0.2715427473759544, 0.03457463786365763], 0, -1.0, [0.3034020380301728, 0.0318592906542184]
[0.3034020380301728, 0.0318592906542184], 0, -1.0, [0.33272737116287165, 0.029325333132698875]
[0.33272737116287165, 0.029325333132698875], 0, -1.0, [0.35969812651805233, 0.026970755355180703]
[0.35969812651805233, 0.026970755355180703], 0, -1.0, [0.3844885646487149, 0.02479043813066255]
[0.3844885646487149, 0.02479043813066255], 2, -1.0, [0.40926569869543056, 0.02477713404671568]
[0.40926569869543056, 0.02477713404671568], 0, -1.0, [0.4322020499253363, 0.022936351229905744]
[0.4322020499253363, 0.022936351229905744], 2, -1.0, [0.45546148252035046, 0.02325943259501418]
[0.45546148252035046, 0.02325943259501418], 0, -1.0, [0.4772134368187743, 0.021751954298423866]
[0.4772134368187743, 0.021751954298423866], 2, -1.0, [0.49961862276989194, 0.022405185951117613]
[0.49961862276989194, 0.022405185951117613], 0, -1.0, [0.520844112669147, 0.02122548989925509]
