[-0.5300578166719739, 0.0], 0, -1.0, [-0.5310093768953581, -0.000951560223384164]
[-0.5310093768953581, -0.000951560223384164], 0, -1.0, [-0.532905362187292, -0.0018959852919339464]
[-0.532905362187292, -0.0018959852919339464], 0, -1.0, [-0.5357315571477115, -0.002826194960419434]
[-0.5357315571477115, -0.002826194960419434], 0, -1.0, [-0.5394667763376646, -0.0037352191899531133]
[-0.5394667763376646, -0.0037352191899531133], 0, -1.0, [-0.5440830304658891, -0.004616254128224485]
[-0.5440830304658891, -0.004616254128224485], 0, -1.0, [-0.5495457493613575, -0.005462718895468293]
[-0.5495457493613575, -0.005462718895468293], 0, -1.0, [-0.5558140624167449, -0.006268313055387411]
[-0.5558140624167449, -0.006268313055387411], 0, -1.0, [-0.5628411367758531, -0.0070270743591082365]
[-0.5628411367758531, -0.0070270743591082365], 0, -1.0, [-0.5705745728126886, -0.007733436036835479]
[-0.5705745728126886, -0.007733436036835479], 0, -1.0, [-0.5789568554181616, -0.008382282605472899]
[-0.5789568554181616, -0.008382282605472899], 0, -1.0, [-0.5879258583097973, -0.008969002891635765]
[-0.5879258583097973, -0.008969002891635765], 0, -1.0, [-0.5974153970772815, -0.009489538767484264]
[-0.5974153970772815, -0.009489538767484264], 0, -1.0, [-0.6073558250642156, -0.009940427986934047]
[-0.6073558250642156, -0.009940427986934047], 0, -1.0, [-0.6176746645748612, -0.010318839510645623]
[-0.6176746645748612, -0.010318839510645623], 0, -1.0, [-0.6282972644042474, -0.010622599829386223]
[-0.6282972644042474, -0.010622599829386223], 0, -1.0, [-0.6391474734402651, -0.010850209036017737]
[-0.6391474734402651, -0.010850209036017737], 0, -1.0, [-0.6501483191848695, -0.011000845744604401]
[-0.6501483191848695, -0.011000845744604401], 0, -1.0, [-0.6612226795736358, -0.01107436038876633]
[-0.6612226795736358, -0.01107436038876633], 0, -1.0, [-0.6722939364935059, -0.011071256919870109]
[-0.6722939364935059, -0.011071256919870109], 0, -1.0, [-0.6832865999264778, -0.010992663432971866]
[-0.6832865999264778, -0.010992663432971866], 0, -1.0, [-0.6941268926633349, -0.010840292736857191]
[-0.6941268926633349, -0.010840292736857191], 0, -1.0, [-0.7047432869816805, -0.010616394318345589]
[-0.7047432869816805, -0.010616394318345589], 0, -1.0, [-0.7150669864817685, -0.0103236995000879]
[-0.7150669864817685, -0.0103236995000879], 0, -1.0, [-0.7250323483152769, -0.009965361833508369]
[-0.7250323483152769, -0.009965361833508369], 2, -1.0, [-0.7325772432076424, -0.007544894892365488]
[-0.7325772432076424, -0.007544894892365488], 2, -1.0, [-0.7376554738088783, -0.005078230601235912]
[-0.7376554738088783, -0.005078230601235912], 2, -1.0, [-0.7402363677663502, -0.002580893957471825]
[-0.7402363677663502, -0.002580893957471825], 2, -1.0, [-0.7403044693082667, -6.810154191652174e-05]
[-0.7403044693082667, -6.810154191652174e-05], 2, -1.0, [-0.7378593718302369, 0.0024450974780297623]
[-0.7378593718302369, 0.0024450974780297623], 2, -1.0, [-0.732915713380344, 0.004943658449892849]
[-0.732915713380344, 0.004943658449892849], 2, -1.0, [-0.725503335623058, 0.007412377757285952]
[-0.725503335623058, 0.007412377757285952], 2, -1.0, [-0.7156675855289701, 0.00983575009408791]
[-0.7156675855289701, 0.00983575009408791], 2, -1.0, [-0.7034697183817208, 0.012197867147249365]
[-0.7034697183817208, 0.012197867147249365], 2, -1.0, [-0.6889873415528682, 0.014482376828852558]
[-0.6889873415528682, 0.014482376828852558], 2, -1.0, [-0.6723148219591779, 0.016672519593690364]
[-0.6723148219591779, 0.016672519593690364], 2, -1.0, [-0.6535635675681506, 0.01875125439102733]
[-0.6535635675681506, 0.01875125439102733], 2, -1.0, [-0.6328620863763124, 0.020701481191838268]
[-0.6328620863763124, 0.020701481191838268], 2, -1.0, [-0.6103557266316605, 0.022506359744651913]
[-0.6103557266316605, 0.022506359744651913], 2, -1.0, [-0.5862060111565572, 0.024149715475103237]
[-0.5862060111565572, 0.024149715475103237], 2, -1.0, [-0.5605894972931202, 0.02561651386343701]
[-0.5605894972931202, 0.02561651386343701], 2, -1.0, [-0.533696122084126, 0.02689337520899423]
[-0.533696122084126, 0.02689337520899423], 2, -1.0, [-0.5057270283577097, 0.027969093726416264]
[-0.5057270283577097, 0.027969093726416264], 1, -1.0, [-0.4778919085273022, 0.02783511983040748]
[-0.4778919085273022, 0.02783511983040748], 0, -1.0, [-0.45139851698033107, 0.02649339154697113]
[-0.45139851698033107, 0.02649339154697113], 0, -1.0, [-0.4264424031196224, 0.024956113860708666]
[-0.4264424031196224, 0.024956113860708666], 0, -1.0, [-0.4032046884809081, 0.023237714638714248]
[-0.4032046884809081, 0.023237714638714248], 0, -1.0, [-0.38185042499586236, 0.021354263485045787]
[-0.38185042499586236, 0.021354263485045787], 0, -1.0, [-0.3625275215634396, 0.019322903432422742]
[-0.3625275215634396, 0.019322903432422742], 0, -1.0, [-0.3453661865725596, 0.01716133499088]
[-0.3453661865725596, 0.01716133499088], 0, -1.0, [-0.33047880411829156, 0.014887382454267994]
[-0.33047880411829156, 0.014887382454267994], 0, -1.0, [-0.3179601427062722, 0.012518661412019362]
[-0.3179601427062722, 0.012518661412019362], 0, -1.0, [-0.3078877870882089, 0.010072355618063274]
[-0.3078877870882089, 0.010072355618063274], 0, -1.0, [-0.30032268527487443, 0.007565101813334464]
[-0.30032268527487443, 0.007565101813334464], 0, -1.0, [-0.29530971189390587, 0.005012973380968576]
[-0.29530971189390587, 0.005012973380968576], 0, -1.0, [-0.29287816390345106, 0.0024315479904548137]
[-0.29287816390345106, 0.0024315479904548137], 0, -1.0, [-0.2930421234134457, -0.0001639595099946255]
[-0.2930421234134457, -0.0001639595099946255], 0, -1.0, [-0.29580064352691127, -0.002758520113465569]
[-0.29580064352691127, -0.002758520113465569], 0, -1.0, [-0.3011377356063593, -0.005337092079448068]
[-0.3011377356063593, -0.005337092079448068], 0, -1.0, [-0.30902215942541716, -0.007884423819057858]
[-0.30902215942541716, -0.007884423819057858], 0, -1.0, [-0.31940704068468034, -0.010384881259263193]
[-0.31940704068468034, -0.010384881259263193], 0, -1.0, [-0.33222936274317666, -0.01282232205849633]
[-0.33222936274317666, -0.01282232205849633], 0, -1.0, [-0.3474094003397033, -0.015180037596526667]
[-0.3474094003397033, -0.015180037596526667], 0, -1.0, [-0.36485018141668996, -0.017440781076986676]
[-0.36485018141668996, -0.017440781076986676], 0, -1.0, [-0.3844370773870605, -0.01958689597037056]
[-0.3844370773870605, -0.01958689597037056], 0, -1.0, [-0.40603763044171537, -0.021600553054654872]
[-0.40603763044171537, -0.021600553054654872], 0, -1.0, [-0.4295017267861558, -0.0234640963444404]
[-0.4295017267861558, -0.0234640963444404], 0, -1.0, [-0.4546622152306878, -0.025160488444532024]
[-0.4546622152306878, -0.025160488444532024], 0, -1.0, [-0.48133605020963055, -0.026673834978942757]
[-0.48133605020963055, -0.026673834978942757], 0, -1.0, [-0.5093260070819031, -0.027989956872272525]
[-0.5093260070819031, -0.027989956872272525], 0, -1.0, [-0.5384229770112997, -0.029096969929396567]
[-0.5384229770112997, -0.029096969929396567], 0, -1.0, [-0.5684088020758388, -0.029985825064539038]
[-0.5684088020758388, -0.029985825064539038], 0, -1.0, [-0.5990595632550505, -0.030650761179211738]
[-0.5990595632550505, -0.030650761179211738], 0, -1.0, [-0.6301491902647377, -0.031089627009687194]
[-0.6301491902647377, -0.031089627009687194], 0, -1.0, [-0.6614532285495643, -0.03130403828482662]
[-0.6614532285495643, -0.03130403828482662], 0, -1.0, [-0.6927525797818938, -0.0312993512323294]
[-0.6927525797818938, -0.0312993512323294], 0, -1.0, [-0.7238370306692262, -0.031084450887332436]
[-0.7238370306692262, -0.031084450887332436], 0, -1.0, [-0.7545084009308178, -0.030671370261591644]
[-0.7545084009308178, -0.030671370261591644], 0, -1.0, [-0.7845831725817127, -0.030074771650894887]
[-0.7845831725817127, -0.030074771650894887], 0, -1.0, [-0.8138945047005839, -0.02931133211887119]
[-0.8138945047005839, -0.02931133211887119], 0, -1.0, [-0.8422935850242647, -0.0283990803236808]
[-0.8422935850242647, -0.0283990803236808], 0, -1.0, [-0.8696503162589272, -0.027356731234662503]
[-0.8696503162589272, -0.027356731234662503], 2, -1.0, [-0.8938533760145532, -0.024203059755625943]
[-0.8938533760145532, -0.024203059755625943], 2, -1.0, [-0.9148163406266868, -0.02096296461213364]
[-0.9148163406266868, -0.02096296461213364], 2, -1.0, [-0.9324738813455631, -0.01765754071887623]
[-0.9324738813455631, -0.01765754071887623], 2, -1.0, [-0.9467780333368802, -0.014304151991317066]
[-0.9467780333368802, -0.014304151991317066], 2, -1.0, [-0.957694775816687, -0.010916742479806882]
[-0.957694775816687, -0.010916742479806882], 2, -1.0, [-0.9652010990457653, -0.007506323229078307]
[-0.9652010990457653, -0.007506323229078307], 2, -1.0, [-0.9692826800859714, -0.004081581040206086]
[-0.9692826800859714, -0.004081581040206086], 2, -1.0, [-0.9699322464189362, -0.0006495663329647394]
[-0.9699322464189362, -0.0006495663329647394], 2, -1.0, [-0.9671486742595593, 0.0027835721593768153]
[-0.9671486742595593, 0.0027835721593768153], 2, -1.0, [-0.9609368443254799, 0.006211829934079478]
[-0.9609368443254799, 0.006211829934079478], 2, -1.0, [-0.9513082585052187, 0.009628585820261128]
[-0.9513082585052187, 0.009628585820261128], 2, -1.0, [-0.9382824023236616, 0.01302585618155715]
[-0.9382824023236616, 0.01302585618155715], 2, -1.0, [-0.9218888162753324, 0.016393586048329214]
[-0.9218888162753324, 0.016393586048329214], 2, -1.0, [-0.9021698102783053, 0.019719005997027035]
[-0.9021698102783053, 0.019719005997027035], 2, -1.0, [-0.8791837168607175, 0.02298609341758788]
[-0.8791837168607175, 0.02298609341758788], 2, -1.0, [-0.853008528942347, 0.026175187918370504]
[-0.853008528942347, 0.026175187918370504], 2, -1.0, [-0.8237457083205905, 0.02926282062175653]
[-0.8237457083205905, 0.02926282062175653], 2, -1.0, [-0.7915238856037046, 0.03222182271688589]
[-0.7915238856037046, 0.03222182271688589], 2, -1.0, [-0.7565021097114949, 0.03502177589220969]
[-0.7565021097114949, 0.03502177589220969], 2, -1.0, [-0.7188722575521356, 0.03762985215935931]
[-0.7188722575521356, 0.03762985215935931], 2, -1.0, [-0.6788601973626945, 0.040012060189441014]
[-0.6788601973626945, 0.040012060189441014], 2, -1.0, [-0.636725328031504, 0.04213486933119057]
[-0.636725328031504, 0.04213486933119057], 2, -1.0, [-0.5927582032077229, 0.043967124823781116]
[-0.5927582032077229, 0.043967124823781116], 2, -1.0, [-0.5472760960781818, 0.04548210712954105]
[-0.5472760960781818, 0.04548210712954105], 2, -1.0, [-0.5006165583384444, 0.04665953773973741]
[-0.5006165583384444, 0.04665953773973741], 2, -1.0, [-0.45312925069910365, 0.04748730763934077]
[-0.45312925069910365, 0.04748730763934077], 2, -1.0, [-0.4051665363652371, 0.04796271433386658]
[-0.4051665363652371, 0.04796271433386658], 2, -1.0, [-0.35707349344696887, 0.04809304291826822]
[-0.35707349344696887, 0.04809304291826822], 2, -1.0, [-0.3091780836930357, 0.047895409753933214]
[-0.3091780836930357, 0.047895409753933214], 2, -1.0, [-0.26178219583009943, 0.04739588786293626]
[-0.26178219583009943, 0.04739588786293626], 2, -1.0, [-0.21515416609196253, 0.0466280297381369]
[-0.21515416609196253, 0.0466280297381369], 2, -1.0, [-0.16952319042444064, 0.04563097566752188]
[-0.16952319042444064, 0.04563097566752188], 2, -1.0, [-0.1250758195501504, 0.044447370874290244]
[-0.1250758195501504, 0.044447370874290244], 2, -1.0, [-0.08195450939082724, 0.04312131015932317]
[-0.08195450939082724, 0.04312131015932317], 2, -1.0, [-0.04025801800418503, 0.041696491386642213]
[-0.04025801800418503, 0.041696491386642213], 2, -1.0, [-4.331580435108784e-05, 0.04021470219983394]
[-4.331580435108784e-05, 0.04021470219983394], 2, -1.0, [0.038671386416590764, 0.03871470222094185]
[0.038671386416590764, 0.03871470222094185], 2, -1.0, [0.07590289388239238, 0.03723150746580161]
[0.07590289388239238, 0.03723150746580161], 2, -1.0, [0.11169893582896706, 0.03579604194657468]
[0.11169893582896706, 0.03579604194657468], 2, -1.0, [0.14613403158081617, 0.03443509575184912]
[0.14613403158081617, 0.03443509575184912], 2, -1.0, [0.17930554953569167, 0.03317151795487551]
[0.17930554953569167, 0.03317151795487551], 2, -1.0, [0.21133012262770523, 0.03202457309201356]
[0.21133012262770523, 0.03202457309201356], 2, -1.0, [0.24234052027693498, 0.031010397649229762]
[0.24234052027693498, 0.031010397649229762], 0, -1.0, [0.2704830246141797, 0.02814250433724475]
[0.2704830246141797, 0.02814250433724475], 2, -1.0, [0.29790440854189765, 0.027421383927717903]
[0.29790440854189765, 0.027421383927717903], 2, -1.0, [0.3247594868413581, 0.02685507829946041]
[0.3247594868413581, 0.02685507829946041], 2, -1.0, [0.3512101523233017, 0.026450665481943653]
[0.3512101523233017, 0.026450665481943653], 0, -1.0, [0.37542477122256923, 0.02421461889926754]
[0.37542477122256923, 0.02421461889926754], 2, -1.0, [0.39956432413410087, 0.02413955291153166]
[0.39956432413410087, 0.02413955291153166], 2, -1.0, [0.4237949379320684, 0.02423061379796752]
[0.4237949379320684, 0.02423061379796752], 0, -1.0, [0.4462881568489953, 0.02249321891692693]
[0.4462881568489953, 0.02249321891692693], 2, -1.0, [0.4692067305647722, 0.022918573715776866]
[0.4692067305647722, 0.022918573715776866], 0, -1.0, [0.4907191718680935, 0.021512441303321285]
[0.4907191718680935, 0.021512441303321285], 2, -1.0, [0.5129854158313083, 0.022266243963214798]
