[-0.47464481195518604, 0.0], 0, -1.0, [-0.47601064828084944, -0.0013658363256633668]
[-0.47601064828084944, -0.0013658363256633668], 0, -1.0, [-0.4787321843895284, -0.0027215361086790017]
[-0.4787321843895284, -0.0027215361086790017], 0, -1.0, [-0.4827892047866875, -0.004057020397159125]
[-0.4827892047866875, -0.004057020397159125], 0, -1.0, [-0.4881515329301667, -0.005362328143479215]
[-0.4881515329301667, -0.005362328143479215], 0, -1.0, [-0.4947792146051745, -0.006627681675007791]
[-0.4947792146051745, -0.006627681675007791], 0, -1.0, [-0.5026227738017455, -0.007843559196570926]
[-0.5026227738017455, -0.007843559196570926], 0, -1.0, [-0.5116235492028718, -0.009000775401126268]
[-0.5116235492028718, -0.009000775401126268], 0, -1.0, [-0.5217141194833618, -0.010090570280490024]
[-0.5217141194833618, -0.010090570280490024], 0, -1.0, [-0.5328188246094046, -0.011104705126042827]
[-0.5328188246094046, -0.011104705126042827], 0, -1.0, [-0.5448543881851637, -0.012035563575759134]
[-0.5448543881851637, -0.012035563575759134], 0, -1.0, [-0.5577306426817783, -0.012876254496614564]
[-0.5577306426817783, -0.012876254496614564], 0, -1.0, [-0.571351355275587, -0.01362071259380875]
[-0.571351355275587, -0.01362071259380875], 0, -1.0, [-0.5856151472849863, -0.014263792009399333]
[-0.5856151472849863, -0.014263792009399333], 0, -1.0, [-0.6004164951810536, -0.014801347896067274]
[-0.6004164951810536, -0.014801347896067274], 0, -1.0, [-0.6156467962632284, -0.01523030108217488]
[-0.6156467962632284, -0.01523030108217488], 0, -1.0, [-0.631195477762662, -0.015548681499433666]
[-0.631195477762662, -0.015548681499433666], 0, -1.0, [-0.6469511247603911, -0.015755646997728974]
[-0.6469511247603911, -0.015755646997728974], 0, -1.0, [-0.6628026002123502, -0.015851475451959064]
[-0.6628026002123502, -0.015851475451959064], 0, -1.0, [-0.6786401297763914, -0.015837529564041268]
[-0.6786401297763914, -0.015837529564041268], 0, -1.0, [-0.6943563251210252, -0.015716195344633723]
[-0.6943563251210252, -0.015716195344633723], 0, -1.0, [-0.7098471219005821, -0.015490796779556913]
[-0.7098471219005821, -0.015490796779556913], 0, -1.0, [-0.7250126124108642, -0.01516549051028215]
[-0.7250126124108642, -0.01516549051028215], 0, -1.0, [-0.7397577577875052, -0.014745145376640992]
[-0.7397577577875052, -0.014745145376640992], 0, -1.0, [-0.7539929700988458, -0.014235212311340652]
[-0.7539929700988458, -0.014235212311340652], 0, -1.0, [-0.7676345604108799, -0.013641590312034001]
[-0.7676345604108799, -0.013641590312034001], 2, -1.0, [-0.7786050544737622, -0.010970494062882277]
[-0.7786050544737622, -0.010970494062882277], 2, -1.0, [-0.7868441720695182, -0.008239117595756053]
[-0.7868441720695182, -0.008239117595756053], 2, -1.0, [-0.7923078707506356, -0.005463698681117395]
[-0.7923078707506356, -0.005463698681117395], 2, -1.0, [-0.7949675406341452, -0.002659669883509608]
[-0.7949675406341452, -0.002659669883509608], 2, -1.0, [-0.7948094296573497, 0.00015811097679554933]
[-0.7948094296573497, 0.00015811097679554933], 2, -1.0, [-0.7918343521205308, 0.002975077536818941]
[-0.7918343521205308, 0.002975077536818941], 2, -1.0, [-0.7860577062262835, 0.005776645894247321]
[-0.7860577062262835, 0.005776645894247321], 2, -1.0, [-0.7775097990876781, 0.008547907138605293]
[-0.7775097990876781, 0.008547907138605293], 2, -1.0, [-0.7662364504446548, 0.011273348643023293]
[-0.7662364504446548, 0.011273348643023293], 2, -1.0, [-0.7522998192436887, 0.0139366312009661]
[-0.7522998192436887, 0.0139366312009661], 2, -1.0, [-0.7357793707627167, 0.016520448480971978]
[-0.7357793707627167, 0.016520448480971978], 2, -1.0, [-0.7167728771399823, 0.019006493622734388]
[-0.7167728771399823, 0.019006493622734388], 2, -1.0, [-0.6953973227673971, 0.021375554372585166]
[-0.6953973227673971, 0.021375554372585166], 2, -1.0, [-0.671789570558805, 0.02360775220859212]
[-0.671789570558805, 0.02360775220859212], 2, -1.0, [-0.6461066386727368, 0.02568293188606818]
[-0.6461066386727368, 0.02568293188606818], 2, -1.0, [-0.6185254430366285, 0.02758119563610832]
[-0.6185254430366285, 0.02758119563610832], 2, -1.0, [-0.5892418815976422, 0.0292835614389862]
[-0.5892418815976422, 0.0292835614389862], 2, -1.0, [-0.5584691728434344, 0.030772708754207748]
[-0.5584691728434344, 0.030772708754207748], 2, -1.0, [-0.5264354128542537, 0.03203375998918076]
[-0.5264354128542537, 0.03203375998918076], 2, -1.0, [-0.4933803783424339, 0.033055034511819736]
[-0.4933803783424339, 0.033055034511819736], 2, -1.0, [-0.45955167150534304, 0.033828706837090876]
[-0.45955167150534304, 0.033828706837090876], 2, -1.0, [-0.42520036776354375, 0.03435130374179926]
[-0.42520036776354375, 0.03435130374179926], 2, -1.0, [-0.39057638060886746, 0.03462398715467627]
[-0.39057638060886746, 0.03462398715467627], 2, -1.0, [-0.3559237909378611, 0.0346525896710064]
[-0.3559237909378611, 0.0346525896710064], 2, -1.0, [-0.32147639623677216, 0.03444739470108893]
[-0.32147639623677216, 0.03444739470108893], 2, -1.0, [-0.28745371658149305, 0.034022679655279095]
[-0.28745371658149305, 0.034022679655279095], 2, -1.0, [-0.2540576526046519, 0.033396063976841125]
[-0.2540576526046519, 0.033396063976841125], 2, -1.0, [-0.2214699318864024, 0.032587720718249495]
[-0.2214699318864024, 0.032587720718249495], 2, -1.0, [-0.18985041326572338, 0.03161951862067901]
[-0.18985041326572338, 0.03161951862067901], 2, -1.0, [-0.1593362522844653, 0.030514160981258087]
[-0.1593362522844653, 0.030514160981258087], 2, -1.0, [-0.1300418729989609, 0.029294379285504418]
[-0.1300418729989609, 0.029294379285504418], 2, -1.0, [-0.10205964694763775, 0.02798222605132314]
[-0.10205964694763775, 0.02798222605132314], 0, -1.0, [-0.07746115155102473, 0.02459849539661301]
[-0.07746115155102473, 0.02459849539661301], 0, -1.0, [-0.05629545679391812, 0.021165694757106616]
[-0.05629545679391812, 0.021165694757106616], 0, -1.0, [-0.03859419344230825, 0.017701263351609868]
[-0.03859419344230825, 0.017701263351609868], 0, -1.0, [-0.02437619179477118, 0.01421800164753707]
[-0.02437619179477118, 0.01421800164753707], 0, -1.0, [-0.013651508390077012, 0.01072468340469417]
[-0.013651508390077012, 0.01072468340469417], 0, -1.0, [-0.006424728686997932, 0.00722677970307908]
[-0.006424728686997932, 0.00722677970307908], 0, -1.0, [-0.0026974846304841124, 0.0037272440565138194]
[-0.0026974846304841124, 0.0037272440565138194], 0, -1.0, [-0.0024701587146545453, 0.00022732591582956714]
[-0.0024701587146545453, 0.00022732591582956714], 0, -1.0, [-0.00574276415519326, -0.003272605440538715]
[-0.00574276415519326, -0.003272605440538715], 0, -1.0, [-0.01251499858733222, -0.006772234432138961]
[-0.01251499858733222, -0.006772234432138961], 0, -1.0, [-0.022785471193062106, -0.010270472605729886]
[-0.022785471193062106, -0.010270472605729886], 0, -1.0, [-0.03655010532363103, -0.013764634130568927]
[-0.03655010532363103, -0.013764634130568927], 0, -1.0, [-0.05379972551646126, -0.01724962019283023]
[-0.05379972551646126, -0.01724962019283023], 0, -1.0, [-0.07451685421630391, -0.020717128699842647]
[-0.07451685421630391, -0.020717128699842647], 0, -1.0, [-0.09867177407037969, -0.024154919854075772]
[-0.09867177407037969, -0.024154919854075772], 0, -1.0, [-0.1262179600608819, -0.0275461859905022]
[-0.1262179600608819, -0.0275461859905022], 0, -1.0, [-0.1570870537949649, -0.030869093734082993]
[-0.1570870537949649, -0.030869093734082993], 0, -1.0, [-0.19118363857059734, -0.034096584775632446]
[-0.19118363857059734, -0.034096584775632446], 0, -1.0, [-0.22838017205500122, -0.037196533484403875]
[-0.22838017205500122, -0.037196533484403875], 0, -1.0, [-0.26851253088605903, -0.04013235883105783]
[-0.26851253088605903, -0.04013235883105783], 0, -1.0, [-0.31137669877117297, -0.04286416788511393]
[-0.31137669877117297, -0.04286416788511393], 0, -1.0, [-0.3567271619695598, -0.045350463198386835]
[-0.3567271619695598, -0.045350463198386835], 0, -1.0, [-0.4042775377219262, -0.04755037575236643]
[-0.4042775377219262, -0.04755037575236643], 0, -1.0, [-0.4537038328500423, -0.049426295128116096]
[-0.4537038328500423, -0.049426295128116096], 0, -1.0, [-0.5046505070826025, -0.0509466742325602]
[-0.5046505070826025, -0.0509466742325602], 0, -1.0, [-0.556739216806214, -0.052088709723611445]
[-0.556739216806214, -0.052088709723611445], 0, -1.0, [-0.6095797824934284, -0.0528405656872144]
[-0.6095797824934284, -0.0528405656872144], 0, -1.0, [-0.662782617767582, -0.05320283527415361]
[-0.662782617767582, -0.05320283527415361], 0, -1.0, [-0.7159716441443328, -0.05318902637675078]
[-0.7159716441443328, -0.05318902637675078], 0, -1.0, [-0.7687966418050861, -0.05282499766075337]
[-0.7687966418050861, -0.05282499766075337], 0, -1.0, [-0.8209440709978895, -0.05214742919280339]
[-0.8209440709978895, -0.05214742919280339], 0, -1.0, [-0.8721456213219823, -0.05120155032409275]
[-0.8721456213219823, -0.05120155032409275], 0, -1.0, [-0.9221840570277328, -0.05003843570575048]
[-0.9221840570277328, -0.05003843570575048], 0, -1.0, [-0.9708962607496838, -0.04871220372195105]
[-0.9708962607496838, -0.04871220372195105], 0, -1.0, [-1.0181736752148263, -0.047277414465142366]
[-1.0181736752148263, -0.047277414465142366], 0, -1.0, [-1.063960560529612, -0.04578688531478584]
[-1.063960560529612, -0.04578688531478584], 0, -1.0, [-1.1082506064111493, -0.04429004588153712]
[-1.1082506064111493, -0.04429004588153712], 0, -1.0, [-1.1510824692924007, -0.042831862881251466]
[-1.1510824692924007, -0.042831862881251466], 0, -1.0, [-1.1925347635006913, -0.041452294208290635]
[-1.1925347635006913, -0.041452294208290635], 0, -1.0, [-1.2, 0.0]
[-1.2, 0.0], 2, -1.0, [-1.1967581039591646, 0.003241896040835368]
[-1.1967581039591646, 0.003241896040835368], 2, -1.0, [-1.1902636585360942, 0.006494445423070332]
[-1.1902636585360942, 0.006494445423070332], 2, -1.0, [-1.1804959639787937, 0.009767694557300442]
[-1.1804959639787937, 0.009767694557300442], 2, -1.0, [-1.1674255149588486, 0.013070449019945182]
[-1.1674255149588486, 0.013070449019945182], 2, -1.0, [-1.1510159267200155, 0.016409588238833067]
[-1.1510159267200155, 0.016409588238833067], 2, -1.0, [-1.1312266168239755, 0.019789309896040046]
[-1.1312266168239755, 0.019789309896040046], 2, -1.0, [-1.108016322100852, 0.02321029472312345]
[-1.108016322100852, 0.02321029472312345], 2, -1.0, [-1.081347524946184, 0.02666879715466819]
[-1.081347524946184, 0.02666879715466819], 2, -1.0, [-1.0511918363028878, 0.03015568864329602]
[-1.0511918363028878, 0.03015568864329602], 2, -1.0, [-1.0175363271434712, 0.0336555091594167]
[-1.0175363271434712, 0.0336555091594167], 2, -1.0, [-0.9803907090723114, 0.03714561807115983]
[-0.9803907090723114, 0.03714561807115983], 2, -1.0, [-0.9397951336374217, 0.04059557543488971]
[-0.9397951336374217, 0.04059557543488971], 2, -1.0, [-0.8958282112564235, 0.043966922380998245]
[-0.8958282112564235, 0.043966922380998245], 2, -1.0, [-0.8486146572192776, 0.04721355403714586]
[-0.8486146572192776, 0.04721355403714586], 2, -1.0, [-0.7983317816221248, 0.05028287559715283]
[-0.7983317816221248, 0.05028287559715283], 2, -1.0, [-0.7452138959379592, 0.0531178856841656]
[-0.7452138959379592, 0.0531178856841656], 2, -1.0, [-0.6895536666604415, 0.0556602292775177]
[-0.6895536666604415, 0.0556602292775177], 2, -1.0, [-0.6316995610792892, 0.057854105581152386]
[-0.6316995610792892, 0.057854105581152386], 2, -1.0, [-0.5720488365336812, 0.05965072454560789]
[-0.5720488365336812, 0.05965072454560789], 1, -1.0, [-0.5120360146660762, 0.06001282186760502]
[-0.5120360146660762, 0.06001282186760502], 1, -1.0, [-0.4521098961150043, 0.05992611855107187]
[-0.4521098961150043, 0.05992611855107187], 1, -1.0, [-0.39271584335477117, 0.05939405276023314]
[-0.39271584335477117, 0.05939405276023314], 1, -1.0, [-0.33427838303110907, 0.05843746032366207]
[-0.33427838303110907, 0.05843746032366207], 1, -1.0, [-0.2771857088121271, 0.05709267421898198]
[-0.2771857088121271, 0.05709267421898198], 1, -1.0, [-0.22177734931795334, 0.05540835949417379]
[-0.22177734931795334, 0.05540835949417379], 1, -1.0, [-0.16833576944510123, 0.053441579872852106]
[-0.16833576944510123, 0.053441579872852106], 1, -1.0, [-0.11708211691868871, 0.05125365252641252]
[-0.11708211691868871, 0.05125365252641252], 2, -1.0, [-0.06717582592330208, 0.049906290995386626]
[-0.06717582592330208, 0.049906290995386626], 1, -1.0, [-0.019718939856998366, 0.047456886066303716]
[-0.019718939856998366, 0.047456886066303716], 2, -1.0, [0.026242319345382875, 0.04596125920238124]
[0.026242319345382875, 0.04596125920238124], 1, -1.0, [0.06971132196449434, 0.043469002619111456]
[0.06971132196449434, 0.043469002619111456], 1, -1.0, [0.11073479688031643, 0.04102347491582209]
[0.11073479688031643, 0.04102347491582209], 1, -1.0, [0.14939495747584108, 0.03866016059552465]
[0.14939495747584108, 0.03866016059552465], 1, -1.0, [0.1858020302300972, 0.03640707275425612]
[0.1858020302300972, 0.03640707275425612], 1, -1.0, [0.2200875277144212, 0.034285497484324]
[0.2200875277144212, 0.034285497484324], 1, -1.0, [0.25239844717345994, 0.03231091945903877]
[0.25239844717345994, 0.03231091945903877], 1, -1.0, [0.28289245326559154, 0.030494006092131626]
[0.28289245326559154, 0.030494006092131626], 1, -1.0, [0.31173401875276474, 0.02884156548717318]
[0.31173401875276474, 0.02884156548717318], 2, -1.0, [0.34009144464000246, 0.028357425887237712]
[0.34009144464000246, 0.028357425887237712], 2, -1.0, [0.3681410401036736, 0.028049595463671147]
[0.3681410401036736, 0.028049595463671147], 2, -1.0, [0.396066511117758, 0.027925471014084356]
[0.396066511117758, 0.027925471014084356], 1, -1.0, [0.42305865521604785, 0.026992144098289875]
[0.42305865521604785, 0.026992144098289875], 2, -1.0, [0.45030812979394136, 0.027249474577893486]
[0.45030812979394136, 0.027249474577893486], 1, -1.0, [0.47701234275848536, 0.026704212964544016]
[0.47701234275848536, 0.026704212964544016], 2, -1.0, [0.5043682938126599, 0.027355951054174498]
