[-0.4264571263886653, 0.0], 2, -1.0, [-0.42617541984284424, 0.00028170654582102006]
[-0.42617541984284424, 0.00028170654582102006], 2, -1.0, [-0.4256140302082897, 0.0005613896345545268]
[-0.4256140302082897, 0.0005613896345545268], 2, -1.0, [-0.42477698832936867, 0.0008370418789210046]
[-0.42477698832936867, 0.0008370418789210046], 2, -1.0, [-0.42367030044741577, 0.0011066878819528843]
[-0.42367030044741577, 0.0011066878819528843], 2, -1.0, [-0.42230190058787537, 0.0013683998595404208]
[-0.42230190058787537, 0.0013683998595404208], 2, -1.0, [-0.4206815877700995, 0.001620312817775861]
[-0.4206815877700995, 0.001620312817775861], 2, -1.0, [-0.41882094862986763, 0.001860639140231888]
[-0.41882094862986763, 0.001860639140231888], 2, -1.0, [-0.41673326618592366, 0.0020876824439439493]
[-0.41673326618592366, 0.0020876824439439493], 2, -1.0, [-0.4144334156178409, 0.002299850568082733]
[-0.4144334156178409, 0.002299850568082733], 2, -1.0, [-0.4119377480514026, 0.002495667566438322]
[-0.4119377480514026, 0.002495667566438322], 2, -1.0, [-0.40926396346721006, 0.0026737845841925414]
[-0.40926396346721006, 0.0026737845841925414], 2, -1.0, [-0.4064309739559528, 0.002832989511257284]
[-0.4064309739559528, 0.002832989511257284], 2, -1.0, [-0.40345875863713304, 0.0029722153188197673]
[-0.40345875863713304, 0.0029722153188197673], 2, -1.0, [-0.40036821163449593, 0.0030905470026371127]
[-0.40036821163449593, 0.0030905470026371127], 2, -1.0, [-0.3971809845586151, 0.0031872270758807938]
[-0.3971809845586151, 0.0031872270758807938], 2, -1.0, [-0.39391932498301424, 0.0032616595756008527]
[-0.39391932498301424, 0.0032616595756008527], 2, -1.0, [-0.3906059124133564, 0.0033134125696578165]
[-0.3906059124133564, 0.0033134125696578165], 0, -1.0, [-0.38926369323873933, 0.0013422191746170964]
[-0.38926369323873933, 0.0013422191746170964], 0, -1.0, [-0.38990193555284, -0.0006382423141006546]
[-0.38990193555284, -0.0006382423141006546], 0, -1.0, [-0.3925162342322296, -0.0026142986793896063]
[-0.3925162342322296, -0.0026142986793896063], 0, -1.0, [-0.3970885083162712, -0.004572274084041575]
[-0.3970885083162712, -0.004572274084041575], 0, -1.0, [-0.4035869941524824, -0.006498485836211208]
[-0.4035869941524824, -0.006498485836211208], 0, -1.0, [-0.41196624826796413, -0.008379254115481714]
[-0.41196624826796413, -0.008379254115481714], 0, -1.0, [-0.4221671834922613, -0.010200935224297165]
[-0.4221671834922613, -0.010200935224297165], 0, -1.0, [-0.43411716977938647, -0.01194998628712518]
[-0.43411716977938647, -0.01194998628712518], 0, -1.0, [-0.4477302367541666, -0.013613066974780142]
[-0.4477302367541666, -0.013613066974780142], 0, -1.0, [-0.46290741758279214, -0.015177180828625524]
[-0.46290741758279214, -0.015177180828625524], 0, -1.0, [-0.47953727279031466, -0.016629855207522512]
[-0.47953727279031466, -0.016629855207522512], 0, -1.0, [-0.49749662776507386, -0.017959354974759187]
[-0.49749662776507386, -0.017959354974759187], 0, -1.0, [-0.5166515488402428, -0.019154921075168974]
[-0.5166515488402428, -0.019154921075168974], 0, -1.0, [-0.5368585703440465, -0.02020702150380376]
[-0.5368585703440465, -0.02020702150380376], 0, -1.0, [-0.5579661696130463, -0.021107599268999817]
[-0.5579661696130463, -0.021107599268999817], 0, -1.0, [-0.5798164698436042, -0.021850300230557878]
[-0.5798164698436042, -0.021850300230557878], 0, -1.0, [-0.6022471333369959, -0.022430663493391616]
[-0.6022471333369959, -0.022430663493391616], 0, -1.0, [-0.6250933918837663, -0.022846258546770488]
[-0.6250933918837663, -0.022846258546770488], 0, -1.0, [-0.6481901484154496, -0.023096756531683277]
[-0.6481901484154496, -0.023096756531683277], 0, -1.0, [-0.671374076042051, -0.023183927626601368]
[-0.671374076042051, -0.023183927626601368], 0, -1.0, [-0.6944856381224236, -0.02311156208037252]
[-0.6944856381224236, -0.02311156208037252], 1, -1.0, [-0.7163709563790491, -0.02188531825662551]
[-0.7163709563790491, -0.02188531825662551], 0, -1.0, [-0.7378897371070604, -0.021518780728011243]
[-0.7378897371070604, -0.021518780728011243], 2, -1.0, [-0.7569097745795222, -0.019020037472461882]
[-0.7569097745795222, -0.019020037472461882], 2, -1.0, [-0.7733193959544153, -0.01640962137489315]
[-0.7733193959544153, -0.01640962137489315], 2, -1.0, [-0.7870264541699321, -0.013707058215516755]
[-0.7870264541699321, -0.013707058215516755], 2, -1.0, [-0.7979571312421385, -0.010930677072206452]
[-0.7979571312421385, -0.010930677072206452], 2, -1.0, [-0.8060547077007775, -0.008097576458638971]
[-0.8060547077007775, -0.008097576458638971], 2, -1.0, [-0.8112784326732853, -0.005223724972507815]
[-0.8112784326732853, -0.005223724972507815], 2, -1.0, [-0.8136026031481212, -0.0023241704748359483]
[-0.8136026031481212, -0.0023241704748359483], 2, -1.0, [-0.8130159327697263, 0.0005866703783948641]
[-0.8130159327697263, 0.0005866703783948641], 2, -1.0, [-0.8095212617123242, 0.0034946710574020688]
[-0.8095212617123242, 0.0034946710574020688], 2, -1.0, [-0.8031356304508128, 0.006385631261511406]
[-0.8031356304508128, 0.006385631261511406], 2, -1.0, [-0.7938907116768406, 0.00924491877397232]
[-0.7938907116768406, 0.00924491877397232], 2, -1.0, [-0.7818335659905673, 0.012057145686273196]
[-0.7818335659905673, 0.012057145686273196], 2, -1.0, [-0.7670276582009846, 0.014805907789582655]
[-0.7670276582009846, 0.014805907789582655], 2, -1.0, [-0.7495540423858708, 0.0174736158151139]
[-0.7495540423858708, 0.0174736158151139], 2, -1.0, [-0.7295125963261351, 0.020041446059735638]
[-0.7295125963261351, 0.020041446059735638], 2, -1.0, [-0.7070231615041491, 0.02248943482198595]
[-0.7070231615041491, 0.02248943482198595], 2, -1.0, [-0.6822264264744627, 0.02479673502968639]
[-0.6822264264744627, 0.02479673502968639], 2, -1.0, [-0.6552843827643983, 0.026942043710064513]
[-0.6552843827643983, 0.026942043710064513], 2, -1.0, [-0.6263801874687469, 0.028904195295651303]
[-0.6263801874687469, 0.028904195295651303], 2, -1.0, [-0.5957172887256325, 0.030662898743114494]
[-0.5957172887256325, 0.030662898743114494], 2, -1.0, [-0.5635177110778646, 0.03219957764776776]
[-0.5635177110778646, 0.03219957764776776], 2, -1.0, [-0.5300194565323885, 0.03349825454547621]
[-0.5300194565323885, 0.03349825454547621], 2, -1.0, [-0.49547304985765317, 0.03454640667473532]
[-0.49547304985765317, 0.03454640667473532], 2, -1.0, [-0.4601373359133958, 0.03533571394425738]
[-0.4601373359133958, 0.03533571394425738], 2, -1.0, [-0.4242747126790365, 0.03586262323435929]
[-0.4242747126790365, 0.03586262323435929], 2, -1.0, [-0.3881460453404877, 0.0361286673385488]
[-0.3881460453404877, 0.0361286673385488], 2, -1.0, [-0.3520055447843464, 0.03614050055614124]
[-0.3520055447843464, 0.03614050055614124], 2, -1.0, [-0.3160959019907563, 0.03590964279359012]
[-0.3160959019907563, 0.03590964279359012], 2, -1.0, [-0.2806439468035694, 0.0354519551871869]
[-0.2806439468035694, 0.0354519551871869], 2, -1.0, [-0.24585704924032664, 0.03478689756324276]
[-0.24585704924032664, 0.03478689756324276], 2, -1.0, [-0.21192041198863099, 0.03393663725169565]
[-0.21192041198863099, 0.03393663725169565], 2, -1.0, [-0.17899532452492894, 0.032925087463702034]
[-0.17899532452492894, 0.032925087463702034], 2, -1.0, [-0.1472183730677778, 0.03177695145715115]
[-0.1472183730677778, 0.03177695145715115], 2, -1.0, [-0.11670153521989371, 0.030516837847884094]
[-0.11670153521989371, 0.030516837847884094], 2, -1.0, [-0.08753303946865118, 0.029168495751242536]
[-0.08753303946865118, 0.029168495751242536], 2, -1.0, [-0.05977884004718621, 0.027754199421464967]
[-0.05977884004718621, 0.027754199421464967], 2, -1.0, [-0.033484546272593084, 0.02629429377459313]
[-0.033484546272593084, 0.02629429377459313], 2, -1.0, [-0.008677649434466035, 0.02480689683812705]
[-0.008677649434466035, 0.02480689683812705], 2, -1.0, [0.014630094498815388, 0.023307743933281423]
[0.014630094498815388, 0.023307743933281423], 2, -1.0, [0.036440245991806376, 0.021810151492990988]
[0.036440245991806376, 0.021810151492990988], 2, -1.0, [0.056765321392603055, 0.020325075400796682]
[0.056765321392603055, 0.020325075400796682], 2, -1.0, [0.07562656016382623, 0.018861238771223175]
[0.07562656016382623, 0.018861238771223175], 2, -1.0, [0.0930518663936261, 0.01742530622979988]
[0.0930518663936261, 0.01742530622979988], 0, -1.0, [0.10707395149693426, 0.014022085103308154]
[0.10707395149693426, 0.014022085103308154], 0, -1.0, [0.1177239107126345, 0.010649959215700243]
[0.1177239107126345, 0.010649959215700243], 1, -1.0, [0.12602816890411403, 0.008304258191479523]
[0.12602816890411403, 0.008304258191479523], 1, -1.0, [0.13200899352778478, 0.005980824623670751]
[0.13200899352778478, 0.005980824623670751], 1, -1.0, [0.13568331593356256, 0.003674322405777779]
[0.13568331593356256, 0.003674322405777779], 1, -1.0, [0.13706190646765196, 0.0013785905340894088]
[0.13706190646765196, 0.0013785905340894088], 0, -1.0, [0.13514887815321894, -0.0019130283144330167]
[0.13514887815321894, -0.0019130283144330167], 0, -1.0, [0.12993853403092806, -0.005210344122290881]
[0.12993853403092806, -0.005210344122290881], 0, -1.0, [0.12141574203343627, -0.008522791997491784]
[0.12141574203343627, -0.008522791997491784], 0, -1.0, [0.10955696953948842, -0.011858772493947853]
[0.10955696953948842, -0.011858772493947853], 0, -1.0, [0.09433201656900628, -0.015224952970482134]
[0.09433201656900628, -0.015224952970482134], 0, -1.0, [0.07570650572121125, -0.01862551084779503]
[0.07570650572121125, -0.01862551084779503], 0, -1.0, [0.05364519727316536, -0.022061308448045894]
[0.05364519727316536, -0.022061308448045894], 0, -1.0, [0.02811619433884257, -0.025529002934322788]
[0.02811619433884257, -0.025529002934322788], 0, -1.0, [-0.0009039205126921898, -0.02902011485153476]
[-0.0009039205126921898, -0.02902011485153476], 0, -1.0, [-0.03342402617216928, -0.03252010565947709]
[-0.03342402617216928, -0.03252010565947709], 0, -1.0, [-0.06943157424645141, -0.03600754807428213]
[-0.06943157424645141, -0.03600754807428213], 0, -1.0, [-0.10888508475682511, -0.0394535105103737]
[-0.10888508475682511, -0.0394535105103737], 0, -1.0, [-0.15170639749521567, -0.04282131273839055]
[-0.15170639749521567, -0.04282131273839055], 0, -1.0, [-0.1977732318365873, -0.04606683434137161]
[-0.1977732318365873, -0.04606683434137161], 0, -1.0, [-0.246912789064626, -0.049139557228038706]
[-0.246912789064626, -0.049139557228038706], 0, -1.0, [-0.2988972725061654, -0.05198448344153936]
[-0.2988972725061654, -0.05198448344153936], 0, -1.0, [-0.3534422508237919, -0.05454497831762648]
[-0.3534422508237919, -0.05454497831762648], 0, -1.0, [-0.41020869667006354, -0.05676644584627168]
[-0.41020869667006354, -0.05676644584627168], 0, -1.0, [-0.46880926146341206, -0.05860056479334854]
[-0.46880926146341206, -0.05860056479334854], 0, -1.0, [-0.5288188997990664, -0.06000963833565437]
[-0.5288188997990664, -0.06000963833565437], 0, -1.0, [-0.5897893888034719, -0.0609704890044055]
[-0.5897893888034719, -0.0609704890044055], 0, -1.0, [-0.6512667042168696, -0.06147731541339771]
[-0.6512667042168696, -0.06147731541339771], 0, -1.0, [-0.7128097488763699, -0.06154304465950038]
[-0.7128097488763699, -0.06154304465950038], 0, -1.0, [-0.774008699306625, -0.06119895043025501]
[-0.774008699306625, -0.06119895043025501], 0, -1.0, [-0.8345013046013644, -0.060492605294739404]
[-0.8345013046013644, -0.060492605294739404], 0, -1.0, [-0.8939858206758963, -0.05948451607453187]
[-0.8939858206758963, -0.05948451607453187], 0, -1.0, [-0.9522298007656489, -0.058243980089752664]
[-0.9522298007656489, -0.058243980089752664], 0, -1.0, [-1.0090745587309369, -0.05684475796528789]
[-1.0090745587309369, -0.05684475796528789], 0, -1.0, [-1.0644356492105154, -0.055361090479578594]
[-1.0644356492105154, -0.055361090479578594], 0, -1.0, [-1.1183000819053952, -0.05386443269487975]
[-1.1183000819053952, -0.05386443269487975], 0, -1.0, [-1.1707211744358932, -0.05242109253049797]
[-1.1707211744358932, -0.05242109253049797], 0, -1.0, [-1.2, 0.0]
[-1.2, 0.0], 2, -1.0, [-1.1967581039591646, 0.003241896040835368]
[-1.1967581039591646, 0.003241896040835368], 2, -1.0, [-1.1902636585360942, 0.006494445423070332]
[-1.1902636585360942, 0.006494445423070332], 2, -1.0, [-1.1804959639787937, 0.009767694557300442]
[-1.1804959639787937, 0.009767694557300442], 2, -1.0, [-1.1674255149588486, 0.013070449019945182]
[-1.1674255149588486, 0.013070449019945182], 2, -1.0, [-1.1510159267200155, 0.016409588238833067]
[-1.1510159267200155, 0.016409588238833067], 2, -1.0, [-1.1312266168239755, 0.019789309896040046]
[-1.1312266168239755, 0.019789309896040046], 2, -1.0, [-1.108016322100852, 0.02321029472312345]
[-1.108016322100852, 0.02321029472312345], 2, -1.0, [-1.081347524946184, 0.02666879715466819]
[-1.081347524946184, 0.02666879715466819], 2, -1.0, [-1.0511918363028878, 0.03015568864329602]
[-1.0511918363028878, 0.03015568864329602], 2, -1.0, [-1.0175363271434712, 0.0336555091594167]
[-1.0175363271434712, 0.0336555091594167], 2, -1.0, [-0.9803907090723114, 0.03714561807115983]
[-0.9803907090723114, 0.03714561807115983], 2, -1.0, [-0.9397951336374217, 0.04059557543488971]
[-0.9397951336374217, 0.04059557543488971], 2, -1.0, [-0.8958282112564235, 0.043966922380998245]
[-0.8958282112564235, 0.043966922380998245], 2, -1.0, [-0.8486146572192776, 0.04721355403714586]
[-0.8486146572192776, 0.04721355403714586], 2, -1.0, [-0.7983317816221248, 0.05028287559715283]
[-0.7983317816221248, 0.05028287559715283], 2, -1.0, [-0.7452138959379592, 0.0531178856841656]
[-0.7452138959379592, 0.0531178856841656], 2, -1.0, [-0.6895536666604415, 0.0556602292775177]
[-0.6895536666604415, 0.0556602292775177], 2, -1.0, [-0.6316995610792892, 0.057854105581152386]
[-0.6316995610792892, 0.057854105581152386], 2, -1.0, [-0.5720488365336812, 0.05965072454560789]
[-0.5720488365336812, 0.05965072454560789], 2, -1.0, [-0.5110360146660762, 0.061012821867605024]
[-0.5110360146660762, 0.061012821867605024], 2, -1.0, [-0.44911739120176025, 0.061918623464315904]
[-0.44911739120176025, 0.061918623464315904], 0, -1.0, [-0.38875274139346727, 0.060364649808292994]
[-0.38875274139346727, 0.060364649808292994], 2, -1.0, [-0.32837207705357385, 0.06038066433989344]
[-0.32837207705357385, 0.06038066433989344], 0, -1.0, [-0.2703733283600101, 0.05799874869356373]
[-0.2703733283600101, 0.05799874869356373], 2, -1.0, [-0.21309629669107272, 0.0572770316689374]
[-0.21309629669107272, 0.0572770316689374], 2, -1.0, [-0.156825565588771, 0.05627073110230172]
[-0.156825565588771, 0.05627073110230172], 2, -1.0, [-0.10178321523015893, 0.05504235035861208]
[-0.10178321523015893, 0.05504235035861208], 2, -1.0, [-0.048125219616672786, 0.053657995613486144]
[-0.048125219616672786, 0.053657995613486144], 2, -1.0, [0.004058786182861755, 0.05218400579953454]
[0.004058786182861755, 0.05218400579953454], 0, -1.0, [0.05274297730974088, 0.04868419112687913]
[0.05274297730974088, 0.04868419112687913], 0, -1.0, [0.09795839869084932, 0.04521542138110845]
[0.09795839869084932, 0.04521542138110845], 0, -1.0, [0.13978099866617755, 0.04182259997532824]
[0.13978099866617755, 0.04182259997532824], 0, -1.0, [0.17832020703282334, 0.038539208366645795]
[0.17832020703282334, 0.038539208366645795], 0, -1.0, [0.21370869363549955, 0.03538848660267622]
[0.21370869363549955, 0.03538848660267622], 0, -1.0, [0.24609362334044965, 0.03238492970495009]
[0.24609362334044965, 0.03238492970495009], 0, -1.0, [0.2756294864066895, 0.029535863066239842]
[0.2756294864066895, 0.029535863066239842], 0, -1.0, [0.30247242799054114, 0.026842941583851664]
[0.30247242799054114, 0.026842941583851664], 2, -1.0, [0.3287759126638568, 0.026303484673315645]
[0.3287759126638568, 0.026303484673315645], 2, -1.0, [0.3547000066860628, 0.02592409402220595]
[0.3547000066860628, 0.02592409402220595], 2, -1.0, [0.380410872438515, 0.025710865752452232]
[0.380410872438515, 0.025710865752452232], 0, -1.0, [0.4040805527169021, 0.023669680278387086]
[0.4040805527169021, 0.023669680278387086], 2, -1.0, [0.427872930033355, 0.02379237731645296]
[0.427872930033355, 0.02379237731645296], 2, -1.0, [0.45195719114598293, 0.024084261112627892]
[0.45195719114598293, 0.024084261112627892], 0, -1.0, [0.4745082674748537, 0.022551076328870757]
[0.4745082674748537, 0.022551076328870757], 2, -1.0, [0.4976924944492748, 0.023184226974421147]
[0.4976924944492748, 0.023184226974421147], 0, -1.0, [0.519682619855516, 0.021990125406241207]
