[-0.519969524646243, 0.0], 0, -1.0, [-0.520996743490608, -0.0010272188443650008]
[-0.520996743490608, -0.0010272188443650008], 0, -1.0, [-0.5230434773775873, -0.0020467338869792984]
[-0.5230434773775873, -0.0020467338869792984], 0, -1.0, [-0.5260943759992955, -0.0030508986217083027]
[-0.5260943759992955, -0.0030508986217083027], 0, -1.0, [-0.5301265577928507, -0.004032181793555179]
[-0.5301265577928507, -0.004032181793555179], 0, -1.0, [-0.5351097843492032, -0.004983226556352524]
[-0.5351097843492032, -0.004983226556352524], 0, -1.0, [-0.5410066954979285, -0.005896911148725313]
[-0.5410066954979285, -0.005896911148725313], 0, -1.0, [-0.5477731065855478, -0.006766411087619368]
[-0.5477731065855478, -0.006766411087619368], 0, -1.0, [-0.5553583690826427, -0.007585262497094925]
[-0.5553583690826427, -0.007585262497094925], 0, -1.0, [-0.5637057948588702, -0.008347425776227543]
[-0.5637057948588702, -0.008347425776227543], 0, -1.0, [-0.5727531432599681, -0.009047348401097834]
[-0.5727531432599681, -0.009047348401097834], 0, -1.0, [-0.5824331685513461, -0.009680025291378045]
[-0.5824331685513461, -0.009680025291378045], 0, -1.0, [-0.5926742234416021, -0.010241054890256094]
[-0.5926742234416021, -0.010241054890256094], 0, -1.0, [-0.6034009123826294, -0.010726688941027265]
[-0.6034009123826294, -0.010726688941027265], 0, -1.0, [-0.6145347863026109, -0.011133873919981578]
[-0.6145347863026109, -0.011133873919981578], 0, -1.0, [-0.6259950685196803, -0.011460282217069379]
[-0.6259950685196803, -0.011460282217069379], 0, -1.0, [-0.6376993999629993, -0.011704331443318918]
[-0.6376993999629993, -0.011704331443318918], 0, -1.0, [-0.6495645906355356, -0.011865190672536281]
[-0.6495645906355356, -0.011865190672536281], 0, -1.0, [-0.6615073636015423, -0.011942772966006605]
[-0.6615073636015423, -0.011942772966006605], 0, -1.0, [-0.6734450777444859, -0.011937714142943636]
[-0.6734450777444859, -0.011937714142943636], 0, -1.0, [-0.685296416143614, -0.011851338399128102]
[-0.685296416143614, -0.011851338399128102], 0, -1.0, [-0.6969820281355437, -0.011685611991929641]
[-0.6969820281355437, -0.011685611991929641], 0, -1.0, [-0.7084251148904754, -0.011443086754931726]
[-0.7084251148904754, -0.011443086754931726], 0, -1.0, [-0.7195519505309693, -0.01112683564049392]
[-0.7195519505309693, -0.01112683564049392], 0, -1.0, [-0.7302923333168828, -0.010740382785913487]
[-0.7302923333168828, -0.010740382785913487], 0, -1.0, [-0.7405799640608213, -0.010287630743938495]
[-0.7405799640608213, -0.010287630743938495], 2, -1.0, [-0.7483527515714121, -0.007772787510590867]
[-0.7483527515714121, -0.007772787510590867], 2, -1.0, [-0.7535647367605788, -0.005211985189166655]
[-0.7535647367605788, -0.005211985189166655], 2, -1.0, [-0.7561855758948719, -0.0026208391342930825]
[-0.7561855758948719, -0.0026208391342930825], 2, -1.0, [-0.7562001571962818, -1.4581301409838116e-05]
[-0.7562001571962818, -1.4581301409838116e-05], 1, -1.0, [-0.7546083968658135, 0.0015917603304682459]
[-0.7546083968658135, 0.0015917603304682459], 2, -1.0, [-0.7504194608903727, 0.004188935975440765]
[-0.7504194608903727, 0.004188935975440765], 2, -1.0, [-0.7436576443176137, 0.006761816572758993]
[-0.7436576443176137, 0.006761816572758993], 2, -1.0, [-0.7343626868450946, 0.009294957472519101]
[-0.7343626868450946, 0.009294957472519101], 2, -1.0, [-0.722590241889778, 0.011772444955316617]
[-0.722590241889778, 0.011772444955316617], 2, -1.0, [-0.7084124400434643, 0.01417780184631376]
[-0.7084124400434643, 0.01417780184631376], 2, -1.0, [-0.6919184679024357, 0.01649397214102857]
[-0.6919184679024357, 0.01649397214102857], 2, -1.0, [-0.6732150666987142, 0.018703401203721524]
[-0.6732150666987142, 0.018703401203721524], 2, -1.0, [-0.6524268437013552, 0.02078822299735908]
[-0.6524268437013552, 0.02078822299735908], 2, -1.0, [-0.6296962850019524, 0.022730558699402822]
[-0.6296962850019524, 0.022730558699402822], 2, -1.0, [-0.6051833630271667, 0.024512921974785714]
[-0.6051833630271667, 0.024512921974785714], 2, -1.0, [-0.5790646474697786, 0.026118715557388074]
[-0.5790646474697786, 0.026118715557388074], 2, -1.0, [-0.5515318549028454, 0.027532792566933157]
[-0.5515318549028454, 0.027532792566933157], 2, -1.0, [-0.5227898093485583, 0.028742045554287037]
[-0.5227898093485583, 0.028742045554287037], 2, -1.0, [-0.4930538310351885, 0.02973597831336983]
[-0.4930538310351885, 0.02973597831336983], 0, -1.0, [-0.46454661933543195, 0.028507211699756556]
[-0.46454661933543195, 0.028507211699756556], 0, -1.0, [-0.4374799857935799, 0.027066633541852077]
[-0.4374799857935799, 0.027066633541852077], 0, -1.0, [-0.41205208179479574, 0.025427903998784133]
[-0.41205208179479574, 0.025427903998784133], 0, -1.0, [-0.3884452508904118, 0.023606830904383907]
[-0.3884452508904118, 0.023606830904383907], 0, -1.0, [-0.366824525069392, 0.02162072582101982]
[-0.366824525069392, 0.02162072582101982], 0, -1.0, [-0.3473367342905359, 0.01948779077885608]
[-0.3473367342905359, 0.01948779077885608], 0, -1.0, [-0.33011015758205464, 0.01722657670848126]
[-0.33011015758205464, 0.01722657670848126], 0, -1.0, [-0.3152546147406328, 0.014855542841421807]
[-0.3152546147406328, 0.014855542841421807], 0, -1.0, [-0.3028618809362123, 0.012392733804420526]
[-0.3028618809362123, 0.012392733804420526], 0, -1.0, [-0.2930063015706369, 0.00985557936557542]
[-0.2930063015706369, 0.00985557936557542], 0, -1.0, [-0.28574548971935015, 0.007260811851286761]
[-0.28574548971935015, 0.007260811851286761], 0, -1.0, [-0.2811210011066379, 0.004624488612712251]
[-0.2811210011066379, 0.004624488612712251], 0, -1.0, [-0.27915889954104567, 0.0019621015655922266]
[-0.27915889954104567, 0.0019621015655922266], 0, -1.0, [-0.27987014712038816, -0.0007112475793424914]
[-0.27987014712038816, -0.0007112475793424914], 0, -1.0, [-0.28325077684310185, -0.0033806297227137014]
[-0.28325077684310185, -0.0033806297227137014], 0, -1.0, [-0.2892818295529696, -0.006031052709867767]
[-0.2892818295529696, -0.006031052709867767], 0, -1.0, [-0.2979290617746208, -0.008647232221651192]
[-0.2979290617746208, -0.008647232221651192], 0, -1.0, [-0.30914245550912045, -0.011213393734499647]
[-0.30914245550912045, -0.011213393734499647], 0, -1.0, [-0.32285558493347194, -0.013713129424351494]
[-0.32285558493347194, -0.013713129424351494], 0, -1.0, [-0.3389849173918927, -0.016129332458420756]
[-0.3389849173918927, -0.016129332458420756], 0, -1.0, [-0.35742914585185537, -0.018444228459962714]
[-0.35742914585185537, -0.018444228459962714], 0, -1.0, [-0.3780686653950874, -0.02063951954323203]
[-0.3780686653950874, -0.02063951954323203], 0, -1.0, [-0.4007653151659211, -0.022696649770833764]
[-0.4007653151659211, -0.022696649770833764], 0, -1.0, [-0.4253625071626395, -0.024597191996718375]
[-0.4253625071626395, -0.024597191996718375], 0, -1.0, [-0.4516858522145952, -0.026323345051955667]
[-0.4516858522145952, -0.026323345051955667], 0, -1.0, [-0.4795443700940833, -0.027858517879488138]
[-0.4795443700940833, -0.027858517879488138], 0, -1.0, [-0.5087323349753136, -0.02918796488123029]
[-0.5087323349753136, -0.02918796488123029], 0, -1.0, [-0.5390317612013551, -0.030299426226041495]
[-0.5390317612013551, -0.030299426226041495], 0, -1.0, [-0.5702154813834994, -0.03118372018214428]
[-0.5702154813834994, -0.03118372018214428], 0, -1.0, [-0.6020507148234303, -0.03183523343993091]
[-0.6020507148234303, -0.03183523343993091], 0, -1.0, [-0.6343029757419671, -0.03225226091853678]
[-0.6343029757419671, -0.03225226091853678], 0, -1.0, [-0.6667401343773637, -0.03243715863539655]
[-0.6667401343773637, -0.03243715863539655], 0, -1.0, [-0.6991364249166635, -0.0323962905392998]
[-0.6991364249166635, -0.0323962905392998], 0, -1.0, [-0.7312761952695315, -0.03213977035286796]
[-0.7312761952695315, -0.03213977035286796], 0, -1.0, [-0.7629572146827686, -0.03168101941323712]
[-0.7629572146827686, -0.03168101941323712], 0, -1.0, [-0.7939933929359155, -0.031036178253146987]
[-0.7939933929359155, -0.031036178253146987], 1, -1.0, [-0.82321681386221, -0.029223420926294534]
[-0.82321681386221, -0.029223420926294534], 1, -1.0, [-0.850483699533903, -0.027266885671692963]
[-0.850483699533903, -0.027266885671692963], 2, -1.0, [-0.8746734304178526, -0.024189730883949614]
[-0.8746734304178526, -0.024189730883949614], 2, -1.0, [-0.8956906041362581, -0.021017173718405537]
[-0.8956906041362581, -0.021017173718405537], 2, -1.0, [-0.9134615991114224, -0.017770994975164347]
[-0.9134615991114224, -0.017770994975164347], 2, -1.0, [-0.9279311191844345, -0.014469520073012061]
[-0.9279311191844345, -0.014469520073012061], 2, -1.0, [-0.9390589647373603, -0.011127845552925801]
[-0.9390589647373603, -0.011127845552925801], 2, -1.0, [-0.9468172174957016, -0.00775825275834135]
[-0.9468172174957016, -0.00775825275834135], 2, -1.0, [-0.9511879735579211, -0.00437075606221946]
[-0.9511879735579211, -0.00437075606221946], 2, -1.0, [-0.9521617153662901, -0.0009737418083691049]
[-0.9521617153662901, -0.0009737418083691049], 2, -1.0, [-0.9497363786232105, 0.0024253367430796414]
[-0.9497363786232105, 0.0024253367430796414], 2, -1.0, [-0.9439171429251386, 0.005819235698071802]
[-0.9439171429251386, 0.005819235698071802], 2, -1.0, [-0.9347169522430089, 0.009200190682129756]
[-0.9347169522430089, 0.009200190682129756], 2, -1.0, [-0.9221577497922738, 0.01255920245073508]
[-0.9221577497922738, 0.01255920245073508], 2, -1.0, [-0.9062723876395486, 0.015885362152725218]
[-0.9062723876395486, 0.015885362152725218], 2, -1.0, [-0.8871071412630411, 0.019165246376507513]
[-0.8871071412630411, 0.019165246376507513], 2, -1.0, [-0.8647247207818313, 0.022382420481209826]
[-0.8647247207818313, 0.022382420481209826], 2, -1.0, [-0.8392076227967995, 0.025517097985031725]
[-0.8392076227967995, 0.025517097985031725], 2, -1.0, [-0.8106616111494823, 0.02854601164731718]
[-0.8106616111494823, 0.02854601164731718], 2, -1.0, [-0.7792190558678146, 0.03144255528166768]
[-0.7792190558678146, 0.03144255528166768], 2, -1.0, [-0.7450418051449357, 0.03417725072287896]
[-0.7450418051449357, 0.03417725072287896], 2, -1.0, [-0.7083232268158538, 0.03671857832908183]
[-0.7083232268158538, 0.03671857832908183], 2, -1.0, [-0.6692890471039046, 0.03903417971194923]
[-0.6692890471039046, 0.03903417971194923], 2, -1.0, [-0.6281966487516757, 0.04109239835222887]
[-0.6281966487516757, 0.04109239835222887], 2, -1.0, [-0.5853325773399203, 0.042864071411755446]
[-0.5853325773399203, 0.042864071411755446], 2, -1.0, [-0.5410081446824336, 0.044324432657486645]
[-0.5410081446824336, 0.044324432657486645], 2, -1.0, [-0.4955532011097766, 0.045454943572657044]
[-0.4955532011097766, 0.045454943572657044], 2, -1.0, [-0.4493083512657427, 0.04624484984403389]
[-0.4493083512657427, 0.04624484984403389], 2, -1.0, [-0.4026160783908609, 0.0466922728748818]
[-0.4026160783908609, 0.0466922728748818], 2, -1.0, [-0.3558113850360142, 0.04680469335484665]
[-0.3558113850360142, 0.04680469335484665], 2, -1.0, [-0.3092126251974914, 0.04659875983852287]
[-0.3092126251974914, 0.04659875983852287], 2, -1.0, [-0.2631131799557395, 0.04609944524175185]
[-0.2631131799557395, 0.04609944524175185], 2, -1.0, [-0.21777452051929622, 0.045338659436443295]
[-0.21777452051929622, 0.045338659436443295], 2, -1.0, [-0.17342103116082125, 0.04435348935847497]
[-0.17342103116082125, 0.04435348935847497], 2, -1.0, [-0.1302367628616435, 0.043184268299177736]
[-0.1302367628616435, 0.043184268299177736], 2, -1.0, [-0.0883640915201552, 0.04187267134148832]
[-0.0883640915201552, 0.04187267134148832], 2, -1.0, [-0.04790409100169208, 0.04046000051846312]
[-0.04790409100169208, 0.04046000051846312], 2, -1.0, [-0.008918318363738569, 0.03898577263795351]
[-0.008918318363738569, 0.03898577263795351], 2, -1.0, [0.02856834900536768, 0.03748666736910625]
[0.02856834900536768, 0.03748666736910625], 2, -1.0, [0.0645641924494714, 0.035995843444103726]
[0.0645641924494714, 0.035995843444103726], 2, -1.0, [0.09910678547918617, 0.034542593029714776]
[0.09910678547918617, 0.034542593029714776], 2, -1.0, [0.13225906614113234, 0.033152280661946164]
[0.13225906614113234, 0.033152280661946164], 2, -1.0, [0.16410556873656584, 0.0318465025954335]
[0.16410556873656584, 0.0318465025954335], 2, -1.0, [0.19474897085731843, 0.030643402120752596]
[0.19474897085731843, 0.030643402120752596], 2, -1.0, [0.22430705371846021, 0.02955808286114177]
[0.22430705371846021, 0.02955808286114177], 2, -1.0, [0.2529101257694193, 0.028603072050959105]
[0.2529101257694193, 0.028603072050959105], 2, -1.0, [0.28069892257885637, 0.027788796809437074]
[0.28069892257885637, 0.027788796809437074], 2, -1.0, [0.30782296934807285, 0.02712404676921646]
[0.30782296934807285, 0.02712404676921646], 2, -1.0, [0.3344393744965202, 0.0266164051484474]
[0.3344393744965202, 0.0266164051484474], 2, -1.0, [0.36071201156495525, 0.026272637068435026]
[0.36071201156495525, 0.026272637068435026], 2, -1.0, [0.3868110401386903, 0.026099028573735014]
[0.3868110401386903, 0.026099028573735014], 2, -1.0, [0.41291271269788016, 0.02610167255918988]
[0.41291271269788016, 0.02610167255918988], 2, -1.0, [0.439199411571228, 0.026286698873347846]
[0.439199411571228, 0.026286698873347846], 2, -1.0, [0.4658598570447795, 0.02666044547355151]
[0.4658598570447795, 0.02666044547355151], 2, -1.0, [0.49308942288415736, 0.027229565839377877]
[0.49308942288415736, 0.027229565839377877], 2, -1.0, [0.5210904879301417, 0.02800106504598427]
