[-0.43739354185591656, 0.0], 0, -1.0, [-0.4390328981897642, -0.0016393563338476655]
[-0.4390328981897642, -0.0016393563338476655], 0, -1.0, [-0.4422997168775453, -0.0032668186877811345]
[-0.4422997168775453, -0.0032668186877811345], 0, -1.0, [-0.447170251282668, -0.004870534405122684]
[-0.447170251282668, -0.004870534405122684], 0, -1.0, [-0.453608990317292, -0.006438739034623989]
[-0.453608990317292, -0.006438739034623989], 0, -1.0, [-0.46156880417395435, -0.007959813856662348]
[-0.46156880417395435, -0.007959813856662348], 0, -1.0, [-0.47099116238138855, -0.009422358207434199]
[-0.47099116238138855, -0.009422358207434199], 0, -1.0, [-0.4818064417853952, -0.010815279404006686]
[-0.4818064417853952, -0.010815279404006686], 0, -1.0, [-0.49393434315056284, -0.012127901365167643]
[-0.49393434315056284, -0.012127901365167643], 0, -1.0, [-0.5072844342046336, -0.013350091054070859]
[-0.5072844342046336, -0.013350091054070859], 0, -1.0, [-0.5217568339753906, -0.014472399770757035]
[-0.5217568339753906, -0.014472399770757035], 0, -1.0, [-0.5372430482380156, -0.015486214262624943]
[-0.5372430482380156, -0.015486214262624943], 0, -1.0, [-0.553626959029597, -0.016383910791581375]
[-0.553626959029597, -0.016383910791581375], 0, -1.0, [-0.5707859629287461, -0.017159003899149046]
[-0.5707859629287461, -0.017159003899149046], 0, -1.0, [-0.5885922437590388, -0.017806280830292825]
[-0.5885922437590388, -0.017806280830292825], 0, -1.0, [-0.6069141563123612, -0.0183219125533224]
[-0.6069141563123612, -0.0183219125533224], 0, -1.0, [-0.6256176894273129, -0.01870353311495168]
[-0.6256176894273129, -0.01870353311495168], 0, -1.0, [-0.6445679700997654, -0.018950280672452524]
[-0.6445679700997654, -0.018950280672452524], 0, -1.0, [-0.6636307659258736, -0.019062795826108158]
[-0.6636307659258736, -0.019062795826108158], 0, -1.0, [-0.6826739415489204, -0.01904317562304684]
[-0.6826739415489204, -0.01904317562304684], 0, -1.0, [-0.7015688260919044, -0.018894884542984016]
[-0.7015688260919044, -0.018894884542984016], 0, -1.0, [-0.7201914526990492, -0.01862262660714472]
[-0.7201914526990492, -0.01862262660714472], 0, -1.0, [-0.7384236378902242, -0.018232185191175046]
[-0.7384236378902242, -0.018232185191175046], 0, -1.0, [-0.7561538768362864, -0.017730238946062196]
[-0.7561538768362864, -0.017730238946062196], 0, -1.0, [-0.7732780401351146, -0.017124163298828196]
[-0.7732780401351146, -0.017124163298828196], 2, -1.0, [-0.7876998674117363, -0.0144218272766217]
[-0.7876998674117363, -0.0144218272766217], 2, -1.0, [-0.7993417633474212, -0.011641895935684942]
[-0.7993417633474212, -0.011641895935684942], 2, -1.0, [-0.808143513196071, -0.00880174984864977]
[-0.808143513196071, -0.00880174984864977], 2, -1.0, [-0.8140610781502478, -0.0059175649541767655]
[-0.8140610781502478, -0.0059175649541767655], 2, -1.0, [-0.8170655868131352, -0.003004508662887479]
[-0.8170655868131352, -0.003004508662887479], 2, -1.0, [-0.8171426105913876, -7.70237782523474e-05]
[-0.8171426105913876, -7.70237782523474e-05], 2, -1.0, [-0.8142917816463711, 0.002850828945016572]
[-0.8142917816463711, 0.002850828945016572], 2, -1.0, [-0.8085267829755641, 0.005764998670806983]
[-0.8085267829755641, 0.005764998670806983], 2, -1.0, [-0.7998757113801025, 0.00865107159546162]
[-0.7998757113801025, 0.00865107159546162], 2, -1.0, [-0.7883817852668208, 0.011493926113281717]
[-0.7883817852668208, 0.011493926113281717], 2, -1.0, [-0.7741043401819337, 0.014277445084887033]
[-0.7741043401819337, 0.014277445084887033], 2, -1.0, [-0.7571200257882322, 0.016984314393701523]
[-0.7571200257882322, 0.016984314393701523], 2, -1.0, [-0.7375240894818736, 0.019595936306358565]
[-0.7375240894818736, 0.019595936306358565], 2, -1.0, [-0.7154316057402395, 0.02209248374163423]
[-0.7154316057402395, 0.02209248374163423], 2, -1.0, [-0.6909784893675427, 0.024453116372696752]
[-0.6909784893675427, 0.024453116372696752], 2, -1.0, [-0.6643221187114104, 0.026656370656132286]
[-0.6643221187114104, 0.026656370656132286], 2, -1.0, [-0.6356413957522352, 0.028680722959175252]
[-0.6356413957522352, 0.028680722959175252], 2, -1.0, [-0.6051360874840912, 0.03050530826814397]
[-0.6051360874840912, 0.03050530826814397], 2, -1.0, [-0.5730253296388698, 0.03211075784522146]
[-0.5730253296388698, 0.03211075784522146], 2, -1.0, [-0.5395452295640517, 0.03348010007481804]
[-0.5395452295640517, 0.03348010007481804], 2, -1.0, [-0.5049455766981794, 0.03459965286587227]
[-0.5049455766981794, 0.03459965286587227], 2, -1.0, [-0.4694857498204228, 0.03545982687775662]
[-0.4694857498204228, 0.03545982687775662], 2, -1.0, [-0.4334299903667485, 0.036055759453674285]
[-0.4334299903667485, 0.036055759453674285], 2, -1.0, [-0.3970422794464623, 0.03638771092028618]
[-0.3970422794464623, 0.03638771092028618], 2, -1.0, [-0.3605811023131168, 0.036461177133345506]
[-0.3605811023131168, 0.036461177133345506], 2, -1.0, [-0.3242944004937119, 0.03628670181940491]
[-0.3242944004937119, 0.03628670181940491], 2, -1.0, [-0.28841499585711017, 0.035879404636601706]
[-0.28841499585711017, 0.035879404636601706], 2, -1.0, [-0.2531567253138658, 0.0352582705432444]
[-0.2531567253138658, 0.0352582705432444], 2, -1.0, [-0.2187114570609818, 0.034445268252884]
[-0.2187114570609818, 0.034445268252884], 2, -1.0, [-0.18524707982137834, 0.03346437723960345]
[-0.18524707982137834, 0.03346437723960345], 2, -1.0, [-0.15290647662090792, 0.03234060320047042]
[-0.15290647662090792, 0.03234060320047042], 2, -1.0, [-0.12180742409383315, 0.031099052527074775]
[-0.12180742409383315, 0.031099052527074775], 2, -1.0, [-0.09204330393698983, 0.029764120156843325]
[-0.09204330393698983, 0.029764120156843325], 2, -1.0, [-0.06368447817824108, 0.028358825758748752]
[-0.06368447817824108, 0.028358825758748752], 2, -1.0, [-0.036780164268979745, 0.02690431390926133]
[-0.036780164268979745, 0.02690431390926133], 2, -1.0, [-0.011360647013764172, 0.025419517255215573]
[-0.011360647013764172, 0.025419517255215573], 2, -1.0, [0.012560322074289823, 0.023920969088053995]
[0.012560322074289823, 0.023920969088053995], 2, -1.0, [0.03498306577137428, 0.022422743697084458]
[0.03498306577137428, 0.022422743697084458], 2, -1.0, [0.05591956475358168, 0.020936498982207404]
[0.05591956475358168, 0.020936498982207404], 1, -1.0, [0.07439116003467791, 0.018471595281096223]
[0.07439116003467791, 0.018471595281096223], 1, -1.0, [0.09042475534324831, 0.016033595308570403]
[0.09042475534324831, 0.016033595308570403], 1, -1.0, [0.10404977508385432, 0.013625019740606007]
[0.10404977508385432, 0.013625019740606007], 0, -1.0, [0.11429560557330722, 0.010245830489452892]
[0.11429560557330722, 0.010245830489452892], 0, -1.0, [0.12118696600667908, 0.00689136043337186]
[0.12118696600667908, 0.00689136043337186], 0, -1.0, [0.12474173523972087, 0.0035547692330417896]
[0.12474173523972087, 0.0035547692330417896], 0, -1.0, [0.12496952665163776, 0.00022779141191688447]
[0.12496952665163776, 0.00022779141191688447], 0, -1.0, [0.12187096530686721, -0.0030985613447705508]
[0.12187096530686721, -0.0030985613447705508], 0, -1.0, [0.1154376419296863, -0.0064333233771809144]
[0.1154376419296863, -0.0064333233771809144], 0, -1.0, [0.10565274201627012, -0.009784899913416177]
[0.10565274201627012, -0.009784899913416177], 0, -1.0, [0.09249237243877206, -0.013160369577498061]
[0.09249237243877206, -0.013160369577498061], 0, -1.0, [0.07592762888146301, -0.016564743557309056]
[0.07592762888146301, -0.016564743557309056], 0, -1.0, [0.055927461690325767, -0.02000016719113724]
[0.055927461690325767, -0.02000016719113724], 0, -1.0, [0.03246240068807901, -0.023465061002246754]
[0.03246240068807901, -0.023465061002246754], 0, -1.0, [0.005509185652771892, -0.02695321503530712]
[0.005509185652771892, -0.02695321503530712], 0, -1.0, [-0.024943687940133942, -0.030452873592905834]
[-0.024943687940133942, -0.030452873592905834], 0, -1.0, [-0.058889565188592355, -0.03394587724845841]
[-0.058889565188592355, -0.03394587724845841], 1, -1.0, [-0.09529652902343899, -0.03640696383484664]
[-0.09529652902343899, -0.03640696383484664], 1, -1.0, [-0.1341020207556247, -0.03880549173218569]
[-0.1341020207556247, -0.03880549173218569], 2, -1.0, [-0.17420791379478257, -0.04010589303915788]
[-0.17420791379478257, -0.04010589303915788], 0, -1.0, [-0.21748008810682198, -0.04327217431203941]
[-0.21748008810682198, -0.04327217431203941], 0, -1.0, [-0.2637387739561791, -0.04625868584935713]
[-0.2637387739561791, -0.04625868584935713], 0, -1.0, [-0.3127549117480304, -0.04901613779185125]
[-0.3127549117480304, -0.04901613779185125], 0, -1.0, [-0.364249020698556, -0.05149410895052567]
[-0.364249020698556, -0.05149410895052567], 0, -1.0, [-0.41789324966336117, -0.05364422896480515]
[-0.41789324966336117, -0.05364422896480515], 0, -1.0, [-0.47331704915382666, -0.05542379949046548]
[-0.47331704915382666, -0.05542379949046548], 0, -1.0, [-0.530116533063994, -0.05679948391016731]
[-0.530116533063994, -0.05679948391016731], 0, -1.0, [-0.5878671369080306, -0.057750603844036574]
[-0.5878671369080306, -0.057750603844036574], 0, -1.0, [-0.6461387088704542, -0.05827157196242365]
[-0.6461387088704542, -0.05827157196242365], 0, -1.0, [-0.7045117926228724, -0.058373083752418266]
[-0.7045117926228724, -0.058373083752418266], 1, -1.0, [-0.7615936679553551, -0.057081875332482664]
[-0.7615936679553551, -0.057081875332482664], 1, -1.0, [-0.8170384172492977, -0.05544474929394259]
[-0.8170384172492977, -0.05544474929394259], 1, -1.0, [-0.8705558114354975, -0.053517394186199815]
[-0.8705558114354975, -0.053517394186199815], 1, -1.0, [-0.9219160934410778, -0.051360282005580266]
[-0.9219160934410778, -0.051360282005580266], 0, -1.0, [-0.9719508803978906, -0.050034786956812766]
[-0.9719508803978906, -0.050034786956812766], 0, -1.0, [-1.0205490955079464, -0.0485982151100557]
[-1.0205490955079464, -0.0485982151100557], 0, -1.0, [-1.067655295441029, -0.04710619993308266]
[-1.067655295441029, -0.04710619993308266], 0, -1.0, [-1.1132662022385182, -0.04561090679748934]
[-1.1132662022385182, -0.04561090679748934], 0, -1.0, [-1.1574260554797096, -0.04415985324119136]
[-1.1574260554797096, -0.04415985324119136], 0, -1.0, [-1.2, 0.0]
[-1.2, 0.0], 2, -1.0, [-1.1967581039591646, 0.003241896040835368]
[-1.1967581039591646, 0.003241896040835368], 2, -1.0, [-1.1902636585360942, 0.006494445423070332]
[-1.1902636585360942, 0.006494445423070332], 2, -1.0, [-1.1804959639787937, 0.009767694557300442]
[-1.1804959639787937, 0.009767694557300442], 2, -1.0, [-1.1674255149588486, 0.013070449019945182]
[-1.1674255149588486, 0.013070449019945182], 2, -1.0, [-1.1510159267200155, 0.016409588238833067]
[-1.1510159267200155, 0.016409588238833067], 2, -1.0, [-1.1312266168239755, 0.019789309896040046]
[-1.1312266168239755, 0.019789309896040046], 2, -1.0, [-1.108016322100852, 0.02321029472312345]
[-1.108016322100852, 0.02321029472312345], 2, -1.0, [-1.081347524946184, 0.02666879715466819]
[-1.081347524946184, 0.02666879715466819], 2, -1.0, [-1.0511918363028878, 0.03015568864329602]
[-1.0511918363028878, 0.03015568864329602], 2, -1.0, [-1.0175363271434712, 0.0336555091594167]
[-1.0175363271434712, 0.0336555091594167], 2, -1.0, [-0.9803907090723114, 0.03714561807115983]
[-0.9803907090723114, 0.03714561807115983], 2, -1.0, [-0.9397951336374217, 0.04059557543488971]
[-0.9397951336374217, 0.04059557543488971], 2, -1.0, [-0.8958282112564235, 0.043966922380998245]
[-0.8958282112564235, 0.043966922380998245], 2, -1.0, [-0.8486146572192776, 0.04721355403714586]
[-0.8486146572192776, 0.04721355403714586], 2, -1.0, [-0.7983317816221248, 0.05028287559715283]
[-0.7983317816221248, 0.05028287559715283], 2, -1.0, [-0.7452138959379592, 0.0531178856841656]
[-0.7452138959379592, 0.0531178856841656], 2, -1.0, [-0.6895536666604415, 0.0556602292775177]
[-0.6895536666604415, 0.0556602292775177], 2, -1.0, [-0.6316995610792892, 0.057854105581152386]
[-0.6316995610792892, 0.057854105581152386], 2, -1.0, [-0.5720488365336812, 0.05965072454560789]
[-0.5720488365336812, 0.05965072454560789], 1, -1.0, [-0.5120360146660762, 0.06001282186760502]
[-0.5120360146660762, 0.06001282186760502], 1, -1.0, [-0.4521098961150043, 0.05992611855107187]
[-0.4521098961150043, 0.05992611855107187], 1, -1.0, [-0.39271584335477117, 0.05939405276023314]
[-0.39271584335477117, 0.05939405276023314], 1, -1.0, [-0.33427838303110907, 0.05843746032366207]
[-0.33427838303110907, 0.05843746032366207], 1, -1.0, [-0.2771857088121271, 0.05709267421898198]
[-0.2771857088121271, 0.05709267421898198], 1, -1.0, [-0.22177734931795334, 0.05540835949417379]
[-0.22177734931795334, 0.05540835949417379], 1, -1.0, [-0.16833576944510123, 0.053441579872852106]
[-0.16833576944510123, 0.053441579872852106], 1, -1.0, [-0.11708211691868871, 0.05125365252641252]
[-0.11708211691868871, 0.05125365252641252], 2, -1.0, [-0.06717582592330208, 0.049906290995386626]
[-0.06717582592330208, 0.049906290995386626], 1, -1.0, [-0.019718939856998366, 0.047456886066303716]
[-0.019718939856998366, 0.047456886066303716], 2, -1.0, [0.026242319345382875, 0.04596125920238124]
[0.026242319345382875, 0.04596125920238124], 1, -1.0, [0.06971132196449434, 0.043469002619111456]
[0.06971132196449434, 0.043469002619111456], 1, -1.0, [0.11073479688031643, 0.04102347491582209]
[0.11073479688031643, 0.04102347491582209], 1, -1.0, [0.14939495747584108, 0.03866016059552465]
[0.14939495747584108, 0.03866016059552465], 1, -1.0, [0.1858020302300972, 0.03640707275425612]
[0.1858020302300972, 0.03640707275425612], 1, -1.0, [0.2200875277144212, 0.034285497484324]
[0.2200875277144212, 0.034285497484324], 1, -1.0, [0.25239844717345994, 0.03231091945903877]
[0.25239844717345994, 0.03231091945903877], 1, -1.0, [0.28289245326559154, 0.030494006092131626]
[0.28289245326559154, 0.030494006092131626], 1, -1.0, [0.31173401875276474, 0.02884156548717318]
[0.31173401875276474, 0.02884156548717318], 2, -1.0, [0.34009144464000246, 0.028357425887237712]
[0.34009144464000246, 0.028357425887237712], 2, -1.0, [0.3681410401036736, 0.028049595463671147]
[0.3681410401036736, 0.028049595463671147], 2, -1.0, [0.396066511117758, 0.027925471014084356]
[0.396066511117758, 0.027925471014084356], 1, -1.0, [0.42305865521604785, 0.026992144098289875]
[0.42305865521604785, 0.026992144098289875], 2, -1.0, [0.45030812979394136, 0.027249474577893486]
[0.45030812979394136, 0.027249474577893486], 1, -1.0, [0.47701234275848536, 0.026704212964544016]
[0.47701234275848536, 0.026704212964544016], 2, -1.0, [0.5043682938126599, 0.027355951054174498]
