[-0.5358702925437863, 0.0], 2, -1.0, [-0.5347782769549411, 0.0010920155888452028]
[-0.5347782769549411, 0.0010920155888452028], 2, -1.0, [-0.5326024308238527, 0.0021758461310883667]
[-0.5326024308238527, 0.0021758461310883667], 2, -1.0, [-0.5293590654895197, 0.0032433653343330263]
[-0.5293590654895197, 0.0032433653343330263], 2, -1.0, [-0.5250725001312035, 0.004286565358316188]
[-0.5250725001312035, 0.004286565358316188], 2, -1.0, [-0.5197748818748987, 0.005297618256304804]
[-0.5197748818748987, 0.005297618256304804], 2, -1.0, [-0.5135059421924956, 0.006268939682403143]
[-0.5135059421924956, 0.006268939682403143], 2, -1.0, [-0.5063126871949358, 0.007193254997559775]
[-0.5063126871949358, 0.007193254997559775], 2, -1.0, [-0.4982490197593067, 0.008063667435629156]
[-0.4982490197593067, 0.008063667435629156], 2, -1.0, [-0.48937529228284876, 0.00887372747645791]
[-0.48937529228284876, 0.00887372747645791], 2, -1.0, [-0.47975779022223475, 0.009617502060614035]
[-0.47975779022223475, 0.009617502060614035], 0, -1.0, [-0.4714681484040259, 0.008289641818208862]
[-0.4714681484040259, 0.008289641818208862], 0, -1.0, [-0.46456789444671076, 0.006900253957315123]
[-0.46456789444671076, 0.006900253957315123], 0, -1.0, [-0.4591080615804274, 0.0054598328662833805]
[-0.4591080615804274, 0.0054598328662833805], 0, -1.0, [-0.4551288972339152, 0.003979164346512192]
[-0.4551288972339152, 0.003979164346512192], 0, -1.0, [-0.45265965338878245, 0.0024692438451327445]
[-0.45265965338878245, 0.0024692438451327445], 0, -1.0, [-0.4517184458949779, 0.0009412074938045794]
[-0.4517184458949779, 0.0009412074938045794], 0, -1.0, [-0.45231217244031974, -0.0005937265453418337]
[-0.45231217244031974, -0.0005937265453418337], 0, -1.0, [-0.45443648236224604, -0.0021243099219263187]
[-0.45443648236224604, -0.0021243099219263187], 0, -1.0, [-0.4580757956211801, -0.0036393132589340785]
[-0.4580757956211801, -0.0036393132589340785], 0, -1.0, [-0.463203372631887, -0.005127577010706894]
[-0.463203372631887, -0.005127577010706894], 0, -1.0, [-0.4697814408709451, -0.006578068239058122]
[-0.4697814408709451, -0.006578068239058122], 0, -1.0, [-0.4777613878507735, -0.0079799469798284]
[-0.4777613878507735, -0.0079799469798284], 0, -1.0, [-0.4870840328045849, -0.009322644953811425]
[-0.4870840328045849, -0.009322644953811425], 0, -1.0, [-0.4976799909395739, -0.010595958134988972]
[-0.4976799909395739, -0.010595958134988972], 0, -1.0, [-0.5094701441358568, -0.011790153196282877]
[-0.5094701441358568, -0.011790153196282877], 0, -1.0, [-0.522366230342219, -0.012896086206362128]
[-0.522366230342219, -0.012896086206362128], 0, -1.0, [-0.5362715606169367, -0.013905330274717758]
[-0.5362715606169367, -0.013905330274717758], 0, -1.0, [-0.5510818678988403, -0.014810307281903523]
[-0.5510818678988403, -0.014810307281903523], 0, -1.0, [-0.5666862854426923, -0.015604417543852021]
[-0.5666862854426923, -0.015604417543852021], 0, -1.0, [-0.5829684458369899, -0.016282160394297637]
[-0.5829684458369899, -0.016282160394297637], 0, -1.0, [-0.5998076841898776, -0.016839238352887705]
[-0.5998076841898776, -0.016839238352887705], 0, -1.0, [-0.6170803220477107, -0.017272637857833048]
[-0.6170803220477107, -0.017272637857833048], 0, -1.0, [-0.6346610025448052, -0.017580680497094516]
[-0.6346610025448052, -0.017580680497094516], 0, -1.0, [-0.6524240427594361, -0.017763040214630908]
[-0.6524240427594361, -0.017763040214630908], 0, -1.0, [-0.67024476672964, -0.017820723970203872]
[-0.67024476672964, -0.017820723970203872], 0, -1.0, [-0.6880007823359144, -0.017756015606274482]
[-0.6880007823359144, -0.017756015606274482], 0, -1.0, [-0.7055731673381217, -0.01757238500220723]
[-0.7055731673381217, -0.01757238500220723], 0, -1.0, [-0.7228475340858159, -0.017274366747694263]
[-0.7228475340858159, -0.017274366747694263], 0, -1.0, [-0.7397149484288693, -0.016867414343053434]
[-0.7397149484288693, -0.016867414343053434], 0, -1.0, [-0.756072685613494, -0.01635773718462476]
[-0.756072685613494, -0.01635773718462476], 0, -1.0, [-0.771824813851665, -0.01575212823817099]
[-0.771824813851665, -0.01575212823817099], 2, -1.0, [-0.7848826041863569, -0.01305779033469192]
[-0.7848826041863569, -0.01305779033469192], 2, -1.0, [-0.7951753638470354, -0.010292759660678403]
[-0.7951753638470354, -0.010292759660678403], 2, -1.0, [-0.8026492729421872, -0.0074739090951519245]
[-0.8026492729421872, -0.0074739090951519245], 2, -1.0, [-0.8072663349664646, -0.0046170620242773795]
[-0.8072663349664646, -0.0046170620242773795], 2, -1.0, [-0.8090035425456813, -0.0017372075792167472]
[-0.8090035425456813, -0.0017372075792167472], 2, -1.0, [-0.807852332109122, 0.0011512104365592906]
[-0.807852332109122, 0.0011512104365592906], 2, -1.0, [-0.8038183728342495, 0.004033959274872536]
[-0.8038183728342495, 0.004033959274872536], 2, -1.0, [-0.7969217068660669, 0.006896665968182635]
[-0.7969217068660669, 0.006896665968182635], 2, -1.0, [-0.78719722954828, 0.00972447731778691]
[-0.78719722954828, 0.00972447731778691], 2, -1.0, [-0.774695470082028, 0.01250175946625196]
[-0.774695470082028, 0.01250175946625196], 2, -1.0, [-0.7594836046560953, 0.015211865425932718]
[-0.7594836046560953, 0.015211865425932718], 2, -1.0, [-0.7416466061498204, 0.017836998506274928]
[-0.7416466061498204, 0.017836998506274928], 2, -1.0, [-0.7212884082240402, 0.020358197925780242]
[-0.7212884082240402, 0.020358197925780242], 2, -1.0, [-0.6985329391206179, 0.022755469103422313]
[-0.6985329391206179, 0.022755469103422313], 2, -1.0, [-0.6735248648040515, 0.02500807431656643]
[-0.6735248648040515, 0.02500807431656643], 2, -1.0, [-0.6464298758246382, 0.027094988979413266]
[-0.6464298758246382, 0.027094988979413266], 2, -1.0, [-0.6174343611325783, 0.028995514692059847]
[-0.6174343611325783, 0.028995514692059847], 2, -1.0, [-0.5867443379131776, 0.030690023219400744]
[-0.5867443379131776, 0.030690023219400744], 2, -1.0, [-0.5545835504706889, 0.03216078744248872]
[-0.5545835504706889, 0.03216078744248872], 2, -1.0, [-0.5211907117272919, 0.03339283874339692]
[-0.5211907117272919, 0.03339283874339692], 2, -1.0, [-0.48681593330583506, 0.03437477842145685]
[-0.48681593330583506, 0.03437477842145685], 2, -1.0, [-0.4517164666708227, 0.03509946663501233]
[-0.4517164666708227, 0.03509946663501233], 2, -1.0, [-0.416151948575329, 0.03556451809549373]
[-0.416151948575329, 0.03556451809549373], 2, -1.0, [-0.38037939889118444, 0.03577254968414455]
[-0.38037939889118444, 0.03577254968414455], 2, -1.0, [-0.34464824928219945, 0.03573114960898498]
[-0.34464824928219945, 0.03573114960898498], 2, -1.0, [-0.3091956822228326, 0.03545256705936682]
[-0.3091956822228326, 0.03545256705936682], 2, -1.0, [-0.27424253144226735, 0.03495315078056529]
[-0.27424253144226735, 0.03495315078056529], 0, -1.0, [-0.24198994166860222, 0.03225258977366513]
[-0.24198994166860222, 0.03225258977366513], 0, -1.0, [-0.212606991756757, 0.029382949911845216]
[-0.212606991756757, 0.029382949911845216], 0, -1.0, [-0.18623252973555046, 0.02637446202120655]
[-0.18623252973555046, 0.02637446202120655], 0, -1.0, [-0.16297793325151147, 0.023254596484038985]
[-0.16297793325151147, 0.023254596484038985], 0, -1.0, [-0.14293042211357776, 0.02004751113793371]
[-0.14293042211357776, 0.02004751113793371], 0, -1.0, [-0.12615658340391006, 0.016773838709667695]
[-0.12615658340391006, 0.016773838709667695], 0, -1.0, [-0.11270582256677866, 0.013450760837131396]
[-0.11270582256677866, 0.013450760837131396], 0, -1.0, [-0.10261351371678037, 0.010092308849998295]
[-0.10261351371678037, 0.010092308849998295], 1, -1.0, [-0.09490368014292205, 0.007709833573858321]
[-0.09490368014292205, 0.007709833573858321], 1, -1.0, [-0.089593203708384, 0.005310476434538052]
[-0.089593203708384, 0.005310476434538052], 1, -1.0, [-0.08669296651051463, 0.0029002371978693706]
[-0.08669296651051463, 0.0029002371978693706], 1, -1.0, [-0.08620865354162392, 0.00048431296889070484]
[-0.08620865354162392, 0.00048431296889070484], 1, -1.0, [-0.0881411963341329, -0.0019325427925089896]
[-0.0881411963341329, -0.0019325427925089896], 1, -1.0, [-0.09248684739646613, -0.004345651062333223]
[-0.09248684739646613, -0.004345651062333223], 1, -1.0, [-0.09923688378934722, -0.006750036392881091]
[-0.09923688378934722, -0.006750036392881091], 1, -1.0, [-0.10837694651673163, -0.009140062727384404]
[-0.10837694651673163, -0.009140062727384404], 1, -1.0, [-0.11988603159433006, -0.011509085077598426]
[-0.11988603159433006, -0.011509085077598426], 1, -1.0, [-0.13373515970535593, -0.013849128111025875]
[-0.13373515970535593, -0.013849128111025875], 1, -1.0, [-0.14988576503939163, -0.01615060533403571]
[-0.14988576503939163, -0.01615060533403571], 0, -1.0, [-0.16928786065913856, -0.01940209561974692]
[-0.16928786065913856, -0.01940209561974692], 0, -1.0, [-0.1918744199433744, -0.022586559284235846]
[-0.1918744199433744, -0.022586559284235846], 0, -1.0, [-0.21755811220028534, -0.02568369225691095]
[-0.21755811220028534, -0.02568369225691095], 0, -1.0, [-0.2462279606609432, -0.028669848460657885]
[-0.2462279606609432, -0.028669848460657885], 0, -1.0, [-0.27774619752501967, -0.031518236864076475]
[-0.27774619752501967, -0.031518236864076475], 0, -1.0, [-0.31194564030405003, -0.03419944277903037]
[-0.31194564030405003, -0.03419944277903037], 0, -1.0, [-0.348627945164811, -0.036682304860760954]
[-0.348627945164811, -0.036682304860760954], 0, -1.0, [-0.38756309322402693, -0.03893514805921595]
[-0.38756309322402693, -0.03893514805921595], 0, -1.0, [-0.42849042265413945, -0.04092732943011249]
[-0.42849042265413945, -0.04092732943011249], 0, -1.0, [-0.47112142554158243, -0.042631002887442954]
[-0.47112142554158243, -0.042631002887442954], 0, -1.0, [-0.5151443847639382, -0.04402295922235581]
[-0.5151443847639382, -0.04402295922235581], 0, -1.0, [-0.5602307451194836, -0.045086360355545335]
[-0.5602307451194836, -0.045086360355545335], 0, -1.0, [-0.6060429183802173, -0.045812173260733745]
[-0.6060429183802173, -0.045812173260733745], 0, -1.0, [-0.6522430455440682, -0.04620012716385095]
[-0.6522430455440682, -0.04620012716385095], 0, -1.0, [-0.6985021139581093, -0.04625906841404116]
[-0.6985021139581093, -0.04625906841404116], 0, -1.0, [-0.744508777240378, -0.04600666328226861]
[-0.744508777240378, -0.04600666328226861], 0, -1.0, [-0.7899772624045914, -0.04546848516421346]
[-0.7899772624045914, -0.04546848516421346], 0, -1.0, [-0.8346538638379007, -0.044676601433309336]
[-0.8346538638379007, -0.044676601433309336], 0, -1.0, [-0.8783216947090504, -0.043667830871149685]
[-0.8783216947090504, -0.043667830871149685], 0, -1.0, [-0.9208035608667062, -0.04248186615765577]
[-0.9208035608667062, -0.04248186615765577], 0, -1.0, [-0.9619630076530389, -0.04115944678633263]
[-0.9619630076530389, -0.04115944678633263], 0, -1.0, [-1.0017037405179612, -0.03974073286492232]
[-1.0017037405179612, -0.03974073286492232], 0, -1.0, [-1.0399677212390261, -0.03826398072106496]
[-1.0399677212390261, -0.03826398072106496], 0, -1.0, [-1.0767322899795022, -0.03676456874047607]
[-1.0767322899795022, -0.03676456874047607], 0, -1.0, [-1.1120066656854346, -0.03527437570593243]
[-1.1120066656854346, -0.03527437570593243], 0, -1.0, [-1.1458281452154782, -0.033821479530043545]
[-1.1458281452154782, -0.033821479530043545], 0, -1.0, [-1.1782582685322383, -0.032430123316760075]
[-1.1782582685322383, -0.032430123316760075], 0, -1.0, [-1.2, 0.0]
[-1.2, 0.0], 2, -1.0, [-1.1967581039591646, 0.003241896040835368]
[-1.1967581039591646, 0.003241896040835368], 2, -1.0, [-1.1902636585360942, 0.006494445423070332]
[-1.1902636585360942, 0.006494445423070332], 2, -1.0, [-1.1804959639787937, 0.009767694557300442]
[-1.1804959639787937, 0.009767694557300442], 2, -1.0, [-1.1674255149588486, 0.013070449019945182]
[-1.1674255149588486, 0.013070449019945182], 2, -1.0, [-1.1510159267200155, 0.016409588238833067]
[-1.1510159267200155, 0.016409588238833067], 0, -1.0, [-1.1332266168239755, 0.017789309896040047]
[-1.1332266168239755, 0.017789309896040047], 2, -1.0, [-1.1120201070419482, 0.021206509782027403]
[-1.1120201070419482, 0.021206509782027403], 0, -1.0, [-1.0893607205630256, 0.022659386478922666]
[-1.0893607205630256, 0.022659386478922666], 2, -1.0, [-1.063221306927575, 0.026139413635450467]
[-1.063221306927575, 0.026139413635450467], 2, -1.0, [-1.0335847812943282, 0.029636525633247018]
[-1.0335847812943282, 0.029636525633247018], 2, -1.0, [-1.0004503400807876, 0.0331344412135405]
[-1.0004503400807876, 0.0331344412135405], 2, -1.0, [-0.9638404432446587, 0.036609896836128884]
[-0.9638404432446587, 0.036609896836128884], 2, -1.0, [-0.9238083094749251, 0.04003213376973355]
[-0.9238083094749251, 0.04003213376973355], 2, -1.0, [-0.8804455090039807, 0.043362800470944374]
[-0.8804455090039807, 0.043362800470944374], 2, -1.0, [-0.833889059184326, 0.04655644981965464]
[-0.833889059184326, 0.04655644981965464], 2, -1.0, [-0.7843272587121014, 0.04956180047222462]
[-0.7843272587121014, 0.04956180047222462], 2, -1.0, [-0.7320033797299015, 0.05232387898219989]
[-0.7320033797299015, 0.05232387898219989], 2, -1.0, [-0.6772163241138722, 0.05478705561602925]
[-0.6772163241138722, 0.05478705561602925], 2, -1.0, [-0.6203174885961718, 0.05689883551770045]
[-0.6203174885961718, 0.05689883551770045], 2, -1.0, [-0.561703398476339, 0.05861409011983275]
[-0.561703398476339, 0.05861409011983275], 2, -1.0, [-0.5018041457012139, 0.05989925277512504]
[-0.5018041457012139, 0.05989925277512504], 2, -1.0, [-0.4410682362087112, 0.06073590949250267]
[-0.4410682362087112, 0.06073590949250267], 0, -1.0, [-0.38194500104853163, 0.059123235160179574]
[-0.38194500104853163, 0.059123235160179574], 2, -1.0, [-0.32285247975280584, 0.0590925212957258]
[-0.32285247975280584, 0.0590925212957258], 2, -1.0, [-0.264176180682843, 0.05867629906996288]
[-0.264176180682843, 0.05867629906996288], 2, -1.0, [-0.2062549988864364, 0.05792118179640661]
[-0.2062549988864364, 0.05792118179640661], 2, -1.0, [-0.14937030563044798, 0.05688469325598841]
[-0.14937030563044798, 0.05688469325598841], 2, -1.0, [-0.09373878032752021, 0.05563152530292777]
[-0.09373878032752021, 0.05563152530292777], 2, -1.0, [-0.039509051486489685, 0.05422972884103053]
[-0.039509051486489685, 0.05422972884103053], 2, -1.0, [0.013238217663180861, 0.052747269149670546]
[0.013238217663180861, 0.052747269149670546], 0, -1.0, [0.06248745812080418, 0.04924924045762332]
[0.06248745812080418, 0.04924924045762332], 0, -1.0, [0.10828049776355575, 0.04579303964275156]
[0.10828049776355575, 0.04579303964275156], 0, -1.0, [0.15070428408856995, 0.0424237863250142]
[0.15070428408856995, 0.0424237863250142], 0, -1.0, [0.18987925522543447, 0.039174971136864536]
[0.18987925522543447, 0.039174971136864536], 0, -1.0, [0.22594898537936467, 0.03606973015393019]
[0.22594898537936467, 0.03606973015393019], 0, -1.0, [0.25907140369727183, 0.033122418317907146]
[0.25907140369727183, 0.033122418317907146], 0, -1.0, [0.28941164710287776, 0.03034024340560593]
[0.28941164710287776, 0.03034024340560593], 0, -1.0, [0.3171364539396926, 0.02772480683681484]
[0.3171364539396926, 0.02772480683681484], 0, -1.0, [0.34240992048803437, 0.025273466548341783]
[0.34240992048803437, 0.025273466548341783], 2, -1.0, [0.3673904075633429, 0.02498048707530852]
[0.3673904075633429, 0.02498048707530852], 0, -1.0, [0.39024174452832283, 0.022851336964979957]
[0.39024174452832283, 0.022851336964979957], 2, -1.0, [0.4131193719370351, 0.02287762740871223]
[0.4131193719370351, 0.02287762740871223], 2, -1.0, [0.4361834910925425, 0.023064119155507413]
[0.4361834910925425, 0.023064119155507413], 0, -1.0, [0.4575994845678988, 0.02141599347535625]
[0.4575994845678988, 0.02141599347535625], 2, -1.0, [0.47952371125262006, 0.021924226684721253]
[0.47952371125262006, 0.021924226684721253], 0, -1.0, [0.5001183373461413, 0.020594626093521307]
