[-0.5677935057738749, 0.0], 2, -1.0, [-0.5664630155444516, 0.0013304902294233713]
[-0.5664630155444516, 0.0013304902294233713], 2, -1.0, [-0.5638119287916977, 0.0026510867527538215]
[-0.5638119287916977, 0.0026510867527538215], 2, -1.0, [-0.5598599744295352, 0.00395195436216252]
[-0.5598599744295352, 0.00395195436216252], 2, -1.0, [-0.554636597146781, 0.005223377282754135]
[-0.554636597146781, 0.005223377282754135], 2, -1.0, [-0.5481807724335639, 0.006455824713217144]
[-0.5481807724335639, 0.006455824713217144], 2, -1.0, [-0.5405407498092465, 0.007640022624317363]
[-0.5405407498092465, 0.007640022624317363], 2, -1.0, [-0.5317737170784919, 0.008767032730754649]
[-0.5317737170784919, 0.008767032730754649], 2, -1.0, [-0.521945378432648, 0.009828338645843879]
[-0.521945378432648, 0.009828338645843879], 2, -1.0, [-0.5111294402146973, 0.01081593821795063]
[-0.5111294402146973, 0.01081593821795063], 0, -1.0, [-0.501407000202305, 0.00972244001239226]
[-0.501407000202305, 0.00972244001239226], 0, -1.0, [-0.4928508755825893, 0.008556124619715727]
[-0.4928508755825893, 0.008556124619715727], 0, -1.0, [-0.48552503331358443, 0.007325842269004864]
[-0.48552503331358443, 0.007325842269004864], 0, -1.0, [-0.47948412360581555, 0.006040909707768903]
[-0.47948412360581555, 0.006040909707768903], 0, -1.0, [-0.47477310880256174, 0.00471101480325383]
[-0.47477310880256174, 0.00471101480325383], 0, -1.0, [-0.4714269784297529, 0.0033461303728088386]
[-0.4714269784297529, 0.0033461303728088386], 0, -1.0, [-0.46947054092129215, 0.0019564375084607554]
[-0.46947054092129215, 0.0019564375084607554], 0, -1.0, [-0.4689182834034785, 0.0005522575178136249]
[-0.4689182834034785, 0.0005522575178136249], 0, -1.0, [-0.4697742927621382, -0.0008560093586597022]
[-0.4697742927621382, -0.0008560093586597022], 0, -1.0, [-0.47203223377507847, -0.002257941012940247]
[-0.47203223377507847, -0.002257941012940247], 0, -1.0, [-0.47567538308509777, -0.003643149310019295]
[-0.47567538308509777, -0.003643149310019295], 0, -1.0, [-0.4806767209055166, -0.005001337820418826]
[-0.4806767209055166, -0.005001337820418826], 0, -1.0, [-0.48699908527486735, -0.006322364369350762]
[-0.48699908527486735, -0.006322364369350762], 0, -1.0, [-0.49459539610418857, -0.007596310829321201]
[-0.49459539610418857, -0.007596310829321201], 0, -1.0, [-0.5034089579114112, -0.008813561807222616]
[-0.5034089579114112, -0.008813561807222616], 0, -1.0, [-0.513373850781331, -0.00996489286991981]
[-0.513373850781331, -0.00996489286991981], 0, -1.0, [-0.5244154185616201, -0.011041567780289065]
[-0.5244154185616201, -0.011041567780289065], 0, -1.0, [-0.5364508615258112, -0.012035442964191172]
[-0.5364508615258112, -0.012035442964191172], 0, -1.0, [-0.5493899377259189, -0.012939076200107676]
[-0.5493899377259189, -0.012939076200107676], 0, -1.0, [-0.5631357731558375, -0.013745835429918576]
[-0.5631357731558375, -0.013745835429918576], 0, -1.0, [-0.577585775901307, -0.014450002745469518]
[-0.577585775901307, -0.014450002745469518], 0, -1.0, [-0.5926326440151699, -0.015046868113862952]
[-0.5926326440151699, -0.015046868113862952], 0, -1.0, [-0.608165451357673, -0.015532807342503074]
[-0.608165451357673, -0.015532807342503074], 0, -1.0, [-0.6240707905502713, -0.01590533919259825]
[-0.6240707905502713, -0.01590533919259825], 0, -1.0, [-0.6402339479697586, -0.01616315741948742]
[-0.6402339479697586, -0.01616315741948742], 0, -1.0, [-0.6565400827610449, -0.016306134791286238]
[-0.6565400827610449, -0.016306134791286238], 0, -1.0, [-0.672875380469328, -0.016335297708283084]
[-0.672875380469328, -0.016335297708283084], 0, -1.0, [-0.6891281522420543, -0.01625277177272626]
[-0.6891281522420543, -0.01625277177272626], 0, -1.0, [-0.7051898526240851, -0.016061700382030846]
[-0.7051898526240851, -0.016061700382030846], 0, -1.0, [-0.7209559926039106, -0.015766139979825535]
[-0.7209559926039106, -0.015766139979825535], 0, -1.0, [-0.736326929466469, -0.015370936862558457]
[-0.736326929466469, -0.015370936862558457], 0, -1.0, [-0.7512085207733135, -0.01488159130684438]
[-0.7512085207733135, -0.01488159130684438], 0, -1.0, [-0.7655126359780718, -0.014304115204758428]
[-0.7655126359780718, -0.014304115204758428], 2, -1.0, [-0.7771575253495218, -0.011644889371449946]
[-0.7771575253495218, -0.011644889371449946], 2, -1.0, [-0.7860788860775765, -0.008921360728054675]
[-0.7860788860775765, -0.008921360728054675], 2, -1.0, [-0.7922288734641907, -0.006149987386614217]
[-0.7922288734641907, -0.006149987386614217], 2, -1.0, [-0.7955752422764568, -0.0033463688122660792]
[-0.7955752422764568, -0.0033463688122660792], 2, -1.0, [-0.7961007042629297, -0.000525461986472808]
[-0.7961007042629297, -0.000525461986472808], 2, -1.0, [-0.793802561370565, 0.002298142892364596]
[-0.793802561370565, 0.002298142892364596], 2, -1.0, [-0.7886926470559459, 0.005109914314619135]
[-0.7886926470559459, 0.005109914314619135], 2, -1.0, [-0.7807975807741252, 0.007895066281820715]
[-0.7807975807741252, 0.007895066281820715], 2, -1.0, [-0.7701593134052647, 0.010638267368860501]
[-0.7701593134052647, 0.010638267368860501], 2, -1.0, [-0.75683591413896, 0.013323399266304605]
[-0.75683591413896, 0.013323399266304605], 2, -1.0, [-0.7409025225253846, 0.015933391613575425]
[-0.7409025225253846, 0.015933391613575425], 2, -1.0, [-0.7224523638935436, 0.018450158631840928]
[-0.7224523638935436, 0.018450158631840928], 2, -1.0, [-0.7015977037207646, 0.020854660172779045]
[-0.7015977037207646, 0.020854660172779045], 2, -1.0, [-0.6784705991778012, 0.023127104542963392]
[-0.6784705991778012, 0.023127104542963392], 2, -1.0, [-0.6532232969654501, 0.025247302212351046]
[-0.6532232969654501, 0.025247302212351046], 2, -1.0, [-0.6260281289446664, 0.027195168020783735]
[-0.6260281289446664, 0.027195168020783735], 2, -1.0, [-0.597076773808006, 0.028951355136660462]
[-0.597076773808006, 0.028951355136660462], 2, -1.0, [-0.5665787858294274, 0.030497987978578552]
[-0.5665787858294274, 0.030497987978578552], 2, -1.0, [-0.5347593402388006, 0.031819445590626855]
[-0.5347593402388006, 0.031819445590626855], 2, -1.0, [-0.501856206051567, 0.03290313418723356]
[-0.501856206051567, 0.03290313418723356], 2, -1.0, [-0.4681160255266431, 0.03374018052492388]
[-0.4681160255266431, 0.03374018052492388], 2, -1.0, [-0.4337900468488005, 0.03432597867784257]
[-0.4337900468488005, 0.03432597867784257], 2, -1.0, [-0.3991295140904911, 0.03466053275830944]
[-0.3991295140904911, 0.03466053275830944], 2, -1.0, [-0.3643809575741755, 0.03474855651631559]
[-0.3643809575741755, 0.03474855651631559], 2, -1.0, [-0.3297816423873251, 0.034599315186850374]
[-0.3297816423873251, 0.034599315186850374], 2, -1.0, [-0.2955554207022894, 0.03422622168503569]
[-0.2955554207022894, 0.03422622168503569], 2, -1.0, [-0.2619091967115701, 0.033646223990719315]
[-0.2619091967115701, 0.033646223990719315], 2, -1.0, [-0.22903015722820735, 0.03287903948336275]
[-0.22903015722820735, 0.03287903948336275], 2, -1.0, [-0.19708385467211012, 0.03194630255609723]
[-0.19708385467211012, 0.03194630255609723], 2, -1.0, [-0.16621316138363224, 0.03087069328847787]
[-0.16621316138363224, 0.03087069328847787], 2, -1.0, [-0.13653805313397654, 0.029675108249655704]
[-0.13653805313397654, 0.029675108249655704], 2, -1.0, [-0.10815613126983846, 0.02838192186413809]
[-0.10815613126983846, 0.02838192186413809], 2, -1.0, [-0.08114376025327182, 0.027012371016566644]
[-0.08114376025327182, 0.027012371016566644], 2, -1.0, [-0.05555768082144154, 0.025586079431830278]
[-0.05555768082144154, 0.025586079431830278], 2, -1.0, [-0.03143695682416803, 0.02412072399727351]
[-0.03143695682416803, 0.02412072399727351], 1, -1.0, [-0.009805122890011553, 0.021631833934156474]
[-0.009805122890011553, 0.021631833934156474], 0, -1.0, [0.008327792546051992, 0.018132915436063546]
[0.008327792546051992, 0.018132915436063546], 0, -1.0, [0.02296148815298215, 0.01463369560693016]
[0.02296148815298215, 0.01463369560693016], 0, -1.0, [0.034101112751704236, 0.011139624598722087]
[0.034101112751704236, 0.011139624598722087], 0, -1.0, [0.04175380841061725, 0.007652695658913012]
[0.04175380841061725, 0.007652695658913012], 0, -1.0, [0.04592609146902111, 0.004172283058403859]
[0.04592609146902111, 0.004172283058403859], 0, -1.0, [0.046622065580968354, 0.0006959741119472434]
[0.046622065580968354, 0.0006959741119472434], 0, -1.0, [0.04384245304623621, -0.00277961253473214]
[0.04384245304623621, -0.00277961253473214], 0, -1.0, [0.03758443366318176, -0.006258019383054449]
[0.03758443366318176, -0.006258019383054449], 0, -1.0, [0.02784228908459765, -0.009742144578584109]
[0.02784228908459765, -0.009742144578584109], 0, -1.0, [0.01460886035883544, -0.013233428725762211]
[0.01460886035883544, -0.013233428725762211], 0, -1.0, [-0.0021221677896988405, -0.01673102814853428]
[-0.0021221677896988405, -0.01673102814853428], 0, -1.0, [-0.022353145272947815, -0.020230977483248976]
[-0.022353145272947815, -0.020230977483248976], 0, -1.0, [-0.04607850365249902, -0.0237253583795512]
[-0.04607850365249902, -0.0237253583795512], 0, -1.0, [-0.07328001372430545, -0.02720151007180643]
[-0.07328001372430545, -0.02720151007180643], 0, -1.0, [-0.10392135465761174, -0.030641340933306283]
[-0.10392135465761174, -0.030641340933306283], 0, -1.0, [-0.13794218045447126, -0.03402082579685954]
[-0.13794218045447126, -0.03402082579685954], 0, -1.0, [-0.1752519782939112, -0.037309797839439954]
[-0.1752519782939112, -0.037309797839439954], 0, -1.0, [-0.21572413815841698, -0.04047215986450578]
[-0.21572413815841698, -0.04047215986450578], 2, -1.0, [-0.25719077759830045, -0.04146663943988346]
[-0.25719077759830045, -0.04146663943988346], 0, -1.0, [-0.301449455104125, -0.04425867750582458]
[-0.301449455104125, -0.04425867750582458], 0, -1.0, [-0.34825362738660987, -0.04680417228248484]
[-0.34825362738660987, -0.04680417228248484], 0, -1.0, [-0.39731307149624473, -0.04905944410963486]
[-0.39731307149624473, -0.04905944410963486], 0, -1.0, [-0.4482971627759137, -0.05098409127966895]
[-0.4482971627759137, -0.05098409127966895], 0, -1.0, [-0.5008412248102946, -0.05254406203438094]
[-0.5008412248102946, -0.05254406203438094], 0, -1.0, [-0.5545558359108933, -0.053714611100598685]
[-0.5545558359108933, -0.053714611100598685], 0, -1.0, [-0.6090386026732262, -0.05448276676233283]
[-0.6090386026732262, -0.05448276676233283], 0, -1.0, [-0.6638875644299815, -0.05484896175675537]
[-0.6638875644299815, -0.05484896175675537], 0, -1.0, [-0.7187151477627498, -0.054827583332768215]
[-0.7187151477627498, -0.054827583332768215], 0, -1.0, [-0.7731615050672367, -0.05444635730448688]
[-0.7731615050672367, -0.05444635730448688], 0, -1.0, [-0.826906166532076, -0.05374466146483938]
[-0.826906166532076, -0.05374466146483938], 1, -1.0, [-0.878677188068949, -0.05177102153687293]
[-0.878677188068949, -0.05177102153687293], 0, -1.0, [-0.9292609524121707, -0.05058376434322165]
[-0.9292609524121707, -0.05058376434322165], 0, -1.0, [-0.9784995679356069, -0.04923861552343621]
[-0.9784995679356069, -0.04923861552343621], 0, -1.0, [-1.026291089192844, -0.04779152125723708]
[-1.026291089192844, -0.04779152125723708], 0, -1.0, [-1.0725875259901274, -0.04629643679728339]
[-1.0725875259901274, -0.04629643679728339], 0, -1.0, [-1.1173912116034026, -0.04480368561327526]
[-1.1173912116034026, -0.04480368561327526], 0, -1.0, [-1.1607501231207227, -0.04335891151732008]
[-1.1607501231207227, -0.04335891151732008], 0, -1.0, [-1.2, 0.0]
[-1.2, 0.0], 2, -1.0, [-1.1967581039591646, 0.003241896040835368]
[-1.1967581039591646, 0.003241896040835368], 2, -1.0, [-1.1902636585360942, 0.006494445423070332]
[-1.1902636585360942, 0.006494445423070332], 2, -1.0, [-1.1804959639787937, 0.009767694557300442]
[-1.1804959639787937, 0.009767694557300442], 2, -1.0, [-1.1674255149588486, 0.013070449019945182]
[-1.1674255149588486, 0.013070449019945182], 2, -1.0, [-1.1510159267200155, 0.016409588238833067]
[-1.1510159267200155, 0.016409588238833067], 2, -1.0, [-1.1312266168239755, 0.019789309896040046]
[-1.1312266168239755, 0.019789309896040046], 2, -1.0, [-1.108016322100852, 0.02321029472312345]
[-1.108016322100852, 0.02321029472312345], 2, -1.0, [-1.081347524946184, 0.02666879715466819]
[-1.081347524946184, 0.02666879715466819], 2, -1.0, [-1.0511918363028878, 0.03015568864329602]
[-1.0511918363028878, 0.03015568864329602], 2, -1.0, [-1.0175363271434712, 0.0336555091594167]
[-1.0175363271434712, 0.0336555091594167], 2, -1.0, [-0.9803907090723114, 0.03714561807115983]
[-0.9803907090723114, 0.03714561807115983], 2, -1.0, [-0.9397951336374217, 0.04059557543488971]
[-0.9397951336374217, 0.04059557543488971], 2, -1.0, [-0.8958282112564235, 0.043966922380998245]
[-0.8958282112564235, 0.043966922380998245], 2, -1.0, [-0.8486146572192776, 0.04721355403714586]
[-0.8486146572192776, 0.04721355403714586], 2, -1.0, [-0.7983317816221248, 0.05028287559715283]
[-0.7983317816221248, 0.05028287559715283], 2, -1.0, [-0.7452138959379592, 0.0531178856841656]
[-0.7452138959379592, 0.0531178856841656], 2, -1.0, [-0.6895536666604415, 0.0556602292775177]
[-0.6895536666604415, 0.0556602292775177], 2, -1.0, [-0.6316995610792892, 0.057854105581152386]
[-0.6316995610792892, 0.057854105581152386], 1, -1.0, [-0.5730488365336812, 0.05865072454560789]
[-0.5730488365336812, 0.05865072454560789], 1, -1.0, [-0.514028595392296, 0.05902024114138522]
[-0.514028595392296, 0.05902024114138522], 0, -1.0, [-0.45608012074204585, 0.05794847465025011]
[-0.45608012074204585, 0.05794847465025011], 2, -1.0, [-0.3976345803282132, 0.05844554041383263]
[-0.3976345803282132, 0.05844554041383263], 1, -1.0, [-0.34011144632979656, 0.057523133998416624]
[-0.34011144632979656, 0.057523133998416624], 2, -1.0, [-0.2828960149040561, 0.05721543142574049]
[-0.2828960149040561, 0.05721543142574049], 1, -1.0, [-0.22733300403809603, 0.055563010865960036]
[-0.22733300403809603, 0.055563010865960036], 1, -1.0, [-0.17371077867490273, 0.05362222536319331]
[-0.17371077867490273, 0.05362222536319331], 1, -1.0, [-0.12225669328212338, 0.05145408539277934]
[-0.12225669328212338, 0.05145408539277934], 1, -1.0, [-0.07313633406272524, 0.04912035921939815]
[-0.07313633406272524, 0.04912035921939815], 2, -1.0, [-0.02545604047363425, 0.04768029358909099]
[-0.02545604047363425, 0.04768029358909099], 2, -1.0, [0.020731539685557833, 0.04618758015919208]
[0.020731539685557833, 0.04618758015919208], 1, -1.0, [0.0644239534996312, 0.043692413814073364]
[0.0644239534996312, 0.043692413814073364], 1, -1.0, [0.10566291466357079, 0.04123896116393959]
[0.10566291466357079, 0.04123896116393959], 1, -1.0, [0.14452642994394338, 0.038863515280372574]
[0.14452642994394338, 0.038863515280372574], 1, -1.0, [0.18112127565201808, 0.0365948457080747]
[0.18112127565201808, 0.0365948457080747], 1, -1.0, [0.21557618544136023, 0.034454909789342146]
[0.21557618544136023, 0.034454909789342146], 1, -1.0, [0.2480359468100025, 0.03245976136864226]
[0.2480359468100025, 0.03245976136864226], 1, -1.0, [0.2786564770066601, 0.030620530196657572]
[0.2786564770066601, 0.030620530196657572], 2, -1.0, [0.3086008603744333, 0.029944383367773227]
[0.3086008603744333, 0.029944383367773227], 1, -1.0, [0.33704226014053174, 0.028441399766098444]
[0.33704226014053174, 0.028441399766098444], 2, -1.0, [0.3651563944306323, 0.028114134290100578]
[0.3651563944306323, 0.028114134290100578], 2, -1.0, [0.39312645534814017, 0.027970060917507894]
[0.39312645534814017, 0.027970060917507894], 2, -1.0, [0.4211427697835147, 0.028016314435374577]
[0.4211427697835147, 0.028016314435374577], 2, -1.0, [0.4494027065754552, 0.028259936791940516]
[0.4494027065754552, 0.028259936791940516], 1, -1.0, [0.4771107565824013, 0.027708050006946105]
[0.4771107565824013, 0.027708050006946105], 1, -1.0, [0.5044712756009865, 0.027360519018585133]
