[-0.5724256734169524, 0.0], 2, -1.0, [-0.5710607798527069, 0.0013648935642454898]
[-0.5710607798527069, 0.0013648935642454898], 2, -1.0, [-0.5683411228304751, 0.002719657022231716]
[-0.5683411228304751, 0.002719657022231716], 2, -1.0, [-0.5642869049445802, 0.004054217885894903]
[-0.5642869049445802, 0.004054217885894903], 2, -1.0, [-0.558928283326142, 0.005358621618438247]
[-0.558928283326142, 0.005358621618438247], 2, -1.0, [-0.5523051862166656, 0.006623097109476421]
[-0.5523051862166656, 0.006623097109476421], 2, -1.0, [-0.5444670570560427, 0.00783812916062286]
[-0.5444670570560427, 0.00783812916062286], 2, -1.0, [-0.5354725180025083, 0.0089945390535344]
[-0.5354725180025083, 0.0089945390535344], 2, -1.0, [-0.525388944712569, 0.010083573289939217]
[-0.525388944712569, 0.010083573289939217], 2, -1.0, [-0.5142919452188135, 0.011096999493755482]
[-0.5142919452188135, 0.011096999493755482], 0, -1.0, [-0.5042647378842886, 0.010027207334524892]
[-0.5042647378842886, 0.010027207334524892], 0, -1.0, [-0.49538245454074153, 0.008882283343547072]
[-0.49538245454074153, 0.008882283343547072], 2, -1.0, [-0.48571154096746605, 0.009670913573275465]
[-0.48571154096746605, 0.009670913573275465], 0, -1.0, [-0.4773241702183399, 0.008387370749126169]
[-0.4773241702183399, 0.008387370749126169], 0, -1.0, [-0.4702827453250073, 0.007041424893332569]
[-0.4702827453250073, 0.007041424893332569], 0, -1.0, [-0.4646394878322766, 0.005643257492730706]
[-0.4646394878322766, 0.005643257492730706], 0, -1.0, [-0.4604361228679159, 0.004203364964360691]
[-0.4604361228679159, 0.004203364964360691], 0, -1.0, [-0.45770364801109387, 0.0027324748568220195]
[-0.45770364801109387, 0.0027324748568220195], 0, -1.0, [-0.45646217395838234, 0.0012414740527114953]
[-0.45646217395838234, 0.0012414740527114953], 0, -1.0, [-0.4567208269946406, -0.0002586530362582815]
[-0.4567208269946406, -0.0002586530362582815], 0, -1.0, [-0.4584777062857478, -0.0017568792911071844]
[-0.4584777062857478, -0.0017568792911071844], 0, -1.0, [-0.46171989269304137, -0.0032421864072935424]
[-0.46171989269304137, -0.0032421864072935424], 0, -1.0, [-0.4664235098036066, -0.004703617110565212]
[-0.4664235098036066, -0.004703617110565212], 0, -1.0, [-0.4725538417996957, -0.0061303319960890855]
[-0.4725538417996957, -0.0061303319960890855], 0, -1.0, [-0.48006551628100996, -0.007511674481314285]
[-0.48006551628100996, -0.007511674481314285], 0, -1.0, [-0.4889027628528966, -0.00883724657188659]
[-0.4889027628528966, -0.00883724657188659], 0, -1.0, [-0.4989997598902339, -0.010096997037337298]
[-0.4989997598902339, -0.010096997037337298], 0, -1.0, [-0.5102810821330471, -0.011281322242813224]
[-0.5102810821330471, -0.011281322242813224], 0, -1.0, [-0.522662260506033, -0.012381178372985895]
[-0.522662260506033, -0.012381178372985895], 0, -1.0, [-0.5360504627329704, -0.013388202226937363]
[-0.5360504627329704, -0.013388202226937363], 0, -1.0, [-0.5503452990237473, -0.01429483629077687]
[-0.5503452990237473, -0.01429483629077687], 0, -1.0, [-0.5654397515751897, -0.015094452551442318]
[-0.5654397515751897, -0.015094452551442318], 0, -1.0, [-0.5812212202161616, -0.015781468640971956]
[-0.5812212202161616, -0.015781468640971956], 0, -1.0, [-0.5975726697314142, -0.016351449515252584]
[-0.5975726697314142, -0.016351449515252584], 0, -1.0, [-0.6143738577868353, -0.01680118805542104]
[-0.6143738577868353, -0.01680118805542104], 0, -1.0, [-0.6315026165458599, -0.017128758759024653]
[-0.6315026165458599, -0.017128758759024653], 0, -1.0, [-0.6488361565678176, -0.017333540021957614]
[-0.6488361565678176, -0.017333540021957614], 0, -1.0, [-0.6662523588633821, -0.017416202295564513]
[-0.6662523588633821, -0.017416202295564513], 0, -1.0, [-0.683631020338107, -0.01737866147472489]
[-0.683631020338107, -0.01737866147472489], 0, -1.0, [-0.7008550193724762, -0.017223999034369178]
[-0.7008550193724762, -0.017223999034369178], 0, -1.0, [-0.7178113718479894, -0.016956352475513244]
[-0.7178113718479894, -0.016956352475513244], 0, -1.0, [-0.7343921532248894, -0.01658078137689996]
[-0.7343921532248894, -0.01658078137689996], 0, -1.0, [-0.7504952688512758, -0.01610311562638646]
[-0.7504952688512758, -0.01610311562638646], 0, -1.0, [-0.766025061989742, -0.015529793138466152]
[-0.766025061989742, -0.015529793138466152], 2, -1.0, [-0.778892756518045, -0.012867694528303008]
[-0.778892756518045, -0.012867694528303008], 0, -1.0, [-0.7910275186786178, -0.012134762160572729]
[-0.7910275186786178, -0.012134762160572729], 2, -1.0, [-0.800364913224166, -0.009337394545548232]
[-0.800364913224166, -0.009337394545548232], 2, -1.0, [-0.806856975945044, -0.006492062720878044]
[-0.806856975945044, -0.006492062720878044], 2, -1.0, [-0.8104712095995652, -0.0036142336545212355]
[-0.8104712095995652, -0.0036142336545212355], 2, -1.0, [-0.8111898303305021, -0.0007186207309368801]
[-0.8111898303305021, -0.0007186207309368801], 2, -1.0, [-0.8090093286546038, 0.002180501675898271]
[-0.8090093286546038, 0.002180501675898271], 2, -1.0, [-0.8039403805258593, 0.0050689481287445794]
[-0.8039403805258593, 0.0050689481287445794], 2, -1.0, [-0.7960081155106322, 0.007932265015227057]
[-0.7960081155106322, 0.007932265015227057], 2, -1.0, [-0.7852527206968739, 0.010755394813758305]
[-0.7852527206968739, 0.010755394813758305], 2, -1.0, [-0.7717303304247993, 0.013522390272074582]
[-0.7717303304247993, 0.013522390272074582], 2, -1.0, [-0.7555141233741, 0.01621620705069938]
[-0.7555141233741, 0.01621620705069938], 2, -1.0, [-0.7366955206668899, 0.01881860270720998]
[-0.7366955206668899, 0.01881860270720998], 2, -1.0, [-0.7153853529805393, 0.021310167686350613]
[-0.7153853529805393, 0.021310167686350613], 2, -1.0, [-0.6917148436943449, 0.023670509286194415]
[-0.6917148436943449, 0.023670509286194415], 2, -1.0, [-0.665836242151588, 0.025878601542756875]
[-0.665836242151588, 0.025878601542756875], 2, -1.0, [-0.637922940011654, 0.02791330213993404]
[-0.637922940011654, 0.02791330213993404], 2, -1.0, [-0.6081689180052529, 0.02975402200640111]
[-0.6081689180052529, 0.02975402200640111], 2, -1.0, [-0.5767874026813693, 0.03138151532388357]
[-0.5767874026813693, 0.03138151532388357], 2, -1.0, [-0.5440086633131351, 0.032778739368234125]
[-0.5440086633131351, 0.032778739368234125], 2, -1.0, [-0.5100769454167761, 0.033931717896359063]
[-0.5100769454167761, 0.033931717896359063], 2, -1.0, [-0.4752466134353547, 0.03483033198142136]
[-0.4752466134353547, 0.03483033198142136], 2, -1.0, [-0.439777652261919, 0.035468961173435655]
[-0.439777652261919, 0.035468961173435655], 2, -1.0, [-0.40393074501654863, 0.03584690724537039]
[-0.40393074501654863, 0.03584690724537039], 2, -1.0, [-0.3679621927495738, 0.0359685522669748]
[-0.3679621927495738, 0.0359685522669748], 2, -1.0, [-0.33211896287538273, 0.03584322987419108]
[-0.33211896287538273, 0.03584322987419108], 2, -1.0, [-0.2966341437164166, 0.03548481915896613]
[-0.2966341437164166, 0.03548481915896613], 2, -1.0, [-0.26172304416138803, 0.03491109955502855]
[-0.26172304416138803, 0.03491109955502855], 2, -1.0, [-0.22758011638623776, 0.03414292777515026]
[-0.22758011638623776, 0.03414292777515026], 2, -1.0, [-0.19437680533328397, 0.0332033110529538]
[-0.19437680533328397, 0.0332033110529538], 2, -1.0, [-0.162260351808732, 0.03211645352455198]
[-0.162260351808732, 0.03211645352455198], 2, -1.0, [-0.13135350629281756, 0.030906845515914452]
[-0.13135350629281756, 0.030906845515914452], 2, -1.0, [-0.10175505496942548, 0.02959845132339208]
[-0.10175505496942548, 0.02959845132339208], 2, -1.0, [-0.07354102187559028, 0.0282140330938352]
[-0.07354102187559028, 0.0282140330938352], 2, -1.0, [-0.04676639200309401, 0.02677462987249627]
[-0.04676639200309401, 0.02677462987249627], 2, -1.0, [-0.021467197640462288, 0.02529919436263172]
[-0.021467197640462288, 0.02529919436263172], 2, -1.0, [0.002337179386974742, 0.02380437702743703]
[0.002337179386974742, 0.02380437702743703], 0, -1.0, [0.022641617866244242, 0.0203044384792695]
[0.022641617866244242, 0.0203044384792695], 0, -1.0, [0.039451821360627456, 0.01681020349438321]
[0.039451821360627456, 0.01681020349438321], 0, -1.0, [0.052779514444346975, 0.013327693083719519]
[0.052779514444346975, 0.013327693083719519], 0, -1.0, [0.06263848097566468, 0.009858966531317705]
[0.06263848097566468, 0.009858966531317705], 0, -1.0, [0.0690414580360115, 0.006402977060346822]
[0.0690414580360115, 0.006402977060346822], 0, -1.0, [0.07199786928933904, 0.002956411253327541]
[0.07199786928933904, 0.002956411253327541], 0, -1.0, [0.07151237072192856, -0.0004854985674104767]
[0.07151237072192856, -0.0004854985674104767], 0, -1.0, [0.06758418454085217, -0.003928186181076386]
[0.06758418454085217, -0.003928186181076386], 0, -1.0, [0.06020720831531197, -0.007376976225540207]
[0.06020720831531197, -0.007376976225540207], 0, -1.0, [0.04937090155612389, -0.010836306759188074]
[0.04937090155612389, -0.010836306759188074], 0, -1.0, [0.03506196642014796, -0.014308935135975934]
[0.03506196642014796, -0.014308935135975934], 1, -1.0, [0.018266848629198695, -0.016795117790949263]
[0.018266848629198695, -0.016795117790949263], 0, -1.0, [-0.002024516226307952, -0.020291364855506647]
[-0.002024516226307952, -0.020291364855506647], 0, -1.0, [-0.025815834971964397, -0.023791318745656445]
[-0.025815834971964397, -0.023791318745656445], 0, -1.0, [-0.053099659819494896, -0.027283824847530502]
[-0.053099659819494896, -0.027283824847530502], 0, -1.0, [-0.08385183148233917, -0.030752171662844278]
[-0.08385183148233917, -0.030752171662844278], 0, -1.0, [-0.11802531918070587, -0.0341734876983667]
[-0.11802531918070587, -0.0341734876983667], 0, -1.0, [-0.15554372507087827, -0.0375184058901724]
[-0.15554372507087827, -0.0375184058901724], 0, -1.0, [-0.19629485326270762, -0.04075112819182934]
[-0.19629485326270762, -0.04075112819182934], 0, -1.0, [-0.24012488332828136, -0.04383003006557373]
[-0.24012488332828136, -0.04383003006557373], 0, -1.0, [-0.2868338099886716, -0.04670892666039025]
[-0.2868338099886716, -0.04670892666039025], 0, -1.0, [-0.3361728801020308, -0.04933907011335922]
[-0.3361728801020308, -0.04933907011335922], 0, -1.0, [-0.3878447367151729, -0.051671856613142095]
[-0.3878447367151729, -0.051671856613142095], 0, -1.0, [-0.4415068354965707, -0.05366209878139782]
[-0.4415068354965707, -0.05366209878139782], 0, -1.0, [-0.4967784188978292, -0.05527158340125846]
[-0.4967784188978292, -0.05527158340125846], 0, -1.0, [-0.5532509380013935, -0.056472519103564316]
[-0.5532509380013935, -0.056472519103564316], 0, -1.0, [-0.6105013590773689, -0.05725042107597542]
[-0.6105013590773689, -0.05725042107597542], 0, -1.0, [-0.6681073690274009, -0.05760600995003192]
[-0.6681073690274009, -0.05760600995003192], 0, -1.0, [-0.7256631964318648, -0.05755582740446401]
[-0.7256631964318648, -0.05755582740446401], 0, -1.0, [-0.782794666006297, -0.0571314695744322]
[-0.782794666006297, -0.0571314695744322], 0, -1.0, [-0.8391722295372988, -0.05637756353100179]
[-0.8391722295372988, -0.05637756353100179], 0, -1.0, [-0.8945210345093426, -0.055348804972043864]
[-0.8945210345093426, -0.055348804972043864], 0, -1.0, [-0.9486275256440351, -0.05410649113469247]
[-0.9486275256440351, -0.05410649113469247], 0, -1.0, [-1.0013425281448693, -0.05271500250083427]
[-1.0013425281448693, -0.05271500250083427], 0, -1.0, [-1.0525811485500227, -0.0512386204051533]
[-1.0525811485500227, -0.0512386204051533], 0, -1.0, [-1.1023200950081935, -0.049738946458170896]
[-1.1023200950081935, -0.049738946458170896], 0, -1.0, [-1.150593146705442, -0.04827305169724849]
[-1.150593146705442, -0.04827305169724849], 0, -1.0, [-1.1974855069716157, -0.046892360266173806]
[-1.1974855069716157, -0.046892360266173806], 0, -1.0, [-1.2, 0.0]
[-1.2, 0.0], 2, -1.0, [-1.1967581039591646, 0.003241896040835368]
[-1.1967581039591646, 0.003241896040835368], 2, -1.0, [-1.1902636585360942, 0.006494445423070332]
[-1.1902636585360942, 0.006494445423070332], 2, -1.0, [-1.1804959639787937, 0.009767694557300442]
[-1.1804959639787937, 0.009767694557300442], 2, -1.0, [-1.1674255149588486, 0.013070449019945182]
[-1.1674255149588486, 0.013070449019945182], 2, -1.0, [-1.1510159267200155, 0.016409588238833067]
[-1.1510159267200155, 0.016409588238833067], 2, -1.0, [-1.1312266168239755, 0.019789309896040046]
[-1.1312266168239755, 0.019789309896040046], 2, -1.0, [-1.108016322100852, 0.02321029472312345]
[-1.108016322100852, 0.02321029472312345], 2, -1.0, [-1.081347524946184, 0.02666879715466819]
[-1.081347524946184, 0.02666879715466819], 2, -1.0, [-1.0511918363028878, 0.03015568864329602]
[-1.0511918363028878, 0.03015568864329602], 2, -1.0, [-1.0175363271434712, 0.0336555091594167]
[-1.0175363271434712, 0.0336555091594167], 2, -1.0, [-0.9803907090723114, 0.03714561807115983]
[-0.9803907090723114, 0.03714561807115983], 2, -1.0, [-0.9397951336374217, 0.04059557543488971]
[-0.9397951336374217, 0.04059557543488971], 2, -1.0, [-0.8958282112564235, 0.043966922380998245]
[-0.8958282112564235, 0.043966922380998245], 2, -1.0, [-0.8486146572192776, 0.04721355403714586]
[-0.8486146572192776, 0.04721355403714586], 2, -1.0, [-0.7983317816221248, 0.05028287559715283]
[-0.7983317816221248, 0.05028287559715283], 0, -1.0, [-0.7472138959379592, 0.0511178856841656]
[-0.7472138959379592, 0.0511178856841656], 2, -1.0, [-0.6935418893104172, 0.053672006627542054]
[-0.6935418893104172, 0.053672006627542054], 2, -1.0, [-0.6376498119374032, 0.055892077373013944]
[-0.6376498119374032, 0.055892077373013944], 2, -1.0, [-0.5799189441365358, 0.05773086780086746]
[-0.5799189441365358, 0.05773086780086746], 2, -1.0, [-0.5207676819656303, 0.05915126217090548]
[-0.5207676819656303, 0.05915126217090548], 2, -1.0, [-0.46063765274169166, 0.06013002922393862]
[-0.46063765274169166, 0.06013002922393862], 2, -1.0, [-0.3999770291194281, 0.060660623622263515]
[-0.3999770291194281, 0.060660623622263515], 0, -1.0, [-0.34122246045439414, 0.05875456866503399]
[-0.34122246045439414, 0.05875456866503399], 2, -1.0, [-0.2827684853734293, 0.058453975080964844]
[-0.2827684853734293, 0.058453975080964844], 2, -1.0, [-0.22496764848077586, 0.057800836892653445]
[-0.22496764848077586, 0.057800836892653445], 1, -1.0, [-0.16911873057959254, 0.05584891790118332]
[-0.16911873057959254, 0.05584891790118332], 2, -1.0, [-0.11445489293606281, 0.05466383764352972]
[-0.11445489293606281, 0.05466383764352972], 2, -1.0, [-0.061145123428048405, 0.05330976950801441]
[-0.061145123428048405, 0.05330976950801441], 2, -1.0, [-0.009293411058981633, 0.05185171236906677]
[-0.009293411058981633, 0.05185171236906677], 2, -1.0, [0.041059272881401064, 0.0503526839403827]
[0.041059272881401064, 0.0503526839403827], 0, -1.0, [0.0879308988221349, 0.046871625940733824]
[0.0879308988221349, 0.046871625940733824], 0, -1.0, [0.13138900475927154, 0.043458105937136636]
[0.13138900475927154, 0.043458105937136636], 0, -1.0, [0.17153881873681937, 0.040149813977547834]
[0.17153881873681937, 0.040149813977547834], 0, -1.0, [0.20851242879695883, 0.036973610060139474]
[0.20851242879695883, 0.036973610060139474], 0, -1.0, [0.24245941726293532, 0.0339469884659765]
[0.24245941726293532, 0.0339469884659765], 0, -1.0, [0.27353910521987623, 0.031079687956940903]
[0.27353910521987623, 0.031079687956940903], 0, -1.0, [0.3019143688529267, 0.0283752636330505]
[0.3019143688529267, 0.0283752636330505], 2, -1.0, [0.32974687995659896, 0.027832511103672252]
[0.32974687995659896, 0.027832511103672252], 2, -1.0, [0.35720607969246715, 0.027459199735868172]
[0.35720607969246715, 0.027459199735868172], 2, -1.0, [0.38446851922617686, 0.02726243953370973]
[0.38446851922617686, 0.02726243953370973], 2, -1.0, [0.411717517240219, 0.027248998014042115]
[0.411717517240219, 0.027248998014042115], 0, -1.0, [0.4371430725304598, 0.025425555290240827]
[0.4371430725304598, 0.025425555290240827], 2, -1.0, [0.4629274556178929, 0.02578438308743306]
[0.4629274556178929, 0.02578438308743306], 0, -1.0, [0.4872593121283332, 0.024331856510440276]
[0.4872593121283332, 0.024331856510440276], 2, -1.0, [0.5123191622106057, 0.025059850082272465]
