[-0.5466460442852817, 0.0], 0, -1.0, [-0.5474733274616218, -0.0008272831763400891]
[-0.5474733274616218, -0.0008272831763400891], 0, -1.0, [-0.5491217045537368, -0.0016483770921149202]
[-0.5491217045537368, -0.0016483770921149202], 0, -1.0, [-0.5515788466679824, -0.0024571421142456423]
[-0.5515788466679824, -0.0024571421142456423], 0, -1.0, [-0.5548263845954579, -0.003247537927475447]
[-0.5548263845954579, -0.003247537927475447], 0, -1.0, [-0.5588400578904493, -0.004013673294991493]
[-0.5588400578904493, -0.004013673294991493], 0, -1.0, [-0.5635899136813305, -0.004749855790881149]
[-0.5635899136813305, -0.004749855790881149], 0, -1.0, [-0.5690405549405029, -0.005450641259172332]
[-0.5690405549405029, -0.005450641259172332], 0, -1.0, [-0.5751514375205942, -0.006110882580091286]
[-0.5751514375205942, -0.006110882580091286], 0, -1.0, [-0.5818772146600292, -0.0067257771394349936]
[-0.5818772146600292, -0.0067257771394349936], 0, -1.0, [-0.5891681268802264, -0.007290912220197141]
[-0.5891681268802264, -0.007290912220197141], 0, -1.0, [-0.5969704342660718, -0.0078023073858454264]
[-0.5969704342660718, -0.0078023073858454264], 0, -1.0, [-0.6052268870858508, -0.008256452819779042]
[-0.6052268870858508, -0.008256452819779042], 0, -1.0, [-0.6138772296263516, -0.008650342540500768]
[-0.6138772296263516, -0.008650342540500768], 0, -1.0, [-0.6228587310638692, -0.008981501437517607]
[-0.6228587310638692, -0.008981501437517607], 0, -1.0, [-0.632106736237753, -0.009248005173883822]
[-0.632106736237753, -0.009248005173883822], 0, -1.0, [-0.6415552284138937, -0.009448492176140634]
[-0.6415552284138937, -0.009448492176140634], 0, -1.0, [-0.6511373955870141, -0.009582167173120468]
[-0.6511373955870141, -0.009582167173120468], 0, -1.0, [-0.6607861916245537, -0.00964879603753959]
[-0.6607861916245537, -0.00964879603753959], 0, -1.0, [-0.6704348836340472, -0.00964869200949361]
[-0.6704348836340472, -0.00964869200949361], 0, -1.0, [-0.6800175773507966, -0.009582693716749342]
[-0.6800175773507966, -0.009582693716749342], 1, -1.0, [-0.6884697130806945, -0.008452135729897933]
[-0.6884697130806945, -0.008452135729897933], 1, -1.0, [-0.6957351215537395, -0.007265408473045045]
[-0.6957351215537395, -0.007265408473045045], 2, -1.0, [-0.7007661284390481, -0.005031006885308539]
[-0.7007661284390481, -0.005031006885308539], 2, -1.0, [-0.7035300634314969, -0.0027639349924488167]
[-0.7035300634314969, -0.0027639349924488167], 2, -1.0, [-0.7040091004847832, -0.0004790370532862624]
[-0.7040091004847832, -0.0004790370532862624], 2, -1.0, [-0.7022001589893102, 0.0018089414954729627]
[-0.7022001589893102, 0.0018089414954729627], 2, -1.0, [-0.6981148858446499, 0.004085273144660381]
[-0.6981148858446499, 0.004085273144660381], 2, -1.0, [-0.6917797219179038, 0.006335163926746007]
[-0.6917797219179038, 0.006335163926746007], 2, -1.0, [-0.6832360397558903, 0.008543682162013476]
[-0.6832360397558903, 0.008543682162013476], 2, -1.0, [-0.6725403234244719, 0.010695716331418467]
[-0.6725403234244719, 0.010695716331418467], 2, -1.0, [-0.6597643468293418, 0.012775976595130115]
[-0.6597643468293418, 0.012775976595130115], 2, -1.0, [-0.6449952947768954, 0.014769052052446427]
[-0.6449952947768954, 0.014769052052446427], 1, -1.0, [-0.6293357624150197, 0.015659532361875766]
[-0.6293357624150197, 0.015659532361875766], 1, -1.0, [-0.6128964353394937, 0.016439327075525978]
[-0.6128964353394937, 0.016439327075525978], 1, -1.0, [-0.5957953578619495, 0.017101077477544156]
[-0.5957953578619495, 0.017101077477544156], 1, -1.0, [-0.5781570296265598, 0.017638328235389723]
[-0.5781570296265598, 0.017638328235389723], 1, -1.0, [-0.5601113390208354, 0.01804569060572432]
[-0.5601113390208354, 0.01804569060572432], 1, -1.0, [-0.54179235148125, 0.01831898753958536]
[-0.54179235148125, 0.01831898753958536], 1, -1.0, [-0.5233369798620496, 0.018455371619200377]
[-0.5233369798620496, 0.018455371619200377], 0, -1.0, [-0.5058835717106692, 0.017453408151380363]
[-0.5058835717106692, 0.017453408151380363], 0, -1.0, [-0.48956296505250996, 0.01632060665815924]
[-0.48956296505250996, 0.01632060665815924], 0, -1.0, [-0.47449718363599697, 0.015065781416513008]
[-0.47449718363599697, 0.015065781416513008], 0, -1.0, [-0.4607983338026643, 0.013698849833332718]
[-0.4607983338026643, 0.013698849833332718], 0, -1.0, [-0.4485677058419955, 0.012230627960668768]
[-0.4485677058419955, 0.012230627960668768], 0, -1.0, [-0.437895070933848, 0.010672634908147514]
[-0.437895070933848, 0.010672634908147514], 0, -1.0, [-0.42885815525704446, 0.009036915676803555]
[-0.42885815525704446, 0.009036915676803555], 0, -1.0, [-0.42152226612052657, 0.007335889136517881]
[-0.42152226612052657, 0.007335889136517881], 0, -1.0, [-0.41594004130870965, 0.005582224811816914]
[-0.41594004130870965, 0.005582224811816914], 0, -1.0, [-0.4121512921979918, 0.003788749110717863]
[-0.4121512921979918, 0.003788749110717863], 0, -1.0, [-0.41018291334235907, 0.001968378855632712]
[-0.41018291334235907, 0.001968378855632712], 0, -1.0, [-0.4100488357254705, 0.00013407761688854353]
[-0.4100488357254705, 0.00013407761688854353], 0, -1.0, [-0.4117500072139938, -0.001701171488523276]
[-0.4117500072139938, -0.001701171488523276], 0, -1.0, [-0.4152743913450331, -0.003524384131039256]
[-0.4152743913450331, -0.003524384131039256], 0, -1.0, [-0.42059698383591043, -0.005322592490877378]
[-0.42059698383591043, -0.005322592490877378], 0, -1.0, [-0.42767985450479334, -0.007082870668882914]
[-0.42767985450479334, -0.007082870668882914], 0, -1.0, [-0.4364722300226475, -0.008792375517854192]
[-0.4364722300226475, -0.008792375517854192], 0, -1.0, [-0.4469106394752827, -0.010438409452635173]
[-0.4469106394752827, -0.010438409452635173], 0, -1.0, [-0.4589191495162348, -0.012008510040952096]
[-0.4589191495162348, -0.012008510040952096], 0, -1.0, [-0.47240971840557305, -0.01349056888933826]
[-0.47240971840557305, -0.01349056888933826], 0, -1.0, [-0.48728269802066687, -0.014872979615093797]
[-0.48728269802066687, -0.014872979615093797], 0, -1.0, [-0.5034275097103156, -0.016144811689648757]
[-0.5034275097103156, -0.016144811689648757], 0, -1.0, [-0.5207235135790832, -0.01729600386876766]
[-0.5207235135790832, -0.01729600386876766], 0, -1.0, [-0.5390410816455815, -0.01831756806649836]
[-0.5390410816455815, -0.01831756806649836], 0, -1.0, [-0.558242873839805, -0.019201792194223466]
[-0.558242873839805, -0.019201792194223466], 0, -1.0, [-0.5781853028231906, -0.01994242898338557]
[-0.5781853028231906, -0.01994242898338557], 0, -1.0, [-0.5987201602227326, -0.020534857399541938]
[-0.5987201602227326, -0.020534857399541938], 0, -1.0, [-0.6196963643163225, -0.02097620409358991]
[-0.6196963643163225, -0.02097620409358991], 0, -1.0, [-0.640961778752918, -0.021265414436595527]
[-0.640961778752918, -0.021265414436595527], 0, -1.0, [-0.662365044648715, -0.021403265895796966]
[-0.662365044648715, -0.021403265895796966], 0, -1.0, [-0.6837573651705064, -0.021392320521791356]
[-0.6837573651705064, -0.021392320521791356], 0, -1.0, [-0.7049941828730518, -0.02123681770254533]
[-0.7049941828730518, -0.02123681770254533], 0, -1.0, [-0.7259366954881038, -0.020942512615051995]
[-0.7259366954881038, -0.020942512615051995], 0, -1.0, [-0.7464531649945005, -0.020516469506396743]
[-0.7464531649945005, -0.020516469506396743], 0, -1.0, [-0.7664199866846176, -0.019966821690117115]
[-0.7664199866846176, -0.019966821690117115], 0, -1.0, [-0.7857224984066371, -0.019302511722019435]
[-0.7857224984066371, -0.019302511722019435], 0, -1.0, [-0.8042555239666355, -0.018533025559998372]
[-0.8042555239666355, -0.018533025559998372], 2, -1.0, [-0.8199236576786749, -0.015668133712039425]
[-0.8199236576786749, -0.015668133712039425], 2, -1.0, [-0.8326507264678011, -0.012727068789126179]
[-0.8326507264678011, -0.012727068789126179], 2, -1.0, [-0.842378004324439, -0.009727277856637873]
[-0.842378004324439, -0.009727277856637873], 2, -1.0, [-0.8490625680083028, -0.0066845636838638155]
[-0.8490625680083028, -0.0066845636838638155], 2, -1.0, [-0.8526759269842149, -0.0036133589759121333]
[-0.8526759269842149, -0.0036133589759121333], 2, -1.0, [-0.8532030267013627, -0.0005270997171478295]
[-0.8532030267013627, -0.0005270997171478295], 2, -1.0, [-0.8506416915202101, 0.0025613351811526607]
[-0.8506416915202101, 0.0025613351811526607], 2, -1.0, [-0.8450025423909147, 0.00563914912929546]
[-0.8450025423909147, 0.00563914912929546], 2, -1.0, [-0.8363093943568577, 0.008693148034056911]
[-0.8363093943568577, 0.008693148034056911], 2, -1.0, [-0.8246001091151117, 0.011709285241745991]
[-0.8246001091151117, 0.011709285241745991], 2, -1.0, [-0.8099278471505409, 0.014672261964570884]
[-0.8099278471505409, 0.014672261964570884], 2, -1.0, [-0.7923626316978934, 0.01756521545264742]
[-0.7923626316978934, 0.01756521545264742], 2, -1.0, [-0.7719931031401894, 0.02036952855770402]
[-0.7719931031401894, 0.02036952855770402], 2, -1.0, [-0.7489283088139371, 0.023064794326252264]
[-0.7489283088139371, 0.023064794326252264], 2, -1.0, [-0.7232993424430523, 0.025628966370884822]
[-0.7232993424430523, 0.025628966370884822], 2, -1.0, [-0.6952606239543275, 0.028038718488724794]
[-0.6952606239543275, 0.028038718488724794], 2, -1.0, [-0.6649905997931962, 0.03027002416113131]
[-0.6649905997931962, 0.03027002416113131], 2, -1.0, [-0.6326916519689159, 0.03229894782428034]
[-0.6326916519689159, 0.03229894782428034], 2, -1.0, [-0.5985890358957051, 0.03410261607321077]
[-0.5985890358957051, 0.03410261607321077], 2, -1.0, [-0.5629287251239382, 0.03566031077176685]
[-0.5629287251239382, 0.03566031077176685], 2, -1.0, [-0.525974123674472, 0.036954601449466135]
[-0.525974123674472, 0.036954601449466135], 2, -1.0, [-0.48800170726521097, 0.03797241640926109]
[-0.48800170726521097, 0.03797241640926109], 2, -1.0, [-0.449295761705435, 0.03870594555977599]
[-0.449295761705435, 0.03870594555977599], 2, -1.0, [-0.41014248520077135, 0.03915327650466369]
[-0.41014248520077135, 0.03915327650466369], 2, -1.0, [-0.37082379575731417, 0.0393186894434572]
[-0.37082379575731417, 0.0393186894434572], 2, -1.0, [-0.3316112226706637, 0.039212573086650514]
[-0.3316112226706637, 0.039212573086650514], 2, -1.0, [-0.2927602555700388, 0.038850967100624856]
[-0.2927602555700388, 0.038850967100624856], 2, -1.0, [-0.2545054766740403, 0.03825477889599853]
[-0.2545054766740403, 0.03825477889599853], 2, -1.0, [-0.21705672025375544, 0.03744875642028485]
[-0.21705672025375544, 0.03744875642028485], 2, -1.0, [-0.18059640155421106, 0.036460318699544386]
[-0.18059640155421106, 0.036460318699544386], 2, -1.0, [-0.14527805139084196, 0.035318350163369094]
[-0.14527805139084196, 0.035318350163369094], 2, -1.0, [-0.1112259967414464, 0.03405205464939557]
[-0.1112259967414464, 0.03405205464939557], 2, -1.0, [-0.07853605239276351, 0.032689944348682894]
[-0.07853605239276351, 0.032689944348682894], 2, -1.0, [-0.04727703943498963, 0.031259012957773884]
[-0.04727703943498963, 0.031259012957773884], 2, -1.0, [-0.01749292351799091, 0.029784115916998716]
[-0.01749292351799091, 0.029784115916998716], 2, -1.0, [0.010794634135712897, 0.028287557653703808]
[0.010794634135712897, 0.028287557653703808], 2, -1.0, [0.03758350257127631, 0.026788868435563412]
[0.03758350257127631, 0.026788868435563412], 0, -1.0, [0.06088824502560941, 0.023304742454333102]
[0.06088824502560941, 0.023304742454333102], 2, -1.0, [0.08273457964512845, 0.021846334619519035]
[0.08273457964512845, 0.021846334619519035], 2, -1.0, [0.10315752611352927, 0.02042294646840081]
[0.10315752611352927, 0.02042294646840081], 2, -1.0, [0.12219923675204639, 0.019041710638517118]
[0.12219923675204639, 0.019041710638517118], 2, -1.0, [0.13990706672156292, 0.017707829969516527]
[0.13990706672156292, 0.017707829969516527], 2, -1.0, [0.1563318902201517, 0.0164248234985888]
[0.1563318902201517, 0.0164248234985888], 2, -1.0, [0.17152665700511455, 0.015194766784962841]
[0.17152665700511455, 0.015194766784962841], 2, -1.0, [0.1855451749789921, 0.014018517973877544]
[0.1855451749789921, 0.014018517973877544], 2, -1.0, [0.1984410992652963, 0.012895924286304199]
[0.1984410992652963, 0.012895924286304199], 2, -1.0, [0.210267105440805, 0.011826006175508713]
[0.210267105440805, 0.011826006175508713], 2, -1.0, [0.22107422372223504, 0.01080711828143001]
[0.22107422372223504, 0.01080711828143001], 2, -1.0, [0.23091131135705265, 0.009837087634817622]
[0.23091131135705265, 0.009837087634817622], 2, -1.0, [0.23982464178142557, 0.008913330424372926]
[0.23982464178142557, 0.008913330424372926], 2, -1.0, [0.24785759092915757, 0.008032949147732006]
[0.24785759092915757, 0.008032949147732006], 2, -1.0, [0.25505040314391103, 0.007192812214753484]
[0.25505040314391103, 0.007192812214753484], 2, -1.0, [0.2614400212810044, 0.006389618137093359]
[0.2614400212810044, 0.006389618137093359], 2, -1.0, [0.2670599676640727, 0.005619946383068314]
[0.2670599676640727, 0.005619946383068314], 2, -1.0, [0.271940264512196, 0.0048802968481232835]
[0.271940264512196, 0.0048802968481232835], 2, -1.0, [0.27610738423526776, 0.004167119723071748]
[0.27610738423526776, 0.004167119723071748], 2, -1.0, [0.2795842215940911, 0.0034768373588233356]
[0.2795842215940911, 0.0034768373588233356], 2, -1.0, [0.28239008113802866, 0.0028058595439375738]
[0.28239008113802866, 0.0028058595439375738], 2, -1.0, [0.2845406745786939, 0.002150593440665282]
[0.2845406745786939, 0.002150593440665282], 2, -1.0, [0.2860481238513548, 0.0015074492726608695]
[0.2860481238513548, 0.0015074492726608695], 2, -1.0, [0.2869209665782981, 0.0008728427269432835]
[0.2869209665782981, 0.0008728427269432835], 1, -1.0, [0.28616416150407814, -0.0007568050742199543]
[0.28616416150407814, -0.0007568050742199543], 1, -1.0, [0.2837734084654415, -0.0023907530386366115]
[0.2837734084654415, -0.0023907530386366115], 1, -1.0, [0.2797351786479827, -0.00403822981745881]
[0.2797351786479827, -0.00403822981745881], 0, -1.0, [0.2730268133121984, -0.006708365335784278]
[0.2730268133121984, -0.006708365335784278], 0, -1.0, [0.263611214848268, -0.00941559846393044]
[0.263611214848268, -0.00941559846393044], 0, -1.0, [0.2514374841617948, -0.012173730686473191]
[0.2514374841617948, -0.012173730686473191], 0, -1.0, [0.23644189712649244, -0.014995587035302349]
[0.23644189712649244, -0.014995587035302349], 1, -1.0, [0.21954930698949615, -0.016892590136996274]
[0.21954930698949615, -0.016892590136996274], 1, -1.0, [0.20067966562353756, -0.01886964136595858]
[0.20067966562353756, -0.01886964136595858], 1, -1.0, [0.1797495677680741, -0.020930097855463466]
[0.1797495677680741, -0.020930097855463466], 2, -1.0, [0.15767423314277618, -0.022075334625297913]
[0.15767423314277618, -0.022075334625297913], 2, -1.0, [0.13437341032206362, -0.023300822820712542]
[0.13437341032206362, -0.023300822820712542], 1, -1.0, [0.10877298390846145, -0.025600426413602176]
[0.10877298390846145, -0.025600426413602176], 2, -1.0, [0.08180448562140813, -0.026968498287053326]
[0.08180448562140813, -0.026968498287053326], 2, -1.0, [0.05341089494566175, -0.02839359067574638]
[0.05341089494566175, -0.02839359067574638], 0, -1.0, [0.02154932880561617, -0.03186156614004558]
[0.02154932880561617, -0.03186156614004558], 0, -1.0, [-0.013807014950977504, -0.035356343756593675]
[-0.013807014950977504, -0.035356343756593675], 0, -1.0, [-0.05266121438548658, -0.038854199434509074]
[-0.05266121438548658, -0.038854199434509074], 0, -1.0, [-0.09498428011657656, -0.04232306573108997]
[-0.09498428011657656, -0.04232306573108997], 0, -1.0, [-0.1407065331248598, -0.04572225300828325]
[-0.1407065331248598, -0.04572225300828325], 0, -1.0, [-0.18970934263574538, -0.04900280951088557]
[-0.18970934263574538, -0.04900280951088557], 0, -1.0, [-0.24181808014444592, -0.05210873750870054]
[-0.24181808014444592, -0.05210873750870054], 0, -1.0, [-0.2967973129577092, -0.054979232813263314]
[-0.2967973129577092, -0.054979232813263314], 0, -1.0, [-0.3543493143050038, -0.05755200134729463]
[-0.3543493143050038, -0.05755200134729463], 0, -1.0, [-0.4141168429659666, -0.05976752866096278]
[-0.4141168429659666, -0.05976752866096278], 0, -1.0, [-0.4756908023684717, -0.06157395940250509]
[-0.4756908023684717, -0.06157395940250509], 0, -1.0, [-0.5386228358294899, -0.06293203346101821]
[-0.5386228358294899, -0.06293203346101821], 0, -1.0, [-0.6024422269866497, -0.0638193911571598]
[-0.6024422269866497, -0.0638193911571598], 0, -1.0, [-0.6666757906346917, -0.064233563648042]
[-0.6666757906346917, -0.064233563648042], 0, -1.0, [-0.7308689249687508, -0.06419313433405903]
[-0.7308689249687508, -0.06419313433405903], 2, -1.0, [-0.7926057900722814, -0.06173686510353056]
[-0.7926057900722814, -0.06173686510353056], 0, -1.0, [-0.8535370802313373, -0.06093129015905602]
[-0.8535370802313373, -0.06093129015905602], 0, -1.0, [-0.9133785593668574, -0.05984147913552003]
[-0.9133785593668574, -0.05984147913552003], 0, -1.0, [-0.971918806893327, -0.05854024752646957]
[-0.971918806893327, -0.05854024752646957], 0, -1.0, [-1.02902253642635, -0.05710372953302302]
[-1.02902253642635, -0.05710372953302302], 0, -1.0, [-1.084629981264347, -0.05560744483799678]
[-1.084629981264347, -0.05560744483799678], 0, -1.0, [-1.1387531728954887, -0.05412319163114186]
[-1.1387531728954887, -0.05412319163114186], 0, -1.0, [-1.1914700755116687, -0.05271690261618004]
[-1.1914700755116687, -0.05271690261618004], 2, -1.0, [-1.2, 0.0]
[-1.2, 0.0], 2, -1.0, [-1.1967581039591646, 0.003241896040835368]
[-1.1967581039591646, 0.003241896040835368], 2, -1.0, [-1.1902636585360942, 0.006494445423070332]
[-1.1902636585360942, 0.006494445423070332], 2, -1.0, [-1.1804959639787937, 0.009767694557300442]
[-1.1804959639787937, 0.009767694557300442], 2, -1.0, [-1.1674255149588486, 0.013070449019945182]
[-1.1674255149588486, 0.013070449019945182], 2, -1.0, [-1.1510159267200155, 0.016409588238833067]
[-1.1510159267200155, 0.016409588238833067], 2, -1.0, [-1.1312266168239755, 0.019789309896040046]
[-1.1312266168239755, 0.019789309896040046], 2, -1.0, [-1.108016322100852, 0.02321029472312345]
[-1.108016322100852, 0.02321029472312345], 2, -1.0, [-1.081347524946184, 0.02666879715466819]
[-1.081347524946184, 0.02666879715466819], 2, -1.0, [-1.0511918363028878, 0.03015568864329602]
[-1.0511918363028878, 0.03015568864329602], 2, -1.0, [-1.0175363271434712, 0.0336555091594167]
[-1.0175363271434712, 0.0336555091594167], 2, -1.0, [-0.9803907090723114, 0.03714561807115983]
[-0.9803907090723114, 0.03714561807115983], 2, -1.0, [-0.9397951336374217, 0.04059557543488971]
[-0.9397951336374217, 0.04059557543488971], 2, -1.0, [-0.8958282112564235, 0.043966922380998245]
[-0.8958282112564235, 0.043966922380998245], 2, -1.0, [-0.8486146572192776, 0.04721355403714586]
[-0.8486146572192776, 0.04721355403714586], 2, -1.0, [-0.7983317816221248, 0.05028287559715283]
[-0.7983317816221248, 0.05028287559715283], 2, -1.0, [-0.7452138959379592, 0.0531178856841656]
[-0.7452138959379592, 0.0531178856841656], 2, -1.0, [-0.6895536666604415, 0.0556602292775177]
[-0.6895536666604415, 0.0556602292775177], 2, -1.0, [-0.6316995610792892, 0.057854105581152386]
[-0.6316995610792892, 0.057854105581152386], 2, -1.0, [-0.5720488365336812, 0.05965072454560789]
[-0.5720488365336812, 0.05965072454560789], 2, -1.0, [-0.5110360146660762, 0.061012821867605024]
[-0.5110360146660762, 0.061012821867605024], 2, -1.0, [-0.44911739120176025, 0.061918623464315904]
[-0.44911739120176025, 0.061918623464315904], 2, -1.0, [-0.38675274139346727, 0.06236464980829299]
[-0.38675274139346727, 0.06236464980829299], 2, -1.0, [-0.3243858485235833, 0.06236689286988392]
[-0.3243858485235833, 0.06236689286988392], 2, -1.0, [-0.2624256859117381, 0.061960162611845254]
