[-0.547743470888025, 0.0], 2, -1.0, [-0.5465625439816858, 0.001180926906339182]
[-0.5465625439816858, 0.001180926906339182], 2, -1.0, [-0.544209525013045, 0.0023530189686408326]
[-0.544209525013045, 0.0023530189686408326], 2, -1.0, [-0.540702023904431, 0.0035075011086139244]
[-0.540702023904431, 0.0035075011086139244], 2, -1.0, [-0.5360663047105494, 0.004635719193881579]
[-0.5360663047105494, 0.004635719193881579], 2, -1.0, [-0.5303371008486685, 0.005729203861880922]
[-0.5303371008486685, 0.005729203861880922], 2, -1.0, [-0.5235573629893202, 0.006779737859348309]
[-0.5235573629893202, 0.006779737859348309], 2, -1.0, [-0.5157779357245384, 0.007779427264781768]
[-0.5157779357245384, 0.007779427264781768], 2, -1.0, [-0.507057159377342, 0.008720776347196427]
[-0.507057159377342, 0.008720776347196427], 2, -1.0, [-0.4974603942383126, 0.009596765139029366]
[-0.4974603942383126, 0.009596765139029366], 2, -1.0, [-0.48705946611723727, 0.010400928121075369]
[-0.48705946611723727, 0.010400928121075369], 0, -1.0, [-0.4779320343223619, 0.009127431794875327]
[-0.4779320343223619, 0.009127431794875327], 0, -1.0, [-0.4701460326897331, 0.007786001632628822]
[-0.4701460326897331, 0.007786001632628822], 0, -1.0, [-0.463759210680994, 0.0063868220087390706]
[-0.463759210680994, 0.0063868220087390706], 0, -1.0, [-0.4588187787311923, 0.004940431949801701]
[-0.4588187787311923, 0.004940431949801701], 0, -1.0, [-0.45536114426169916, 0.003457634469493141]
[-0.45536114426169916, 0.003457634469493141], 0, -1.0, [-0.45341172493531906, 0.0019494193263801234]
[-0.45341172493531906, 0.0019494193263801234], 0, -1.0, [-0.45298482733641193, 0.0004268975989071037]
[-0.45298482733641193, 0.0004268975989071037], 0, -1.0, [-0.45408358205345317, -0.0010987547170412217]
[-0.45408358205345317, -0.0010987547170412217], 0, -1.0, [-0.45669992980240415, -0.002616347748950993]
[-0.45669992980240415, -0.002616347748950993], 0, -1.0, [-0.4608146573902554, -0.004114727587851275]
[-0.4608146573902554, -0.004114727587851275], 0, -1.0, [-0.4663974865896582, -0.005582829199402778]
[-0.4663974865896582, -0.005582829199402778], 0, -1.0, [-0.4734072229833029, -0.007009736393644729]
[-0.4734072229833029, -0.007009736393644729], 0, -1.0, [-0.481791975159009, -0.008384752175706129]
[-0.481791975159009, -0.008384752175706129], 0, -1.0, [-0.4914894569436214, -0.009697481784612367]
[-0.4914894569436214, -0.009697481784612367], 0, -1.0, [-0.5024273863599225, -0.01093792941630101]
[-0.5024273863599225, -0.01093792941630101], 0, -1.0, [-0.5145239944590023, -0.012096608099079897]
[-0.5145239944590023, -0.012096608099079897], 0, -1.0, [-0.5276886550095522, -0.013164660550549899]
[-0.5276886550095522, -0.013164660550549899], 0, -1.0, [-0.5418226422341456, -0.014133987224593329]
[-0.5418226422341456, -0.014133987224593329], 0, -1.0, [-0.5568200185373485, -0.01499737630320294]
[-0.5568200185373485, -0.01499737630320294], 0, -1.0, [-0.5725686477910988, -0.015748629253750347]
[-0.5725686477910988, -0.015748629253750347], 0, -1.0, [-0.588951322689877, -0.016382674898778243]
[-0.588951322689877, -0.016382674898778243], 0, -1.0, [-0.6058469875313987, -0.016895664841521562]
[-0.6058469875313987, -0.016895664841521562], 0, -1.0, [-0.6231320311451789, -0.017285043613780218]
[-0.6231320311451789, -0.017285043613780218], 0, -1.0, [-0.6406816192005325, -0.01754958805535355]
[-0.6406816192005325, -0.01754958805535355], 0, -1.0, [-0.6583710313167306, -0.017689412116198077]
[-0.6583710313167306, -0.017689412116198077], 0, -1.0, [-0.6760769666641565, -0.017705935347425907]
[-0.6760769666641565, -0.017705935347425907], 0, -1.0, [-0.693678782282855, -0.017601815618698394]
[-0.693678782282855, -0.017601815618698394], 0, -1.0, [-0.7110596311290468, -0.01738084884619188]
[-0.7110596311290468, -0.01738084884619188], 0, -1.0, [-0.7281074716500829, -0.01704784052103609]
[-0.7281074716500829, -0.01704784052103609], 0, -1.0, [-0.7447159270612025, -0.01660845541111957]
[-0.7447159270612025, -0.01660845541111957], 2, -1.0, [-0.7587849799057929, -0.014069052844590353]
[-0.7587849799057929, -0.014069052844590353], 2, -1.0, [-0.7702328848142351, -0.011447904908442228]
[-0.7702328848142351, -0.011447904908442228], 2, -1.0, [-0.7789952502715504, -0.008762365457315244]
[-0.7789952502715504, -0.008762365457315244], 2, -1.0, [-0.785024129383895, -0.006028879112344625]
[-0.785024129383895, -0.006028879112344625], 2, -1.0, [-0.7882872262706714, -0.003263096886776375]
[-0.7882872262706714, -0.003263096886776375], 2, -1.0, [-0.7887673012237414, -0.000480074953070027]
[-0.7887673012237414, -0.000480074953070027], 2, -1.0, [-0.7864618322731367, 0.002305468950604709]
[-0.7864618322731367, 0.002305468950604709], 2, -1.0, [-0.7813829644232333, 0.005078867849903459]
[-0.7813829644232333, 0.005078867849903459], 2, -1.0, [-0.7735577511603577, 0.007825213262875606]
[-0.7735577511603577, 0.007825213262875606], 2, -1.0, [-0.7630286661387637, 0.010529085021594047]
[-0.7630286661387637, 0.010529085021594047], 2, -1.0, [-0.7498543364334167, 0.013174329705347033]
[-0.7498543364334167, 0.013174329705347033], 2, -1.0, [-0.7341104228480584, 0.015743913585358295]
[-0.7341104228480584, 0.015743913585358295], 2, -1.0, [-0.7158905484162342, 0.01821987443182412]
[-0.7158905484162342, 0.01821987443182412], 2, -1.0, [-0.6953071550186897, 0.020583393397544534]
[-0.6953071550186897, 0.020583393397544534], 2, -1.0, [-0.6724921522409018, 0.02281500277778793]
[-0.6724921522409018, 0.02281500277778793], 2, -1.0, [-0.647597215025055, 0.024894937215846794]
[-0.647597215025055, 0.024894937215846794], 2, -1.0, [-0.6207935903075136, 0.02680362471754136]
[-0.6207935903075136, 0.02680362471754136], 2, -1.0, [-0.5922712902164352, 0.02852230009107832]
[-0.5922712902164352, 0.02852230009107832], 2, -1.0, [-0.5622375818957707, 0.030033708320664567]
[-0.5622375818957707, 0.030033708320664567], 2, -1.0, [-0.5309147310605293, 0.03132285083524138]
[-0.5309147310605293, 0.03132285083524138], 2, -1.0, [-0.49853701496441566, 0.032377716096113694]
[-0.49853701496441566, 0.032377716096113694], 2, -1.0, [-0.46534708503586714, 0.03318992992854854]
[-0.46534708503586714, 0.03318992992854854], 2, -1.0, [-0.4315918224697286, 0.03375526256613855]
[-0.4315918224697286, 0.03375526256613855], 2, -1.0, [-0.3975178831438017, 0.03407393932592688]
[-0.3975178831438017, 0.03407393932592688], 2, -1.0, [-0.3633671636532052, 0.03415071949059649]
[-0.3633671636532052, 0.03415071949059649], 2, -1.0, [-0.3293724326123017, 0.03399473104090351]
[-0.3293724326123017, 0.03399473104090351], 2, -1.0, [-0.2957533587592388, 0.033619073853062925]
[-0.2957533587592388, 0.033619073853062925], 2, -1.0, [-0.26271313185285305, 0.033040226906385736]
[-0.26271313185285305, 0.033040226906385736], 2, -1.0, [-0.23043581940406882, 0.03227731244878424]
[-0.23043581940406882, 0.03227731244878424], 2, -1.0, [-0.19908453973094947, 0.03135127967311935]
[-0.19908453973094947, 0.03135127967311935], 2, -1.0, [-0.16880046811688698, 0.0302840716140625]
[-0.16880046811688698, 0.0302840716140625], 2, -1.0, [-0.13970263551633447, 0.029097832600552508]
[-0.13970263551633447, 0.029097832600552508], 2, -1.0, [-0.11188843375918625, 0.027814201757148216]
[-0.11188843375918625, 0.027814201757148216], 2, -1.0, [-0.08543471042726271, 0.026453723331923546]
[-0.08543471042726271, 0.026453723331923546], 2, -1.0, [-0.06039932087477194, 0.025035389552490767]
[-0.06039932087477194, 0.025035389552490767], 1, -1.0, [-0.037823002612625535, 0.022576318262146407]
[-0.037823002612625535, 0.022576318262146407], 1, -1.0, [-0.017730607591226577, 0.020092395021398958]
[-0.017730607591226577, 0.020092395021398958], 1, -1.0, [-0.00013467669112552164, 0.017595930900101055]
[-0.00013467669112552164, 0.017595930900101055], 0, -1.0, [0.013961254413025906, 0.014095931104151428]
[0.013961254413025906, 0.014095931104151428], 0, -1.0, [0.02455937800866327, 0.010598123595637367]
[0.02455937800866327, 0.010598123595637367], 0, -1.0, [0.031664284119537686, 0.007104906110874417]
[0.031664284119537686, 0.007104906110874417], 0, -1.0, [0.035280461303575004, 0.0036161771840373157]
[0.035280461303575004, 0.0036161771840373157], 0, -1.0, [0.035410628418414, 0.00013016711483898992]
[0.035410628418414, 0.00013016711483898992], 0, -1.0, [0.032054888788794075, -0.0033557396296199217]
[0.032054888788794075, -0.0033557396296199217], 0, -1.0, [0.025210699807522427, -0.0068441889812716475]
[0.025210699807522427, -0.0068441889812716475], 0, -1.0, [0.014873657686557202, -0.010337042120965225]
[0.014873657686557202, -0.010337042120965225], 0, -1.0, [0.0010391039417273103, -0.013834553744829892]
[0.0010391039417273103, -0.013834553744829892], 0, -1.0, [-0.016295437656071148, -0.01733454159779846]
[-0.016295437656071148, -0.01733454159779846], 0, -1.0, [-0.03712699250927416, -0.020831554853203017]
[-0.03712699250927416, -0.020831554853203017], 1, -1.0, [-0.06044305623460775, -0.02331606372533359]
[-0.06044305623460775, -0.02331606372533359], 0, -1.0, [-0.08721813211813916, -0.026775075883531407]
[-0.08721813211813916, -0.026775075883531407], 0, -1.0, [-0.11740811635837835, -0.03018998424023919]
[-0.11740811635837835, -0.03018998424023919], 0, -1.0, [-0.1509446197615568, -0.03353650340317844]
[-0.1509446197615568, -0.03353650340317844], 0, -1.0, [-0.1877291503078627, -0.0367845305463059]
[-0.1877291503078627, -0.0367845305463059], 2, -1.0, [-0.22562757505406175, -0.03789842474619907]
[-0.22562757505406175, -0.03789842474619907], 2, -1.0, [-0.2644748224459056, -0.03884724739184382]
[-0.2644748224459056, -0.03884724739184382], 0, -1.0, [-0.3060755913673553, -0.04160076892144969]
[-0.3060755913673553, -0.04160076892144969], 0, -1.0, [-0.35019443525093547, -0.04411884388358019]
[-0.35019443525093547, -0.04411884388358019], 0, -1.0, [-0.3965559416103023, -0.04636150635936678]
[-0.3965559416103023, -0.04636150635936678], 0, -1.0, [-0.44484736855184154, -0.04829142694153928]
[-0.44484736855184154, -0.04829142694153928], 0, -1.0, [-0.49472395186862744, -0.04987658331678592]
[-0.49472395186862744, -0.04987658331678592], 0, -1.0, [-0.5458168256263916, -0.05109287375776412]
[-0.5458168256263916, -0.05109287375776412], 0, -1.0, [-0.5977431873688054, -0.051926361742413836]
[-0.5977431873688054, -0.051926361742413836], 0, -1.0, [-0.650118040204111, -0.05237485283530566]
[-0.650118040204111, -0.05237485283530566], 0, -1.0, [-0.7025666186096243, -0.05244857840551335]
[-0.7025666186096243, -0.05244857840551335], 0, -1.0, [-0.7547365028624675, -0.05216988425284315]
[-0.7547365028624675, -0.05216988425284315], 0, -1.0, [-0.8063084724348063, -0.05157196957233881]
[-0.8063084724348063, -0.05157196957233881], 0, -1.0, [-0.8570053312014563, -0.05069685876664992]
[-0.8570053312014563, -0.05069685876664992], 2, -1.0, [-0.9045982158406346, -0.047592884639178275]
[-0.9045982158406346, -0.047592884639178275], 0, -1.0, [-0.95091639674925, -0.04631818090861542]
[-0.95091639674925, -0.04631818090861542], 0, -1.0, [-0.9958381427858471, -0.044921746036597175]
[-0.9958381427858471, -0.044921746036597175], 0, -1.0, [-1.0392895052857116, -0.043451362499864574]
[-1.0392895052857116, -0.043451362499864574], 0, -1.0, [-1.0812415712959675, -0.04195206601025592]
[-1.0812415712959675, -0.04195206601025592], 0, -1.0, [-1.1217066646734979, -0.040465093377530265]
[-1.1217066646734979, -0.040465093377530265], 0, -1.0, [-1.1607339540269312, -0.039027289353433324]
[-1.1607339540269312, -0.039027289353433324], 0, -1.0, [-1.1984048650617942, -0.037670911034863]
[-1.1984048650617942, -0.037670911034863], 0, -1.0, [-1.2, 0.0]
[-1.2, 0.0], 2, -1.0, [-1.1967581039591646, 0.003241896040835368]
[-1.1967581039591646, 0.003241896040835368], 2, -1.0, [-1.1902636585360942, 0.006494445423070332]
[-1.1902636585360942, 0.006494445423070332], 2, -1.0, [-1.1804959639787937, 0.009767694557300442]
[-1.1804959639787937, 0.009767694557300442], 2, -1.0, [-1.1674255149588486, 0.013070449019945182]
[-1.1674255149588486, 0.013070449019945182], 2, -1.0, [-1.1510159267200155, 0.016409588238833067]
[-1.1510159267200155, 0.016409588238833067], 2, -1.0, [-1.1312266168239755, 0.019789309896040046]
[-1.1312266168239755, 0.019789309896040046], 2, -1.0, [-1.108016322100852, 0.02321029472312345]
[-1.108016322100852, 0.02321029472312345], 2, -1.0, [-1.081347524946184, 0.02666879715466819]
[-1.081347524946184, 0.02666879715466819], 2, -1.0, [-1.0511918363028878, 0.03015568864329602]
[-1.0511918363028878, 0.03015568864329602], 2, -1.0, [-1.0175363271434712, 0.0336555091594167]
[-1.0175363271434712, 0.0336555091594167], 1, -1.0, [-0.9813907090723114, 0.03614561807115984]
[-0.9813907090723114, 0.03614561807115984], 2, -1.0, [-0.9417936515535332, 0.03959705751877813]
[-0.9417936515535332, 0.03959705751877813], 2, -1.0, [-0.8988205433429223, 0.042973108210611004]
[-0.8988205433429223, 0.042973108210611004], 2, -1.0, [-0.8525910494885005, 0.04622949385442177]
[-0.8525910494885005, 0.04622949385442177], 2, -1.0, [-0.8032756472006797, 0.04931540228782079]
[-0.8032756472006797, 0.04931540228782079], 2, -1.0, [-0.7511002555588122, 0.052175391641867415]
[-0.7511002555588122, 0.052175391641867415], 2, -1.0, [-0.6963480178315758, 0.05475223772723638]
[-0.6963480178315758, 0.05475223772723638], 2, -1.0, [-0.6393573833057933, 0.05699063452578256]
[-0.6393573833057933, 0.05699063452578256], 1, -1.0, [-0.5815159049778822, 0.057841478327911075]
[-0.5815159049778822, 0.057841478327911075], 2, -1.0, [-0.5222422304975799, 0.059273674480302296]
[-0.5222422304975799, 0.059273674480302296], 1, -1.0, [-0.4629787300774493, 0.05926350042013064]
[-0.4629787300774493, 0.05926350042013064], 1, -1.0, [-0.40416737802297986, 0.05881135205446942]
[-0.40416737802297986, 0.05881135205446942], 1, -1.0, [-0.3462327191233101, 0.05793465889966975]
[-0.3462327191233101, 0.05793465889966975], 1, -1.0, [-0.2895664165799741, 0.056666302543335996]
[-0.2895664165799741, 0.056666302543335996], 1, -1.0, [-0.23451466454292763, 0.055051752037046486]
[-0.23451466454292763, 0.055051752037046486], 1, -1.0, [-0.18136929821968728, 0.053145366323240344]
[-0.18136929821968728, 0.053145366323240344], 1, -1.0, [-0.13036290548142002, 0.051006392738267264]
[-0.13036290548142002, 0.051006392738267264], 1, -1.0, [-0.08166774922917952, 0.0486951562522405]
[-0.08166774922917952, 0.0486951562522405], 2, -1.0, [-0.034397934319989935, 0.047269814909189585]
[-0.034397934319989935, 0.047269814909189585], 2, -1.0, [0.011385179982065056, 0.04578311430205499]
[0.011385179982065056, 0.04578311430205499], 2, -1.0, [0.055669752393495406, 0.04428457241143035]
[0.055669752393495406, 0.04428457241143035], 1, -1.0, [0.09748910895679641, 0.041819356563301]
[0.09748910895679641, 0.041819356563301], 1, -1.0, [0.13691462696542278, 0.03942551800862636]
[0.13691462696542278, 0.03942551800862636], 1, -1.0, [0.17404808484597073, 0.03713345788054794]
[0.17404808484597073, 0.03713345788054794], 1, -1.0, [0.20901466335661106, 0.03496657851064035]
[0.20901466335661106, 0.03496657851064035], 1, -1.0, [0.24195682813409333, 0.03294216477748227]
[0.24195682813409333, 0.03294216477748227], 1, -1.0, [0.2730291881880893, 0.03107236005399599]
[0.2730291881880893, 0.03107236005399599], 2, -1.0, [0.30339432812565753, 0.03036513993756821]
[0.30339432812565753, 0.03036513993756821], 2, -1.0, [0.3332254648823143, 0.029831136756656756]
[0.3332254648823143, 0.029831136756656756], 2, -1.0, [0.3627051651837506, 0.029479700301436332]
[0.3627051651837506, 0.029479700301436332], 1, -1.0, [0.39102447699262216, 0.028319311808871553]
[0.39102447699262216, 0.028319311808871553], 2, -1.0, [0.41937548884481185, 0.02835101185218971]
[0.41937548884481185, 0.02835101185218971], 2, -1.0, [0.44795750033769177, 0.02858201149287991]
[0.44795750033769177, 0.02858201149287991], 1, -1.0, [0.4759770586252214, 0.028019558287529635]
[0.4759770586252214, 0.028019558287529635], 1, -1.0, [0.5036406677720666, 0.02766360914684527]
