[-0.5718829378663242, 0.0], 2, -1.0, [-0.5705220717089231, 0.001360866157401017]
[-0.5705220717089231, 0.001360866157401017], 2, -1.0, [-0.5678104419791349, 0.0027116297297882317]
[-0.5678104419791349, 0.0027116297297882317], 2, -1.0, [-0.5637681961136044, 0.004042245865530534]
[-0.5637681961136044, 0.004042245865530534], 2, -1.0, [-0.5584254082524323, 0.0053427878611721265]
[-0.5584254082524323, 0.0053427878611721265], 2, -1.0, [-0.551821895598589, 0.006603512653843247]
[-0.551821895598589, 0.006603512653843247], 2, -1.0, [-0.544006962365029, 0.007814933233559952]
[-0.544006962365029, 0.007814933233559952], 2, -1.0, [-0.5350390633365507, 0.00896789902847829]
[-0.5350390633365507, 0.00896789902847829], 2, -1.0, [-0.5249853789937468, 0.010053684342803952]
[-0.5249853789937468, 0.010053684342803952], 2, -1.0, [-0.5139212951554691, 0.01106408383827757]
[-0.5139212951554691, 0.01106408383827757], 2, -1.0, [-0.5019297822247171, 0.01199151293075209]
[-0.5019297822247171, 0.01199151293075209], 2, -1.0, [-0.48910067230449905, 0.012829109920218011]
[-0.48910067230449905, 0.012829109920218011], 2, -1.0, [-0.4755298365166951, 0.013570835787803923]
[-0.4755298365166951, 0.013570835787803923], 2, -1.0, [-0.46131826954218924, 0.014211566974505853]
[-0.46131826954218924, 0.014211566974505853], 2, -1.0, [-0.44657109335660883, 0.014747176185580437]
[-0.44657109335660883, 0.014747176185580437], 0, -1.0, [-0.4333964969605828, 0.013174596396026028]
[-0.4333964969605828, 0.013174596396026028], 0, -1.0, [-0.4218901911603893, 0.011506305800193536]
[-0.4218901911603893, 0.011506305800193536], 0, -1.0, [-0.4121349181658198, 0.00975527299456949]
[-0.4121349181658198, 0.00975527299456949], 0, -1.0, [-0.40420013143040484, 0.007934786735414983]
[-0.40420013143040484, 0.007934786735414983], 0, -1.0, [-0.39814180779470304, 0.006058323635701813]
[-0.39814180779470304, 0.006058323635701813], 2, -1.0, [-0.39200235371044434, 0.006139454084258693]
[-0.39200235371044434, 0.006139454084258693], 0, -1.0, [-0.38782443380917736, 0.0041779199012669565]
[-0.38782443380917736, 0.0041779199012669565], 2, -1.0, [-0.38363689589162064, 0.004187537917556691]
[-0.38363689589162064, 0.004187537917556691], 0, -1.0, [-0.3814684980459106, 0.002168397845710022]
[-0.3814684980459106, 0.002168397845710022], 0, -1.0, [-0.3813340689125927, 0.00013442913331788422]
[-0.3813340689125927, 0.00013442913331788422], 0, -1.0, [-0.38323452635459354, -0.0019004574420008516]
[-0.38323452635459354, -0.0019004574420008516], 0, -1.0, [-0.38715687875978433, -0.003922352405190762]
[-0.38715687875978433, -0.003922352405190762], 0, -1.0, [-0.39307420820032407, -0.005917329440539718]
[-0.39307420820032407, -0.005917329440539718], 0, -1.0, [-0.40094564632877255, -0.007871438128448507]
[-0.40094564632877255, -0.007871438128448507], 0, -1.0, [-0.4107163648618128, -0.009770718533040242]
[-0.4107163648618128, -0.009770718533040242], 0, -1.0, [-0.42231761204296914, -0.011601247181156371]
[-0.42231761204296914, -0.011601247181156371], 0, -1.0, [-0.435666833828446, -0.013349221785476852]
[-0.435666833828446, -0.013349221785476852], 0, -1.0, [-0.45066792296036756, -0.015001089131921564]
[-0.45066792296036756, -0.015001089131921564], 0, -1.0, [-0.4672116399038761, -0.01654371694350855]
[-0.4672116399038761, -0.01654371694350855], 0, -1.0, [-0.48517624631056405, -0.017964606406687966]
[-0.48517624631056405, -0.017964606406687966], 0, -1.0, [-0.5044283839789271, -0.01925213766836303]
[-0.5044283839789271, -0.01925213766836303], 0, -1.0, [-0.5248242203391097, -0.020395836360182638]
[-0.5248242203391097, -0.020395836360182638], 0, -1.0, [-0.5462108658844392, -0.021386645545329562]
[-0.5462108658844392, -0.021386645545329562], 0, -1.0, [-0.5684280507919544, -0.022217184907515095]
[-0.5684280507919544, -0.022217184907515095], 0, -1.0, [-0.5913100287518123, -0.02288197795985793]
[-0.5913100287518123, -0.02288197795985793], 0, -1.0, [-0.6146876576037495, -0.02337762885193726]
[-0.6146876576037495, -0.02337762885193726], 0, -1.0, [-0.6383905906899174, -0.023702933086167895]
[-0.6383905906899174, -0.023702933086167895], 0, -1.0, [-0.6622495016305718, -0.023858910940654374]
[-0.6622495016305718, -0.023858910940654374], 0, -1.0, [-0.6860982598182369, -0.023848758187665128]
[-0.6860982598182369, -0.023848758187665128], 0, -1.0, [-0.7097759749545738, -0.02367771513633685]
[-0.7097759749545738, -0.02367771513633685], 0, -1.0, [-0.7331288363042758, -0.023352861349702086]
[-0.7331288363042758, -0.023352861349702086], 2, -1.0, [-0.7540116851509748, -0.020882848846698988]
[-0.7540116851509748, -0.020882848846698988], 2, -1.0, [-0.7723008038522937, -0.018289118701318864]
[-0.7723008038522937, -0.018289118701318864], 2, -1.0, [-0.7878929613908771, -0.01559215753858339]
[-0.7878929613908771, -0.01559215753858339], 2, -1.0, [-0.8007041709471954, -0.01281120955631832]
[-0.8007041709471954, -0.01281120955631832], 2, -1.0, [-0.8106683330191734, -0.009964162071978009]
[-0.8106683330191734, -0.009964162071978009], 2, -1.0, [-0.8177359186106203, -0.007067585591446983]
[-0.8177359186106203, -0.007067585591446983], 2, -1.0, [-0.8218728214989133, -0.004136902888292968]
[-0.8218728214989133, -0.004136902888292968], 2, -1.0, [-0.8230594798556669, -0.0011866583567535748]
[-0.8230594798556669, -0.0011866583567535748], 2, -1.0, [-0.8212903377373308, 0.0017691421183359752]
[-0.8212903377373308, 0.0017691421183359752], 2, -1.0, [-0.816573687329022, 0.004716650408308787]
[-0.816573687329022, 0.004716650408308787], 2, -1.0, [-0.8089319036025472, 0.007641783726474826]
[-0.8089319036025472, 0.007641783726474826], 2, -1.0, [-0.798402053992342, 0.010529849610205214]
[-0.798402053992342, 0.010529849610205214], 2, -1.0, [-0.785036836397381, 0.013365217594961003]
[-0.785036836397381, 0.013365217594961003], 2, -1.0, [-0.7689057691134442, 0.016131067283936765]
[-0.7689057691134442, 0.016131067283936765], 2, -1.0, [-0.7500965266224188, 0.018809242491025478]
[-0.7500965266224188, 0.018809242491025478], 2, -1.0, [-0.7287162868546072, 0.021380239767811577]
[-0.7287162868546072, 0.021380239767811577], 2, -1.0, [-0.7048929310201736, 0.023823355834433596]
[-0.7048929310201736, 0.023823355834433596], 2, -1.0, [-0.6787759198522715, 0.026117011167902122]
[-0.6787759198522715, 0.026117011167902122], 2, -1.0, [-0.6505366643239578, 0.0282392555283136]
[-0.6505366643239578, 0.0282392555283136], 2, -1.0, [-0.620368218871772, 0.03016844545218584]
[-0.620368218871772, 0.03016844545218584], 2, -1.0, [-0.5884841542529115, 0.03188406461886049]
[-0.5884841542529115, 0.03188406461886049], 2, -1.0, [-0.5551165166927958, 0.03336763756011557]
[-0.5551165166927958, 0.03336763756011557], 2, -1.0, [-0.5205128481401058, 0.03460366855269002]
[-0.5205128481401058, 0.03460366855269002], 2, -1.0, [-0.4849323237127484, 0.035580524427357346]
[-0.4849323237127484, 0.035580524427357346], 2, -1.0, [-0.448641147749456, 0.036291175963292385]
[-0.448641147749456, 0.036291175963292385], 2, -1.0, [-0.4119074279060631, 0.03673371984339293]
[-0.4119074279060631, 0.03673371984339293], 2, -1.0, [-0.37499580580271424, 0.036911622103348876]
[-0.37499580580271424, 0.036911622103348876], 2, -1.0, [-0.3381621533734389, 0.03683365242927533]
[-0.3381621533734389, 0.03683365242927533], 2, -1.0, [-0.3016486412044055, 0.0365135121690334]
[-0.3016486412044055, 0.0365135121690334], 2, -1.0, [-0.26567944930052484, 0.03596919190388065]
[-0.26567944930052484, 0.03596919190388065], 2, -1.0, [-0.23045732792133095, 0.0352221213791939]
[-0.23045732792133095, 0.0352221213791939], 2, -1.0, [-0.19616113646893357, 0.03429619145239736]
[-0.19616113646893357, 0.03429619145239736], 2, -1.0, [-0.16294440375420957, 0.033216732714723994]
[-0.16294440375420957, 0.033216732714723994], 2, -1.0, [-0.13093487448665866, 0.03200952926755091]
[-0.13093487448665866, 0.03200952926755091], 2, -1.0, [-0.10023494306481359, 0.03069993142184508]
[-0.10023494306481359, 0.03069993142184508], 2, -1.0, [-0.07092283154440758, 0.029312111520406015]
[-0.07092283154440758, 0.029312111520406015], 2, -1.0, [-0.043054345142152194, 0.027868486402255387]
[-0.043054345142152194, 0.027868486402255387], 2, -1.0, [-0.01666503385386599, 0.026389311288286203]
[-0.01666503385386599, 0.026389311288286203], 2, -1.0, [0.008227401171413046, 0.024892435025279037]
[0.008227401171413046, 0.024892435025279037], 2, -1.0, [0.03162059767199553, 0.023393196500582487]
[0.03162059767199553, 0.023393196500582487], 2, -1.0, [0.053525034189650836, 0.021904436517655307]
[0.053525034189650836, 0.021904436517655307], 2, -1.0, [0.0739616319677773, 0.02043659777812646]
[0.0739616319677773, 0.02043659777812646], 2, -1.0, [0.09295951880627366, 0.018997886838496365]
[0.09295951880627366, 0.018997886838496365], 2, -1.0, [0.11055399376680687, 0.01759447496053321]
[0.11055399376680687, 0.01759447496053321], 2, -1.0, [0.1267847125179591, 0.016230718751152205]
[0.1267847125179591, 0.016230718751152205], 2, -1.0, [0.1416940982179162, 0.01490938569995711]
[0.1416940982179162, 0.01490938569995711], 0, -1.0, [0.15332597192269046, 0.011631873704774257]
[0.15332597192269046, 0.011631873704774257], 1, -1.0, [0.16271768987356477, 0.009391717950874321]
[0.16271768987356477, 0.009391717950874321], 1, -1.0, [0.16990140640823695, 0.007183716534672172]
[0.16990140640823695, 0.007183716534672172], 1, -1.0, [0.17490290078563006, 0.005001494377393102]
[0.17490290078563006, 0.005001494377393102], 1, -1.0, [0.17774072039533667, 0.002837819609706606]
[0.17774072039533667, 0.002837819609706606], 0, -1.0, [0.17742560579390254, -0.0003151146014341304]
[0.17742560579390254, -0.0003151146014341304], 0, -1.0, [0.17395635662231784, -0.0034692491715847032]
[0.17395635662231784, -0.0034692491715847032], 0, -1.0, [0.16731988504899237, -0.006636471573325467]
[0.16731988504899237, -0.006636471573325467], 0, -1.0, [0.15749181005391577, -0.009828074995076591]
[0.15749181005391577, -0.009828074995076591], 0, -1.0, [0.14443762388555112, -0.013054186168364654]
[0.14443762388555112, -0.013054186168364654], 0, -1.0, [0.12811448840534567, -0.016323135480205433]
[0.12811448840534567, -0.016323135480205433], 1, -1.0, [0.10947374092376636, -0.018640747481579317]
[0.10947374092376636, -0.018640747481579317], 0, -1.0, [0.08746661155206847, -0.022007129371697885]
[0.08746661155206847, -0.022007129371697885], 0, -1.0, [0.062045056567644315, -0.02542155498442416]
[0.062045056567644315, -0.02542155498442416], 0, -1.0, [0.03316668456613901, -0.028878372001505306]
[0.03316668456613901, -0.028878372001505306], 0, -1.0, [0.0008006776839472873, -0.032366006882191725]
[0.0008006776839472873, -0.032366006882191725], 0, -1.0, [-0.03506532198604443, -0.03586599966999172]
[-0.03506532198604443, -0.03586599966999172], 0, -1.0, [-0.07441750166857564, -0.0393521796825312]
[-0.07441750166857564, -0.0393521796825312], 0, -1.0, [-0.11720763759045343, -0.04279013592187779]
[-0.11720763759045343, -0.04279013592187779], 2, -1.0, [-0.1613448109692799, -0.044137173378826486]
[-0.1613448109692799, -0.044137173378826486], 0, -1.0, [-0.2086947960783279, -0.047349985109047976]
[-0.2086947960783279, -0.047349985109047976], 0, -1.0, [-0.25907060161293993, -0.05037580553461203]
[-0.25907060161293993, -0.05037580553461203], 0, -1.0, [-0.31222858627858846, -0.05315798466564852]
[-0.31222858627858846, -0.05315798466564852], 0, -1.0, [-0.367867724002387, -0.0556391377237985]
[-0.367867724002387, -0.0556391377237985], 0, -1.0, [-0.42563281675238523, -0.05776509274999827]
[-0.42563281675238523, -0.05776509274999827], 0, -1.0, [-0.48512212240155844, -0.0594893056491732]
[-0.48512212240155844, -0.0594893056491732], 0, -1.0, [-0.545899362544203, -0.060777240142644594]
[-0.545899362544203, -0.060777240142644594], 0, -1.0, [-0.6075094730243144, -0.06161011048011133]
[-0.6075094730243144, -0.06161011048011133], 0, -1.0, [-0.6694968789218869, -0.0619874058975726]
[-0.6694968789218869, -0.0619874058975726], 0, -1.0, [-0.7314246541748721, -0.06192777525298526]
[-0.7314246541748721, -0.06192777525298526], 0, -1.0, [-0.7928927743925295, -0.06146812021765737]
[-0.7928927743925295, -0.06146812021765737], 0, -1.0, [-0.8535538316333535, -0.06066105724082407]
[-0.8535538316333535, -0.06066105724082407], 0, -1.0, [-0.913125008898908, -0.05957117726555448]
[-0.913125008898908, -0.05957117726555448], 0, -1.0, [-0.9713956983012264, -0.058270689402318436]
[-0.9713956983012264, -0.058270689402318436], 0, -1.0, [-1.02823075122426, -0.05683505292303369]
[-1.02823075122426, -0.05683505292303369], 0, -1.0, [-1.083569850124882, -0.05533909890062188]
[-1.083569850124882, -0.05533909890062188], 0, -1.0, [-1.1374238173856648, -0.0538539672607828]
[-1.1374238173856648, -0.0538539672607828], 0, -1.0, [-1.1898688106028836, -0.0524449932172188]
[-1.1898688106028836, -0.0524449932172188], 0, -1.0, [-1.2, 0.0]
[-1.2, 0.0], 2, -1.0, [-1.1967581039591646, 0.003241896040835368]
[-1.1967581039591646, 0.003241896040835368], 2, -1.0, [-1.1902636585360942, 0.006494445423070332]
[-1.1902636585360942, 0.006494445423070332], 2, -1.0, [-1.1804959639787937, 0.009767694557300442]
[-1.1804959639787937, 0.009767694557300442], 2, -1.0, [-1.1674255149588486, 0.013070449019945182]
[-1.1674255149588486, 0.013070449019945182], 2, -1.0, [-1.1510159267200155, 0.016409588238833067]
[-1.1510159267200155, 0.016409588238833067], 2, -1.0, [-1.1312266168239755, 0.019789309896040046]
[-1.1312266168239755, 0.019789309896040046], 2, -1.0, [-1.108016322100852, 0.02321029472312345]
[-1.108016322100852, 0.02321029472312345], 2, -1.0, [-1.081347524946184, 0.02666879715466819]
[-1.081347524946184, 0.02666879715466819], 2, -1.0, [-1.0511918363028878, 0.03015568864329602]
[-1.0511918363028878, 0.03015568864329602], 2, -1.0, [-1.0175363271434712, 0.0336555091594167]
[-1.0175363271434712, 0.0336555091594167], 2, -1.0, [-0.9803907090723114, 0.03714561807115983]
[-0.9803907090723114, 0.03714561807115983], 2, -1.0, [-0.9397951336374217, 0.04059557543488971]
[-0.9397951336374217, 0.04059557543488971], 2, -1.0, [-0.8958282112564235, 0.043966922380998245]
[-0.8958282112564235, 0.043966922380998245], 2, -1.0, [-0.8486146572192776, 0.04721355403714586]
[-0.8486146572192776, 0.04721355403714586], 2, -1.0, [-0.7983317816221248, 0.05028287559715283]
[-0.7983317816221248, 0.05028287559715283], 2, -1.0, [-0.7452138959379592, 0.0531178856841656]
[-0.7452138959379592, 0.0531178856841656], 2, -1.0, [-0.6895536666604415, 0.0556602292775177]
[-0.6895536666604415, 0.0556602292775177], 2, -1.0, [-0.6316995610792892, 0.057854105581152386]
[-0.6316995610792892, 0.057854105581152386], 2, -1.0, [-0.5720488365336812, 0.05965072454560789]
[-0.5720488365336812, 0.05965072454560789], 2, -1.0, [-0.5110360146660762, 0.061012821867605024]
[-0.5110360146660762, 0.061012821867605024], 2, -1.0, [-0.44911739120176025, 0.061918623464315904]
[-0.44911739120176025, 0.061918623464315904], 0, -1.0, [-0.38875274139346727, 0.060364649808292994]
[-0.38875274139346727, 0.060364649808292994], 2, -1.0, [-0.32837207705357385, 0.06038066433989344]
[-0.32837207705357385, 0.06038066433989344], 0, -1.0, [-0.2703733283600101, 0.05799874869356373]
[-0.2703733283600101, 0.05799874869356373], 2, -1.0, [-0.21309629669107272, 0.0572770316689374]
[-0.21309629669107272, 0.0572770316689374], 2, -1.0, [-0.156825565588771, 0.05627073110230172]
[-0.156825565588771, 0.05627073110230172], 2, -1.0, [-0.10178321523015893, 0.05504235035861208]
[-0.10178321523015893, 0.05504235035861208], 2, -1.0, [-0.048125219616672786, 0.053657995613486144]
[-0.048125219616672786, 0.053657995613486144], 2, -1.0, [0.004058786182861755, 0.05218400579953454]
[0.004058786182861755, 0.05218400579953454], 0, -1.0, [0.05274297730974088, 0.04868419112687913]
[0.05274297730974088, 0.04868419112687913], 0, -1.0, [0.09795839869084932, 0.04521542138110845]
[0.09795839869084932, 0.04521542138110845], 0, -1.0, [0.13978099866617755, 0.04182259997532824]
[0.13978099866617755, 0.04182259997532824], 0, -1.0, [0.17832020703282334, 0.038539208366645795]
[0.17832020703282334, 0.038539208366645795], 0, -1.0, [0.21370869363549955, 0.03538848660267622]
[0.21370869363549955, 0.03538848660267622], 0, -1.0, [0.24609362334044965, 0.03238492970495009]
[0.24609362334044965, 0.03238492970495009], 0, -1.0, [0.2756294864066895, 0.029535863066239842]
[0.2756294864066895, 0.029535863066239842], 0, -1.0, [0.30247242799054114, 0.026842941583851664]
[0.30247242799054114, 0.026842941583851664], 2, -1.0, [0.3287759126638568, 0.026303484673315645]
[0.3287759126638568, 0.026303484673315645], 2, -1.0, [0.3547000066860628, 0.02592409402220595]
[0.3547000066860628, 0.02592409402220595], 2, -1.0, [0.380410872438515, 0.025710865752452232]
[0.380410872438515, 0.025710865752452232], 0, -1.0, [0.4040805527169021, 0.023669680278387086]
[0.4040805527169021, 0.023669680278387086], 2, -1.0, [0.427872930033355, 0.02379237731645296]
[0.427872930033355, 0.02379237731645296], 2, -1.0, [0.45195719114598293, 0.024084261112627892]
[0.45195719114598293, 0.024084261112627892], 0, -1.0, [0.4745082674748537, 0.022551076328870757]
[0.4745082674748537, 0.022551076328870757], 2, -1.0, [0.4976924944492748, 0.023184226974421147]
[0.4976924944492748, 0.023184226974421147], 0, -1.0, [0.519682619855516, 0.021990125406241207]
