[-0.573905042565039, 0.0], 2, -1.0, [-0.572529176182477, 0.0013758663825620785]
[-0.572529176182477, 0.0013758663825620785], 2, -1.0, [-0.5697876482957136, 0.0027415278867634315]
[-0.5697876482957136, 0.0027415278867634315], 2, -1.0, [-0.5657008113737375, 0.004086836921976049]
[-0.5657008113737375, 0.004086836921976049], 2, -1.0, [-0.5602990480934695, 0.005401763280267993]
[-0.5602990480934695, 0.005401763280267993], 2, -1.0, [-0.5536225885421175, 0.0066764595513520136]
[-0.5536225885421175, 0.0066764595513520136], 2, -1.0, [-0.5457212547440955, 0.0079013337980221]
[-0.5457212547440955, 0.0079013337980221], 2, -1.0, [-0.5366541241275139, 0.009067130616581544]
[-0.5366541241275139, 0.009067130616581544], 2, -1.0, [-0.5264891034283334, 0.01016502069918044]
[-0.5264891034283334, 0.01016502069918044], 2, -1.0, [-0.5153024055420667, 0.01118669788626665]
[-0.5153024055420667, 0.01118669788626665], 0, -1.0, [-0.5051779240072531, 0.010124481534813618]
[-0.5051779240072531, 0.010124481534813618], 0, -1.0, [-0.49619152854966064, 0.008986395457592526]
[-0.49619152854966064, 0.008986395457592526], 0, -1.0, [-0.4884104559177624, 0.007781072631898273]
[-0.4884104559177624, 0.007781072631898273], 0, -1.0, [-0.4818928057849592, 0.006517650132803214]
[-0.4818928057849592, 0.006517650132803214], 0, -1.0, [-0.47668713495713005, 0.005205670827829128]
[-0.47668713495713005, 0.005205670827829128], 0, -1.0, [-0.4728321411501485, 0.003854993806981577]
[-0.4728321411501485, 0.003854993806981577], 0, -1.0, [-0.47035642687603535, 0.002475714274113163]
[-0.47035642687603535, 0.002475714274113163], 0, -1.0, [-0.46927833443495076, 0.0010780924410845624]
[-0.46927833443495076, 0.0010780924410845624], 0, -1.0, [-0.4696058445016678, -0.0003275100667170653]
[-0.4696058445016678, -0.0003275100667170653], 0, -1.0, [-0.4713365330987559, -0.001730688597088089]
[-0.4713365330987559, -0.001730688597088089], 0, -1.0, [-0.4744575845940985, -0.003121051495342603]
[-0.4744575845940985, -0.003121051495342603], 0, -1.0, [-0.4789458614464894, -0.0044882768523909]
[-0.4789458614464894, -0.0044882768523909], 0, -1.0, [-0.48476803443574074, -0.005822172989251371]
[-0.48476803443574074, -0.005822172989251371], 0, -1.0, [-0.4918807797427877, -0.007112745307046959]
[-0.4918807797427877, -0.007112745307046959], 0, -1.0, [-0.5002310512016581, -0.008350271458870455]
[-0.5002310512016581, -0.008350271458870455], 0, -1.0, [-0.5097564370792383, -0.009525385877580195]
[-0.5097564370792383, -0.009525385877580195], 0, -1.0, [-0.520385610659514, -0.010629173580275666]
[-0.520385610659514, -0.010629173580275666], 0, -1.0, [-0.5320388826036238, -0.01165327194410974]
[-0.5320388826036238, -0.01165327194410974], 0, -1.0, [-0.5446288605088643, -0.012589977905240562]
[-0.5446288605088643, -0.012589977905240562], 0, -1.0, [-0.5580612173911214, -0.013432356882257091]
[-0.5580612173911214, -0.013432356882257091], 0, -1.0, [-0.5722355661725789, -0.014174348781457558]
[-0.5722355661725789, -0.014174348781457558], 0, -1.0, [-0.5870464319842704, -0.014810865811691526]
[-0.5870464319842704, -0.014810865811691526], 0, -1.0, [-0.6023843085933921, -0.015337876609121646]
[-0.6023843085933921, -0.015337876609121646], 0, -1.0, [-0.6181367799954666, -0.01575247140207452]
[-0.6181367799954666, -0.01575247140207452], 0, -1.0, [-0.6341896836393313, -0.016052903643864663]
[-0.6341896836393313, -0.016052903643864663], 0, -1.0, [-0.6504282883070969, -0.016238604667765603]
[-0.6504282883070969, -0.016238604667765603], 0, -1.0, [-0.6667384576918316, -0.016310169384734733]
[-0.6667384576918316, -0.016310169384734733], 0, -1.0, [-0.6830077704138728, -0.016269312722041282]
[-0.6830077704138728, -0.016269312722041282], 0, -1.0, [-0.6991265686490366, -0.016118798235163732]
[-0.6991265686490366, -0.016118798235163732], 0, -1.0, [-0.7149889106049564, -0.015862341955919842]
[-0.7149889106049564, -0.015862341955919842], 0, -1.0, [-0.7304934065261237, -0.01550449592116728]
[-0.7304934065261237, -0.01550449592116728], 0, -1.0, [-0.7455439233717428, -0.015050516845619097]
[-0.7455439233717428, -0.015050516845619097], 2, -1.0, [-0.7580501493631608, -0.012506225991418074]
[-0.7580501493631608, -0.012506225991418074], 2, -1.0, [-0.7679394267742488, -0.009889277411087888]
[-0.7679394267742488, -0.009889277411087888], 2, -1.0, [-0.7751559080128413, -0.007216481238592582]
[-0.7751559080128413, -0.007216481238592582], 2, -1.0, [-0.7796597659523673, -0.0045038579395260125]
[-0.7796597659523673, -0.0045038579395260125], 2, -1.0, [-0.7814265498276283, -0.001766783875260961]
[-0.7814265498276283, -0.001766783875260961], 2, -1.0, [-0.7804467543908726, 0.000979795436755613]
[-0.7804467543908726, 0.000979795436755613], 2, -1.0, [-0.776725644870728, 0.003721109520144643]
[-0.776725644870728, 0.003721109520144643], 2, -1.0, [-0.7702833544625103, 0.006442290408217767]
[-0.7702833544625103, 0.006442290408217767], 2, -1.0, [-0.7611552450706958, 0.009128109391814507]
[-0.7611552450706958, 0.009128109391814507], 2, -1.0, [-0.7493924961193954, 0.011762748951300389]
[-0.7493924961193954, 0.011762748951300389], 2, -1.0, [-0.7350628608361103, 0.014329635283285139]
[-0.7350628608361103, 0.014329635283285139], 2, -1.0, [-0.7182515052350348, 0.016811355601075502]
[-0.7182515052350348, 0.016811355601075502], 2, -1.0, [-0.6990618233531588, 0.019189681881875968]
[-0.6990618233531588, 0.019189681881875968], 2, -1.0, [-0.677616105022252, 0.021445718330906777]
[-0.677616105022252, 0.021445718330906777], 2, -1.0, [-0.6540559220407576, 0.02356018298149438]
[-0.6540559220407576, 0.02356018298149438], 2, -1.0, [-0.6285420977746466, 0.025513824266110947]
[-0.6285420977746466, 0.025513824266110947], 2, -1.0, [-0.6012541365096825, 0.027287961264964175]
[-0.6012541365096825, 0.027287961264964175], 2, -1.0, [-0.5723890140158395, 0.02886512249384304]
[-0.5723890140158395, 0.02886512249384304], 2, -1.0, [-0.5421592699610389, 0.030229744054800577]
[-0.5421592699610389, 0.030229744054800577], 2, -1.0, [-0.5107903941192029, 0.03136887584183599]
[-0.5107903941192029, 0.03136887584183599], 2, -1.0, [-0.47851755750086866, 0.032272836618334244]
[-0.47851755750086866, 0.032272836618334244], 2, -1.0, [-0.44558180024346544, 0.032935757257403234]
[-0.44558180024346544, 0.032935757257403234], 2, -1.0, [-0.4122258427179924, 0.03335595752547304]
[-0.4122258427179924, 0.03335595752547304], 2, -1.0, [-0.3786897272592344, 0.03353611545875803]
[-0.3786897272592344, 0.03353611545875803], 2, -1.0, [-0.3452065191546587, 0.033483208104575654]
[-0.3452065191546587, 0.033483208104575654], 2, -1.0, [-0.31199829380151384, 0.033208225353144875]
[-0.31199829380151384, 0.033208225353144875], 2, -1.0, [-0.2792726125782883, 0.03272568122322553]
[-0.2792726125782883, 0.03272568122322553], 2, -1.0, [-0.24721964677380465, 0.03205296580448365]
[-0.24721964677380465, 0.03205296580448365], 2, -1.0, [-0.2160100533185077, 0.031209593455296947]
[-0.2160100533185077, 0.031209593455296947], 2, -1.0, [-0.18579364579742333, 0.030216407521084378]
[-0.18579364579742333, 0.030216407521084378], 2, -1.0, [-0.15669884681000085, 0.02909479898742247]
[-0.15669884681000085, 0.02909479898742247], 2, -1.0, [-0.1288328592280882, 0.027865987581912638]
[-0.1288328592280882, 0.027865987581912638], 2, -1.0, [-0.10228245811535233, 0.026550401112735874]
[-0.10228245811535233, 0.026550401112735874], 2, -1.0, [-0.07711528343095381, 0.025167174684398518]
[-0.07711528343095381, 0.025167174684398518], 2, -1.0, [-0.053381505470740324, 0.023733777960213483]
[-0.053381505470740324, 0.023733777960213483], 0, -1.0, [-0.033115738132954264, 0.020265767337786064]
[-0.033115738132954264, 0.020265767337786064], 0, -1.0, [-0.016337643602893748, 0.016778094530060517]
[-0.016337643602893748, 0.016778094530060517], 0, -1.0, [-0.003056546839686255, 0.013281096763207493]
[-0.003056546839686255, 0.013281096763207493], 0, -1.0, [0.006724655025668861, 0.009781201865355115]
[0.006724655025668861, 0.009781201865355115], 0, -1.0, [0.01300636560985371, 0.006281710584184849]
[0.01300636560985371, 0.006281710584184849], 0, -1.0, [0.015789979064991768, 0.0027836134551380595]
[0.015789979064991768, 0.0027836134551380595], 0, -1.0, [0.015076396884363007, -0.0007135821806287614]
[0.015076396884363007, -0.0007135821806287614], 0, -1.0, [0.010865371367455658, -0.004211025516907349]
[0.010865371367455658, -0.004211025516907349], 0, -1.0, [0.0031556738662748187, -0.00770969750118084]
[0.0031556738662748187, -0.00770969750118084], 0, -1.0, [-0.008053911605120301, -0.01120958547139512]
[-0.008053911605120301, -0.01120958547139512], 0, -1.0, [-0.022762767375229174, -0.014708855770108872]
[-0.022762767375229174, -0.014708855770108872], 0, -1.0, [-0.040965796294965925, -0.018203028919736755]
[-0.040965796294965925, -0.018203028919736755], 0, -1.0, [-0.06264996925539612, -0.02168417296043019]
[-0.06264996925539612, -0.02168417296043019], 0, -1.0, [-0.08779011558927276, -0.02514014633387664]
[-0.08779011558927276, -0.02514014633387664], 0, -1.0, [-0.11634405702426534, -0.028553941434992586]
[-0.11634405702426534, -0.028553941434992586], 0, -1.0, [-0.14824725880741016, -0.03190320178314481]
[-0.14824725880741016, -0.03190320178314481], 2, -1.0, [-0.18140726506474508, -0.03316000625733494]
[-0.18140726506474508, -0.03316000625733494], 0, -1.0, [-0.21770609749021888, -0.0362988324254738]
[-0.21770609749021888, -0.0362988324254738], 0, -1.0, [-0.25699041187304045, -0.03928431438282156]
[-0.25699041187304045, -0.03928431438282156], 0, -1.0, [-0.2990678118053013, -0.04207739993226084]
[-0.2990678118053013, -0.04207739993226084], 0, -1.0, [-0.3437047071349989, -0.04463689532969762]
[-0.3437047071349989, -0.04463689532969762], 0, -1.0, [-0.3906262609409454, -0.0469215538059465]
[-0.3906262609409454, -0.0469215538059465], 0, -1.0, [-0.43951886751273045, -0.04889260657178507]
[-0.43951886751273045, -0.04889260657178507], 0, -1.0, [-0.49003540766841486, -0.05051654015568439]
[-0.49003540766841486, -0.05051654015568439], 0, -1.0, [-0.5418032479465118, -0.05176784027809691]
[-0.5418032479465118, -0.05176784027809691], 0, -1.0, [-0.5944346225432763, -0.052631374596764514]
[-0.5944346225432763, -0.052631374596764514], 0, -1.0, [-0.6475387179041412, -0.05310409536086489]
[-0.6475387179041412, -0.05310409536086489], 0, -1.0, [-0.7007345344984197, -0.05319581659427855]
[-0.7007345344984197, -0.05319581659427855], 0, -1.0, [-0.7536634834714351, -0.05292894897301535]
[-0.7536634834714351, -0.05292894897301535], 0, -1.0, [-0.8060007152262122, -0.052337231754777135]
[-0.8060007152262122, -0.052337231754777135], 0, -1.0, [-0.8574643635752214, -0.051463648349009225]
[-0.8574643635752214, -0.051463648349009225], 0, -1.0, [-0.9078221803068685, -0.050357816731647076]
[-0.9078221803068685, -0.050357816731647076], 0, -1.0, [-0.9568953684538211, -0.04907318814695256]
[-0.9568953684538211, -0.04907318814695256], 0, -1.0, [-1.0045597348621238, -0.04766436640830281]
[-1.0045597348621238, -0.04766436640830281], 0, -1.0, [-1.0507445257122023, -0.046184790850078525]
[-1.0507445257122023, -0.046184790850078525], 0, -1.0, [-1.0954294580975128, -0.04468493238531043]
[-1.0954294580975128, -0.04468493238531043], 0, -1.0, [-1.1386405159175244, -0.04321105782001157]
[-1.1386405159175244, -0.04321105782001157], 0, -1.0, [-1.1804450556934882, -0.04180453977596397]
[-1.1804450556934882, -0.04180453977596397], 0, -1.0, [-1.2, 0.0]
[-1.2, 0.0], 2, -1.0, [-1.1967581039591646, 0.003241896040835368]
[-1.1967581039591646, 0.003241896040835368], 2, -1.0, [-1.1902636585360942, 0.006494445423070332]
[-1.1902636585360942, 0.006494445423070332], 2, -1.0, [-1.1804959639787937, 0.009767694557300442]
[-1.1804959639787937, 0.009767694557300442], 2, -1.0, [-1.1674255149588486, 0.013070449019945182]
[-1.1674255149588486, 0.013070449019945182], 2, -1.0, [-1.1510159267200155, 0.016409588238833067]
[-1.1510159267200155, 0.016409588238833067], 2, -1.0, [-1.1312266168239755, 0.019789309896040046]
[-1.1312266168239755, 0.019789309896040046], 2, -1.0, [-1.108016322100852, 0.02321029472312345]
[-1.108016322100852, 0.02321029472312345], 2, -1.0, [-1.081347524946184, 0.02666879715466819]
[-1.081347524946184, 0.02666879715466819], 2, -1.0, [-1.0511918363028878, 0.03015568864329602]
[-1.0511918363028878, 0.03015568864329602], 2, -1.0, [-1.0175363271434712, 0.0336555091594167]
[-1.0175363271434712, 0.0336555091594167], 2, -1.0, [-0.9803907090723114, 0.03714561807115983]
[-0.9803907090723114, 0.03714561807115983], 2, -1.0, [-0.9397951336374217, 0.04059557543488971]
[-0.9397951336374217, 0.04059557543488971], 2, -1.0, [-0.8958282112564235, 0.043966922380998245]
[-0.8958282112564235, 0.043966922380998245], 2, -1.0, [-0.8486146572192776, 0.04721355403714586]
[-0.8486146572192776, 0.04721355403714586], 2, -1.0, [-0.7983317816221248, 0.05028287559715283]
[-0.7983317816221248, 0.05028287559715283], 2, -1.0, [-0.7452138959379592, 0.0531178856841656]
[-0.7452138959379592, 0.0531178856841656], 2, -1.0, [-0.6895536666604415, 0.0556602292775177]
[-0.6895536666604415, 0.0556602292775177], 2, -1.0, [-0.6316995610792892, 0.057854105581152386]
[-0.6316995610792892, 0.057854105581152386], 2, -1.0, [-0.5720488365336812, 0.05965072454560789]
[-0.5720488365336812, 0.05965072454560789], 2, -1.0, [-0.5110360146660762, 0.061012821867605024]
[-0.5110360146660762, 0.061012821867605024], 2, -1.0, [-0.44911739120176025, 0.061918623464315904]
[-0.44911739120176025, 0.061918623464315904], 2, -1.0, [-0.38675274139346727, 0.06236464980829299]
[-0.38675274139346727, 0.06236464980829299], 2, -1.0, [-0.3243858485235833, 0.06236689286988392]
[-0.3243858485235833, 0.06236689286988392], 0, -1.0, [-0.2644256859117381, 0.05996016261184525]
[-0.2644256859117381, 0.05996016261184525], 2, -1.0, [-0.2052193074793949, 0.05920637843234319]
[-0.2052193074793949, 0.05920637843234319], 2, -1.0, [-0.1470539132375403, 0.05816539424185461]
[-0.1470539132375403, 0.05816539424185461], 2, -1.0, [-0.09014915955067435, 0.056904753686865955]
[-0.09014915955067435, 0.056904753686865955], 2, -1.0, [-0.03465353447194531, 0.05549562507872904]
[-0.03465353447194531, 0.05549562507872904], 2, -1.0, [0.019355588202422364, 0.05400912267436767]
[0.019355588202422364, 0.05400912267436767], 0, -1.0, [0.06986892437912429, 0.05051333617670192]
[0.06986892437912429, 0.05051333617670192], 0, -1.0, [0.11693697852797805, 0.04706805414885376]
[0.11693697852797805, 0.04706805414885376], 0, -1.0, [0.1606572968369052, 0.04372031830892714]
[0.1606572968369052, 0.04372031830892714], 0, -1.0, [0.20116240859352902, 0.040505111756623816]
[0.20116240859352902, 0.040505111756623816], 0, -1.0, [0.23860911643823252, 0.03744670784470349]
[0.23860911643823252, 0.03744670784470349], 0, -1.0, [0.27316944788738656, 0.03456033144915404]
[0.27316944788738656, 0.03456033144915404], 0, -1.0, [0.30502332784329333, 0.031853879955906744]
[0.30502332784329333, 0.031853879955906744], 0, -1.0, [0.3343528700301708, 0.029329542186877416]
[0.3343528700301708, 0.029329542186877416], 0, -1.0, [0.36133809708967785, 0.02698522705950708]
[0.36133809708967785, 0.02698522705950708], 0, -1.0, [0.386153863797822, 0.024815766708144144]
[0.386153863797822, 0.024815766708144144], 2, -1.0, [0.4109677568207551, 0.024813893022933096]
[0.4109677568207551, 0.024813893022933096], 0, -1.0, [0.4339528997876172, 0.022985142966862077]
[0.4339528997876172, 0.022985142966862077], 2, -1.0, [0.4572737742479841, 0.0233208744603669]
[0.4572737742479841, 0.0233208744603669], 0, -1.0, [0.47910048705251046, 0.021826712804526343]
[0.47910048705251046, 0.021826712804526343], 2, -1.0, [0.5015944530583506, 0.022493966005840096]
