[-0.5108994619541343, 0.0], 0, -1.0, [-0.5119946837675649, -0.001095221813430544]
[-0.5119946837675649, -0.001095221813430544], 0, -1.0, [-0.5141769186921219, -0.0021822349245569973]
[-0.5141769186921219, -0.0021822349245569973], 0, -1.0, [-0.5174298081344488, -0.0032528894423269478]
[-0.5174298081344488, -0.0032528894423269478], 0, -1.0, [-0.5217289621916688, -0.004299154057219938]
[-0.5217289621916688, -0.004299154057219938], 0, -1.0, [-0.5270421397758945, -0.0053131775842257655]
[-0.5270421397758945, -0.0053131775842257655], 0, -1.0, [-0.5333294925880911, -0.00628735281219658]
[-0.5333294925880911, -0.00628735281219658], 0, -1.0, [-0.5405438753878461, -0.007214382799754905]
[-0.5405438753878461, -0.007214382799754905], 0, -1.0, [-0.5486312246696017, -0.008087349281755541]
[-0.5486312246696017, -0.008087349281755541], 0, -1.0, [-0.5575310070001803, -0.008899782330578697]
[-0.5575310070001803, -0.008899782330578697], 0, -1.0, [-0.5671767368988421, -0.009645729898661784]
[-0.5671767368988421, -0.009645729898661784], 0, -1.0, [-0.5774965623001136, -0.010319825401271528]
[-0.5774965623001136, -0.010319825401271528], 0, -1.0, [-0.588413913429655, -0.010917351129541352]
[-0.588413913429655, -0.010917351129541352], 0, -1.0, [-0.5998482084857136, -0.011434295056058634]
[-0.5998482084857136, -0.011434295056058634], 0, -1.0, [-0.611715607027443, -0.011867398541729393]
[-0.611715607027443, -0.011867398541729393], 0, -1.0, [-0.6239297996195301, -0.012214192592087135]
[-0.6239297996195301, -0.012214192592087135], 0, -1.0, [-0.6364028202647064, -0.012473020645176278]
[-0.6364028202647064, -0.012473020645176278], 0, -1.0, [-0.649045866649193, -0.012643046384486491]
[-0.649045866649193, -0.012643046384486491], 0, -1.0, [-0.6617701123733323, -0.0127242457241393]
[-0.6617701123733323, -0.0127242457241393], 0, -1.0, [-0.6744874952332062, -0.012717382859873947]
[-0.6744874952332062, -0.012717382859873947], 0, -1.0, [-0.6871114662921479, -0.012623971058941788]
[-0.6871114662921479, -0.012623971058941788], 0, -1.0, [-0.6995576859043449, -0.012446219612196966]
[-0.6995576859043449, -0.012446219612196966], 1, -1.0, [-0.7107446549378805, -0.011186969033535612]
[-0.7107446549378805, -0.011186969033535612], 2, -1.0, [-0.7196006147345863, -0.008855959796705769]
[-0.7196006147345863, -0.008855959796705769], 2, -1.0, [-0.726069817979537, -0.006469203244950714]
[-0.726069817979537, -0.006469203244950714], 2, -1.0, [-0.7301121581733171, -0.004042340193780125]
[-0.7301121581733171, -0.004042340193780125], 2, -1.0, [-0.7317028462789557, -0.0015906881056385542]
[-0.7317028462789557, -0.0015906881056385542], 2, -1.0, [-0.7308321859747801, 0.0008706603041755542]
[-0.7308321859747801, 0.0008706603041755542], 2, -1.0, [-0.7275054804167688, 0.003326705558011262]
[-0.7275054804167688, 0.003326705558011262], 2, -1.0, [-0.7217430836079801, 0.005762396808788626]
[-0.7217430836079801, 0.005762396808788626], 2, -1.0, [-0.713580589195974, 0.008162494412006116]
[-0.713580589195974, 0.008162494412006116], 2, -1.0, [-0.7030691294977647, 0.010511459698209297]
[-0.7030691294977647, 0.010511459698209297], 2, -1.0, [-0.6902757385569921, 0.01279339094077256]
[-0.6902757385569921, 0.01279339094077256], 2, -1.0, [-0.6752837160014333, 0.014992022555558778]
[-0.6752837160014333, 0.014992022555558778], 2, -1.0, [-0.6581929145536211, 0.01709080144781223]
[-0.6581929145536211, 0.01709080144781223], 2, -1.0, [-0.639119864643304, 0.019073049910317153]
[-0.639119864643304, 0.019073049910317153], 2, -1.0, [-0.6181976461936566, 0.020922218449647364]
[-0.6181976461936566, 0.020922218449647364], 2, -1.0, [-0.5955754217378249, 0.02262222445583176]
[-0.5955754217378249, 0.02262222445583176], 2, -1.0, [-0.5714175576224856, 0.024157864115339215]
[-0.5714175576224856, 0.024157864115339215], 2, -1.0, [-0.5459022814984309, 0.02551527612405472]
[-0.5459022814984309, 0.02551527612405472], 2, -1.0, [-0.5192198538686673, 0.026682427629763604]
[-0.5192198538686673, 0.026682427629763604], 2, -1.0, [-0.49157026720727076, 0.027649586661396545]
[-0.49157026720727076, 0.027649586661396545], 2, -1.0, [-0.46316052490326876, 0.028409742304002006]
[-0.46316052490326876, 0.028409742304002006], 2, -1.0, [-0.4342015899214339, 0.028958934981834904]
[-0.4342015899214339, 0.028958934981834904], 2, -1.0, [-0.40490512513152216, 0.02929646478991169]
[-0.40490512513152216, 0.02929646478991169], 2, -1.0, [-0.37548016962223923, 0.029424955509282903]
[-0.37548016962223923, 0.029424955509282903], 2, -1.0, [-0.34612990497650375, 0.02935026464573547]
[-0.34612990497650375, 0.02935026464573547], 2, -1.0, [-0.31704866112318203, 0.029081243853321736]
[-0.31704866112318203, 0.029081243853321736], 2, -1.0, [-0.2884192936375382, 0.028629367485643816]
[-0.2884192936375382, 0.028629367485643816], 2, -1.0, [-0.2604110357073431, 0.028008257930195145]
[-0.2604110357073431, 0.028008257930195145], 2, -1.0, [-0.23317789222434948, 0.02723314348299362]
[-0.23317789222434948, 0.02723314348299362], 2, -1.0, [-0.20685760503597705, 0.026320287188372413]
[-0.20685760503597705, 0.026320287188372413], 2, -1.0, [-0.18157118159120167, 0.0252864234447754]
[-0.18157118159120167, 0.0252864234447754], 2, -1.0, [-0.15742294754459019, 0.024148234046611487]
[-0.15742294754459019, 0.024148234046611487], 2, -1.0, [-0.13450105966454368, 0.022921887880046517]
[-0.13450105966454368, 0.022921887880046517], 2, -1.0, [-0.1128783996417248, 0.02162266002281888]
[-0.1128783996417248, 0.02162266002281888], 1, -1.0, [-0.09361376194616322, 0.019264637695561585]
[-0.09361376194616322, 0.019264637695561585], 1, -1.0, [-0.07675118076096538, 0.016862581185197838]
[-0.07675118076096538, 0.016862581185197838], 1, -1.0, [-0.06232262098018952, 0.014428559780775852]
[-0.06232262098018952, 0.014428559780775852], 0, -1.0, [-0.051350492114652105, 0.010972128865537417]
[-0.051350492114652105, 0.010972128865537417], 0, -1.0, [-0.04384875704779706, 0.0075017350668550465]
[-0.04384875704779706, 0.0075017350668550465], 0, -1.0, [-0.03982542262812029, 0.004023334419676771]
[-0.03982542262812029, 0.004023334419676771], 0, -1.0, [-0.03928426620048654, 0.0005411564276337488]
[-0.03928426620048654, 0.0005411564276337488], 0, -1.0, [-0.042225768255895337, -0.0029415020554087925]
[-0.042225768255895337, -0.0029415020554087925], 0, -1.0, [-0.04864723819656089, -0.006421469940665548]
[-0.04864723819656089, -0.006421469940665548], 0, -1.0, [-0.058542131628484984, -0.009894893431924092]
[-0.058542131628484984, -0.009894893431924092], 0, -1.0, [-0.07189856827359987, -0.01335643664511489]
[-0.07189856827359987, -0.01335643664511489], 0, -1.0, [-0.08869707424609888, -0.016798505972499003]
[-0.08869707424609888, -0.016798505972499003], 0, -1.0, [-0.10890759553107075, -0.020210521284971878]
[-0.10890759553107075, -0.020210521284971878], 0, -1.0, [-0.13248586486474573, -0.023578269333674986]
[-0.13248586486474573, -0.023578269333674986], 0, -1.0, [-0.15936925438704028, -0.02688338952229456]
[-0.15936925438704028, -0.02688338952229456], 0, -1.0, [-0.18947231173397563, -0.030103057346935348]
[-0.18947231173397563, -0.030103057346935348], 0, -1.0, [-0.22268225456182195, -0.0332099428278463]
[-0.22268225456182195, -0.0332099428278463], 0, -1.0, [-0.2588547801454162, -0.03617252558359423]
[-0.2588547801454162, -0.03617252558359423], 0, -1.0, [-0.2978106196445113, -0.0389558394990951]
[-0.2978106196445113, -0.0389558394990951], 0, -1.0, [-0.3393333129553421, -0.04152269331083079]
[-0.3393333129553421, -0.04152269331083079], 0, -1.0, [-0.3831686791948141, -0.043835366239472054]
[-0.3831686791948141, -0.043835366239472054], 0, -1.0, [-0.42902639108956453, -0.045857711894750436]
[-0.42902639108956453, -0.045857711894750436], 0, -1.0, [-0.4765839182886053, -0.04755752719904076]
[-0.4765839182886053, -0.04755752719904076], 0, -1.0, [-0.5254928889630451, -0.04890897067443985]
[-0.5254928889630451, -0.04890897067443985], 0, -1.0, [-0.5753876538636981, -0.04989476490065289]
[-0.5753876538636981, -0.04989476490065289], 0, -1.0, [-0.6258955629435677, -0.05050790907986968]
[-0.6258955629435677, -0.05050790907986968], 0, -1.0, [-0.6766482326392912, -0.0507526696957234]
[-0.6766482326392912, -0.0507526696957234], 0, -1.0, [-0.7272929402303044, -0.0506447075910133]
[-0.7272929402303044, -0.0506447075910133], 0, -1.0, [-0.7775032618506618, -0.050210321620357344]
[-0.7775032618506618, -0.050210321620357344], 0, -1.0, [-0.8269881774465271, -0.04948491559586535]
[-0.8269881774465271, -0.04948491559586535], 0, -1.0, [-0.8754990756324954, -0.04851089818596835]
[-0.8754990756324954, -0.04851089818596835], 0, -1.0, [-0.9228343595250535, -0.047335283892558117]
[-0.9228343595250535, -0.047335283892558117], 0, -1.0, [-0.9688416292685357, -0.046007269743482154]
[-0.9688416292685357, -0.046007269743482154], 0, -1.0, [-1.0134176526112375, -0.044576023342701755]
[-1.0134176526112375, -0.044576023342701755], 0, -1.0, [-1.0565065021389282, -0.04308884952769067]
[-1.0565065021389282, -0.04308884952769067], 0, -1.0, [-1.0980963264896462, -0.04158982435071811]
[-1.0980963264896462, -0.04158982435071811], 0, -1.0, [-1.1382152394647291, -0.040118912975083076]
[-1.1382152394647291, -0.040118912975083076], 0, -1.0, [-1.1769267722960122, -0.03871153283128304]
[-1.1769267722960122, -0.03871153283128304], 0, -1.0, [-1.2, 0.0]
[-1.2, 0.0], 2, -1.0, [-1.1967581039591646, 0.003241896040835368]
[-1.1967581039591646, 0.003241896040835368], 2, -1.0, [-1.1902636585360942, 0.006494445423070332]
[-1.1902636585360942, 0.006494445423070332], 2, -1.0, [-1.1804959639787937, 0.009767694557300442]
[-1.1804959639787937, 0.009767694557300442], 2, -1.0, [-1.1674255149588486, 0.013070449019945182]
[-1.1674255149588486, 0.013070449019945182], 2, -1.0, [-1.1510159267200155, 0.016409588238833067]
[-1.1510159267200155, 0.016409588238833067], 2, -1.0, [-1.1312266168239755, 0.019789309896040046]
[-1.1312266168239755, 0.019789309896040046], 2, -1.0, [-1.108016322100852, 0.02321029472312345]
[-1.108016322100852, 0.02321029472312345], 2, -1.0, [-1.081347524946184, 0.02666879715466819]
[-1.081347524946184, 0.02666879715466819], 2, -1.0, [-1.0511918363028878, 0.03015568864329602]
[-1.0511918363028878, 0.03015568864329602], 2, -1.0, [-1.0175363271434712, 0.0336555091594167]
[-1.0175363271434712, 0.0336555091594167], 2, -1.0, [-0.9803907090723114, 0.03714561807115983]
[-0.9803907090723114, 0.03714561807115983], 2, -1.0, [-0.9397951336374217, 0.04059557543488971]
[-0.9397951336374217, 0.04059557543488971], 2, -1.0, [-0.8958282112564235, 0.043966922380998245]
[-0.8958282112564235, 0.043966922380998245], 2, -1.0, [-0.8486146572192776, 0.04721355403714586]
[-0.8486146572192776, 0.04721355403714586], 2, -1.0, [-0.7983317816221248, 0.05028287559715283]
[-0.7983317816221248, 0.05028287559715283], 2, -1.0, [-0.7452138959379592, 0.0531178856841656]
[-0.7452138959379592, 0.0531178856841656], 2, -1.0, [-0.6895536666604415, 0.0556602292775177]
[-0.6895536666604415, 0.0556602292775177], 2, -1.0, [-0.6316995610792892, 0.057854105581152386]
[-0.6316995610792892, 0.057854105581152386], 2, -1.0, [-0.5720488365336812, 0.05965072454560789]
[-0.5720488365336812, 0.05965072454560789], 2, -1.0, [-0.5110360146660762, 0.061012821867605024]
[-0.5110360146660762, 0.061012821867605024], 2, -1.0, [-0.44911739120176025, 0.061918623464315904]
[-0.44911739120176025, 0.061918623464315904], 2, -1.0, [-0.38675274139346727, 0.06236464980829299]
[-0.38675274139346727, 0.06236464980829299], 2, -1.0, [-0.3243858485235833, 0.06236689286988392]
[-0.3243858485235833, 0.06236689286988392], 2, -1.0, [-0.2624256859117381, 0.061960162611845254]
[-0.2624256859117381, 0.061960162611845254], 2, -1.0, [-0.20122996568717166, 0.061195720224566416]
[-0.20122996568717166, 0.061195720224566416], 2, -1.0, [-0.14109236178367496, 0.06013760390349669]
[-0.14109236178367496, 0.06013760390349669], 2, -1.0, [-0.08223412731502394, 0.05885823446865101]
[-0.08223412731502394, 0.05885823446865101], 2, -1.0, [-0.024800200336085113, 0.05743392697893883]
[-0.024800200336085113, 0.05743392697893883], 2, -1.0, [0.03114064276343887, 0.05594084309952398]
[0.03114064276343887, 0.05594084309952398], 2, -1.0, [0.08559238750154527, 0.0544517447381064]
[0.08559238750154527, 0.0544517447381064], 2, -1.0, [0.13862609852276647, 0.05303371102122119]
[0.13862609852276647, 0.05303371102122119], 2, -1.0, [0.19037290492486428, 0.0517468064020978]
[0.19037290492486428, 0.0517468064020978], 2, -1.0, [0.24101646944167865, 0.050643564516814364]
[0.24101646944167865, 0.050643564516814364], 2, -1.0, [0.29078555519931315, 0.04976908575763451]
[0.29078555519931315, 0.04976908575763451], 2, -1.0, [0.33994708223056147, 0.04916152703124832]
[0.33994708223056147, 0.04916152703124832], 2, -1.0, [0.388799856212751, 0.04885277398218953]
[0.388799856212751, 0.04885277398218953], 2, -1.0, [0.4376689695757199, 0.0488691133629689]
[0.4376689695757199, 0.0488691133629689], 2, -1.0, [0.4869007238355066, 0.04923175425978669]
[0.4869007238355066, 0.04923175425978669], 2, -1.0, [0.5368577983788596, 0.04995707454335301]
