[-0.4299066614342717, 0.0], 0, -1.0, [-0.4316001362169944, -0.0016934747827226718]
[-0.4316001362169944, -0.0016934747827226718], 0, -1.0, [-0.4349748742468342, -0.0033747380298397673]
[-0.4349748742468342, -0.0033747380298397673], 0, -1.0, [-0.44000648838562556, -0.005031614138791369]
[-0.44000648838562556, -0.005031614138791369], 0, -1.0, [-0.4466584940129518, -0.006652005627326284]
[-0.4466584940129518, -0.006652005627326284], 0, -1.0, [-0.4548824413292678, -0.008223947316315958]
[-0.4548824413292678, -0.008223947316315958], 0, -1.0, [-0.4646181185683371, -0.009735677239069342]
[-0.4646181185683371, -0.009735677239069342], 0, -1.0, [-0.47579384610380376, -0.011175727535466647]
[-0.47579384610380376, -0.011175727535466647], 0, -1.0, [-0.48832688282092707, -0.012533036717123318]
[-0.48832688282092707, -0.012533036717123318], 0, -1.0, [-0.5021239653378206, -0.01379708251689352]
[-0.5021239653378206, -0.01379708251689352], 0, -1.0, [-0.5170819975405913, -0.01495803220277065]
[-0.5170819975405913, -0.01495803220277065], 0, -1.0, [-0.5330889024653367, -0.01600690492474544]
[-0.5330889024653367, -0.01600690492474544], 0, -1.0, [-0.5500246410536167, -0.016935738588280014]
[-0.5500246410536167, -0.016935738588280014], 0, -1.0, [-0.5677623931918859, -0.017737752138269194]
[-0.5677623931918859, -0.017737752138269194], 0, -1.0, [-0.5861698863986087, -0.01840749320672277]
[-0.5861698863986087, -0.01840749320672277], 0, -1.0, [-0.6051108473905571, -0.018940960991948422]
[-0.6051108473905571, -0.018940960991948422], 0, -1.0, [-0.6244465424726443, -0.019335695082087188]
[-0.6244465424726443, -0.019335695082087188], 0, -1.0, [-0.6440373651643259, -0.019590822691681515]
[-0.6440373651643259, -0.019590822691681515], 0, -1.0, [-0.663744424476687, -0.019707059312361153]
[-0.663744424476687, -0.019707059312361153], 0, -1.0, [-0.683431085325894, -0.019686660849207012]
[-0.683431085325894, -0.019686660849207012], 0, -1.0, [-0.702964413935436, -0.019533328609541902]
[-0.702964413935436, -0.019533328609541902], 0, -1.0, [-0.7222164856222502, -0.019252071686814184]
[-0.7222164856222502, -0.019252071686814184], 0, -1.0, [-0.7410655196370054, -0.018849034014755257]
[-0.7410655196370054, -0.018849034014755257], 0, -1.0, [-0.7593968150354392, -0.01833129539843384]
[-0.7593968150354392, -0.01833129539843384], 0, -1.0, [-0.7771034720369833, -0.01770665700154405]
[-0.7771034720369833, -0.01770665700154405], 2, -1.0, [-0.7920868940772614, -0.014983422040278107]
[-0.7920868940772614, -0.014983422040278107], 2, -1.0, [-0.8042674350794321, -0.012180541002170657]
[-0.8042674350794321, -0.012180541002170657], 2, -1.0, [-0.8135830247393261, -0.009315589659894022]
[-0.8135830247393261, -0.009315589659894022], 2, -1.0, [-0.8199878682330797, -0.006404843493753535]
[-0.8199878682330797, -0.006404843493753535], 2, -1.0, [-0.8234513433446714, -0.0034634751115917807]
[-0.8234513433446714, -0.0034634751115917807], 2, -1.0, [-0.8239571887139101, -0.0005058453692387077]
[-0.8239571887139101, -0.0005058453692387077], 2, -1.0, [-0.8215030469927054, 0.0024541417212046793]
[-0.8215030469927054, 0.0024541417212046793], 2, -1.0, [-0.8161003970812494, 0.005402649911455989]
[-0.8161003970812494, 0.005402649911455989], 2, -1.0, [-0.8077748804125849, 0.008325516668664448]
[-0.8077748804125849, 0.008325516668664448], 2, -1.0, [-0.7965669971262931, 0.011207883286291834]
[-0.7965669971262931, 0.011207883286291834], 2, -1.0, [-0.7825331185144342, 0.014033878611858886]
[-0.7825331185144342, 0.014033878611858886], 2, -1.0, [-0.7657467322551905, 0.0167863862592437]
[-0.7657467322551905, 0.0167863862592437], 2, -1.0, [-0.746299807278729, 0.01944692497646149]
[-0.746299807278729, 0.01944692497646149], 2, -1.0, [-0.7243041372135354, 0.0219956700651937]
[-0.7243041372135354, 0.0219956700651937], 2, -1.0, [-0.6998924979280988, 0.024411639285436576]
[-0.6998924979280988, 0.024411639285436576], 2, -1.0, [-0.6732194394227525, 0.026673058505346323]
[-0.6732194394227525, 0.026673058505346323], 2, -1.0, [-0.6444615295769107, 0.028757909845841825]
[-0.6444615295769107, 0.028757909845841825], 2, -1.0, [-0.6138168812392298, 0.030644648337680883]
[-0.6138168812392298, 0.030644648337680883], 2, -1.0, [-0.5815038279236663, 0.03231305331556357]
[-0.5815038279236663, 0.03231305331556357], 2, -1.0, [-0.5477586676700852, 0.03374516025358114]
[-0.5477586676700852, 0.03374516025358114], 2, -1.0, [-0.5128324668333551, 0.03492620083673001]
[-0.5128324668333551, 0.03492620083673001], 2, -1.0, [-0.47698699927355015, 0.03584546755980503]
[-0.47698699927355015, 0.03584546755980503], 2, -1.0, [-0.4404899818459181, 0.03649701742763204]
[-0.4404899818459181, 0.03649701742763204], 2, -1.0, [-0.4036098424822989, 0.03688013936361917]
[-0.4036098424822989, 0.03688013936361917], 2, -1.0, [-0.36661031102042024, 0.03699953146187869]
[-0.36661031102042024, 0.03699953146187869], 2, -1.0, [-0.3297451465301473, 0.03686516449027295]
[-0.3297451465301473, 0.03686516449027295], 2, -1.0, [-0.29325330427116153, 0.03649184225898577]
[-0.29325330427116153, 0.03649184225898577], 2, -1.0, [-0.25735480243808195, 0.03589850183307955]
[-0.25735480243808195, 0.03589850183307955], 2, -1.0, [-0.22224748069041775, 0.0351073217476642]
[-0.22224748069041775, 0.0351073217476642], 2, -1.0, [-0.1881047599460004, 0.03414272074441736]
[-0.1881047599460004, 0.03414272074441736], 2, -1.0, [-0.15507442806969995, 0.03303033187630043]
[-0.15507442806969995, 0.03303033187630043], 2, -1.0, [-0.12327839973738922, 0.03179602833231074]
[-0.12327839973738922, 0.03179602833231074], 2, -1.0, [-0.09281333872371139, 0.030465061013677824]
[-0.09281333872371139, 0.030465061013677824], 2, -1.0, [-0.06375199115776085, 0.029061347565950534]
[-0.06375199115776085, 0.029061347565950534], 2, -1.0, [-0.03614505923900195, 0.027606931918758904]
[-0.03614505923900195, 0.027606931918758904], 2, -1.0, [-0.010023443981451913, 0.026121615257550038]
[-0.010023443981451913, 0.026121615257550038], 2, -1.0, [0.014599301472010724, 0.024622745453462637]
[0.014599301472010724, 0.024622745453462637], 2, -1.0, [0.037724444362734026, 0.023125142890723302]
[0.037724444362734026, 0.023125142890723302], 2, -1.0, [0.05936558042635511, 0.021641136063621086]
[0.05936558042635511, 0.021641136063621086], 2, -1.0, [0.07954625986436309, 0.02018067943800797]
[0.07954625986436309, 0.02018067943800797], 2, -1.0, [0.09829778770109143, 0.018751527836728347]
[0.09829778770109143, 0.018751527836728347], 2, -1.0, [0.11565723268662922, 0.01735944498553779]
[0.11565723268662922, 0.01735944498553779], 2, -1.0, [0.1316656606670483, 0.01600842798041907]
[0.1316656606670483, 0.01600842798041907], 0, -1.0, [0.1443665943331934, 0.012700933666145104]
[0.1443665943331934, 0.012700933666145104], 0, -1.0, [0.1537983550599575, 0.0094317607267641]
[0.1537983550599575, 0.0094317607267641], 0, -1.0, [0.15999153506364885, 0.006193180003691338]
[0.15999153506364885, 0.006193180003691338], 0, -1.0, [0.16296719844412205, 0.0029756633804731863]
[0.16296719844412205, 0.0029756633804731863], 0, -1.0, [0.16273573866480928, -0.0002314597793127587]
[0.16273573866480928, -0.0002314597793127587], 0, -1.0, [0.1592963409585423, -0.003439397706266977]
[0.1592963409585423, -0.003439397706266977], 0, -1.0, [0.1526370238747556, -0.0066593170837866995]
[0.1526370238747556, -0.0066593170837866995], 0, -1.0, [0.14273526199688719, -0.009901761877868422]
[0.14273526199688719, -0.009901761877868422], 0, -1.0, [0.12955921951493193, -0.013176042481955244]
[0.12955921951493193, -0.013176042481955244], 0, -1.0, [0.11306964955804899, -0.01648956995688294]
[0.11306964955804899, -0.01648956995688294], 0, -1.0, [0.09322253416132324, -0.01984711539672575]
[0.09322253416132324, -0.01984711539672575], 0, -1.0, [0.06997255065172847, -0.023249983509594764]
[0.06997255065172847, -0.023249983509594764], 0, -1.0, [0.04327744694795073, -0.026695103703777742]
[0.04327744694795073, -0.026695103703777742], 0, -1.0, [0.013103384208849374, -0.030174062739101355]
[0.013103384208849374, -0.030174062739101355], 0, -1.0, [-0.020568747168855945, -0.03367213137770532]
[-0.020568747168855945, -0.03367213137770532], 0, -1.0, [-0.05773612048130565, -0.0371673733124497]
[-0.05773612048130565, -0.0371673733124497], 0, -1.0, [-0.0983660860365554, -0.04062996555524975]
[-0.0983660860365554, -0.04062996555524975], 0, -1.0, [-0.14238798551719062, -0.044021899480635215]
[-0.14238798551719062, -0.044021899480635215], 0, -1.0, [-0.18968524588865096, -0.04729726037146035]
[-0.18968524588865096, -0.04729726037146035], 0, -1.0, [-0.24008853164504076, -0.05040328575638981]
[-0.24008853164504076, -0.05040328575638981], 0, -1.0, [-0.29337089383492393, -0.053282362189883165]
[-0.29337089383492393, -0.053282362189883165], 0, -1.0, [-0.3492459167551499, -0.05587502292022594]
[-0.3492459167551499, -0.05587502292022594], 0, -1.0, [-0.4073697699277565, -0.05812385317260661]
[-0.4073697699277565, -0.05812385317260661], 0, -1.0, [-0.46734778342999617, -0.05997801350223967]
[-0.46734778342999617, -0.05997801350223967], 0, -1.0, [-0.5287456798584353, -0.06139789642843922]
[-0.5287456798584353, -0.06139789642843922], 2, -1.0, [-0.5891049760387832, -0.06035929618034782]
[-0.5891049760387832, -0.06035929618034782], 0, -1.0, [-0.6499761318910063, -0.060871155852223115]
[-0.6499761318910063, -0.060871155852223115], 0, -1.0, [-0.7109220019610616, -0.0609458700700552]
[-0.7109220019610616, -0.0609458700700552], 0, -1.0, [-0.7715357370633361, -0.06061373510227448]
[-0.7715357370633361, -0.06061373510227448], 0, -1.0, [-0.8314567290985071, -0.059920992035171]
[-0.8314567290985071, -0.059920992035171], 0, -1.0, [-0.8903833170055314, -0.05892658790702435]
[-0.8903833170055314, -0.05892658790702435], 0, -1.0, [-0.9480814856452789, -0.057698168639747555]
[-0.9480814856452789, -0.057698168639747555], 0, -1.0, [-1.0043893623083022, -0.05630787666302321]
[-1.0043893623083022, -0.05630787666302321], 0, -1.0, [-1.0592178267386836, -0.0548284644303813]
[-1.0592178267386836, -0.0548284644303813], 0, -1.0, [-1.1125479164719483, -0.053330089733264675]
[-1.1125479164719483, -0.053330089733264675], 0, -1.0, [-1.1644258975540653, -0.05187798108211699]
[-1.1644258975540653, -0.05187798108211699], 0, -1.0, [-1.2, 0.0]
[-1.2, 0.0], 2, -1.0, [-1.1967581039591646, 0.003241896040835368]
[-1.1967581039591646, 0.003241896040835368], 2, -1.0, [-1.1902636585360942, 0.006494445423070332]
[-1.1902636585360942, 0.006494445423070332], 2, -1.0, [-1.1804959639787937, 0.009767694557300442]
[-1.1804959639787937, 0.009767694557300442], 2, -1.0, [-1.1674255149588486, 0.013070449019945182]
[-1.1674255149588486, 0.013070449019945182], 2, -1.0, [-1.1510159267200155, 0.016409588238833067]
[-1.1510159267200155, 0.016409588238833067], 2, -1.0, [-1.1312266168239755, 0.019789309896040046]
[-1.1312266168239755, 0.019789309896040046], 2, -1.0, [-1.108016322100852, 0.02321029472312345]
[-1.108016322100852, 0.02321029472312345], 2, -1.0, [-1.081347524946184, 0.02666879715466819]
[-1.081347524946184, 0.02666879715466819], 2, -1.0, [-1.0511918363028878, 0.03015568864329602]
[-1.0511918363028878, 0.03015568864329602], 2, -1.0, [-1.0175363271434712, 0.0336555091594167]
[-1.0175363271434712, 0.0336555091594167], 2, -1.0, [-0.9803907090723114, 0.03714561807115983]
[-0.9803907090723114, 0.03714561807115983], 2, -1.0, [-0.9397951336374217, 0.04059557543488971]
[-0.9397951336374217, 0.04059557543488971], 2, -1.0, [-0.8958282112564235, 0.043966922380998245]
[-0.8958282112564235, 0.043966922380998245], 2, -1.0, [-0.8486146572192776, 0.04721355403714586]
[-0.8486146572192776, 0.04721355403714586], 2, -1.0, [-0.7983317816221248, 0.05028287559715283]
[-0.7983317816221248, 0.05028287559715283], 2, -1.0, [-0.7452138959379592, 0.0531178856841656]
[-0.7452138959379592, 0.0531178856841656], 2, -1.0, [-0.6895536666604415, 0.0556602292775177]
[-0.6895536666604415, 0.0556602292775177], 2, -1.0, [-0.6316995610792892, 0.057854105581152386]
[-0.6316995610792892, 0.057854105581152386], 2, -1.0, [-0.5720488365336812, 0.05965072454560789]
[-0.5720488365336812, 0.05965072454560789], 2, -1.0, [-0.5110360146660762, 0.061012821867605024]
[-0.5110360146660762, 0.061012821867605024], 2, -1.0, [-0.44911739120176025, 0.061918623464315904]
[-0.44911739120176025, 0.061918623464315904], 2, -1.0, [-0.38675274139346727, 0.06236464980829299]
[-0.38675274139346727, 0.06236464980829299], 0, -1.0, [-0.3263858485235833, 0.06036689286988392]
[-0.3263858485235833, 0.06036689286988392], 2, -1.0, [-0.26641326066670956, 0.05997258785687377]
[-0.26641326066670956, 0.05997258785687377], 2, -1.0, [-0.2071838024472931, 0.05922945821941646]
[-0.2071838024472931, 0.05922945821941646], 2, -1.0, [-0.14898678436628338, 0.05819701808100971]
[-0.14898678436628338, 0.05819701808100971], 2, -1.0, [-0.09204417899061942, 0.05694260537566395]
[-0.09204417899061942, 0.05694260537566395], 2, -1.0, [-0.036506866223770036, 0.05553731276684939]
[-0.036506866223770036, 0.05553731276684939], 2, -1.0, [0.017545425014080178, 0.054052291237850214]
[0.017545425014080178, 0.054052291237850214], 0, -1.0, [0.06810117867422344, 0.05055575366014327]
[0.06810117867422344, 0.05055575366014327], 0, -1.0, [0.11520892602374366, 0.047107747349520224]
[0.11520892602374366, 0.047107747349520224], 0, -1.0, [0.15896451513949328, 0.04375558911574963]
[0.15896451513949328, 0.04375558911574963], 0, -1.0, [0.19949904141340807, 0.040534526273914795]
[0.19949904141340807, 0.040534526273914795], 0, -1.0, [0.23696810951229677, 0.037469068098888704]
[0.23696810951229677, 0.037469068098888704], 0, -1.0, [0.2715427473759544, 0.03457463786365763]
[0.2715427473759544, 0.03457463786365763], 0, -1.0, [0.3034020380301728, 0.0318592906542184]
[0.3034020380301728, 0.0318592906542184], 0, -1.0, [0.33272737116287165, 0.029325333132698875]
[0.33272737116287165, 0.029325333132698875], 0, -1.0, [0.35969812651805233, 0.026970755355180703]
[0.35969812651805233, 0.026970755355180703], 0, -1.0, [0.3844885646487149, 0.02479043813066255]
[0.3844885646487149, 0.02479043813066255], 0, -1.0, [0.40726569869543056, 0.022777134046715677]
[0.40726569869543056, 0.022777134046715677], 2, -1.0, [0.43018793889080775, 0.02292224019537717]
[0.43018793889080775, 0.02292224019537717], 2, -1.0, [0.4534187313456606, 0.02323079245485282]
[0.4534187313456606, 0.02323079245485282], 0, -1.0, [0.4751270534606451, 0.02170832211498454]
[0.4751270534606451, 0.02170832211498454], 2, -1.0, [0.49747311750847045, 0.02234606404782533]
[0.49747311750847045, 0.02234606404782533], 0, -1.0, [0.5186234396697813, 0.02115032216131086]
