[-0.5090729053058358, 0.0], 2, -1.0, [-0.5081818148553702, 0.0008910904504656447]
[-0.5081818148553702, 0.0008910904504656447], 2, -1.0, [-0.5064063103910096, 0.0017755044643606136]
[-0.5064063103910096, 0.0017755044643606136], 2, -1.0, [-0.5037596922534663, 0.0026466181375432466]
[-0.5037596922534663, 0.0026466181375432466], 2, -1.0, [-0.5002617794115098, 0.0034979128419564674]
[-0.5002617794115098, 0.0034979128419564674], 2, -1.0, [-0.49593875109201013, 0.004323028319499729]
[-0.49593875109201013, 0.004323028319499729], 2, -1.0, [-0.4908229349652264, 0.005115816126783729]
[-0.4908229349652264, 0.005115816126783729], 2, -1.0, [-0.48495254172624236, 0.005870393238984011]
[-0.48495254172624236, 0.005870393238984011], 2, -1.0, [-0.4783713463347361, 0.006581195391506229]
[-0.4783713463347361, 0.006581195391506229], 0, -1.0, [-0.47312831684199974, 0.005243029492736382]
[-0.47312831684199974, 0.005243029492736382], 0, -1.0, [-0.4692623711272783, 0.0038659457147214417]
[-0.4692623711272783, 0.0038659457147214417], 0, -1.0, [-0.46680214605848636, 0.0024602250687919365]
[-0.46680214605848636, 0.0024602250687919365], 0, -1.0, [-0.4657658375009004, 0.0010363085575859367]
[-0.4657658375009004, 0.0010363085575859367], 0, -1.0, [-0.46616110315471726, -0.00039526565381685537]
[-0.46616110315471726, -0.00039526565381685537], 0, -1.0, [-0.46798502273131987, -0.0018239195766026214]
[-0.46798502273131987, -0.0018239195766026214], 0, -1.0, [-0.47122411306496836, -0.003239090333648509]
[-0.47122411306496836, -0.003239090333648509], 0, -1.0, [-0.47585439908292726, -0.004630286017958916]
[-0.47585439908292726, -0.004630286017958916], 0, -1.0, [-0.481841544791713, -0.005987145708785744]
[-0.481841544791713, -0.005987145708785744], 0, -1.0, [-0.4891410512539124, -0.007299506462199383]
[-0.4891410512539124, -0.007299506462199383], 0, -1.0, [-0.4976985306249458, -0.008557479371033383]
[-0.4976985306249458, -0.008557479371033383], 0, -1.0, [-0.5074500664294653, -0.00975153580451949]
[-0.5074500664294653, -0.00975153580451949], 0, -1.0, [-0.5183226701814845, -0.010872603752019165]
[-0.5183226701814845, -0.010872603752019165], 0, -1.0, [-0.5302348430718352, -0.011912172890350707]
[-0.5302348430718352, -0.011912172890350707], 0, -1.0, [-0.5430972487437141, -0.012862405671878924]
[-0.5430972487437141, -0.012862405671878924], 0, -1.0, [-0.556813499250486, -0.013716250506771801]
[-0.556813499250486, -0.013716250506771801], 0, -1.0, [-0.5712810513598733, -0.014467552109387346]
[-0.5712810513598733, -0.014467552109387346], 0, -1.0, [-0.5863922047707817, -0.015111153410908405]
[-0.5863922047707817, -0.015111153410908405], 0, -1.0, [-0.6020351879731356, -0.015642983202353907]
[-0.6020351879731356, -0.015642983202353907], 0, -1.0, [-0.6180953118957071, -0.01606012392257147]
[-0.6180953118957071, -0.01606012392257147], 0, -1.0, [-0.6344561666514781, -0.016360854755770978]
[-0.6344561666514781, -0.016360854755770978], 0, -1.0, [-0.6510008330610251, -0.016544666409547038]
[-0.6510008330610251, -0.016544666409547038], 0, -1.0, [-0.66761307857218, -0.016612245511154963]
[-0.66761307857218, -0.016612245511154963], 0, -1.0, [-0.6841785069196424, -0.016565428347462406]
[-0.6841785069196424, -0.016565428347462406], 0, -1.0, [-0.70058563243564, -0.016407125515997507]
[-0.70058563243564, -0.016407125515997507], 0, -1.0, [-0.716726853214437, -0.016141220778797028]
[-0.716726853214437, -0.016141220778797028], 0, -1.0, [-0.7324993020764735, -0.015772448862036565]
[-0.7324993020764735, -0.015772448862036565], 0, -1.0, [-0.7478055600800007, -0.015306258003527116]
[-0.7478055600800007, -0.015306258003527116], 2, -1.0, [-0.760554223727111, -0.012748663647110352]
[-0.760554223727111, -0.012748663647110352], 2, -1.0, [-0.770671661052032, -0.010117437324920969]
[-0.770671661052032, -0.010117437324920969], 2, -1.0, [-0.7781011300016736, -0.0074294689496416134]
[-0.7781011300016736, -0.0074294689496416134], 2, -1.0, [-0.7828019508290188, -0.004700820827345275]
[-0.7828019508290188, -0.004700820827345275], 2, -1.0, [-0.7847488266791799, -0.0019468758501610941]
[-0.7847488266791799, -0.0019468758501610941], 2, -1.0, [-0.7839313825562825, 0.0008174441228974419]
[-0.7839313825562825, 0.0008174441228974419], 2, -1.0, [-0.7803539673500308, 0.003577415206251653]
[-0.7803539673500308, 0.003577415206251653], 2, -1.0, [-0.7740357374603164, 0.006318229889714455]
[-0.7740357374603164, 0.006318229889714455], 2, -1.0, [-0.765011014234429, 0.00902472322588747]
[-0.765011014234429, 0.00902472322588747], 2, -1.0, [-0.7533298811789284, 0.011681133055500597]
[-0.7533298811789284, 0.011681133055500597], 2, -1.0, [-0.7390589610635983, 0.014270920115330207]
[-0.7390589610635983, 0.014270920115330207], 2, -1.0, [-0.7222822882794304, 0.016776672784167817]
[-0.7222822882794304, 0.016776672784167817], 2, -1.0, [-0.7031021693788997, 0.019180118900530736]
[-0.7031021693788997, 0.019180118900530736], 2, -1.0, [-0.6816399065004906, 0.02146226287840919]
[-0.6816399065004906, 0.02146226287840919], 2, -1.0, [-0.6580362468443954, 0.023603659656095153]
[-0.6580362468443954, 0.023603659656095153], 2, -1.0, [-0.6324514193496598, 0.02558482749473572]
[-0.6324514193496598, 0.02558482749473572], 2, -1.0, [-0.6050646299238256, 0.027386789425834113]
[-0.6050646299238256, 0.027386789425834113], 2, -1.0, [-0.5760729109125764, 0.028991719011249195]
[-0.5760729109125764, 0.028991719011249195], 2, -1.0, [-0.5456892593788291, 0.030383651533747336]
[-0.5456892593788291, 0.030383651533747336], 2, -1.0, [-0.5141400504642393, 0.03154920891458978]
[-0.5141400504642393, 0.03154920891458978], 2, -1.0, [-0.4816617724682447, 0.03247827799599457]
[-0.4816617724682447, 0.03247827799599457], 2, -1.0, [-0.44849719290705137, 0.033164579561193334]
[-0.44849719290705137, 0.033164579561193334], 2, -1.0, [-0.41489112189184174, 0.033606071015209654]
[-0.41489112189184174, 0.033606071015209654], 2, -1.0, [-0.38108598277468964, 0.03380513911715209]
[-0.38108598277468964, 0.03380513911715209], 2, -1.0, [-0.3473174236875371, 0.03376855908715256]
[-0.3473174236875371, 0.03376855908715256], 2, -1.0, [-0.3138102037173622, 0.03350721997017491]
[-0.3138102037173622, 0.03350721997017491], 2, -1.0, [-0.2807745640478287, 0.0330356396695335]
[-0.2807745640478287, 0.0330356396695335], 2, -1.0, [-0.24840325113837985, 0.03237131290944885]
[-0.24840325113837985, 0.03237131290944885], 2, -1.0, [-0.21686930242720381, 0.031533948711176034]
[-0.21686930242720381, 0.031533948711176034], 2, -1.0, [-0.18632464310165792, 0.030544659325545898]
[-0.18632464310165792, 0.030544659325545898], 2, -1.0, [-0.15689948302487475, 0.029425160076783172]
[-0.15689948302487475, 0.029425160076783172], 2, -1.0, [-0.12870245232995844, 0.0281970306949163]
[-0.12870245232995844, 0.0281970306949163], 2, -1.0, [-0.1018213766012537, 0.02688107572870474]
[-0.1018213766012537, 0.02688107572870474], 2, -1.0, [-0.07632456955960666, 0.025496807041647043]
[-0.07632456955960666, 0.025496807041647043], 1, -1.0, [-0.053262512151833336, 0.023062057407773326]
[-0.053262512151833336, 0.023062057407773326], 1, -1.0, [-0.032668607520070406, 0.020593904631762926]
[-0.032668607520070406, 0.020593904631762926], 0, -1.0, [-0.015562706068946705, 0.0171059014511237]
[-0.015562706068946705, 0.0171059014511237], 0, -1.0, [-0.0019540803872518525, 0.013608625681694853]
[-0.0019540803872518525, 0.013608625681694853], 0, -1.0, [0.008154588251659276, 0.010108668638911128]
[0.008154588251659276, 0.010108668638911128], 0, -1.0, [0.014764004947993917, 0.006609416696334641]
[0.014764004947993917, 0.006609416696334641], 0, -1.0, [0.01787587347168356, 0.0031118685236896457]
[0.01787587347168356, 0.0031118685236896457], 0, -1.0, [0.017491336035990283, -0.00038453743569327606]
[0.017491336035990283, -0.00038453743569327606], 0, -1.0, [0.013610239712498888, -0.003881096323491396]
[0.013610239712498888, -0.003881096323491396], 0, -1.0, [0.006231227034036311, -0.007379012678462577]
[0.006231227034036311, -0.007379012678462577], 0, -1.0, [-0.004647348840005297, -0.010878575874041608]
[-0.004647348840005297, -0.010878575874041608], 0, -1.0, [-0.01902568174215624, -0.014378332902150941]
[-0.01902568174215624, -0.014378332902150941], 0, -1.0, [-0.036899943513363, -0.017874261771206764]
[-0.036899943513363, -0.017874261771206764], 0, -1.0, [-0.05825890285545492, -0.021358959342091914]
[-0.05825890285545492, -0.021358959342091914], 0, -1.0, [-0.08307977567557556, -0.02482087282012064]
[-0.08307977567557556, -0.02482087282012064], 0, -1.0, [-0.11132339933289648, -0.028243623657320912]
[-0.11132339933289648, -0.028243623657320912], 0, -1.0, [-0.1429288939300976, -0.03160549459720113]
[-0.1429288939300976, -0.03160549459720113], 0, -1.0, [-0.17780806572085783, -0.03487917179076023]
[-0.17780806572085783, -0.03487917179076023], 0, -1.0, [-0.2158399149361407, -0.03803184921528286]
[-0.2158399149361407, -0.03803184921528286], 2, -1.0, [-0.2548657200642118, -0.03902580512807113]
[-0.2548657200642118, -0.03902580512807113], 0, -1.0, [-0.296695678393201, -0.041829958328989184]
[-0.296695678393201, -0.041829958328989184], 0, -1.0, [-0.341098997701217, -0.04440331930801602]
[-0.341098997701217, -0.04440331930801602], 0, -1.0, [-0.3878037013030713, -0.04670470360185431]
[-0.3878037013030713, -0.04670470360185431], 0, -1.0, [-0.43649892965872916, -0.0486952283556579]
[-0.43649892965872916, -0.0486952283556579], 0, -1.0, [-0.48683999850134774, -0.050341068842618596]
[-0.48683999850134774, -0.050341068842618596], 0, -1.0, [-0.5384561997385013, -0.051616201237153596]
[-0.5384561997385013, -0.051616201237153596], 0, -1.0, [-0.5909610071872615, -0.05250480744876013]
[-0.5909610071872615, -0.05250480744876013], 0, -1.0, [-0.6439640296445771, -0.053003022457315634]
[-0.6439640296445771, -0.053003022457315634], 0, -1.0, [-0.6970838032471721, -0.053119773602595045]
[-0.6970838032471721, -0.053119773602595045], 0, -1.0, [-0.7499603893095484, -0.05287658606237638]
[-0.7499603893095484, -0.05287658606237638], 0, -1.0, [-0.8022667724763297, -0.05230638316678121]
[-0.8022667724763297, -0.05230638316678121], 1, -1.0, [-0.8527182306578381, -0.05045145818150839]
[-0.8527182306578381, -0.05045145818150839], 1, -1.0, [-0.9010832547767129, -0.048365024118874785]
[-0.9010832547767129, -0.048365024118874785], 0, -1.0, [-0.9481846382717671, -0.047101383495054196]
[-0.9481846382717671, -0.047101383495054196], 0, -1.0, [-0.9938955032376371, -0.04571086496586999]
[-0.9938955032376371, -0.04571086496586999], 0, -1.0, [-1.0381382626234656, -0.044242759385828515]
[-1.0381382626234656, -0.044242759385828515], 0, -1.0, [-1.0808819452479452, -0.042743682624479605]
[-1.0808819452479452, -0.042743682624479605], 0, -1.0, [-1.1221383816956771, -0.04125643644773193]
[-1.1221383816956771, -0.04125643644773193], 0, -1.0, [-1.1619577339059404, -0.039819352210263156]
[-1.1619577339059404, -0.039819352210263156], 0, -1.0, [-1.2, 0.0]
[-1.2, 0.0], 2, -1.0, [-1.1967581039591646, 0.003241896040835368]
[-1.1967581039591646, 0.003241896040835368], 2, -1.0, [-1.1902636585360942, 0.006494445423070332]
[-1.1902636585360942, 0.006494445423070332], 2, -1.0, [-1.1804959639787937, 0.009767694557300442]
[-1.1804959639787937, 0.009767694557300442], 2, -1.0, [-1.1674255149588486, 0.013070449019945182]
[-1.1674255149588486, 0.013070449019945182], 2, -1.0, [-1.1510159267200155, 0.016409588238833067]
[-1.1510159267200155, 0.016409588238833067], 2, -1.0, [-1.1312266168239755, 0.019789309896040046]
[-1.1312266168239755, 0.019789309896040046], 2, -1.0, [-1.108016322100852, 0.02321029472312345]
[-1.108016322100852, 0.02321029472312345], 2, -1.0, [-1.081347524946184, 0.02666879715466819]
[-1.081347524946184, 0.02666879715466819], 2, -1.0, [-1.0511918363028878, 0.03015568864329602]
[-1.0511918363028878, 0.03015568864329602], 2, -1.0, [-1.0175363271434712, 0.0336555091594167]
[-1.0175363271434712, 0.0336555091594167], 2, -1.0, [-0.9803907090723114, 0.03714561807115983]
[-0.9803907090723114, 0.03714561807115983], 2, -1.0, [-0.9397951336374217, 0.04059557543488971]
[-0.9397951336374217, 0.04059557543488971], 2, -1.0, [-0.8958282112564235, 0.043966922380998245]
[-0.8958282112564235, 0.043966922380998245], 2, -1.0, [-0.8486146572192776, 0.04721355403714586]
[-0.8486146572192776, 0.04721355403714586], 2, -1.0, [-0.7983317816221248, 0.05028287559715283]
[-0.7983317816221248, 0.05028287559715283], 2, -1.0, [-0.7452138959379592, 0.0531178856841656]
[-0.7452138959379592, 0.0531178856841656], 1, -1.0, [-0.6905536666604415, 0.0546602292775177]
[-0.6905536666604415, 0.0546602292775177], 2, -1.0, [-0.6336929769294333, 0.056860689731008246]
[-0.6336929769294333, 0.056860689731008246], 1, -1.0, [-0.5760215112714359, 0.05767146565799742]
[-0.5760215112714359, 0.05767146565799742], 2, -1.0, [-0.516958493826102, 0.059063017445333856]
[-0.516958493826102, 0.059063017445333856], 1, -1.0, [-0.4579452752002126, 0.059013218625889444]
[-0.4579452752002126, 0.059013218625889444], 1, -1.0, [-0.39942128034052593, 0.05852399485968668]
[-0.39942128034052593, 0.05852399485968668], 1, -1.0, [-0.34180722391977214, 0.05761405642075378]
[-0.34180722391977214, 0.05761405642075378], 1, -1.0, [-0.2854900135786642, 0.05631721034110794]
[-0.2854900135786642, 0.05631721034110794], 1, -1.0, [-0.23081057461531365, 0.05467943896335057]
[-0.23081057461531365, 0.05467943896335057], 1, -1.0, [-0.17805537528591747, 0.05275519932939619]
[-0.17805537528591747, 0.05275519932939619], 1, -1.0, [-0.1274519096400031, 0.05060346564591437]
[-0.1274519096400031, 0.05060346564591437], 1, -1.0, [-0.07916791467287879, 0.04828399496712433]
[-0.07916791467287879, 0.04828399496712433], 2, -1.0, [-0.032313740491989845, 0.04685417418088894]
[-0.032313740491989845, 0.04685417418088894], 2, -1.0, [0.013052171492838854, 0.0453659119848287]
[0.013052171492838854, 0.0453659119848287], 2, -1.0, [0.056919999773587464, 0.04386782828074861]
[0.056919999773587464, 0.04386782828074861], 1, -1.0, [0.09832418829479805, 0.0414041885212106]
[0.09832418829479805, 0.0414041885212106], 1, -1.0, [0.13733635151990284, 0.03901216322510478]
[0.13733635151990284, 0.03901216322510478], 1, -1.0, [0.17405771938355627, 0.03672136786365343]
[0.17405771938355627, 0.03672136786365343], 1, -1.0, [0.20861224391666372, 0.034554524533107464]
[0.20861224391666372, 0.034554524533107464], 1, -1.0, [0.24114058528424243, 0.03252834136757871]
[0.24114058528424243, 0.03252834136757871], 2, -1.0, [0.2727950639544174, 0.03165447867017497]
[0.2727950639544174, 0.03165447867017497], 1, -1.0, [0.3027410401807727, 0.029945976226355323]
[0.3027410401807727, 0.029945976226355323], 2, -1.0, [0.3321491473250336, 0.029408107144260908]
[0.3321491473250336, 0.029408107144260908], 2, -1.0, [0.361199033807806, 0.029049886482772427]
[0.361199033807806, 0.029049886482772427], 2, -1.0, [0.3900785382154672, 0.02887950440766116]
[0.3900785382154672, 0.02887950440766116], 2, -1.0, [0.41898320579524273, 0.028904667579775566]
[0.41898320579524273, 0.028904667579775566], 1, -1.0, [0.44711607407273607, 0.028132868277493343]
[0.44711607407273607, 0.028132868277493343], 2, -1.0, [0.47568034203319054, 0.028564267960454442]
[0.47568034203319054, 0.028564267960454442], 1, -1.0, [0.5038864582916794, 0.02820611625848894]
