[-0.5370968449644595, 0.0], 2, -1.0, [-0.5359956371092902, 0.0011012078551692955]
[-0.5359956371092902, 0.0011012078551692955], 2, -1.0, [-0.5338014742245435, 0.002194162884746693]
[-0.5338014742245435, 0.002194162884746693], 2, -1.0, [-0.5305308030476086, 0.003270671176934867]
[-0.5305308030476086, 0.003270671176934867], 2, -1.0, [-0.5262081454121512, 0.004322657635457324]
[-0.5262081454121512, 0.004322657635457324], 0, -1.0, [-0.5228659177029649, 0.0033422277091863925]
[-0.5228659177029649, 0.0033422277091863925], 0, -1.0, [-0.5205291864235654, 0.0023367312793994297]
[-0.5205291864235654, 0.0023367312793994297], 0, -1.0, [-0.519215476737596, 0.0013137096859693709]
[-0.519215476737596, 0.0013137096859693709], 0, -1.0, [-0.5189346408456413, 0.00028083589195475214]
[-0.5189346408456413, 0.00028083589195475214], 0, -1.0, [-0.5196887848228693, -0.0007541439772279673]
[-0.5196887848228693, -0.0007541439772279673], 0, -1.0, [-0.521472253058437, -0.0017834682355677765]
[-0.521472253058437, -0.0017834682355677765], 0, -1.0, [-0.5242716701048701, -0.0027994170464330954]
[-0.5242716701048701, -0.0027994170464330954], 0, -1.0, [-0.5280660404459315, -0.003794370341061437]
[-0.5280660404459315, -0.003794370341061437], 0, -1.0, [-0.5328269073035728, -0.004760866857641357]
[-0.5328269073035728, -0.004760866857641357], 0, -1.0, [-0.5385185720139328, -0.0056916647103600225]
[-0.5385185720139328, -0.0056916647103600225], 0, -1.0, [-0.5450983756103879, -0.0065798035964550325]
[-0.5450983756103879, -0.0065798035964550325], 0, -1.0, [-0.5525170439839782, -0.0074186683735903165]
[-0.5525170439839782, -0.0074186683735903165], 0, -1.0, [-0.5607190973052438, -0.00820205332126565]
[-0.5607190973052438, -0.00820205332126565], 0, -1.0, [-0.5696433232806759, -0.008924225975432052]
[-0.5696433232806759, -0.008924225975432052], 0, -1.0, [-0.5792233123156745, -0.009579989034998565]
[-0.5792233123156745, -0.009579989034998565], 1, -1.0, [-0.5883880508380301, -0.009164738522355666]
[-0.5883880508380301, -0.009164738522355666], 1, -1.0, [-0.5970699236024359, -0.008681872764405789]
[-0.5970699236024359, -0.008681872764405789], 1, -1.0, [-0.6052052136584045, -0.00813529005596858]
[-0.6052052136584045, -0.00813529005596858], 1, -1.0, [-0.6127345511374422, -0.007529337479037716]
[-0.6127345511374422, -0.007529337479037716], 1, -1.0, [-0.6196033091168288, -0.00686875797938661]
[-0.6196033091168288, -0.00686875797938661], 1, -1.0, [-0.62576194657846, -0.00615863746163115]
[-0.62576194657846, -0.00615863746163115], 1, -1.0, [-0.6311663000177399, -0.005404353439279892]
[-0.6311663000177399, -0.005404353439279892], 1, -1.0, [-0.6357778264895972, -0.004611526471857386]
[-0.6357778264895972, -0.004611526471857386], 1, -1.0, [-0.6395638017521527, -0.003785975262555397]
[-0.6395638017521527, -0.003785975262555397], 2, -1.0, [-0.6414974776561525, -0.001933675903999819]
[-0.6414974776561525, -0.001933675903999819], 2, -1.0, [-0.641565234863557, -6.775720740453332e-05]
[-0.641565234863557, -6.775720740453332e-05], 2, -1.0, [-0.6397665966700398, 0.0017986381935172504]
[-0.6397665966700398, 0.0017986381935172504], 2, -1.0, [-0.6361142294310723, 0.0036523672389674505]
[-0.6361142294310723, 0.0036523672389674505], 2, -1.0, [-0.6306339299134444, 0.005480299517627961]
[-0.6306339299134444, 0.005480299517627961], 2, -1.0, [-0.6233645911138769, 0.007269338799567534]
[-0.6233645911138769, 0.007269338799567534], 2, -1.0, [-0.6143581299172207, 0.009006461196656178]
[-0.6143581299172207, 0.009006461196656178], 2, -1.0, [-0.6036793530369217, 0.010678776880299006]
[-0.6036793530369217, 0.010678776880299006], 1, -1.0, [-0.5924057325984777, 0.01127362043844396]
[-0.5924057325984777, 0.01127362043844396], 1, -1.0, [-0.580619716976761, 0.011786015621716776]
[-0.580619716976761, 0.011786015621716776], 1, -1.0, [-0.5684081269635598, 0.012211590013201167]
[-0.5684081269635598, 0.012211590013201167], 0, -1.0, [-0.556861478082692, 0.011546648880867788]
[-0.556861478082692, 0.011546648880867788], 0, -1.0, [-0.5460657727507229, 0.010795705331969151]
[-0.5460657727507229, 0.010795705331969151], 0, -1.0, [-0.5361016924926076, 0.009964080258115293]
[-0.5361016924926076, 0.009964080258115293], 0, -1.0, [-0.5270438623442802, 0.009057830148327414]
[-0.5270438623442802, 0.009057830148327414], 0, -1.0, [-0.5189601945053504, 0.00808366783892984]
[-0.5189601945053504, 0.00808366783892984], 0, -1.0, [-0.5119113149018141, 0.0070488796035362775]
[-0.5119113149018141, 0.0070488796035362775], 0, -1.0, [-0.5059500732943292, 0.005961241607484945]
[-0.5059500732943292, 0.005961241607484945], 0, -1.0, [-0.501121135119748, 0.004828938174581134]
[-0.501121135119748, 0.004828938174581134], 0, -1.0, [-0.49746065151492364, 0.003660483604824373]
[-0.49746065151492364, 0.003660483604824373], 0, -1.0, [-0.494996003004408, 0.0024646485105156418]
[-0.494996003004408, 0.0024646485105156418], 0, -1.0, [-0.49374561213006973, 0.0012503908743382313]
[-0.49374561213006973, 0.0012503908743382313], 0, -1.0, [-0.4937188207901226, 2.679133994717411e-05]
[-0.4937188207901226, 2.679133994717411e-05], 0, -1.0, [-0.4949158291135919, -0.00119700832346933]
[-0.4949158291135919, -0.00119700832346933], 0, -1.0, [-0.49732769415885286, -0.002411865045260985]
[-0.49732769415885286, -0.002411865045260985], 0, -1.0, [-0.5009363883988212, -0.0036086942399682913]
[-0.5009363883988212, -0.0036086942399682913], 0, -1.0, [-0.5057149196339025, -0.004778531235081361]
[-0.5057149196339025, -0.004778531235081361], 0, -1.0, [-0.5116275154498353, -0.005912595815932798]
[-0.5116275154498353, -0.005912595815932798], 0, -1.0, [-0.5186298764174677, -0.0070023609676323605]
[-0.5186298764174677, -0.0070023609676323605], 0, -1.0, [-0.5266695027488001, -0.008039626331332358]
[-0.5266695027488001, -0.008039626331332358], 0, -1.0, [-0.5356860989522462, -0.009016596203446055]
[-0.5356860989522462, -0.009016596203446055], 0, -1.0, [-0.5456120600967187, -0.009925961144472539]
[-0.5456120600967187, -0.009925961144472539], 0, -1.0, [-0.55637304158842, -0.010760981491701321]
[-0.55637304158842, -0.010760981491701321], 0, -1.0, [-0.5678886119451021, -0.011515570356682]
[-0.5678886119451021, -0.011515570356682], 1, -1.0, [-0.5790729850497232, -0.011184373104621047]
[-0.5790729850497232, -0.011184373104621047], 2, -1.0, [-0.5888432194767795, -0.009770234427056428]
[-0.5888432194767795, -0.009770234427056428], 1, -1.0, [-0.5981272391136148, -0.009284019636835247]
[-0.5981272391136148, -0.009284019636835247], 1, -1.0, [-0.6068569407844481, -0.008729701670833284]
[-0.6068569407844481, -0.008729701670833284], 1, -1.0, [-0.6149686788080032, -0.008111738023555085]
[-0.6149686788080032, -0.008111738023555085], 1, -1.0, [-0.6224036918526412, -0.007435013044638057]
[-0.6224036918526412, -0.007435013044638057], 1, -1.0, [-0.6291084719138805, -0.006704780061239309]
[-0.6291084719138805, -0.006704780061239309], 1, -1.0, [-0.6350350770733654, -0.005926605159484883]
[-0.6350350770733654, -0.005926605159484883], 1, -1.0, [-0.6401413911987807, -0.005106314125415264]
[-0.6401413911987807, -0.005106314125415264], 2, -1.0, [-0.6433913348412997, -0.003249943642519091]
[-0.6433913348412997, -0.003249943642519091], 2, -1.0, [-0.6447620491446671, -0.001370714303367363]
[-0.6447620491446671, -0.001370714303367363], 2, -1.0, [-0.6442439179641548, 0.0005181311805122553]
[-0.6442439179641548, 0.0005181311805122553], 2, -1.0, [-0.6418405744525691, 0.002403343511585644]
[-0.6418405744525691, 0.002403343511585644], 2, -1.0, [-0.6375688987630211, 0.004271675689547995]
[-0.6375688987630211, 0.004271675689547995], 2, -1.0, [-0.6314590043428068, 0.0061098944202143315]
[-0.6314590043428068, 0.0061098944202143315], 2, -1.0, [-0.6235542012951655, 0.007904803047641278]
[-0.6235542012951655, 0.007904803047641278], 2, -1.0, [-0.6139109171134124, 0.009643284181753076]
[-0.6139109171134124, 0.009643284181753076], 2, -1.0, [-0.6025985483858264, 0.01131236872758606]
[-0.6025985483858264, 0.01131236872758606], 1, -1.0, [-0.5906992124466676, 0.011899335939158852]
[-0.5906992124466676, 0.011899335939158852], 1, -1.0, [-0.5783000151745248, 0.012399197272142731]
[-0.5783000151745248, 0.012399197272142731], 1, -1.0, [-0.5654923975102879, 0.012807617664236904]
[-0.5654923975102879, 0.012807617664236904], 0, -1.0, [-0.5533714042014767, 0.012120993308811192]
[-0.5533714042014767, 0.012120993308811192], 0, -1.0, [-0.5420274129555427, 0.011343991245934035]
[-0.5420274129555427, 0.011343991245934035], 0, -1.0, [-0.5315452773283211, 0.010482135627221605]
[-0.5315452773283211, 0.010482135627221605], 0, -1.0, [-0.5220035485831788, 0.009541728745142412]
[-0.5220035485831788, 0.009541728745142412], 0, -1.0, [-0.513473783994981, 0.008529764588197802]
[-0.513473783994981, 0.008529764588197802], 0, -1.0, [-0.5060199451672054, 0.007453838827775599]
[-0.5060199451672054, 0.007453838827775599], 0, -1.0, [-0.49969788646472946, 0.006322058702475949]
[-0.49969788646472946, 0.006322058702475949], 0, -1.0, [-0.4945549308690053, 0.005142955595724127]
[-0.4945549308690053, 0.005142955595724127], 0, -1.0, [-0.4906295285907467, 0.003925402278258606]
[-0.4906295285907467, 0.003925402278258606], 0, -1.0, [-0.4879509927001851, 0.0026785358905616094]
[-0.4879509927001851, 0.0026785358905616094], 0, -1.0, [-0.48653930584844407, 0.0014116868517410415]
[-0.48653930584844407, 0.0014116868517410415], 0, -1.0, [-0.4864049927752127, 0.00013431307323138238]
[-0.4864049927752127, 0.00013431307323138238], 0, -1.0, [-0.48754905458667347, -0.0011440618114607788]
[-0.48754905458667347, -0.0011440618114607788], 0, -1.0, [-0.48996296255606325, -0.002413907969389784]
[-0.48996296255606325, -0.002413907969389784], 0, -1.0, [-0.4936287112282781, -0.003665748672214841]
[-0.4936287112282781, -0.003665748672214841], 0, -1.0, [-0.49851893266403846, -0.0048902214357603585]
[-0.49851893266403846, -0.0048902214357603585], 0, -1.0, [-0.5045970755012106, -0.0060781428371721015]
[-0.5045970755012106, -0.0060781428371721015], 0, -1.0, [-0.5118176539171854, -0.0072205784159747426]
[-0.5118176539171854, -0.0072205784159747426], 0, -1.0, [-0.5201265723513814, -0.008308918434195973]
[-0.5201265723513814, -0.008308918434195973], 0, -1.0, [-0.5294615318389893, -0.00933495948760785]
[-0.5294615318389893, -0.00933495948760785], 0, -1.0, [-0.5397525229217909, -0.010290991082801617]
[-0.5397525229217909, -0.010290991082801617], 0, -1.0, [-0.5509224083152806, -0.011169885393489735]
[-0.5509224083152806, -0.011169885393489735], 0, -1.0, [-0.5628875958784573, -0.011965187563176622]
[-0.5628875958784573, -0.011965187563176622], 0, -1.0, [-0.575558799090811, -0.0126712032123537]
[-0.575558799090811, -0.0126712032123537], 0, -1.0, [-0.588841878405232, -0.013283079314421065]
[-0.588841878405232, -0.013283079314421065], 0, -1.0, [-0.6026387527954173, -0.013796874390185341]
[-0.6026387527954173, -0.013796874390185341], 0, -1.0, [-0.6168483668740211, -0.014209614078603749]
[-0.6168483668740211, -0.014209614078603749], 0, -1.0, [-0.63136769545871, -0.014519328584688825]
[-0.63136769545871, -0.014519328584688825], 0, -1.0, [-0.6460927647224693, -0.014725069263759329]
[-0.6460927647224693, -0.014725069263759329], 0, -1.0, [-0.660919667342825, -0.014826902620355641]
[-0.660919667342825, -0.014826902620355641], 0, -1.0, [-0.675745548539646, -0.01482588119682099]
[-0.675745548539646, -0.01482588119682099], 1, -1.0, [-0.6894695406369917, -0.013723992097345783]
[-0.6894695406369917, -0.013723992097345783], 1, -1.0, [-0.7020002108198574, -0.012530670182865659]
[-0.7020002108198574, -0.012530670182865659], 1, -1.0, [-0.7132558390363706, -0.011255628216513186]
[-0.7132558390363706, -0.011255628216513186], 1, -1.0, [-0.7231645532343276, -0.009908714197957006]
[-0.7231645532343276, -0.009908714197957006], 2, -1.0, [-0.7306643502896065, -0.007499797055278974]
[-0.7306643502896065, -0.007499797055278974], 2, -1.0, [-0.7357091255144282, -0.005044775224821755]
[-0.7357091255144282, -0.005044775224821755], 2, -1.0, [-0.7382682792916146, -0.002559153777186402]
[-0.7382682792916146, -0.002559153777186402], 2, -1.0, [-0.7383264184573641, -5.813916574942679e-05]
[-0.7383264184573641, -5.813916574942679e-05], 2, -1.0, [-0.7358831943323101, 0.002443224125054092]
[-0.7358831943323101, 0.002443224125054092], 2, -1.0, [-0.7309532989598431, 0.004929895372466995]
[-0.7309532989598431, 0.004929895372466995], 2, -1.0, [-0.7235666200437155, 0.007386678916127524]
[-0.7235666200437155, 0.007386678916127524], 2, -1.0, [-0.7137685339941013, 0.009798086049614236]
[-0.7137685339941013, 0.009798086049614236], 2, -1.0, [-0.7016202960994558, 0.012148237894645558]
[-0.7016202960994558, 0.012148237894645558], 2, -1.0, [-0.6871994679845954, 0.014420828114860363]
[-0.6871994679845954, 0.014420828114860363], 2, -1.0, [-0.6706003062803741, 0.016599161704221273]
[-0.6706003062803741, 0.016599161704221273], 2, -1.0, [-0.6519340241853837, 0.018666282094990428]
[-0.6519340241853837, 0.018666282094990428], 2, -1.0, [-0.6313288309356337, 0.020605193249749996]
[-0.6313288309356337, 0.020605193249749996], 2, -1.0, [-0.6089296547525033, 0.022399176183130524]
[-0.6089296547525033, 0.022399176183130524], 2, -1.0, [-0.5848974640117658, 0.024032190740737445]
[-0.5848974640117658, 0.024032190740737445], 2, -1.0, [-0.5594081199606041, 0.025489344051161614]
[-0.5594081199606041, 0.025489344051161614], 1, -1.0, [-0.5336507221135267, 0.025757397847077475]
[-0.5336507221135267, 0.025757397847077475], 0, -1.0, [-0.5088179460932973, 0.02483277602022942]
[-0.5088179460932973, 0.02483277602022942], 0, -1.0, [-0.48509598996930314, 0.023721956123994196]
[-0.48509598996930314, 0.023721956123994196], 0, -1.0, [-0.46266216302687196, 0.02243382694243117]
[-0.46266216302687196, 0.02243382694243117], 0, -1.0, [-0.44168281934485465, 0.020979343682017305]
[-0.44168281934485465, 0.020979343682017305], 0, -1.0, [-0.42231168014355663, 0.01937113920129802]
[-0.42231168014355663, 0.01937113920129802], 0, -1.0, [-0.40468855799781434, 0.017623122145742277]
[-0.40468855799781434, 0.017623122145742277], 0, -1.0, [-0.38893846731308274, 0.01575009068473159]
[-0.38893846731308274, 0.01575009068473159], 0, -1.0, [-0.3751710814321707, 0.013767385880912034]
[-0.3751710814321707, 0.013767385880912034], 0, -1.0, [-0.3634804789920892, 0.011690602440081526]
[-0.3634804789920892, 0.011690602440081526], 0, -1.0, [-0.3539451113818135, 0.009535367610275665]
[-0.3539451113818135, 0.009535367610275665], 0, -1.0, [-0.34662791926050024, 0.007317192121313242]
[-0.34662791926050024, 0.007317192121313242], 0, -1.0, [-0.3415765283931697, 0.005051390867330536]
[-0.3415765283931697, 0.005051390867330536], 0, -1.0, [-0.3388234625139275, 0.0027530658792422062]
[-0.3388234625139275, 0.0027530658792422062], 0, -1.0, [-0.33838632237471206, 0.0004371401392154104]
[-0.33838632237471206, 0.0004371401392154104], 0, -1.0, [-0.34026789444900174, -0.0018815720742896632]
[-0.34026789444900174, -0.0018815720742896632], 0, -1.0, [-0.34445616891648, -0.004188274467478277]
[-0.34445616891648, -0.004188274467478277], 0, -1.0, [-0.35092426366450746, -0.00646809474802744]
[-0.35092426366450746, -0.00646809474802744], 0, -1.0, [-0.3596302682998157, -0.008706004635308216]
[-0.3596302682998157, -0.008706004635308216], 0, -1.0, [-0.37051703877840036, -0.010886770478584658]
[-0.37051703877840036, -0.010886770478584658], 0, -1.0, [-0.38351198838077705, -0.01299494960237671]
[-0.38351198838077705, -0.01299494960237671], 0, -1.0, [-0.3985269334146079, -0.01501494503383084]
[-0.3985269334146079, -0.01501494503383084], 0, -1.0, [-0.41545806112262873, -0.016931127708020847]
[-0.41545806112262873, -0.016931127708020847], 0, -1.0, [-0.4341860916465866, -0.018728030523957873]
[-0.4341860916465866, -0.018728030523957873], 0, -1.0, [-0.4545767044435343, -0.020390612796947694]
[-0.4545767044435343, -0.020390612796947694], 0, -1.0, [-0.4764812914227714, -0.02190458697923711]
[-0.4764812914227714, -0.02190458697923711], 0, -1.0, [-0.4997380839188606, -0.02325679249608919]
[-0.4997380839188606, -0.02325679249608919], 0, -1.0, [-0.5241736788141598, -0.024435594895299215]
[-0.5241736788141598, -0.024435594895299215], 0, -1.0, [-0.5496049619374777, -0.025431283123317907]
[-0.5496049619374777, -0.025431283123317907], 0, -1.0, [-0.5758413964742143, -0.026236434536736648]
[-0.5758413964742143, -0.026236434536736648], 0, -1.0, [-0.6026876134704761, -0.026846216996261777]
[-0.6026876134704761, -0.026846216996261777], 0, -1.0, [-0.6299462139603493, -0.02725860048987332]
[-0.6299462139603493, -0.02725860048987332], 0, -1.0, [-0.6574206710800689, -0.027474457119719558]
[-0.6574206710800689, -0.027474457119719558], 0, -1.0, [-0.6849182084243929, -0.02749753734432408]
[-0.6849182084243929, -0.02749753734432408], 0, -1.0, [-0.7122525294201582, -0.027334320995765316]
[-0.7122525294201582, -0.027334320995765316], 0, -1.0, [-0.7392462818184394, -0.02699375239828132]
[-0.7392462818184394, -0.02699375239828132], 0, -1.0, [-0.76573316029304, -0.026486878474600562]
[-0.76573316029304, -0.026486878474600562], 2, -1.0, [-0.7895595761438017, -0.023826415850761704]
[-0.7895595761438017, -0.023826415850761704], 2, -1.0, [-0.810596294148006, -0.02103671800420439]
[-0.810596294148006, -0.02103671800420439], 2, -1.0, [-0.8287367877272528, -0.018140493579246717]
[-0.8287367877272528, -0.018140493579246717], 2, -1.0, [-0.8438952438204463, -0.015158456093193547]
[-0.8438952438204463, -0.015158456093193547], 2, -1.0, [-0.856004446574693, -0.012109202754246647]
[-0.856004446574693, -0.012109202754246647], 0, -1.0, [-0.8670137391444, -0.011009292569707023]
[-0.8670137391444, -0.011009292569707023], 2, -1.0, [-0.8748794691196167, -0.00786572997521658]
[-0.8748794691196167, -0.00786572997521658], 2, -1.0, [-0.8795718777781311, -0.004692408658514369]
[-0.8795718777781311, -0.004692408658514369], 2, -1.0, [-0.8810737873995779, -0.0015019096214468606]
[-0.8810737873995779, -0.0015019096214468606], 2, -1.0, [-0.8793797914158511, 0.0016939959837268246]
[-0.8793797914158511, 0.0016939959837268246], 2, -1.0, [-0.8744959910765472, 0.004883800339303869]
[-0.8744959910765472, 0.004883800339303869], 2, -1.0, [-0.8664402923195126, 0.008055698757034645]
[-0.8664402923195126, 0.008055698757034645], 2, -1.0, [-0.8552432473951421, 0.011197044924370488]
[-0.8552432473951421, 0.011197044924370488], 1, -1.0, [-0.8419493956987769, 0.013293851696365223]
[-0.8419493956987769, 0.013293851696365223], 2, -1.0, [-0.8256146847666311, 0.016334710932145797]
[-0.8256146847666311, 0.016334710932145797], 2, -1.0, [-0.8063122941110767, 0.019302390655554433]
[-0.8063122941110767, 0.019302390655554433], 2, -1.0, [-0.7841347736928879, 0.02217752041818888]
[-0.7841347736928879, 0.02217752041818888], 2, -1.0, [-0.7591961991387048, 0.02493857455418308]
[-0.7591961991387048, 0.02493857455418308], 1, -1.0, [-0.7326341300795318, 0.026562069059172966]
[-0.7326341300795318, 0.026562069059172966], 2, -1.0, [-0.7036050512357136, 0.029029078843818223]
[-0.7036050512357136, 0.029029078843818223], 2, -1.0, [-0.6722905920429751, 0.0313144591927384]
[-0.6722905920429751, 0.0313144591927384], 2, -1.0, [-0.6388975619921845, 0.03339303005079062]
[-0.6388975619921845, 0.03339303005079062], 2, -1.0, [-0.6036569317341596, 0.035240630258024874]
[-0.6036569317341596, 0.035240630258024874], 2, -1.0, [-0.5668216212496391, 0.03683531048452045]
[-0.5668216212496391, 0.03683531048452045], 2, -1.0, [-0.5286630470916716, 0.03815857415796755]
[-0.5286630470916716, 0.03815857415796755], 2, -1.0, [-0.48946649235866596, 0.039196554733005574]
[-0.48946649235866596, 0.039196554733005574], 2, -1.0, [-0.44952548263328895, 0.039941009725377036]
[-0.44952548263328895, 0.039941009725377036], 2, -1.0, [-0.40913546155228825, 0.040390021081000684]
[-0.40913546155228825, 0.040390021081000684], 2, -1.0, [-0.36858714310533763, 0.040548318446950594]
