[-0.43718097063005756, 0.0], 0, -1.0, [-0.4388218680999533, -0.0016408974698957734]
[-0.4388218680999533, -0.0016408974698957734], 0, -1.0, [-0.44209175986212934, -0.003269891762176033]
[-0.44209175986212934, -0.003269891762176033], 0, -1.0, [-0.44696688074181967, -0.004875120879690316]
[-0.44696688074181967, -0.004875120879690316], 0, -1.0, [-0.4534116915061744, -0.006444810764354719]
[-0.4534116915061744, -0.006444810764354719], 0, -1.0, [-0.4613790242431833, -0.007967332737008895]
[-0.4613790242431833, -0.007967332737008895], 0, -1.0, [-0.47081030003153157, -0.009431275788348289]
[-0.47081030003153157, -0.009431275788348289], 0, -1.0, [-0.4816358365677278, -0.010825536536196211]
[-0.4816358365677278, -0.010825536536196211], 0, -1.0, [-0.49377526451959364, -0.012139427951865834]
[-0.49377526451959364, -0.012139427951865834], 0, -1.0, [-0.5071380705033446, -0.013362805983750997]
[-0.5071380705033446, -0.013362805983750997], 0, -1.0, [-0.5216242816052187, -0.014486211101874114]
[-0.5216242816052187, -0.014486211101874114], 0, -1.0, [-0.5371253013254407, -0.015501019720221953]
[-0.5371253013254407, -0.015501019720221953], 0, -1.0, [-0.5535248999431144, -0.01639959861767368]
[-0.5535248999431144, -0.01639959861767368], 0, -1.0, [-0.570700354018262, -0.01717545407514764]
[-0.570700354018262, -0.01717545407514764], 0, -1.0, [-0.5885237206803388, -0.017823366662076748]
[-0.5885237206803388, -0.017823366662076748], 0, -1.0, [-0.6068632232606772, -0.018339502580338427]
[-0.6068632232606772, -0.018339502580338427], 0, -1.0, [-0.6255847165374502, -0.01872149327677294]
[-0.6255847165374502, -0.01872149327677294], 0, -1.0, [-0.6445531931799807, -0.018968476642530593]
[-0.6445531931799807, -0.018968476642530593], 1, -1.0, [-0.6626342885856266, -0.018081095405645835]
[-0.6626342885856266, -0.018081095405645835], 0, -1.0, [-0.6807025920848595, -0.018068303499232934]
[-0.6807025920848595, -0.018068303499232934], 0, -1.0, [-0.6986357577282567, -0.0179331656433972]
[-0.6986357577282567, -0.0179331656433972], 0, -1.0, [-0.7163156508562633, -0.017679893128006566]
[-0.7163156508562633, -0.017679893128006566], 0, -1.0, [-0.7336293538141787, -0.01731370295791543]
[-0.7336293538141787, -0.01731370295791543], 1, -1.0, [-0.749470009573139, -0.01584065575896037]
[-0.749470009573139, -0.01584065575896037], 2, -1.0, [-0.7627433260441177, -0.013273316470978572]
[-0.7627433260441177, -0.013273316470978572], 2, -1.0, [-0.7733730097474427, -0.010629683703325097]
[-0.7733730097474427, -0.010629683703325097], 2, -1.0, [-0.781299835869177, -0.007926826121734216]
[-0.781299835869177, -0.007926826121734216], 2, -1.0, [-0.786480762766231, -0.0051809268970541104]
[-0.786480762766231, -0.0051809268970541104], 2, -1.0, [-0.7888881906936148, -0.0024074279273838027]
[-0.7888881906936148, -0.0024074279273838027], 2, -1.0, [-0.7885094402341671, 0.0003787504594477027]
[-0.7885094402341671, 0.0003787504594477027], 2, -1.0, [-0.785346500027929, 0.003162940206238047]
[-0.785346500027929, 0.003162940206238047], 2, -1.0, [-0.7794160668763481, 0.0059304331515809775]
[-0.7794160668763481, 0.0059304331515809775], 2, -1.0, [-0.7707498745906131, 0.00866619228573505]
[-0.7707498745906131, 0.00866619228573505], 2, -1.0, [-0.7593952812716227, 0.011354593318990327]
[-0.7593952812716227, 0.011354593318990327], 2, -1.0, [-0.7454160582988796, 0.013979222972743118]
[-0.7454160582988796, 0.013979222972743118], 2, -1.0, [-0.7288932987346862, 0.0165227595641934]
[-0.7288932987346862, 0.0165227595641934], 2, -1.0, [-0.70992633923797, 0.018966959496716198]
[-0.70992633923797, 0.018966959496716198], 2, -1.0, [-0.6886335697340432, 0.021292769503926733]
[-0.6886335697340432, 0.021292769503926733], 2, -1.0, [-0.6651529914752787, 0.023480578258764505]
[-0.6651529914752787, 0.023480578258764505], 2, -1.0, [-0.6396423796734843, 0.02551061180179443]
[-0.6396423796734843, 0.02551061180179443], 2, -1.0, [-0.6122789145080183, 0.02736346516546596]
[-0.6122789145080183, 0.02736346516546596], 2, -1.0, [-0.5832581662810588, 0.029020748226959516]
[-0.5832581662810588, 0.029020748226959516], 2, -1.0, [-0.552792357651224, 0.030465808629834716]
[-0.552792357651224, 0.030465808629834716], 2, -1.0, [-0.5211078769562559, 0.03168448069496814]
[-0.5211078769562559, 0.03168448069496814], 2, -1.0, [-0.4884420778272352, 0.03266579912902075]
[-0.4884420778272352, 0.03266579912902075], 2, -1.0, [-0.45503946535205164, 0.033402612475183543]
[-0.45503946535205164, 0.033402612475183543], 2, -1.0, [-0.4211474299983974, 0.03389203535365424]
[-0.4211474299983974, 0.03389203535365424], 2, -1.0, [-0.3870117389745626, 0.034135691023834805]
[-0.3870117389745626, 0.034135691023834805], 0, -1.0, [-0.35487202351448033, 0.03213971546008228]
[-0.35487202351448033, 0.03213971546008228], 0, -1.0, [-0.3249444081375373, 0.02992761537694304]
[-0.3249444081375373, 0.02992761537694304], 0, -1.0, [-0.297420057976127, 0.02752435016141031]
[-0.297420057976127, 0.02752435016141031], 0, -1.0, [-0.2724648430725307, 0.024955214903596278]
[-0.2724648430725307, 0.024955214903596278], 0, -1.0, [-0.2502199378404565, 0.02224490523207425]
[-0.2502199378404565, 0.02224490523207425], 0, -1.0, [-0.23080312999629252, 0.01941680784416397]
[-0.23080312999629252, 0.01941680784416397], 0, -1.0, [-0.21431059743103942, 0.016492532565253085]
[-0.21431059743103942, 0.016492532565253085], 0, -1.0, [-0.20081891851636918, 0.013491678914670235]
[-0.20081891851636918, 0.013491678914670235], 0, -1.0, [-0.19038710444434653, 0.01043181407202266]
[-0.19038710444434653, 0.01043181407202266], 0, -1.0, [-0.18305847468656325, 0.007328629757783273]
[-0.18305847468656325, 0.007328629757783273], 0, -1.0, [-0.17886223299752346, 0.004196241689039794]
[-0.17886223299752346, 0.004196241689039794], 0, -1.0, [-0.17781463776458056, 0.0010475952329429107]
[-0.17781463776458056, 0.0010475952329429107], 0, -1.0, [-0.17991969489235968, -0.00210505712777912]
[-0.17991969489235968, -0.00210505712777912], 0, -1.0, [-0.18516933331941451, -0.00524963842705485]
[-0.18516933331941451, -0.00524963842705485], 0, -1.0, [-0.19354305335507566, -0.00837372003566113]
[-0.19354305335507566, -0.00837372003566113], 0, -1.0, [-0.20500706761475787, -0.011464014259682218]
[-0.20500706761475787, -0.011464014259682218], 0, -1.0, [-0.2195129849083289, -0.01450591729357104]
[-0.2195129849083289, -0.01450591729357104], 0, -1.0, [-0.2369961201505966, -0.017483135242267692]
[-0.2369961201505966, -0.017483135242267692], 0, -1.0, [-0.2573735485402885, -0.020377428389691917]
[-0.2573735485402885, -0.020377428389691917], 2, -1.0, [-0.27854205893073314, -0.021168510390444636]
[-0.27854205893073314, -0.021168510390444636], 0, -1.0, [-0.302387352742265, -0.023845293811531873]
[-0.302387352742265, -0.023845293811531873], 0, -1.0, [-0.32877260615529263, -0.02638525341302761]
[-0.32877260615529263, -0.02638525341302761], 0, -1.0, [-0.3575372709017074, -0.028764664746414745]
[-0.3575372709017074, -0.028764664746414745], 0, -1.0, [-0.3884965144246541, -0.030959243522946725]
[-0.3884965144246541, -0.030959243522946725], 0, -1.0, [-0.42144150971583605, -0.03294499529118197]
[-0.42144150971583605, -0.03294499529118197], 0, -1.0, [-0.4561407468049117, -0.03469923708907561]
[-0.4561407468049117, -0.03469923708907561], 0, -1.0, [-0.49234247272260007, -0.036201725917688395]
[-0.49234247272260007, -0.036201725917688395], 0, -1.0, [-0.5297782775323189, -0.0374358048097188]
[-0.5297782775323189, -0.0374358048097188], 0, -1.0, [-0.5681677387321715, -0.03838946119985269]
[-0.5681677387321715, -0.03838946119985269], 0, -1.0, [-0.6072239277974628, -0.03905618906529133]
[-0.6072239277974628, -0.03905618906529133], 0, -1.0, [-0.6466594865999793, -0.03943555880251644]
[-0.6466594865999793, -0.03943555880251644], 0, -1.0, [-0.6861929134241406, -0.03953342682416127]
[-0.6861929134241406, -0.03953342682416127], 0, -1.0, [-0.7255546700404928, -0.03936175661635219]
[-0.7255546700404928, -0.03936175661635219], 0, -1.0, [-0.7644927378232891, -0.03893806778279627]
[-0.7644927378232891, -0.03893806778279627], 0, -1.0, [-0.8027773092160714, -0.03828457139278226]
[-0.8027773092160714, -0.03828457139278226], 0, -1.0, [-0.8402043906948243, -0.03742708147875295]
[-0.8402043906948243, -0.03742708147875295], 2, -1.0, [-0.8745981997907051, -0.03439380909588073]
[-0.8745981997907051, -0.03439380909588073], 2, -1.0, [-0.9058197309413877, -0.031221531150682588]
[-0.9058197309413877, -0.031221531150682588], 2, -1.0, [-0.9337627728845732, -0.027943041943185542]
[-0.9337627728845732, -0.027943041943185542], 2, -1.0, [-0.9583491820025133, -0.02458640911794006]
[-0.9583491820025133, -0.02458640911794006], 2, -1.0, [-0.979523874442863, -0.02117469244034977]
[-0.979523874442863, -0.02117469244034977], 2, -1.0, [-0.9972499120823434, -0.017726037639480302]
[-0.9972499120823434, -0.017726037639480302], 2, -1.0, [-1.0115039633721339, -0.014254051289790444]
[-1.0115039633721339, -0.014254051289790444], 2, -1.0, [-1.022272333834144, -0.010768370462010169]
[-1.022272333834144, -0.010768370462010169], 2, -1.0, [-1.0295476902878036, -0.007275356453659567]
[-1.0295476902878036, -0.007275356453659567], 2, -1.0, [-1.0333265504956262, -0.0037788602078226313]
[-1.0333265504956262, -0.0037788602078226313], 2, -1.0, [-1.0336075749435443, -0.00028102444791819987]
[-1.0336075749435443, -0.00028102444791819987], 2, -1.0, [-1.0303906768375437, 0.003216898106000605]
[-1.0303906768375437, 0.003216898106000605], 2, -1.0, [-1.0236769558574124, 0.0067137209801313115]
[-1.0236769558574124, 0.0067137209801313115], 2, -1.0, [-1.013469456002465, 0.01020749985494726]
[-1.013469456002465, 0.01020749985494726], 2, -1.0, [-0.9997747430568503, 0.01369471294561478]
[-0.9997747430568503, 0.01369471294561478], 2, -1.0, [-0.9826052878467987, 0.01716945521005166]
[-0.9826052878467987, 0.01716945521005166], 2, -1.0, [-0.9619826227549931, 0.020622665091805593]
[-0.9619826227549931, 0.020622665091805593], 2, -1.0, [-0.9379412065371625, 0.02404141621783064]
[-0.9379412065371625, 0.02404141621783064], 2, -1.0, [-0.9105328830253565, 0.027408323511806054]
[-0.9105328830253565, 0.027408323511806054], 2, -1.0, [-0.8798317514819083, 0.030701131543448248]
[-0.8798317514819083, 0.030701131543448248], 2, -1.0, [-0.8459391822243734, 0.033892569257534935]
[-0.8459391822243734, 0.033892569257534935], 2, -1.0, [-0.8089886175839244, 0.03695056464044901]
[-0.8089886175839244, 0.03695056464044901], 2, -1.0, [-0.7691497082822439, 0.03983890930168044]
[-0.7691497082822439, 0.03983890930168044], 2, -1.0, [-0.7266312681416421, 0.04251844014060182]
[-0.7266312681416421, 0.04251844014060182], 2, -1.0, [-0.6816825093105011, 0.044948758831141036]
[-0.6816825093105011, 0.044948758831141036], 2, -1.0, [-0.6345920694352419, 0.04709043987525914]
[-0.6345920694352419, 0.04709043987525914], 2, -1.0, [-0.585684477860957, 0.048907591574284946]
[-0.585684477860957, 0.048907591574284946], 2, -1.0, [-0.535313931177451, 0.050370546683506094]
[-0.535313931177451, 0.050370546683506094], 2, -1.0, [-0.4838555389142405, 0.0514583922632105]
[-0.4838555389142405, 0.0514583922632105], 2, -1.0, [-0.431694515204372, 0.05216102370986845]
[-0.431694515204372, 0.05216102370986845], 2, -1.0, [-0.37921407366072135, 0.05248044154365068]
[-0.37921407366072135, 0.05248044154365068], 2, -1.0, [-0.3267829713626622, 0.05243110229805911]
[-0.3267829713626622, 0.05243110229805911], 2, -1.0, [-0.2747437009161862, 0.052039270446476]
[-0.2747437009161862, 0.052039270446476], 2, -1.0, [-0.22340223436160164, 0.051341466554584575]
[-0.22340223436160164, 0.051341466554584575], 2, -1.0, [-0.1730200010305615, 0.05038223333104014]
[-0.1730200010305615, 0.05038223333104014], 2, -1.0, [-0.12380848235452707, 0.04921151867603444]
[-0.12380848235452707, 0.04921151867603444], 2, -1.0, [-0.07592649101581128, 0.04788199133871578]
[-0.07592649101581128, 0.04788199133871578], 2, -1.0, [-0.029479925238040598, 0.04644656577777068]
[-0.029479925238040598, 0.04644656577777068], 2, -1.0, [0.015476411161163071, 0.04495633639920367]
[0.015476411161163071, 0.04495633639920367], 2, -1.0, [0.05893544166849873, 0.043459030507335655]
[0.05893544166849873, 0.043459030507335655], 2, -1.0, [0.10093344608406941, 0.04199800441557069]
[0.10093344608406941, 0.04199800441557069], 2, -1.0, [0.14154518753002324, 0.04061174144595383]
[0.14154518753002324, 0.04061174144595383], 0, -1.0, [0.178878956632055, 0.03733376910203175]
[0.178878956632055, 0.03733376910203175], 0, -1.0, [0.2130641433997842, 0.034185186767729185]
[0.2130641433997842, 0.034185186767729185], 0, -1.0, [0.2442428857343023, 0.031178742334518117]
[0.2442428857343023, 0.031178742334518117], 0, -1.0, [0.2725632481392015, 0.0283203624048992]
[0.2725632481392015, 0.0283203624048992], 2, -1.0, [0.30017383924680713, 0.027610591107605605]
[0.30017383924680713, 0.027610591107605605], 2, -1.0, [0.327231426942222, 0.02705758769541488]
[0.327231426942222, 0.02705758769541488], 0, -1.0, [0.3518999780071939, 0.02466855106497188]
[0.3518999780071939, 0.02466855106497188], 2, -1.0, [0.3763369822304736, 0.024437004223279712]
[0.3763369822304736, 0.024437004223279712], 2, -1.0, [0.40070510117633434, 0.0243681189458607]
[0.40070510117633434, 0.0243681189458607], 0, -1.0, [0.4231722566229625, 0.022467155446628143]
[0.4231722566229625, 0.022467155446628143], 2, -1.0, [0.44589755614002424, 0.022725299517061762]
[0.44589755614002424, 0.022725299517061762], 0, -1.0, [0.4670453597857694, 0.02114780364574513]
[0.4670453597857694, 0.02114780364574513], 0, -1.0, [0.4867710447206173, 0.019725684934847894]
[0.4867710447206173, 0.019725684934847894], 2, -1.0, [0.5072210832547969, 0.020450038534179548]
