[-0.5193188375128573, 0.0], 0, -1.0, [-0.5203509361665127, -0.0010320986536554]
[-0.5203509361665127, -0.0010320986536554], 0, -1.0, [-0.5224073932304867, -0.0020564570639739167]
[-0.5224073932304867, -0.0020564570639739167], 0, -1.0, [-0.525472785643195, -0.003065392412708337]
[-0.525472785643195, -0.003065392412708337], 0, -1.0, [-0.5295241230546068, -0.0040513374114118155]
[-0.5295241230546068, -0.0040513374114118155], 0, -1.0, [-0.5345310227004804, -0.005006899645873541]
[-0.5345310227004804, -0.005006899645873541], 0, -1.0, [-0.5404559451910619, -0.005924922490581492]
[-0.5404559451910619, -0.005924922490581492], 0, -1.0, [-0.5472544927925969, -0.0067985476015350295]
[-0.5472544927925969, -0.0067985476015350295], 0, -1.0, [-0.5548757714003709, -0.007621278607774044]
[-0.5548757714003709, -0.007621278607774044], 0, -1.0, [-0.5632628166014111, -0.008387045201040179]
[-0.5632628166014111, -0.008387045201040179], 0, -1.0, [-0.5723530830082629, -0.00909026640685184]
[-0.5723530830082629, -0.00909026640685184], 0, -1.0, [-0.5820789944572329, -0.009725911448969967]
[-0.5820789944572329, -0.009725911448969967], 0, -1.0, [-0.5923685507889497, -0.010289556331716795]
[-0.5923685507889497, -0.010289556331716795], 0, -1.0, [-0.6031459848840888, -0.010777434095139121]
[-0.6031459848840888, -0.010777434095139121], 0, -1.0, [-0.6143324615565144, -0.011186476672425723]
[-0.6143324615565144, -0.011186476672425723], 0, -1.0, [-0.625846807967975, -0.011514346411460583]
[-0.625846807967975, -0.011514346411460583], 0, -1.0, [-0.6376062635810573, -0.01175945561308237]
[-0.6376062635810573, -0.01175945561308237], 0, -1.0, [-0.6495272364538319, -0.011920972872774606]
[-0.6495272364538319, -0.011920972872774606], 0, -1.0, [-0.661526052015088, -0.011998815561256086]
[-0.661526052015088, -0.011998815561256086], 0, -1.0, [-0.6735196804174131, -0.011993628402325072]
[-0.6735196804174131, -0.011993628402325072], 0, -1.0, [-0.6854264291727664, -0.01190674875535338]
[-0.6854264291727664, -0.01190674875535338], 0, -1.0, [-0.6971665890073356, -0.01174015983456922]
[-0.6971665890073356, -0.01174015983456922], 0, -1.0, [-0.7086630226574571, -0.011496433650121471]
[-0.7086630226574571, -0.011496433650121471], 0, -1.0, [-0.7198416885545132, -0.011178665897056145]
[-0.7198416885545132, -0.011178665897056145], 1, -1.0, [-0.7296320938739677, -0.00979040531945442]
[-0.7296320938739677, -0.00979040531945442], 1, -1.0, [-0.7379737799263801, -0.008341686052412506]
[-0.7379737799263801, -0.008341686052412506], 1, -1.0, [-0.744816218276479, -0.006842438350098896]
[-0.744816218276479, -0.006842438350098896], 2, -1.0, [-0.7491186614590748, -0.0043024431825958]
[-0.7491186614590748, -0.0043024431825958], 2, -1.0, [-0.7508558191623985, -0.0017371577033237547]
[-0.7508558191623985, -0.0017371577033237547], 2, -1.0, [-0.7500175538157855, 0.0008382653466130745]
[-0.7500175538157855, 0.0008382653466130745], 2, -1.0, [-0.7466087519783915, 0.003408801837394033]
[-0.7466087519783915, 0.003408801837394033], 2, -1.0, [-0.740649386809965, 0.0059593651684265465]
[-0.740649386809965, 0.0059593651684265465], 2, -1.0, [-0.7321747642411082, 0.008474622568856796]
[-0.7321747642411082, 0.008474622568856796], 2, -1.0, [-0.721235922993809, 0.010938841247299182]
[-0.721235922993809, 0.010938841247299182], 2, -1.0, [-0.7079001370033887, 0.013335785990420259]
[-0.7079001370033887, 0.013335785990420259], 1, -1.0, [-0.6932514489520564, 0.014648688051332357]
[-0.6932514489520564, 0.014648688051332357], 1, -1.0, [-0.6773845919013078, 0.015866857050748483]
[-0.6773845919013078, 0.015866857050748483], 1, -1.0, [-0.6604048247429273, 0.01697976715838059]
[-0.6604048247429273, 0.01697976715838059], 1, -1.0, [-0.6424275756224367, 0.017977249120490573]
[-0.6424275756224367, 0.017977249120490573], 1, -1.0, [-0.6235778672555685, 0.018849708366868133]
[-0.6235778672555685, 0.018849708366868133], 1, -1.0, [-0.6039895081822708, 0.01958835907329767]
[-0.6039895081822708, 0.01958835907329767], 1, -1.0, [-0.5838040464513493, 0.020185461730921467]
[-0.5838040464513493, 0.020185461730921467], 1, -1.0, [-0.563169496213569, 0.020634550237780314]
[-0.563169496213569, 0.020634550237780314], 0, -1.0, [-0.5432388621469679, 0.01993063406660113]
[-0.5432388621469679, 0.01993063406660113], 0, -1.0, [-0.524161012644541, 0.019077849502426955]
[-0.524161012644541, 0.019077849502426955], 0, -1.0, [-0.5060789463662666, 0.01808206627827432]
[-0.5060789463662666, 0.01808206627827432], 0, -1.0, [-0.4891282183174335, 0.016950728048833096]
[-0.4891282183174335, 0.016950728048833096], 0, -1.0, [-0.4734355589104761, 0.0156926594069574]
[-0.4734355589104761, 0.0156926594069574], 1, -1.0, [-0.45811770516942096, 0.015317853741055182]
[-0.45811770516942096, 0.015317853741055182], 0, -1.0, [-0.4442878069077313, 0.013829898261689674]
[-0.4442878069077313, 0.013829898261689674], 0, -1.0, [-0.43204714432901653, 0.012240662578714735]
[-0.43204714432901653, 0.012240662578714735], 0, -1.0, [-0.4214845187050446, 0.010562625623971901]
[-0.4214845187050446, 0.010562625623971901], 0, -1.0, [-0.4126758273356378, 0.008808691369406808]
[-0.4126758273356378, 0.008808691369406808], 0, -1.0, [-0.40568378903453745, 0.006992038301100352]
[-0.40568378903453745, 0.006992038301100352], 0, -1.0, [-0.40055778400257863, 0.0051260050319588135]
[-0.40055778400257863, 0.0051260050319588135], 0, -1.0, [-0.39733377301664136, 0.0032240109859372553]
[-0.39733377301664136, 0.0032240109859372553], 0, -1.0, [-0.3960342649474566, 0.0012995080691847569]
[-0.3960342649474566, 0.0012995080691847569], 0, -1.0, [-0.3966683081500794, -0.000634043202622859]
[-0.3966683081500794, -0.000634043202622859], 0, -1.0, [-0.3992314896040754, -0.0025631814539959705]
[-0.3992314896040754, -0.0025631814539959705], 0, -1.0, [-0.40370593514482817, -0.00447444554075275]
[-0.40370593514482817, -0.00447444554075275], 0, -1.0, [-0.41006031404617865, -0.006354378901350481]
[-0.41006031404617865, -0.006354378901350481], 0, -1.0, [-0.4182498609118156, -0.008189546865636943]
[-0.4182498609118156, -0.008189546865636943], 0, -1.0, [-0.4282164366318987, -0.00996657572008309]
[-0.4282164366318987, -0.00996657572008309], 0, -1.0, [-0.4398886573875692, -0.011672220755670527]
[-0.4398886573875692, -0.011672220755670527], 0, -1.0, [-0.4531821256822676, -0.013293468294698433]
[-0.4531821256822676, -0.013293468294698433], 0, -1.0, [-0.4679997995424087, -0.01481767386014112]
[-0.4679997995424087, -0.01481767386014112], 0, -1.0, [-0.4842325348720077, -0.01623273532959895]
[-0.4842325348720077, -0.01623273532959895], 0, -1.0, [-0.501759831169144, -0.017527296297136383]
[-0.501759831169144, -0.017527296297136383], 0, -1.0, [-0.5204508023962757, -0.018690971227131738]
[-0.5204508023962757, -0.018690971227131738], 0, -1.0, [-0.5401653830714739, -0.019714580675198188]
[-0.5401653830714739, -0.019714580675198188], 0, -1.0, [-0.5607557653352051, -0.02059038226373121]
[-0.5607557653352051, -0.02059038226373121], 0, -1.0, [-0.5820680469480353, -0.02131228161283018]
[-0.5820680469480353, -0.02131228161283018], 0, -1.0, [-0.6039440542898117, -0.02187600734177644]
[-0.6039440542898117, -0.02187600734177644], 0, -1.0, [-0.6262232900174884, -0.02227923572767677]
[-0.6262232900174884, -0.02227923572767677], 0, -1.0, [-0.648744943614867, -0.022521653597378514]
[-0.648744943614867, -0.022521653597378514], 0, -1.0, [-0.6713498958991981, -0.02260495228433112]
[-0.6713498958991981, -0.02260495228433112], 0, -1.0, [-0.6938826464599903, -0.0225327505607922]
[-0.6938826464599903, -0.0225327505607922], 0, -1.0, [-0.7161930962458437, -0.022310449785853358]
[-0.7161930962458437, -0.022310449785853358], 0, -1.0, [-0.7381381257268377, -0.021945029480993992]
[-0.7381381257268377, -0.021945029480993992], 0, -1.0, [-0.759582921334904, -0.021444795608066364]
[-0.759582921334904, -0.021444795608066364], 0, -1.0, [-0.780402017912627, -0.020819096577722972]
[-0.780402017912627, -0.020819096577722972], 0, -1.0, [-0.8004800411715228, -0.02007802325889581]
[-0.8004800411715228, -0.02007802325889581], 2, -1.0, [-0.8177121501780343, -0.017232109006511533]
[-0.8177121501780343, -0.017232109006511533], 2, -1.0, [-0.8320136897352833, -0.014301539557248992]
[-0.8320136897352833, -0.014301539557248992], 2, -1.0, [-0.8433183092082117, -0.011304619472928375]
[-0.8433183092082117, -0.011304619472928375], 2, -1.0, [-0.8515761568832821, -0.00825784767507048]
[-0.8515761568832821, -0.00825784767507048], 2, -1.0, [-0.8567523014654358, -0.005176144582153656]
[-0.8567523014654358, -0.005176144582153656], 2, -1.0, [-0.8588254975195092, -0.002073196054073436]
[-0.8588254975195092, -0.002073196054073436], 2, -1.0, [-0.8577873775729027, 0.0010381199466064886]
[-0.8577873775729027, 0.0010381199466064886], 2, -1.0, [-0.8536421213155658, 0.004145256257336832]
[-0.8536421213155658, 0.004145256257336832], 2, -1.0, [-0.8464066217542326, 0.007235499561333217]
[-0.8464066217542326, 0.007235499561333217], 2, -1.0, [-0.836111138403582, 0.01029548335065069]
[-0.836111138403582, 0.01029548335065069], 2, -1.0, [-0.8228003974108837, 0.01331074099269822]
[-0.8228003974108837, 0.01331074099269822], 2, -1.0, [-0.806535066856463, 0.01626533055442069]
[-0.806535066856463, 0.01626533055442069], 2, -1.0, [-0.787393501929189, 0.019141564927274063]
[-0.787393501929189, 0.019141564927274063], 2, -1.0, [-0.7654736199031513, 0.02191988202603763]
[-0.7654736199031513, 0.02191988202603763], 2, -1.0, [-0.7408947309375302, 0.02457888896562109]
[-0.7408947309375302, 0.02457888896562109], 2, -1.0, [-0.713799121407058, 0.027095609530472194]
[-0.713799121407058, 0.027095609530472194], 2, -1.0, [-0.6843531669635138, 0.0294459544435443]
[-0.6843531669635138, 0.0294459544435443], 2, -1.0, [-0.6527477489820845, 0.03160541798142929]
[-0.6527477489820845, 0.03160541798142929], 2, -1.0, [-0.6191977664708268, 0.03354998251125769]
[-0.6191977664708268, 0.03354998251125769], 2, -1.0, [-0.5839405802542315, 0.03525718621659529]
[-0.5839405802542315, 0.03525718621659529], 2, -1.0, [-0.5472332982221579, 0.03670728203207354]
[-0.5472332982221579, 0.03670728203207354], 2, -1.0, [-0.5093489057558417, 0.037884392466316245]
[-0.5093489057558417, 0.037884392466316245], 2, -1.0, [-0.4705713547637532, 0.03877755099208843]
[-0.4705713547637532, 0.03877755099208843], 2, -1.0, [-0.43118983408204925, 0.039381520681703946]
[-0.43118983408204925, 0.039381520681703946], 2, -1.0, [-0.39149253693528335, 0.03969729714676589]
[-0.39149253693528335, 0.03969729714676589], 2, -1.0, [-0.3517603023489919, 0.03973223458629146]
[-0.3517603023489919, 0.03973223458629146], 1, -1.0, [-0.313260526136823, 0.038499776212168955]
[-0.313260526136823, 0.038499776212168955], 2, -1.0, [-0.27523566092236607, 0.038024865214456895]
[-0.27523566092236607, 0.038024865214456895], 2, -1.0, [-0.23790588941656843, 0.03732977150579763]
[-0.23790588941656843, 0.03732977150579763], 2, -1.0, [-0.20146595125872727, 0.03643993815784116]
[-0.20146595125872727, 0.03643993815784116], 2, -1.0, [-0.1660831241669779, 0.03538282709174936]
[-0.1660831241669779, 0.03538282709174936], 2, -1.0, [-0.13189634835580727, 0.03418677581117063]
[-0.13189634835580727, 0.03418677581117063], 2, -1.0, [-0.09901640053235694, 0.032879947823450335]
[-0.09901640053235694, 0.032879947823450335], 2, -1.0, [-0.06752696358205336, 0.03148943695030358]
[-0.06752696358205336, 0.03148943695030358], 2, -1.0, [-0.037486403057911274, 0.03004056052414208]
[-0.037486403057911274, 0.03004056052414208], 2, -1.0, [-0.008930050345886276, 0.028556352712024998]
[-0.008930050345886276, 0.028556352712024998], 2, -1.0, [0.018127199452723407, 0.027057249798609684]
[0.018127199452723407, 0.027057249798609684], 2, -1.0, [0.04368814503818458, 0.025560945585461167]
[0.04368814503818458, 0.025560945585461167], 2, -1.0, [0.06777053226145406, 0.024082387223269486]
[0.06777053226145406, 0.024082387223269486], 2, -1.0, [0.09040441125398183, 0.022633878992527758]
[0.09040441125398183, 0.022633878992527758], 2, -1.0, [0.11162967379761862, 0.021225262543636794]
[0.11162967379761862, 0.021225262543636794], 2, -1.0, [0.13149381936585214, 0.019864145568233505]
[0.13149381936585214, 0.019864145568233505], 2, -1.0, [0.15004997498550018, 0.018556155619648036]
[0.15004997498550018, 0.018556155619648036], 2, -1.0, [0.16735517590503762, 0.017305200919537425]
[0.16735517590503762, 0.017305200919537425], 2, -1.0, [0.18346890076508338, 0.016113724860045767]
[0.18346890076508338, 0.016113724860045767], 2, -1.0, [0.19845184594147164, 0.014982945176388256]
[0.19845184594147164, 0.014982945176388256], 2, -1.0, [0.21236491820676312, 0.013913072265291492]
[0.21236491820676312, 0.013913072265291492], 2, -1.0, [0.2252684220477598, 0.012903503840996682]
[0.2252684220477598, 0.012903503840996682], 2, -1.0, [0.2372214171652351, 0.011952995117475291]
[0.2372214171652351, 0.011952995117475291], 2, -1.0, [0.24828122225537744, 0.011059805090142344]
[0.24828122225537744, 0.011059805090142344], 2, -1.0, [0.2585030426382105, 0.010221820382833079]
[0.2585030426382105, 0.010221820382833079], 2, -1.0, [0.2679397012798134, 0.009436658641602905]
[0.2679397012798134, 0.009436658641602905], 2, -1.0, [0.2766414549772025, 0.008701753697389089]
[0.2766414549772025, 0.008701753697389089], 2, -1.0, [0.28465587974551515, 0.008014424768312668]
[0.28465587974551515, 0.008014424768312668], 2, -1.0, [0.2920278116405305, 0.007371931895015336]
[0.2920278116405305, 0.007371931895015336], 2, -1.0, [0.2987993312888438, 0.006771519648313277]
[0.2987993312888438, 0.006771519648313277], 2, -1.0, [0.30500978224219827, 0.006210450953354487]
[0.30500978224219827, 0.006210450953354487], 2, -1.0, [0.310695814905422, 0.005686032663223681]
[0.310695814905422, 0.005686032663223681], 2, -1.0, [0.3158914492094345, 0.0051956343040125376]
[0.3158914492094345, 0.0051956343040125376], 2, -1.0, [0.32062815042246084, 0.004736701213026347]
[0.32062815042246084, 0.004736701213026347], 2, -1.0, [0.324934913530318, 0.004306763107857154]
[0.324934913530318, 0.004306763107857154], 2, -1.0, [0.32883835248959453, 0.003903438959276526]
[0.32883835248959453, 0.003903438959276526], 2, -1.0, [0.33236279138560443, 0.003524438896009914]
[0.33236279138560443, 0.003524438896009914], 0, -1.0, [0.3335303551294901, 0.001167563743885654]
[0.3335303551294901, 0.001167563743885654], 0, -1.0, [0.33234840675551813, -0.0011819483739719324]
[0.33234840675551813, -0.0011819483739719324], 0, -1.0, [0.32880949261892334, -0.003538914136594774]
[0.32880949261892334, -0.003538914136594774], 0, -1.0, [0.3228913978822001, -0.00591809473672321]
[0.3228913978822001, -0.00591809473672321], 0, -1.0, [0.3145573214636558, -0.00833407641854434]
[0.3145573214636558, -0.00833407641854434], 0, -1.0, [0.30375619821771166, -0.010801123245944101]
[0.30375619821771166, -0.010801123245944101], 0, -1.0, [0.2904232157325819, -0.013332982485129749]
[0.2904232157325819, -0.013332982485129749], 0, -1.0, [0.2744805942482615, -0.015942621484320383]
[0.2744805942482615, -0.015942621484320383], 2, -1.0, [0.25783872094792154, -0.016641873300339956]
[0.25783872094792154, -0.016641873300339956], 0, -1.0, [0.2384082013678563, -0.019430519580065253]
[0.2384082013678563, -0.019430519580065253], 0, -1.0, [0.2160903168682797, -0.022317884499576588]
[0.2160903168682797, -0.022317884499576588], 0, -1.0, [0.1907796098556381, -0.025310707012641587]
[0.1907796098556381, -0.025310707012641587], 0, -1.0, [0.16236731142731683, -0.028412298428321277]
[0.16236731142731683, -0.028412298428321277], 0, -1.0, [0.13074578035851028, -0.03162153106880656]
[0.13074578035851028, -0.03162153106880656], 0, -1.0, [0.0958141089534438, -0.03493167140506647]
[0.0958141089534438, -0.03493167140506647], 0, -1.0, [0.05748500726644161, -0.038329101687002196]
[0.05748500726644161, -0.038329101687002196], 0, -1.0, [0.015692989452318173, -0.041792017814123436]
[0.015692989452318173, -0.041792017814123436], 0, -1.0, [-0.029596258336915378, -0.04528924778923355]
[-0.029596258336915378, -0.04528924778923355], 0, -1.0, [-0.0783756582900641, -0.04877939995314872]
[-0.0783756582900641, -0.04877939995314872], 0, -1.0, [-0.13058627016392563, -0.05221061187386153]
[-0.13058627016392563, -0.05221061187386153], 0, -1.0, [-0.18610747941345113, -0.05552120924952549]
[-0.18610747941345113, -0.05552120924952549], 0, -1.0, [-0.24474905120315227, -0.058641571789701134]
[-0.24474905120315227, -0.058641571789701134], 0, -1.0, [-0.3062464614734728, -0.061497410270320525]
[-0.3062464614734728, -0.061497410270320525], 0, -1.0, [-0.3702609283008063, -0.06401446682733353]
[-0.3702609283008063, -0.06401446682733353], 0, -1.0, [-0.4363852957310683, -0.066124367430262]
[-0.4363852957310683, -0.066124367430262], 0, -1.0, [-0.5041563269354922, -0.06777103120442382]
[-0.5041563269354922, -0.06777103120442382], 0, -1.0, [-0.5730730938380103, -0.06891676690251816]
[-0.5730730938380103, -0.06891676690251816], 0, -1.0, [-0.6426201642142134, -0.06954707037620315]
[-0.6426201642142134, -0.06954707037620315], 0, -1.0, [-0.7122934218873717, -0.06967325767315828]
[-0.7122934218873717, -0.06967325767315828], 0, -1.0, [-0.7816258521012638, -0.06933243021389215]
[-0.7816258521012638, -0.06933243021389215], 0, -1.0, [-0.8502106338372916, -0.06858478173602774]
[-0.8502106338372916, -0.06858478173602774], 0, -1.0, [-0.9177194011466294, -0.06750876730933786]
[-0.9177194011466294, -0.06750876730933786], 0, -1.0, [-0.9839144106307686, -0.06619500948413916]
[-0.9839144106307686, -0.06619500948413916], 0, -1.0, [-1.0486543384598175, -0.06473992782904894]
[-1.0486543384598175, -0.06473992782904894], 0, -1.0, [-1.1118942901639062, -0.06323995170408865]
[-1.1118942901639062, -0.06323995170408865], 0, -1.0, [-1.1736811829954084, -0.061786892831502155]
[-1.1736811829954084, -0.061786892831502155], 0, -1.0, [-1.2, 0.0]
[-1.2, 0.0], 2, -1.0, [-1.1967581039591646, 0.003241896040835368]
[-1.1967581039591646, 0.003241896040835368], 2, -1.0, [-1.1902636585360942, 0.006494445423070332]
[-1.1902636585360942, 0.006494445423070332], 2, -1.0, [-1.1804959639787937, 0.009767694557300442]
[-1.1804959639787937, 0.009767694557300442], 2, -1.0, [-1.1674255149588486, 0.013070449019945182]
[-1.1674255149588486, 0.013070449019945182], 2, -1.0, [-1.1510159267200155, 0.016409588238833067]
[-1.1510159267200155, 0.016409588238833067], 2, -1.0, [-1.1312266168239755, 0.019789309896040046]
[-1.1312266168239755, 0.019789309896040046], 2, -1.0, [-1.108016322100852, 0.02321029472312345]
[-1.108016322100852, 0.02321029472312345], 2, -1.0, [-1.081347524946184, 0.02666879715466819]
[-1.081347524946184, 0.02666879715466819], 2, -1.0, [-1.0511918363028878, 0.03015568864329602]
[-1.0511918363028878, 0.03015568864329602], 2, -1.0, [-1.0175363271434712, 0.0336555091594167]
[-1.0175363271434712, 0.0336555091594167], 2, -1.0, [-0.9803907090723114, 0.03714561807115983]
[-0.9803907090723114, 0.03714561807115983], 2, -1.0, [-0.9397951336374217, 0.04059557543488971]
[-0.9397951336374217, 0.04059557543488971], 2, -1.0, [-0.8958282112564235, 0.043966922380998245]
[-0.8958282112564235, 0.043966922380998245], 2, -1.0, [-0.8486146572192776, 0.04721355403714586]
[-0.8486146572192776, 0.04721355403714586], 2, -1.0, [-0.7983317816221248, 0.05028287559715283]
[-0.7983317816221248, 0.05028287559715283], 2, -1.0, [-0.7452138959379592, 0.0531178856841656]
[-0.7452138959379592, 0.0531178856841656], 2, -1.0, [-0.6895536666604415, 0.0556602292775177]
[-0.6895536666604415, 0.0556602292775177], 2, -1.0, [-0.6316995610792892, 0.057854105581152386]
[-0.6316995610792892, 0.057854105581152386], 2, -1.0, [-0.5720488365336812, 0.05965072454560789]
