[-0.5309318740949678, 0.0], 0, -1.0, [-0.5318768802923759, -0.000945006197408086]
[-0.5318768802923759, -0.000945006197408086], 0, -1.0, [-0.5337598070862122, -0.0018829267938362316]
[-0.5337598070862122, -0.0018829267938362316], 0, -1.0, [-0.5365665379456207, -0.0028067308594085572]
[-0.5365665379456207, -0.0028067308594085572], 0, -1.0, [-0.5402760351183981, -0.00370949717277732]
[-0.5402760351183981, -0.00370949717277732], 0, -1.0, [-0.5448605050209484, -0.004584469902550298]
[-0.5448605050209484, -0.004584469902550298], 0, -1.0, [-0.5502856200613523, -0.005425115040403831]
[-0.5502856200613523, -0.005425115040403831], 0, -1.0, [-0.5565107975177354, -0.006225177456383021]
[-0.5565107975177354, -0.006225177456383021], 0, -1.0, [-0.5634895356806106, -0.0069787381628751725]
[-0.5634895356806106, -0.0069787381628751725], 0, -1.0, [-0.5711698067488227, -0.00768027106821217]
[-0.5711698067488227, -0.00768027106821217], 0, -1.0, [-0.5794945049512752, -0.00832469820245257]
[-0.5794945049512752, -0.00832469820245257], 0, -1.0, [-0.5884019470877403, -0.008907442136465158]
[-0.5884019470877403, -0.008907442136465158], 0, -1.0, [-0.5978264212073036, -0.009424474119563313]
[-0.5978264212073036, -0.009424474119563313], 0, -1.0, [-0.6076987775625627, -0.009872356355259215]
[-0.6076987775625627, -0.009872356355259215], 0, -1.0, [-0.6179470543998652, -0.010248276837302435]
[-0.6179470543998652, -0.010248276837302435], 0, -1.0, [-0.6284971296882215, -0.010550075288356282]
[-0.6284971296882215, -0.010550075288356282], 0, -1.0, [-0.6392733886687328, -0.010776258980511426]
[-0.6392733886687328, -0.010776258980511426], 0, -1.0, [-0.6501993962274055, -0.01092600755867269]
[-0.6501993962274055, -0.01092600755867269], 0, -1.0, [-0.6611985626403906, -0.010999166412985062]
[-0.6611985626403906, -0.010999166412985062], 0, -1.0, [-0.6721947912654351, -0.010996228625044574]
[-0.6721947912654351, -0.010996228625044574], 0, -1.0, [-0.6831130972749934, -0.010918306009558232]
[-0.6831130972749934, -0.010918306009558232], 0, -1.0, [-0.6938801875265241, -0.010767090251530831]
[-0.6938801875265241, -0.010767090251530831], 0, -1.0, [-0.7044249930906316, -0.01054480556410745]
[-0.7044249930906316, -0.01054480556410745], 0, -1.0, [-0.7146791477250607, -0.010254154634429092]
[-0.7146791477250607, -0.010254154634429092], 0, -1.0, [-0.7245774075879216, -0.00989825986286088]
[-0.7245774075879216, -0.00989825986286088], 2, -1.0, [-0.7320580096108902, -0.007480602022968684]
[-0.7320580096108902, -0.007480602022968684], 2, -1.0, [-0.7370751027998056, -0.0050170931889153576]
[-0.7370751027998056, -0.0050170931889153576], 2, -1.0, [-0.7395983473119021, -0.0025232445120965444]
[-0.7395983473119021, -0.0025232445120965444], 2, -1.0, [-0.7396126118129517, -1.426450104958588e-05]
[-0.7396126118129517, -1.426450104958588e-05], 2, -1.0, [-0.7371178110068969, 0.0024948008060547895]
[-0.7371178110068969, 0.0024948008060547895], 2, -1.0, [-0.7321289046978303, 0.004988906309066534]
[-0.7321289046978303, 0.004988906309066534], 2, -1.0, [-0.7246760585055935, 0.007452846192236817]
[-0.7246760585055935, 0.007452846192236817], 2, -1.0, [-0.7148049451138453, 0.009871113391748142]
[-0.7148049451138453, 0.009871113391748142], 2, -1.0, [-0.7025771443843483, 0.012227800729497036]
[-0.7025771443843483, 0.012227800729497036], 2, -1.0, [-0.6880705816671023, 0.01450656271724591]
[-0.6880705816671023, 0.01450656271724591], 2, -1.0, [-0.6713799272671571, 0.01669065439994518]
[-0.6713799272671571, 0.01669065439994518], 2, -1.0, [-0.6526168676792432, 0.018763059587913904]
[-0.6526168676792432, 0.018763059587913904], 2, -1.0, [-0.6319101524839006, 0.020706715195342628]
[-0.6319101524839006, 0.020706715195342628], 2, -1.0, [-0.6094053213784745, 0.022504831105426167]
[-0.6094053213784745, 0.022504831105426167], 2, -1.0, [-0.585264025117574, 0.024141296260900492]
[-0.585264025117574, 0.024141296260900492], 2, -1.0, [-0.5596628729700992, 0.02560115214747486]
[-0.5596628729700992, 0.02560115214747486], 2, -1.0, [-0.5327917674721908, 0.026871105497908356]
[-0.5327917674721908, 0.026871105497908356], 0, -1.0, [-0.5068517232751317, 0.025940044197059097]
[-0.5068517232751317, 0.025940044197059097], 0, -1.0, [-0.48203722913657543, 0.0248144941385563]
[-0.48203722913657543, 0.0248144941385563], 0, -1.0, [-0.45853363956583026, 0.02350358957074518]
[-0.45853363956583026, 0.02350358957074518], 0, -1.0, [-0.43651494558488596, 0.0220186939809443]
[-0.43651494558488596, 0.0220186939809443], 0, -1.0, [-0.41614197604815617, 0.020372969536729787]
[-0.41614197604815617, 0.020372969536729787], 0, -1.0, [-0.39756104586423063, 0.018580930183925537]
[-0.39756104586423063, 0.018580930183925537], 0, -1.0, [-0.3809030346696608, 0.016658011194569857]
[-0.3809030346696608, 0.016658011194569857], 0, -1.0, [-0.366282851954864, 0.014620182714796839]
[-0.366282851954864, 0.014620182714796839], 0, -1.0, [-0.35379922423004917, 0.012483627724814813]
[-0.35379922423004917, 0.012483627724814813], 0, -1.0, [-0.3435347273485361, 0.010264496881513069]
[-0.3435347273485361, 0.010264496881513069], 0, -1.0, [-0.33555598243297496, 0.007978744915561085]
[-0.33555598243297496, 0.007978744915561085], 0, -1.0, [-0.32991393614736175, 0.005642046285613226]
[-0.32991393614736175, 0.005642046285613226], 0, -1.0, [-0.3266441541045996, 0.0032697820427621304]
[-0.3266441541045996, 0.0032697820427621304], 0, -1.0, [-0.32576706865025395, 0.0008770854543456563]
[-0.32576706865025395, 0.0008770854543456563], 0, -1.0, [-0.3272881378380937, -0.0015210691878397393]
[-0.3272881378380937, -0.0015210691878397393], 0, -1.0, [-0.33119788999850025, -0.003909752160406541]
[-0.33119788999850025, -0.003909752160406541], 0, -1.0, [-0.3374718469653058, -0.006273956966805568]
[-0.3374718469653058, -0.006273956966805568], 0, -1.0, [-0.34607033796898934, -0.008598491003683548]
[-0.34607033796898934, -0.008598491003683548], 0, -1.0, [-0.35693823466144153, -0.010867896692452184]
[-0.35693823466144153, -0.010867896692452184], 0, -1.0, [-0.3700046548814494, -0.013066420220007858]
[-0.3700046548814494, -0.013066420220007858], 0, -1.0, [-0.3851826976229192, -0.015178042741469762]
[-0.3851826976229192, -0.015178042741469762], 0, -1.0, [-0.4023692830665842, -0.017186585443665026]
[-0.4023692830665842, -0.017186585443665026], 0, -1.0, [-0.4214451781692339, -0.019075895102649683]
[-0.4214451781692339, -0.019075895102649683], 0, -1.0, [-0.4422752888383469, -0.020830110669112972]
[-0.4422752888383469, -0.020830110669112972], 0, -1.0, [-0.4647092930112247, -0.022434004172877824]
[-0.4647092930112247, -0.022434004172877824], 0, -1.0, [-0.4885826743323192, -0.023873381321094508]
[-0.4885826743323192, -0.023873381321094508], 0, -1.0, [-0.5137181936695997, -0.025135519337280497]
[-0.5137181936695997, -0.025135519337280497], 0, -1.0, [-0.5399278065200643, -0.026209612850464636]
[-0.5399278065200643, -0.026209612850464636], 0, -1.0, [-0.5670150006144279, -0.02708719409436361]
[-0.5670150006144279, -0.02708719409436361], 0, -1.0, [-0.5947774929205145, -0.027762492306086583]
[-0.5947774929205145, -0.027762492306086583], 0, -1.0, [-0.62301019258847, -0.02823269966795555]
[-0.62301019258847, -0.02823269966795555], 0, -1.0, [-0.6515083101005186, -0.028498117512048563]
[-0.6515083101005186, -0.028498117512048563], 0, -1.0, [-0.6800704763494383, -0.028562166248919676]
[-0.6800704763494383, -0.028562166248919676], 0, -1.0, [-0.7085017307692112, -0.02843125441977293]
[-0.7085017307692112, -0.02843125441977293], 0, -1.0, [-0.7366162455826185, -0.02811451481340737]
[-0.7366162455826185, -0.02811451481340737], 0, -1.0, [-0.7642396726075251, -0.02762342702490665]
[-0.7642396726075251, -0.02762342702490665], 0, -1.0, [-0.7912110272763715, -0.02697135466884635]
[-0.7912110272763715, -0.02697135466884635], 0, -1.0, [-0.8173840579747944, -0.02617303069842292]
[-0.8173840579747944, -0.02617303069842292], 0, -1.0, [-0.8426280835488388, -0.02524402557404441]
[-0.8426280835488388, -0.02524402557404441], 0, -1.0, [-0.8668283142145261, -0.02420023066568728]
[-0.8668283142145261, -0.02420023066568728], 2, -1.0, [-0.887885698277213, -0.021057384062686837]
[-0.887885698277213, -0.021057384062686837], 2, -1.0, [-0.9057232164700805, -0.017837518192867448]
[-0.9057232164700805, -0.017837518192867448], 2, -1.0, [-0.92028254344131, -0.014559326971229506]
[-0.92028254344131, -0.014559326971229506], 2, -1.0, [-0.9315209003288134, -0.011238356887503386]
[-0.9315209003288134, -0.011238356887503386], 2, -1.0, [-0.9394082897390545, -0.007887389410241195]
[-0.9394082897390545, -0.007887389410241195], 2, -1.0, [-0.9439252525376893, -0.004516962798634783]
[-0.9439252525376893, -0.004516962798634783], 2, -1.0, [-0.9450612418078627, -0.0011359892701733195]
[-0.9450612418078627, -0.0011359892701733195], 2, -1.0, [-0.9428136737918744, 0.002247568015988217]
[-0.9428136737918744, 0.002247568015988217], 2, -1.0, [-0.9371876872529041, 0.005625986538970286]
[-0.9371876872529041, 0.005625986538970286], 2, -1.0, [-0.9281966188287148, 0.008991068424189326]
[-0.9281966188287148, 0.008991068424189326], 2, -1.0, [-0.9158631792651091, 0.012333439563605811]
[-0.9158631792651091, 0.012333439563605811], 2, -1.0, [-0.9002212904143075, 0.015641888850801578]
[-0.9002212904143075, 0.015641888850801578], 2, -1.0, [-0.8813185123935436, 0.01890277802076385]
[-0.8813185123935436, 0.01890277802076385], 2, -1.0, [-0.8592189520285103, 0.02209956036503339]
[-0.8592189520285103, 0.02209956036503339], 2, -1.0, [-0.8340064968812173, 0.025212455147292957]
[-0.8340064968812173, 0.025212455147292957], 2, -1.0, [-0.8057881652590432, 0.02821833162217411]
[-0.8057881652590432, 0.02821833162217411], 2, -1.0, [-0.7746973060496934, 0.03109085920934977]
[-0.7746973060496934, 0.03109085920934977], 2, -1.0, [-0.7408963308364458, 0.033800975213247667]
[-0.7408963308364458, 0.033800975213247667], 0, -1.0, [-0.7065786255196888, 0.03431770531675707]
[-0.7065786255196888, 0.03431770531675707], 2, -1.0, [-0.6699564630144955, 0.03662216250519325]
[-0.6699564630144955, 0.03662216250519325], 2, -1.0, [-0.6312715489249839, 0.03868491408951157]
[-0.6312715489249839, 0.03868491408951157], 2, -1.0, [-0.5907930592864619, 0.04047848963852212]
[-0.5907930592864619, 0.04047848963852212], 2, -1.0, [-0.5488140186961934, 0.041979040590268454]
[-0.5488140186961934, 0.041979040590268454], 2, -1.0, [-0.5056460440918309, 0.043167974604362454]
[-0.5056460440918309, 0.043167974604362454], 2, -1.0, [-0.46161264988873213, 0.04403339420309878]
[-0.46161264988873213, 0.04403339420309878], 2, -1.0, [-0.41704147686695636, 0.044571173021775795]
[-0.41704147686695636, 0.044571173021775795], 2, -1.0, [-0.37225594158502157, 0.04478553528193481]
[-0.37225594158502157, 0.04478553528193481], 2, -1.0, [-0.3275668799225929, 0.044689061662428614]
[-0.3275668799225929, 0.044689061662428614], 2, -1.0, [-0.2832647623700607, 0.0443021175525322]
[-0.2832647623700607, 0.0443021175525322], 2, -1.0, [-0.23961298901748496, 0.043651773352575744]
[-0.23961298901748496, 0.043651773352575744], 2, -1.0, [-0.19684264263886445, 0.042770346378620504]
[-0.19684264263886445, 0.042770346378620504], 2, -1.0, [-0.15514891337225206, 0.04169372926661238]
[-0.15514891337225206, 0.04169372926661238], 2, -1.0, [-0.11468923697555397, 0.040459676396698084]
[-0.11468923697555397, 0.040459676396698084], 2, -1.0, [-0.0755830364304903, 0.039106200545063675]
[-0.0755830364304903, 0.039106200545063675], 2, -1.0, [-0.03791284183223388, 0.03767019459825642]
[-0.03791284183223388, 0.03767019459825642], 2, -1.0, [-0.0017264940937129977, 0.036186347738520884]
[-0.0017264940937129977, 0.036186347738520884], 2, -1.0, [0.032959887178528796, 0.034686381272241794]
[0.032959887178528796, 0.034686381272241794], 2, -1.0, [0.06615847998070173, 0.03319859280217294]
[0.06615847998070173, 0.03319859280217294], 2, -1.0, [0.09790615197768876, 0.031747671996987026]
[0.09790615197768876, 0.031747671996987026], 2, -1.0, [0.1282608890935643, 0.030354737115875538]
[0.1282608890935643, 0.030354737115875538], 2, -1.0, [0.1572984261292573, 0.029037537035692985]
[0.1572984261292573, 0.029037537035692985], 2, -1.0, [0.18510919231037903, 0.02781076618112173]
[0.18510919231037903, 0.02781076618112173], 2, -1.0, [0.21179563904099133, 0.0266864467306123]
[0.21179563904099133, 0.0266864467306123], 2, -1.0, [0.23746998045740275, 0.025674341416411426]
[0.23746998045740275, 0.025674341416411426], 2, -1.0, [0.26225234988849944, 0.024782369431096688]
[0.26225234988849944, 0.024782369431096688], 2, -1.0, [0.2862693561922821, 0.024017006303782645]
[0.2862693561922821, 0.024017006303782645], 2, -1.0, [0.30965301174392573, 0.02338365555164361]
[0.30965301174392573, 0.02338365555164361], 2, -1.0, [0.3325399970047097, 0.022886985260783983]
[0.3325399970047097, 0.022886985260783983], 2, -1.0, [0.3550712235599247, 0.022531226555214973]
[0.3550712235599247, 0.022531226555214973], 2, -1.0, [0.37739165690531223, 0.022320433345387504]
[0.37739165690531223, 0.022320433345387504], 2, -1.0, [0.39965036092495526, 0.022258704019643034]
[0.39965036092495526, 0.022258704019643034], 2, -1.0, [0.4220007269775702, 0.022350366052614944]
[0.4220007269775702, 0.022350366052614944], 2, -1.0, [0.4446008509914201, 0.022600124013849893]
[0.4446008509914201, 0.022600124013849893], 2, -1.0, [0.4676140212675928, 0.023013170276172744]
[0.4676140212675928, 0.023013170276172744], 2, -1.0, [0.49120927717070567, 0.02359525590311286]
[0.49120927717070567, 0.02359525590311286], 0, -1.0, [0.5135619939207662, 0.022352716750060488]
