[-0.5213261201100109, 0.0], 0, -1.0, [-0.5223431648941188, -0.0010170447841079259]
[-0.5223431648941188, -0.0010170447841079259], 0, -1.0, [-0.5243696267362382, -0.002026461842119429]
[-0.5243696267362382, -0.002026461842119429], 0, -1.0, [-0.5273903071999761, -0.003020680463737929]
[-0.5273903071999761, -0.003020680463737929], 0, -1.0, [-0.5313825517898897, -0.003992244589913499]
[-0.5313825517898897, -0.003992244589913499], 0, -1.0, [-0.5363164233636877, -0.004933871573798006]
[-0.5363164233636877, -0.004933871573798006], 0, -1.0, [-0.5421549357180697, -0.005838512354382004]
[-0.5421549357180697, -0.005838512354382004], 0, -1.0, [-0.5488543487418709, -0.006699413023801116]
[-0.5488543487418709, -0.006699413023801116], 0, -1.0, [-0.5563645261426302, -0.0075101774007592815]
[-0.5563645261426302, -0.0075101774007592815], 0, -1.0, [-0.5646293559658349, -0.008264829823204622]
[-0.5646293559658349, -0.008264829823204622], 0, -1.0, [-0.5735872329452659, -0.008957876979431104]
[-0.5735872329452659, -0.008957876979431104], 0, -1.0, [-0.5831716001915481, -0.009584367246282189]
[-0.5831716001915481, -0.009584367246282189], 0, -1.0, [-0.5933115459246527, -0.010139945733104599]
[-0.5933115459246527, -0.010139945733104599], 0, -1.0, [-0.6039324489976137, -0.010620903072960918]
[-0.6039324489976137, -0.010620903072960918], 0, -1.0, [-0.6149566649803179, -0.01102421598270423]
[-0.6149566649803179, -0.01102421598270423], 0, -1.0, [-0.6263042427243719, -0.01134757774405405]
[-0.6263042427243719, -0.01134757774405405], 0, -1.0, [-0.637893659763078, -0.01158941703870612]
[-0.637893659763078, -0.01158941703870612], 0, -1.0, [-0.6496425637506393, -0.011748903987561395]
[-0.6496425637506393, -0.011748903987561395], 0, -1.0, [-0.6614685065204815, -0.011825942769842123]
[-0.6614685065204815, -0.011825942769842123], 0, -1.0, [-0.673289657314214, -0.011821150793732488]
[-0.673289657314214, -0.011821150793732488], 0, -1.0, [-0.685025482324924, -0.011735825010709971]
[-0.685025482324924, -0.011735825010709971], 0, -1.0, [-0.696597378887985, -0.011571896563061016]
[-0.696597378887985, -0.011571896563061016], 0, -1.0, [-0.7079292543710257, -0.011331875483040712]
[-0.7079292543710257, -0.011331875483040712], 0, -1.0, [-0.7189480419559091, -0.011018787584883418]
[-0.7189480419559091, -0.011018787584883418], 0, -1.0, [-0.7295841479363028, -0.010636105980393714]
[-0.7295841479363028, -0.010636105980393714], 0, -1.0, [-0.7397718277273445, -0.010187679791041758]
[-0.7397718277273445, -0.010187679791041758], 2, -1.0, [-0.7474494903508796, -0.007677662623535099]
[-0.7474494903508796, -0.007677662623535099], 2, -1.0, [-0.7525716483673616, -0.005122158016481974]
[-0.7525716483673616, -0.005122158016481974], 2, -1.0, [-0.7551084122320905, -0.002536763864728858]
[-0.7551084122320905, -0.002536763864728858], 2, -1.0, [-0.755045117231841, 6.32950002495249e-05]
[-0.755045117231841, 6.32950002495249e-05], 2, -1.0, [-0.7523821281433218, 0.0026629890885191947]
[-0.7523821281433218, 0.0026629890885191947], 2, -1.0, [-0.7471348441923685, 0.005247283950953277]
[-0.7471348441923685, 0.005247283950953277], 2, -1.0, [-0.7393339037488633, 0.007800940443505256]
[-0.7393339037488633, 0.007800940443505256], 2, -1.0, [-0.729025565062216, 0.010308338686647303]
[-0.729025565062216, 0.010308338686647303], 2, -1.0, [-0.7162722168255992, 0.012753348236616916]
[-0.7162722168255992, 0.012753348236616916], 2, -1.0, [-0.7011529512422585, 0.015119265583340702]
[-0.7011529512422585, 0.015119265583340702], 2, -1.0, [-0.6837641136747217, 0.017388837567536876]
[-0.6837641136747217, 0.017388837567536876], 2, -1.0, [-0.6642197284051332, 0.019544385269588474]
[-0.6642197284051332, 0.019544385269588474], 2, -1.0, [-0.642651691385586, 0.02156803701954721]
[-0.642651691385586, 0.02156803701954721], 2, -1.0, [-0.6192096201269651, 0.023442071258620828]
[-0.6192096201269651, 0.023442071258620828], 2, -1.0, [-0.5940602598922636, 0.025149360234701462]
[-0.5940602598922636, 0.025149360234701462], 2, -1.0, [-0.5673863653141784, 0.026673894578085184]
[-0.5673863653141784, 0.026673894578085184], 1, -1.0, [-0.5403850075066337, 0.027001357807544767]
[-0.5403850075066337, 0.027001357807544767], 0, -1.0, [-0.5142578061653476, 0.02612720134128607]
[-0.5142578061653476, 0.02612720134128607], 0, -1.0, [-0.48920065292603343, 0.0250571532393141]
[-0.48920065292603343, 0.0250571532393141], 0, -1.0, [-0.4654010279651557, 0.02379962496087771]
[-0.4654010279651557, 0.02379962496087771], 0, -1.0, [-0.443035671951002, 0.022365356014153685]
[-0.443035671951002, 0.022365356014153685], 1, -1.0, [-0.421268673882702, 0.021766998068300018]
[-0.421268673882702, 0.021766998068300018], 0, -1.0, [-0.40125715337859486, 0.02001152050410715]
[-0.40125715337859486, 0.02001152050410715], 0, -1.0, [-0.3831427329681949, 0.01811442041039997]
[-0.3831427329681949, 0.01811442041039997], 0, -1.0, [-0.36705083579153946, 0.01609189717665546]
[-0.36705083579153946, 0.01609189717665546], 0, -1.0, [-0.35309036035825503, 0.01396047543328443]
[-0.35309036035825503, 0.01396047543328443], 0, -1.0, [-0.3413536544958466, 0.011736705862408438]
[-0.3413536544958466, 0.011736705862408438], 0, -1.0, [-0.3319167017976358, 0.009436952698210755]
[-0.3319167017976358, 0.009436952698210755], 0, -1.0, [-0.3248394330462937, 0.007077268751342115]
[-0.3248394330462937, 0.007077268751342115], 0, -1.0, [-0.3201660810278033, 0.004673352018490397]
[-0.3201660810278033, 0.004673352018490397], 0, -1.0, [-0.31792550840523637, 0.002240572622566943]
[-0.31792550840523637, 0.002240572622566943], 0, -1.0, [-0.3181314534441255, -0.00020594503888917912]
[-0.3181314534441255, -0.00020594503888917912], 0, -1.0, [-0.32078265609271855, -0.002651202648593044]
[-0.32078265609271855, -0.002651202648593044], 0, -1.0, [-0.3258628461691352, -0.005080190076416629]
[-0.3258628461691352, -0.005080190076416629], 0, -1.0, [-0.33334059533972876, -0.007477749170593552]
[-0.33334059533972876, -0.007477749170593552], 0, -1.0, [-0.34316905444391455, -0.0098284591041858]
[-0.34316905444391455, -0.0098284591041858], 0, -1.0, [-0.35528561677512216, -0.012116562331207623]
[-0.35528561677512216, -0.012116562331207623], 0, -1.0, [-0.369611565283302, -0.014325948508179889]
[-0.369611565283302, -0.014325948508179889], 0, -1.0, [-0.38605177623145875, -0.01644021094815671]
[-0.38605177623145875, -0.01644021094815671], 0, -1.0, [-0.40449456230310615, -0.018442786071647378]
[-0.40449456230310615, -0.018442786071647378], 0, -1.0, [-0.42481174305590996, -0.020317180752803792]
[-0.42481174305590996, -0.020317180752803792], 0, -1.0, [-0.44685902851255566, -0.022047285456645704]
[-0.44685902851255566, -0.022047285456645704], 0, -1.0, [-0.47047679143394877, -0.02361776292139314]
[-0.47047679143394877, -0.02361776292139314], 0, -1.0, [-0.4954912849194272, -0.02501449348547843]
[-0.4954912849194272, -0.02501449348547843], 2, -1.0, [-0.5197163348586588, -0.024225049939231608]
[-0.5197163348586588, -0.024225049939231608], 0, -1.0, [-0.5449705024450767, -0.02525416758641793]
[-0.5449705024450767, -0.02525416758641793], 0, -1.0, [-0.5710644918750274, -0.02609398942995066]
[-0.5710644918750274, -0.02609398942995066], 0, -1.0, [-0.5978036902885826, -0.026739198413555224]
[-0.5978036902885826, -0.026739198413555224], 0, -1.0, [-0.6249909372115442, -0.027187246922961563]
[-0.6249909372115442, -0.027187246922961563], 0, -1.0, [-0.6524294152193907, -0.027438478007846448]
[-0.6524294152193907, -0.027438478007846448], 0, -1.0, [-0.6799255396613998, -0.02749612444200915]
[-0.6799255396613998, -0.02749612444200915], 0, -1.0, [-0.7072917218260767, -0.027366182164676872]
[-0.7072917218260767, -0.027366182164676872], 0, -1.0, [-0.7343488873382306, -0.027057165512153907]
[-0.7343488873382306, -0.027057165512153907], 2, -1.0, [-0.7589286488567553, -0.024579761518524704]
[-0.7589286488567553, -0.024579761518524704], 0, -1.0, [-0.7828864423304293, -0.023957793473673973]
[-0.7828864423304293, -0.023957793473673973], 0, -1.0, [-0.8060898393230802, -0.023203396992650976]
[-0.8060898393230802, -0.023203396992650976], 2, -1.0, [-0.8264192104224694, -0.020329371099389107]
[-0.8264192104224694, -0.020329371099389107], 2, -1.0, [-0.8437771854278213, -0.017357975005351994]
[-0.8437771854278213, -0.017357975005351994], 2, -1.0, [-0.8580864143937783, -0.014309228965956941]
[-0.8580864143937783, -0.014309228965956941], 2, -1.0, [-0.8692873009662091, -0.011200886572430815]
[-0.8692873009662091, -0.011200886572430815], 2, -1.0, [-0.8773358999097792, -0.008048598943570085]
[-0.8773358999097792, -0.008048598943570085], 2, -1.0, [-0.8822021312319724, -0.004866231322193226]
[-0.8822021312319724, -0.004866231322193226], 2, -1.0, [-0.8838684244623196, -0.0016662932303471256]
[-0.8838684244623196, -0.0016662932303471256], 2, -1.0, [-0.882328870698309, 0.001539553764010652]
[-0.882328870698309, 0.001539553764010652], 2, -1.0, [-0.8775889274735394, 0.004739943224769564]
[-0.8775889274735394, 0.004739943224769564], 2, -1.0, [-0.8696656915264678, 0.007923235947071639]
[-0.8696656915264678, 0.007923235947071639], 2, -1.0, [-0.8585887255446923, 0.011076965981775419]
[-0.8585887255446923, 0.011076965981775419], 2, -1.0, [-0.8444013950549519, 0.014187330489740385]
[-0.8444013950549519, 0.014187330489740385], 2, -1.0, [-0.8271626391974128, 0.01723875585753914]
[-0.8271626391974128, 0.01723875585753914], 2, -1.0, [-0.8069490633104752, 0.02021357588693767]
[-0.8069490633104752, 0.02021357588693767], 2, -1.0, [-0.7838572024910843, 0.023091860819391]
[-0.7838572024910843, 0.023091860819391], 2, -1.0, [-0.7580057657583967, 0.0258514367326875]
[-0.7580057657583967, 0.0258514367326875], 2, -1.0, [-0.7295376343374057, 0.02846813142099102]
[-0.7295376343374057, 0.02846813142099102], 2, -1.0, [-0.6986213610779761, 0.030916273259429562]
[-0.6986213610779761, 0.030916273259429562], 2, -1.0, [-0.6654519087315662, 0.03316945234640988]
[-0.6654519087315662, 0.03316945234640988], 2, -1.0, [-0.6302503805058465, 0.035201528225719786]
[-0.6302503805058465, 0.035201528225719786], 2, -1.0, [-0.5932625431080533, 0.03698783739779319]
[-0.5932625431080533, 0.03698783739779319], 2, -1.0, [-0.5547560225686288, 0.038506520539424466]
[-0.5547560225686288, 0.038506520539424466], 2, -1.0, [-0.5150161628030822, 0.0397398597655466]
[-0.5150161628030822, 0.0397398597655466], 2, -1.0, [-0.47434066552141885, 0.040675497281663336]
[-0.47434066552141885, 0.040675497281663336], 2, -1.0, [-0.4330332609554176, 0.041307404566001224]
[-0.4330332609554176, 0.041307404566001224], 2, -1.0, [-0.3913967717186814, 0.041636489236736206]
[-0.3913967717186814, 0.041636489236736206], 2, -1.0, [-0.3497260075697786, 0.04167076414890283]
[-0.3497260075697786, 0.04167076414890283], 2, -1.0, [-0.3083009531256587, 0.0414250544441199]
[-0.3083009531256587, 0.0414250544441199], 2, -1.0, [-0.26738067910169117, 0.04092027402396755]
[-0.26738067910169117, 0.04092027402396755], 2, -1.0, [-0.22719832634936643, 0.040182352752324735]
[-0.22719832634936643, 0.040182352752324735], 2, -1.0, [-0.18795739564309477, 0.03924093070627165]
[-0.18795739564309477, 0.03924093070627165], 2, -1.0, [-0.14982944471709442, 0.03812795092600034]
[-0.14982944471709442, 0.03812795092600034], 2, -1.0, [-0.11295316764480093, 0.03687627707229348]
[-0.11295316764480093, 0.03687627707229348], 2, -1.0, [-0.07743472655590655, 0.03551844108889437]
[-0.07743472655590655, 0.03551844108889437], 2, -1.0, [-0.04334913174096396, 0.03408559481494259]
[-0.04334913174096396, 0.03408559481494259], 2, -1.0, [-0.010742426297426451, 0.03260670544353751]
[-0.010742426297426451, 0.03260670544353751], 2, -1.0, [0.020365577280632954, 0.031108003578059405]
[0.020365577280632954, 0.031108003578059405], 2, -1.0, [0.0499782454207298, 0.02961266814009685]
[0.0499782454207298, 0.02961266814009685], 2, -1.0, [0.07811896148902323, 0.02814071606829343]
[0.07811896148902323, 0.02814071606829343], 2, -1.0, [0.10482801784444602, 0.0267090563554228]
[0.10482801784444602, 0.0267090563554228], 2, -1.0, [0.1301596839471957, 0.025331666102749676]
[0.1301596839471957, 0.025331666102749676], 2, -1.0, [0.1541795329905082, 0.024019849043312506]
[0.1541795329905082, 0.024019849043312506], 2, -1.0, [0.17696207552074197, 0.022782542530233766]
[0.17696207552074197, 0.022782542530233766], 2, -1.0, [0.198588721264288, 0.021626645743546027]
[0.198588721264288, 0.021626645743546027], 2, -1.0, [0.21914606997207436, 0.02055734870778635]
[0.21914606997207436, 0.02055734870778635], 2, -1.0, [0.23872451789439988, 0.01957844792232553]
[0.23872451789439988, 0.01957844792232553], 2, -1.0, [0.2574171575187599, 0.018692639624359995]
[0.2574171575187599, 0.018692639624359995], 2, -1.0, [0.2753189433382202, 0.017901785819460322]
[0.2753189433382202, 0.017901785819460322], 2, -1.0, [0.29252609461330964, 0.017207151275089403]
[0.29252609461330964, 0.017207151275089403], 2, -1.0, [0.30913570642634847, 0.016609611813038855]
[0.30913570642634847, 0.016609611813038855], 2, -1.0, [0.32524554205133316, 0.016109835624984675]
[0.32524554205133316, 0.016109835624984675], 2, -1.0, [0.3409539821900779, 0.015708440138744725]
[0.3409539821900779, 0.015708440138744725], 2, -1.0, [0.3563601095198861, 0.015406127329808233]
[0.3563601095198861, 0.015406127329808233], 2, -1.0, [0.37156390994438787, 0.015203800424501757]
[0.37156390994438787, 0.015203800424501757], 2, -1.0, [0.3866665747141268, 0.01510266476973895]
[0.3866665747141268, 0.01510266476973895], 2, -1.0, [0.4017708900280823, 0.015104315313955497]
[0.4017708900280823, 0.015104315313955497], 2, -1.0, [0.4169817027221991, 0.015210812694116766]
[0.4169817027221991, 0.015210812694116766], 2, -1.0, [0.4324064520948472, 0.015424749372648108]
[0.4324064520948472, 0.015424749372648108], 2, -1.0, [0.4481557587099014, 0.015749306615054217]
[0.4481557587099014, 0.015749306615054217], 2, -1.0, [0.46434406103630066, 0.01618830232639929]
[0.46434406103630066, 0.01618830232639929], 2, -1.0, [0.4810902898761073, 0.016746228839806653]
[0.4810902898761073, 0.016746228839806653], 2, -1.0, [0.49851856850129495, 0.017428278625187626]
[0.49851856850129495, 0.017428278625187626], 2, -1.0, [0.5167589230015774, 0.018240354500282475]
