[-0.5348986162116641, 0.0], 0, -1.0, [-0.5358138836380356, -0.0009152674263714958]
[-0.5358138836380356, -0.0009152674263714958], 0, -1.0, [-0.5376375582570094, -0.001823674618973769]
[-0.5376375582570094, -0.001823674618973769], 0, -1.0, [-0.540355973130541, -0.0027184148735315285]
[-0.540355973130541, -0.0027184148735315285], 0, -1.0, [-0.5439487619525706, -0.003592788822029653]
[-0.5439487619525706, -0.003592788822029653], 0, -1.0, [-0.5483890206672559, -0.004440258714685377]
[-0.5483890206672559, -0.004440258714685377], 0, -1.0, [-0.553643523890282, -0.005254503223026126]
[-0.553643523890282, -0.005254503223026126], 0, -1.0, [-0.5596729964884611, -0.006029472598179069]
[-0.5596729964884611, -0.006029472598179069], 0, -1.0, [-0.5664324402538911, -0.006759443765429962]
[-0.5664324402538911, -0.006759443765429962], 0, -1.0, [-0.5738715149186455, -0.007439074664754516]
[-0.5738715149186455, -0.007439074664754516], 0, -1.0, [-0.5819349718018608, -0.0080634568832153]
[-0.5819349718018608, -0.0080634568832153], 0, -1.0, [-0.590563137197526, -0.008628165395665176]
[-0.590563137197526, -0.008628165395665176], 0, -1.0, [-0.5996924412581643, -0.009129304060638367]
[-0.5996924412581643, -0.009129304060638367], 0, -1.0, [-0.6092559866886723, -0.009563545430507945]
[-0.6092559866886723, -0.009563545430507945], 0, -1.0, [-0.6191841501335155, -0.009928163444843159]
[-0.6191841501335155, -0.009928163444843159], 0, -1.0, [-0.629405207824933, -0.010221057691417517]
[-0.629405207824933, -0.010221057691417517], 0, -1.0, [-0.6398459759642766, -0.010440768139343604]
[-0.6398459759642766, -0.010440768139343604], 0, -1.0, [-0.6504324555269301, -0.010586479562653513]
[-0.6504324555269301, -0.010586479562653513], 0, -1.0, [-0.6610904707876696, -0.010658015260739529]
[-0.6610904707876696, -0.010658015260739529], 0, -1.0, [-0.6717462909053338, -0.010655820117664219]
[-0.6717462909053338, -0.010655820117664219], 0, -1.0, [-0.682327224399382, -0.01058093349404819]
[-0.682327224399382, -0.01058093349404819], 0, -1.0, [-0.6927621772795043, -0.010434952880122297]
[-0.6927621772795043, -0.010434952880122297], 0, -1.0, [-0.7029821669049058, -0.010219989625401542]
[-0.7029821669049058, -0.010219989625401542], 0, -1.0, [-0.7129207852777563, -0.00993861837285044]
[-0.7129207852777563, -0.00993861837285044], 2, -1.0, [-0.720514607321757, -0.007593822044000669]
[-0.720514607321757, -0.007593822044000669], 2, -1.0, [-0.7257159743868418, -0.005201367065084787]
[-0.7257159743868418, -0.005201367065084787], 2, -1.0, [-0.7284926583337878, -0.002776683946946077]
[-0.7284926583337878, -0.002776683946946077], 2, -1.0, [-0.7288275961013306, -0.000334937767542824]
[-0.7288275961013306, -0.000334937767542824], 2, -1.0, [-0.7267187361942874, 0.002108859907043189]
[-0.7267187361942874, 0.002108859907043189], 2, -1.0, [-0.7221790196093791, 0.0045397165849082755]
[-0.7221790196093791, 0.0045397165849082755], 2, -1.0, [-0.7152364979324884, 0.006942521676890644]
[-0.7152364979324884, 0.006942521676890644], 2, -1.0, [-0.7059345714579717, 0.009301926474516756]
[-0.7059345714579717, 0.009301926474516756], 2, -1.0, [-0.694332310941595, 0.011602260516376688]
[-0.694332310941595, 0.011602260516376688], 2, -1.0, [-0.6805048088499197, 0.013827502091675322]
[-0.6805048088499197, 0.013827502091675322], 2, -1.0, [-0.6645434907494345, 0.01596131810048515]
[-0.6645434907494345, 0.01596131810048515], 2, -1.0, [-0.6465563060518957, 0.017987184697538808]
[-0.6465563060518957, 0.017987184697538808], 2, -1.0, [-0.6266677111331871, 0.019888594918708702]
[-0.6266677111331871, 0.019888594918708702], 2, -1.0, [-0.605018358324828, 0.021649352808359123]
[-0.605018358324828, 0.021649352808359123], 2, -1.0, [-0.5817644126610703, 0.02325394566375772]
[-0.5817644126610703, 0.02325394566375772], 0, -1.0, [-0.5590764352206201, 0.02268797744045012]
[-0.5590764352206201, 0.02268797744045012], 0, -1.0, [-0.5371228774112702, 0.021953557809349974]
[-0.5371228774112702, 0.021953557809349974], 0, -1.0, [-0.516067916663765, 0.021054960747505222]
[-0.516067916663765, 0.021054960747505222], 0, -1.0, [-0.49606943255347247, 0.019998484110292473]
[-0.49606943255347247, 0.019998484110292473], 0, -1.0, [-0.4772771838814715, 0.018792248672000952]
[-0.4772771838814715, 0.018792248672000952], 0, -1.0, [-0.45983123006909093, 0.01744595381238056]
[-0.45983123006909093, 0.01744595381238056], 0, -1.0, [-0.44386062107927754, 0.01597060898981338]
[-0.44386062107927754, 0.01597060898981338], 0, -1.0, [-0.4294823609189358, 0.014378260160341697]
[-0.4294823609189358, 0.014378260160341697], 0, -1.0, [-0.41680063235271986, 0.012681728566215978]
[-0.41680063235271986, 0.012681728566215978], 0, -1.0, [-0.40590625614353676, 0.010894376209183107]
[-0.40590625614353676, 0.010894376209183107], 0, -1.0, [-0.3968763478178225, 0.009029908325714276]
[-0.3968763478178225, 0.009029908325714276], 0, -1.0, [-0.3897741290279725, 0.007102218789850031]
[-0.3897741290279725, 0.007102218789850031], 0, -1.0, [-0.38464884900609025, 0.00512528002188222]
[-0.38464884900609025, 0.00512528002188222], 0, -1.0, [-0.3815357739924302, 0.0031130750136600435]
[-0.3815357739924302, 0.0031130750136600435], 0, -1.0, [-0.3804562082774579, 0.0010795657149722973]
[-0.3804562082774579, 0.0010795657149722973], 0, -1.0, [-0.3814175188996734, -0.0009613106222155087]
[-0.3814175188996734, -0.0009613106222155087], 0, -1.0, [-0.38441314633241436, -0.0029956274327409436]
[-0.38441314633241436, -0.0029956274327409436], 0, -1.0, [-0.3894225949142246, -0.005009448581810233]
[-0.3894225949142246, -0.005009448581810233], 0, -1.0, [-0.39641140858704904, -0.006988813672824449]
[-0.39641140858704904, -0.006988813672824449], 0, -1.0, [-0.40533114897051786, -0.008919740383468846]
[-0.40533114897051786, -0.008919740383468846], 0, -1.0, [-0.4161194031777334, -0.010788254207215539]
[-0.4161194031777334, -0.010788254207215539], 0, -1.0, [-0.42869985731151067, -0.012580454133777293]
[-0.42869985731151067, -0.012580454133777293], 0, -1.0, [-0.44298247750938946, -0.01428262019787881]
[-0.44298247750938946, -0.01428262019787881], 0, -1.0, [-0.458863843008104, -0.015881365498714568]
[-0.458863843008104, -0.015881365498714568], 0, -1.0, [-0.4762276743630357, -0.0173638313549317]
[-0.4762276743630357, -0.0173638313549317], 0, -1.0, [-0.4949455942895114, -0.018717919926475722]
[-0.4949455942895114, -0.018717919926475722], 0, -1.0, [-0.5148781485240683, -0.019932554234556907]
[-0.5148781485240683, -0.019932554234556907], 0, -1.0, [-0.5358761000009609, -0.02099795147689255]
[-0.5358761000009609, -0.02099795147689255], 0, -1.0, [-0.557781992362606, -0.021905892361645092]
[-0.557781992362606, -0.021905892361645092], 0, -1.0, [-0.5804319597190873, -0.022649967356481435]
[-0.5804319597190873, -0.022649967356481435], 0, -1.0, [-0.6036577403777308, -0.023225780658643447]
[-0.6036577403777308, -0.023225780658643447], 0, -1.0, [-0.6272888349191355, -0.023631094541404666]
[-0.6272888349191355, -0.023631094541404666], 0, -1.0, [-0.6511547353906415, -0.023865900471506014]
[-0.6511547353906415, -0.023865900471506014], 0, -1.0, [-0.6750871440829574, -0.02393240869231595]
[-0.6750871440829574, -0.02393240869231595], 0, -1.0, [-0.698922098335183, -0.02383495425222563]
[-0.698922098335183, -0.02383495425222563], 0, -1.0, [-0.7225019223237155, -0.023579823988532405]
[-0.7225019223237155, -0.023579823988532405], 0, -1.0, [-0.745676937299323, -0.023175014975607536]
[-0.745676937299323, -0.023175014975607536], 0, -1.0, [-0.7683068770265673, -0.022629939727244277]
[-0.7683068770265673, -0.022629939727244277], 0, -1.0, [-0.7902619735523334, -0.02195509652576612]
[-0.7902619735523334, -0.02195509652576612], 2, -1.0, [-0.809423697976013, -0.019161724423679638]
[-0.809423697976013, -0.019161724423679638], 2, -1.0, [-0.8256949409201831, -0.016271242944170167]
[-0.8256949409201831, -0.016271242944170167], 2, -1.0, [-0.8389981328961278, -0.013303191975944637]
[-0.8389981328961278, -0.013303191975944637], 2, -1.0, [-0.849273329587032, -0.010275196690904313]
[-0.849273329587032, -0.010275196690904313], 2, -1.0, [-0.856476436760352, -0.007203107173319916]
[-0.856476436760352, -0.007203107173319916], 2, -1.0, [-0.8605777149421202, -0.00410127818176819]
[-0.8605777149421202, -0.00410127818176819], 2, -1.0, [-0.8615606687997447, -0.0009829538576244562]
[-0.8615606687997447, -0.0009829538576244562], 2, -1.0, [-0.8594213924402814, 0.0021392763594632607]
[-0.8594213924402814, 0.0021392763594632607], 2, -1.0, [-0.8541684101299116, 0.005252982310369757]
[-0.8541684101299116, 0.005252982310369757], 2, -1.0, [-0.8458230217808549, 0.008345388349056697]
[-0.8458230217808549, 0.008345388349056697], 2, -1.0, [-0.8344201328031586, 0.011402888977696259]
[-0.8344201328031586, 0.011402888977696259], 2, -1.0, [-0.8200095172965552, 0.01441061550660344]
[-0.8200095172965552, 0.01441061550660344], 2, -1.0, [-0.8026574311104974, 0.017352086186057915]
[-0.8026574311104974, 0.017352086186057915], 2, -1.0, [-0.7824484568849478, 0.020208974225549542]
[-0.7824484568849478, 0.020208974225549542], 2, -1.0, [-0.7594874278970903, 0.02296102898785741]
[-0.7594874278970903, 0.02296102898785741], 2, -1.0, [-0.7339012440397161, 0.02558618385737417]
[-0.7339012440397161, 0.02558618385737417], 2, -1.0, [-0.7058403658729456, 0.02806087816677053]
[-0.7058403658729456, 0.02806087816677053], 2, -1.0, [-0.6754797571629967, 0.030360608709948916]
[-0.6754797571629967, 0.030360608709948916], 2, -1.0, [-0.6430190490653076, 0.03246070809768903]
[-0.6430190490653076, 0.03246070809768903], 2, -1.0, [-0.6086817259459603, 0.03433732311934732]
[-0.6086817259459603, 0.03433732311934732], 2, -1.0, [-0.5727131873145082, 0.03596853863145207]
[-0.5727131873145082, 0.03596853863145207], 2, -1.0, [-0.5353776219932528, 0.03733556532125532]
[-0.5353776219932528, 0.03733556532125532], 2, -1.0, [-0.4969537337077674, 0.03842388828548537]
[-0.4969537337077674, 0.03842388828548537], 2, -1.0, [-0.45772947048968154, 0.039224263218085864]
[-0.45772947048968154, 0.039224263218085864], 2, -1.0, [-0.4179960181775727, 0.03973345231210881]
[-0.4179960181775727, 0.03973345231210881], 0, -1.0, [-0.380041404021672, 0.03795461415590066]
[-0.380041404021672, 0.03795461415590066], 2, -1.0, [-0.3421304939595071, 0.03791091006216492]
[-0.3421304939595071, 0.03791091006216492], 2, -1.0, [-0.30451435656075715, 0.03761613739874996]
[-0.30451435656075715, 0.03761613739874996], 2, -1.0, [-0.26742558075275924, 0.037088775807997895]
[-0.26742558075275924, 0.037088775807997895], 2, -1.0, [-0.23107448412007053, 0.03635109663268871]
[-0.23107448412007053, 0.03635109663268871], 2, -1.0, [-0.19564636289838105, 0.03542812122168948]
[-0.19564636289838105, 0.03542812122168948], 2, -1.0, [-0.1612998410656241, 0.034346521832756965]
[-0.1612998410656241, 0.034346521832756965], 2, -1.0, [-0.12816628789486106, 0.03313355317076301]
[-0.12816628789486106, 0.03313355317076301], 2, -1.0, [-0.09635020103062393, 0.031816086864237134]
[-0.09635020103062393, 0.031816086864237134], 2, -1.0, [-0.06593040148081586, 0.030419799549808075]
[-0.06593040148081586, 0.030419799549808075], 2, -1.0, [-0.03696185944765063, 0.028968542033165227]
[-0.03696185944765063, 0.028968542033165227], 2, -1.0, [-0.009477963641808262, 0.02748389580584237]
[-0.009477963641808262, 0.02748389580584237], 2, -1.0, [0.016506942703638866, 0.025984906345447128]
[0.016506942703638866, 0.025984906345447128], 2, -1.0, [0.04099491381321692, 0.024487971109578052]
[0.04099491381321692, 0.024487971109578052], 2, -1.0, [0.06400176766256047, 0.02300685384934354]
[0.06400176766256047, 0.02300685384934354], 2, -1.0, [0.08555456265783397, 0.021552794995273503]
[0.08555456265783397, 0.021552794995273503], 2, -1.0, [0.10568925190547591, 0.02013468924764195]
[0.10568925190547591, 0.02013468924764195], 2, -1.0, [0.12444855684818573, 0.018759304942709824]
[0.12444855684818573, 0.018759304942709824], 2, -1.0, [0.14188008108149452, 0.017431524233308807]
[0.14188008108149452, 0.017431524233308807], 2, -1.0, [0.15803466891316728, 0.016154587831672763]
[0.15803466891316728, 0.016154587831672763], 2, -1.0, [0.17296500140291265, 0.014930332489745362]
[0.17296500140291265, 0.014930332489745362], 2, -1.0, [0.18672441464211645, 0.01375941323920379]
[0.18672441464211645, 0.01375941323920379], 2, -1.0, [0.19936592019752825, 0.012641505555411794]
[0.19936592019752825, 0.012641505555411794], 2, -1.0, [0.21094140523748553, 0.011575485039957287]
[0.21094140523748553, 0.011575485039957287], 2, -1.0, [0.22150098923706368, 0.010559583999578149]
[0.22150098923706368, 0.010559583999578149], 2, -1.0, [0.23109251477107062, 0.009591525534006946]
[0.23109251477107062, 0.009591525534006946], 2, -1.0, [0.2397611513114837, 0.008668636540413095]
[0.2397611513114837, 0.008668636540413095], 2, -1.0, [0.24754909281292195, 0.00778794150143824]
[0.24754909281292195, 0.00778794150143824], 2, -1.0, [0.2544953319510064, 0.006946239138084398]
[0.2544953319510064, 0.006946239138084398], 2, -1.0, [0.26063549600372937, 0.006140164052723009]
[0.26063549600372937, 0.006140164052723009], 0, -1.0, [0.2640017314237869, 0.003366235420057534]
[0.2640017314237869, 0.003366235420057534], 0, -1.0, [0.2646119180806377, 0.0006101866568507864]
[0.2646119180806377, 0.0006101866568507864], 0, -1.0, [0.2624693162276876, -0.0021426018529501468]
[0.2624693162276876, -0.0021426018529501468], 0, -1.0, [0.2575625038216033, -0.0049068124060842894]
[0.2575625038216033, -0.0049068124060842894], 0, -1.0, [0.24986559839602737, -0.007696905425575917]
[0.24986559839602737, -0.007696905425575917], 0, -1.0, [0.23933878384690754, -0.010526814549119839]
[0.23933878384690754, -0.010526814549119839], 0, -1.0, [0.22592918870642117, -0.013409595140486378]
[0.22592918870642117, -0.013409595140486378], 0, -1.0, [0.20957218862205765, -0.016357000084363527]
[0.20957218862205765, -0.016357000084363527], 0, -1.0, [0.19019323110993405, -0.019378957512123603]
[0.19019323110993405, -0.019378957512123603], 0, -1.0, [0.16771030356625405, -0.02248292754368]
[0.16771030356625405, -0.02248292754368], 0, -1.0, [0.14203718296131917, -0.025673120604934888]
[0.14203718296131917, -0.025673120604934888], 0, -1.0, [0.1130876127175571, -0.028949570243762067]
[0.1130876127175571, -0.028949570243762067], 0, -1.0, [0.0807805418655026, -0.032307070852054504]
[0.0807805418655026, -0.032307070852054504], 0, -1.0, [0.04504652425899245, -0.03573401760651015]
[0.04504652425899245, -0.03573401760651015], 0, -1.0, [0.005835300311458576, -0.039211223947533874]
[0.005835300311458576, -0.039211223947533874], 0, -1.0, [-0.03687554057514867, -0.042710840886607246]
[-0.03687554057514867, -0.042710840886607246], 0, -1.0, [-0.08307109924513618, -0.046195558669987515]
[-0.08307109924513618, -0.046195558669987515], 0, -1.0, [-0.13268942480291226, -0.04961832555777609]
[-0.13268942480291226, -0.04961832555777609], 0, -1.0, [-0.18561227917172388, -0.052922854368811605]
[-0.18561227917172388, -0.052922854368811605], 0, -1.0, [-0.2416574612850909, -0.05604518211336702]
[-0.2416574612850909, -0.05604518211336702], 0, -1.0, [-0.3005739377357707, -0.058916476450679774]
[-0.3005739377357707, -0.058916476450679774], 0, -1.0, [-0.3620410649486844, -0.06146712721291368]
[-0.3620410649486844, -0.06146712721291368], 0, -1.0, [-0.4256729900680276, -0.06363192511934322]
[-0.4256729900680276, -0.06363192511934322], 0, -1.0, [-0.49102883970055755, -0.06535584963252992]
[-0.49102883970055755, -0.06535584963252992], 0, -1.0, [-0.5576285753479431, -0.06659973564738551]
[-0.5576285753479431, -0.06659973564738551], 0, -1.0, [-0.6249735305998935, -0.06734495525195043]
[-0.6249735305998935, -0.06734495525195043], 0, -1.0, [-0.6925698414943179, -0.06759631089442442]
[-0.6925698414943179, -0.06759631089442442], 0, -1.0, [-0.7599524500496484, -0.06738260855533053]
[-0.7599524500496484, -0.06738260855533053], 0, -1.0, [-0.8267072551057739, -0.06675480505612555]
[-0.8267072551057739, -0.06675480505612555], 0, -1.0, [-0.8924893362847581, -0.06578208117898424]
[-0.8924893362847581, -0.06578208117898424], 0, -1.0, [-0.9570358830828108, -0.06454654679805275]
[-0.9570358830828108, -0.06454654679805275], 0, -1.0, [-1.0201733263380819, -0.0631374432552711]
[-1.0201733263380819, -0.0631374432552711], 0, -1.0, [-1.0818189810673946, -0.06164565472931276]
[-1.0818189810673946, -0.06164565472931276], 0, -1.0, [-1.141978108416842, -0.06015912734944745]
[-1.141978108416842, -0.06015912734944745], 0, -1.0, [-1.2, 0.0]
[-1.2, 0.0], 2, -1.0, [-1.1967581039591646, 0.003241896040835368]
[-1.1967581039591646, 0.003241896040835368], 2, -1.0, [-1.1902636585360942, 0.006494445423070332]
[-1.1902636585360942, 0.006494445423070332], 2, -1.0, [-1.1804959639787937, 0.009767694557300442]
[-1.1804959639787937, 0.009767694557300442], 2, -1.0, [-1.1674255149588486, 0.013070449019945182]
[-1.1674255149588486, 0.013070449019945182], 2, -1.0, [-1.1510159267200155, 0.016409588238833067]
[-1.1510159267200155, 0.016409588238833067], 2, -1.0, [-1.1312266168239755, 0.019789309896040046]
[-1.1312266168239755, 0.019789309896040046], 2, -1.0, [-1.108016322100852, 0.02321029472312345]
[-1.108016322100852, 0.02321029472312345], 2, -1.0, [-1.081347524946184, 0.02666879715466819]
[-1.081347524946184, 0.02666879715466819], 2, -1.0, [-1.0511918363028878, 0.03015568864329602]
[-1.0511918363028878, 0.03015568864329602], 2, -1.0, [-1.0175363271434712, 0.0336555091594167]
[-1.0175363271434712, 0.0336555091594167], 2, -1.0, [-0.9803907090723114, 0.03714561807115983]
[-0.9803907090723114, 0.03714561807115983], 2, -1.0, [-0.9397951336374217, 0.04059557543488971]
[-0.9397951336374217, 0.04059557543488971], 2, -1.0, [-0.8958282112564235, 0.043966922380998245]
[-0.8958282112564235, 0.043966922380998245], 2, -1.0, [-0.8486146572192776, 0.04721355403714586]
[-0.8486146572192776, 0.04721355403714586], 2, -1.0, [-0.7983317816221248, 0.05028287559715283]
[-0.7983317816221248, 0.05028287559715283], 2, -1.0, [-0.7452138959379592, 0.0531178856841656]
[-0.7452138959379592, 0.0531178856841656], 2, -1.0, [-0.6895536666604415, 0.0556602292775177]
[-0.6895536666604415, 0.0556602292775177], 2, -1.0, [-0.6316995610792892, 0.057854105581152386]
[-0.6316995610792892, 0.057854105581152386], 2, -1.0, [-0.5720488365336812, 0.05965072454560789]
[-0.5720488365336812, 0.05965072454560789], 2, -1.0, [-0.5110360146660762, 0.061012821867605024]
[-0.5110360146660762, 0.061012821867605024], 2, -1.0, [-0.44911739120176025, 0.061918623464315904]
[-0.44911739120176025, 0.061918623464315904], 2, -1.0, [-0.38675274139346727, 0.06236464980829299]
[-0.38675274139346727, 0.06236464980829299], 2, -1.0, [-0.3243858485235833, 0.06236689286988392]
[-0.3243858485235833, 0.06236689286988392], 2, -1.0, [-0.2624256859117381, 0.061960162611845254]
[-0.2624256859117381, 0.061960162611845254], 2, -1.0, [-0.20122996568717166, 0.061195720224566416]
[-0.20122996568717166, 0.061195720224566416], 2, -1.0, [-0.14109236178367496, 0.06013760390349669]
[-0.14109236178367496, 0.06013760390349669], 2, -1.0, [-0.08223412731502394, 0.05885823446865101]
[-0.08223412731502394, 0.05885823446865101], 2, -1.0, [-0.024800200336085113, 0.05743392697893883]
[-0.024800200336085113, 0.05743392697893883], 0, -1.0, [0.02914064276343887, 0.05394084309952398]
[0.02914064276343887, 0.05394084309952398], 0, -1.0, [0.0795910330221497, 0.05045039025871083]
[0.0795910330221497, 0.05045039025871083], 0, -1.0, [0.12661235107765417, 0.04702131805550446]
[0.12661235107765417, 0.04702131805550446], 0, -1.0, [0.17031185647431168, 0.043699505396657526]
[0.17031185647431168, 0.043699505396657526], 0, -1.0, [0.2108306433658319, 0.040518786891520234]
