[-0.5400721769839003, 0.0], 2, -1.0, [-0.5389486767597673, 0.0011235002241329387]
[-0.5389486767597673, 0.0011235002241329387], 2, -1.0, [-0.5367100929608839, 0.0022385837988833776]
[-0.5367100929608839, 0.0022385837988833776], 2, -1.0, [-0.5333731996364484, 0.003336893324435511]
[-0.5333731996364484, 0.003336893324435511], 2, -1.0, [-0.5289630086370006, 0.0044101909994477715]
[-0.5289630086370006, 0.0044101909994477715], 0, -1.0, [-0.5255125876262426, 0.0034504210107579422]
[-0.5255125876262426, 0.0034504210107579422], 0, -1.0, [-0.5230478131041338, 0.0024647745221088144]
[-0.5230478131041338, 0.0024647745221088144], 0, -1.0, [-0.5215871707988498, 0.0014606423052841387]
[-0.5215871707988498, 0.0014606423052841387], 0, -1.0, [-0.5211416154379859, 0.00044555536086385945]
[-0.5211416154379859, 0.00044555536086385945], 0, -1.0, [-0.5217144886114261, -0.0005728731734402556]
[-0.5217144886114261, -0.0005728731734402556], 0, -1.0, [-0.523301493862003, -0.0015870052505768174]
[-0.523301493862003, -0.0015870052505768174], 0, -1.0, [-0.5258907287253064, -0.002589234863303469]
[-0.5258907287253064, -0.002589234863303469], 0, -1.0, [-0.529462774075604, -0.003572045350297694]
[-0.529462774075604, -0.003572045350297694], 0, -1.0, [-0.5339908417057623, -0.004528067630158178]
[-0.5339908417057623, -0.004528067630158178], 0, -1.0, [-0.5394409814652811, -0.005450139759518838]
[-0.5394409814652811, -0.005450139759518838], 0, -1.0, [-0.545772349405806, -0.00633136794052492]
[-0.545772349405806, -0.00633136794052492], 0, -1.0, [-0.5529375381633985, -0.007165188757592538]
[-0.5529375381633985, -0.007165188757592538], 0, -1.0, [-0.5608829701960879, -0.007945432032689393]
[-0.5608829701960879, -0.007945432032689393], 0, -1.0, [-0.5695493534828795, -0.008666383286791639]
[-0.5695493534828795, -0.008666383286791639], 0, -1.0, [-0.5788721979032179, -0.009322844420338417]
[-0.5788721979032179, -0.009322844420338417], 0, -1.0, [-0.5887823888185983, -0.009910190915380519]
[-0.5887823888185983, -0.009910190915380519], 0, -1.0, [-0.5992068124702189, -0.010424423651620586]
[-0.5992068124702189, -0.010424423651620586], 0, -1.0, [-0.6100690258162274, -0.0108622133460084]
[-0.6100690258162274, -0.0108622133460084], 1, -1.0, [-0.6202899615056577, -0.010220935689430348]
[-0.6202899615056577, -0.010220935689430348], 1, -1.0, [-0.6297958404186684, -0.009505878913010742]
[-0.6297958404186684, -0.009505878913010742], 1, -1.0, [-0.6385186469297329, -0.008722806511064496]
[-0.6385186469297329, -0.008722806511064496], 1, -1.0, [-0.6463965273255238, -0.007877880395790902]
[-0.6463965273255238, -0.007877880395790902], 1, -1.0, [-0.6533741153370656, -0.006977588011541773]
[-0.6533741153370656, -0.006977588011541773], 1, -1.0, [-0.6594027909538898, -0.00602867561682419]
[-0.6594027909538898, -0.00602867561682419], 1, -1.0, [-0.6644408802473395, -0.005038089293449682]
[-0.6644408802473395, -0.005038089293449682], 1, -1.0, [-0.6684538047940033, -0.0040129245466637604]
[-0.6684538047940033, -0.0040129245466637604], 2, -1.0, [-0.6704141894594516, -0.0019603846654483257]
[-0.6704141894594516, -0.0019603846654483257], 2, -1.0, [-0.6703087162237539, 0.00010547323569777296]
[-0.6703087162237539, 0.00010547323569777296], 2, -1.0, [-0.6681381006929689, 0.0021706155307850256]
[-0.6681381006929689, 0.0021706155307850256], 2, -1.0, [-0.6639170934559145, 0.004221007237054326]
[-0.6639170934559145, 0.004221007237054326], 2, -1.0, [-0.6576745056574923, 0.0062425877984222]
[-0.6576745056574923, 0.0062425877984222], 2, -1.0, [-0.6494532459771171, 0.008221259680375187]
[-0.6494532459771171, 0.008221259680375187], 2, -1.0, [-0.6393103448050605, 0.010142901172056532]
[-0.6393103448050605, 0.010142901172056532], 1, -1.0, [-0.6283169315677913, 0.010993413237269238]
[-0.6283169315677913, 0.010993413237269238], 1, -1.0, [-0.61655098725121, 0.011765944316581314]
[-0.61655098725121, 0.011765944316581314], 1, -1.0, [-0.6040969013571911, 0.012454085894018961]
[-0.6040969013571911, 0.012454085894018961], 1, -1.0, [-0.5910449306984968, 0.013051970658694241]
[-0.5910449306984968, 0.013051970658694241], 1, -1.0, [-0.5774905584468342, 0.013554372251662727]
[-0.5774905584468342, 0.013554372251662727], 1, -1.0, [-0.563533756365053, 0.013956802081781164]
[-0.563533756365053, 0.013956802081781164], 0, -1.0, [-0.5502781579081618, 0.01325559845689112]
[-0.5502781579081618, 0.01325559845689112], 0, -1.0, [-0.5378226776541819, 0.012455480253979927]
[-0.5378226776541819, 0.012455480253979927], 0, -1.0, [-0.5262605505067612, 0.011562127147420647]
[-0.5262605505067612, 0.011562127147420647], 0, -1.0, [-0.5156784602596879, 0.010582090247073328]
[-0.5156784602596879, 0.010582090247073328], 0, -1.0, [-0.506155766788222, 0.009522693471465801]
[-0.506155766788222, 0.009522693471465801], 0, -1.0, [-0.49776383618517833, 0.008391930603043692]
[-0.49776383618517833, 0.008391930603043692], 0, -1.0, [-0.49056547369798936, 0.007198362487188958]
[-0.49056547369798936, 0.007198362487188958], 0, -1.0, [-0.48461445565767547, 0.005951018040313868]
[-0.48461445565767547, 0.005951018040313868], 0, -1.0, [-0.47995515393845306, 0.0046593017192224076]
[-0.47995515393845306, 0.0046593017192224076], 0, -1.0, [-0.4766222449606399, 0.0033329089778131897]
[-0.4766222449606399, 0.0033329089778131897], 0, -1.0, [-0.4746404948603301, 0.001981750100309751]
[-0.4746404948603301, 0.001981750100309751], 0, -1.0, [-0.47402461311531824, 0.0006158817450118564]
[-0.47402461311531824, 0.0006158817450118564], 0, -1.0, [-0.474779168478833, -0.0007545553635147429]
[-0.474779168478833, -0.0007545553635147429], 0, -1.0, [-0.4768985633118398, -0.0021193948330067674]
[-0.4768985633118398, -0.0021193948330067674], 0, -1.0, [-0.48036706506026006, -0.0034685017484202708]
[-0.48036706506026006, -0.0034685017484202708], 0, -1.0, [-0.48515889641049514, -0.0047918313502351]
[-0.48515889641049514, -0.0047918313502351], 0, -1.0, [-0.49123838828276745, -0.0060794918722723275]
[-0.49123838828276745, -0.0060794918722723275], 0, -1.0, [-0.4985602020037371, -0.0073218137209696]
[-0.4985602020037371, -0.0073218137209696], 0, -1.0, [-0.5070696284803125, -0.00850942647657534]
[-0.5070696284803125, -0.00850942647657534], 0, -1.0, [-0.5167029727618224, -0.009633344281509996]
[-0.5167029727618224, -0.009633344281509996], 0, -1.0, [-0.5273880318756987, -0.010685059113876315]
[-0.5273880318756987, -0.010685059113876315], 0, -1.0, [-0.5390446721795794, -0.011656640303880698]
[-0.5390446721795794, -0.011656640303880698], 0, -1.0, [-0.5515855097110791, -0.012540837531499658]
[-0.5515855097110791, -0.012540837531499658], 0, -1.0, [-0.5649166932589771, -0.01333118354789801]
[-0.5649166932589771, -0.01333118354789801], 0, -1.0, [-0.5789387853531562, -0.014022092094179204]
[-0.5789387853531562, -0.014022092094179204], 0, -1.0, [-0.5935477313949439, -0.014608946041787689]
[-0.5935477313949439, -0.014608946041787689], 0, -1.0, [-0.608635902114292, -0.015088170719348091]
[-0.608635902114292, -0.015088170719348091], 0, -1.0, [-0.624093189871215, -0.015457287756923037]
[-0.624093189871215, -0.015457287756923037], 0, -1.0, [-0.6398081354355, -0.015714945564284988]
[-0.6398081354355, -0.015714945564284988], 0, -1.0, [-0.6556690591485512, -0.015860923713051214]
[-0.6556690591485512, -0.015860923713051214], 0, -1.0, [-0.6715651690680257, -0.01589610991947438]
[-0.6715651690680257, -0.01589610991947438], 0, -1.0, [-0.6873876189670425, -0.015822449899016832]
[-0.6873876189670425, -0.015822449899016832], 1, -1.0, [-0.7020304909090931, -0.014642871942050556]
[-0.7020304909090931, -0.014642871942050556], 0, -1.0, [-0.7163981255461305, -0.014367634637037345]
[-0.7163981255461305, -0.014367634637037345], 1, -1.0, [-0.7293990520263914, -0.013000926480260987]
[-0.7293990520263914, -0.013000926480260987], 1, -1.0, [-0.7409526840285943, -0.011553632002202774]
[-0.7409526840285943, -0.011553632002202774], 2, -1.0, [-0.7499892499697007, -0.00903656594110644]
[-0.7499892499697007, -0.00903656594110644], 2, -1.0, [-0.7564554445871453, -0.006466194617444572]
[-0.7564554445871453, -0.006466194617444572], 2, -1.0, [-0.7603138309297471, -0.003858386342601854]
[-0.7603138309297471, -0.003858386342601854], 2, -1.0, [-0.7615423576410769, -0.0012285267113297275]
[-0.7615423576410769, -0.0012285267113297275], 2, -1.0, [-0.7601340491698131, 0.0014083084712638292]
[-0.7601340491698131, 0.0014083084712638292], 2, -1.0, [-0.7560969037239322, 0.004037145445880814]
[-0.7560969037239322, 0.004037145445880814], 2, -1.0, [-0.7494540101118622, 0.006642893612069992]
[-0.7494540101118622, 0.006642893612069992], 2, -1.0, [-0.740243870698987, 0.00921013941287523]
[-0.740243870698987, 0.00921013941287523], 2, -1.0, [-0.7285208940707462, 0.011722976628240886]
[-0.7285208940707462, 0.011722976628240886], 2, -1.0, [-0.7143559982628853, 0.014164895807860844]
[-0.7143559982628853, 0.014164895807860844], 2, -1.0, [-0.6978372445194998, 0.016518753743385507]
[-0.6978372445194998, 0.016518753743385507], 2, -1.0, [-0.6790704038132077, 0.018766840706292073]
[-0.6790704038132077, 0.018766840706292073], 2, -1.0, [-0.6581793455904567, 0.020891058222751023]
[-0.6581793455904567, 0.020891058222751023], 2, -1.0, [-0.6353061324892674, 0.022873213101189324]
[-0.6353061324892674, 0.022873213101189324], 1, -1.0, [-0.6116107082575128, 0.023695424231754515]
[-0.6116107082575128, 0.023695424231754515], 2, -1.0, [-0.5862628375197434, 0.025347870737769458]
[-0.5862628375197434, 0.025347870737769458], 2, -1.0, [-0.5594477496981152, 0.026815087821628183]
[-0.5594477496981152, 0.026815087821628183], 2, -1.0, [-0.5313643125728792, 0.028083437125235935]
[-0.5313643125728792, 0.028083437125235935], 2, -1.0, [-0.5022226391884484, 0.029141673384430702]
[-0.5022226391884484, 0.029141673384430702], 0, -1.0, [-0.47424117696424245, 0.02798146222420602]
[-0.47424117696424245, 0.02798146222420602], 0, -1.0, [-0.4476285454711984, 0.026612631493044023]
[-0.4476285454711984, 0.026612631493044023], 0, -1.0, [-0.4225807708203181, 0.025047774650880317]
[-0.4225807708203181, 0.025047774650880317], 1, -1.0, [-0.3982790872576865, 0.024301683562631557]
[-0.3982790872576865, 0.024301683562631557], 0, -1.0, [-0.37589531563958545, 0.022383771618101064]
[-0.37589531563958545, 0.022383771618101064], 0, -1.0, [-0.35558342282530575, 0.020311892814279725]
[-0.35558342282530575, 0.020311892814279725], 0, -1.0, [-0.3374789608982954, 0.018104461927010353]
[-0.3374789608982954, 0.018104461927010353], 0, -1.0, [-0.3216989877571596, 0.015779973141135793]
[-0.3216989877571596, 0.015779973141135793], 0, -1.0, [-0.30834235752873285, 0.013356630228426765]
[-0.30834235752873285, 0.013356630228426765], 0, -1.0, [-0.2974902597288864, 0.01085209779984648]
[-0.2974902597288864, 0.01085209779984648], 0, -1.0, [-0.28920688726560584, 0.008283372463280562]
[-0.28920688726560584, 0.008283372463280562], 0, -1.0, [-0.2835401230955812, 0.005666764170024647]
[-0.2835401230955812, 0.005666764170024647], 0, -1.0, [-0.28052215129462127, 0.0030179718009599307]
[-0.28052215129462127, 0.0030179718009599307], 0, -1.0, [-0.2801699183894324, 0.0003522329051888883]
[-0.2801699183894324, 0.0003522329051888883], 0, -1.0, [-0.28248539336788997, -0.0023154749784575837]
[-0.28248539336788997, -0.0023154749784575837], 0, -1.0, [-0.28745559867256093, -0.004970205304670944]
[-0.28745559867256093, -0.004970205304670944], 0, -1.0, [-0.2950524089364631, -0.007596810263902187]
[-0.2950524089364631, -0.007596810263902187], 0, -1.0, [-0.3052321387340583, -0.010179729797595207]
[-0.3052321387340583, -0.010179729797595207], 0, -1.0, [-0.3179349647170972, -0.012702825983038917]
[-0.3179349647170972, -0.012702825983038917], 0, -1.0, [-0.3330842505162938, -0.015149285799196584]
[-0.3330842505162938, -0.015149285799196584], 0, -1.0, [-0.35058586367262196, -0.017501613156328137]
[-0.35058586367262196, -0.017501613156328137], 0, -1.0, [-0.37032759109114255, -0.01974172741852061]
[-0.37032759109114255, -0.01974172741852061], 0, -1.0, [-0.3921787710932067, -0.02185118000206416]
[-0.3921787710932067, -0.02185118000206416], 0, -1.0, [-0.41599026379159804, -0.023811492698391345]
[-0.41599026379159804, -0.023811492698391345], 0, -1.0, [-0.44159487498911243, -0.02560461119751438]
[-0.44159487498911243, -0.02560461119751438], 0, -1.0, [-0.4688083304121085, -0.027213455422996097]
[-0.4688083304121085, -0.027213455422996097], 0, -1.0, [-0.49743086626617744, -0.028622535854068924]
[-0.49743086626617744, -0.028622535854068924], 0, -1.0, [-0.5272494599167006, -0.029818593650523174]
[-0.5272494599167006, -0.029818593650523174], 0, -1.0, [-0.5580406739821954, -0.030791214065494787]
[-0.5580406739821954, -0.030791214065494787], 0, -1.0, [-0.5895740332002285, -0.03153335921803315]
[-0.5895740332002285, -0.03153335921803315], 0, -1.0, [-0.6216158023579473, -0.03204176915771881]
[-0.6216158023579473, -0.03204176915771881], 0, -1.0, [-0.6539329920383168, -0.0323171896803694]
[-0.6539329920383168, -0.0323171896803694], 0, -1.0, [-0.6862973927604237, -0.032364400722106924]
[-0.6862973927604237, -0.032364400722106924], 0, -1.0, [-0.7184894311245503, -0.032192038364126645]
[-0.7184894311245503, -0.032192038364126645], 0, -1.0, [-0.7503016548206837, -0.03181222369613339]
[-0.7503016548206837, -0.03181222369613339], 0, -1.0, [-0.7815416847818322, -0.031240029961148493]
[-0.7815416847818322, -0.031240029961148493], 0, -1.0, [-0.8120345177082292, -0.03049283292639705]
[-0.8120345177082292, -0.03049283292639705], 2, -1.0, [-0.8396241143670483, -0.02758959665881907]
[-0.8396241143670483, -0.02758959665881907], 2, -1.0, [-0.864182973897903, -0.024558859530854665]
[-0.864182973897903, -0.024558859530854665], 2, -1.0, [-0.8856092735254733, -0.021426299627570308]
[-0.8856092735254733, -0.021426299627570308], 2, -1.0, [-0.9038236117493942, -0.018214338223920972]
[-0.9038236117493942, -0.018214338223920972], 2, -1.0, [-0.9187656625722631, -0.014942050822868973]
[-0.9187656625722631, -0.014942050822868973], 2, -1.0, [-0.9303909950147691, -0.011625332442505982]
[-0.9303909950147691, -0.011625332442505982], 2, -1.0, [-0.9386682556405112, -0.00827726062574212]
[-0.9386682556405112, -0.00827726062574212], 2, -1.0, [-0.9435768591530327, -0.0049086035125215245]
[-0.9435768591530327, -0.0049086035125215245], 2, -1.0, [-0.9451052870848692, -0.0015284279318365317]
[-0.9451052870848692, -0.0015284279318365317], 2, -1.0, [-0.9432500581087868, 0.0018552289760824046]
[-0.9432500581087868, 0.0018552289760824046], 2, -1.0, [-0.9380154044088674, 0.005234653699919429]
[-0.9380154044088674, 0.005234653699919429], 2, -1.0, [-0.9294136643237954, 0.008601740085072068]
[-0.9294136643237954, 0.008601740085072068], 2, -1.0, [-0.9174663788346121, 0.01194728548918322]
[-0.9174663788346121, 0.01194728548918322], 2, -1.0, [-0.9022060549091845, 0.015260323925427683]
[-0.9022060549091845, 0.015260323925427683], 2, -1.0, [-0.8836785290020992, 0.01852752590708527]
[-0.8836785290020992, 0.01852752590708527], 2, -1.0, [-0.8619458267156042, 0.02173270228649499]
[-0.8619458267156042, 0.02173270228649499], 2, -1.0, [-0.8370893687681645, 0.02485645794743959]
[-0.8370893687681645, 0.02485645794743959], 2, -1.0, [-0.8092133201696536, 0.027876048598510894]
[-0.8092133201696536, 0.027876048598510894], 2, -1.0, [-0.7784478229220672, 0.03076549724758644]
[-0.7784478229220672, 0.03076549724758644], 2, -1.0, [-0.7449518000650573, 0.03349602285700985]
[-0.7449518000650573, 0.03349602285700985], 2, -1.0, [-0.7089149811361775, 0.03603681892887989]
[-0.7089149811361775, 0.03603681892887989], 2, -1.0, [-0.6705587889756255, 0.03835619216055196]
[-0.6705587889756255, 0.03835619216055196], 2, -1.0, [-0.6301357580205796, 0.04042303095504581]
[-0.6301357580205796, 0.04042303095504581], 2, -1.0, [-0.5879272339800716, 0.042208524040508066]
[-0.5879272339800716, 0.042208524040508066], 2, -1.0, [-0.544239235689415, 0.0436879982906566]
[-0.544239235689415, 0.0436879982906566], 2, -1.0, [-0.49939653285515573, 0.04484270283425926]
[-0.49939653285515573, 0.04484270283425926], 0, -1.0, [-0.45573518739868013, 0.04366134545647557]
[-0.45573518739868013, 0.04366134545647557], 2, -1.0, [-0.4115793100192688, 0.04415587737941134]
[-0.4115793100192688, 0.04415587737941134], 2, -1.0, [-0.36724785400569065, 0.044331456013578144]
[-0.36724785400569065, 0.044331456013578144], 2, -1.0, [-0.3230465018857192, 0.04420135211997145]
[-0.3230465018857192, 0.04420135211997145], 2, -1.0, [-0.2792601725939338, 0.043786329291785386]
[-0.2792601725939338, 0.043786329291785386], 2, -1.0, [-0.23614662805878342, 0.04311354453515039]
[-0.23614662805878342, 0.04311354453515039], 2, -1.0, [-0.19393152824575044, 0.04221509981303298]
[-0.19393152824575044, 0.04221509981303298], 2, -1.0, [-0.15280512300302362, 0.04112640524272683]
[-0.15280512300302362, 0.04112640524272683], 2, -1.0, [-0.11292060492565001, 0.03988451807737362]
[-0.11292060492565001, 0.03988451807737362], 2, -1.0, [-0.07439400400213303, 0.03852660092351697]
[-0.07439400400213303, 0.03852660092351697], 2, -1.0, [-0.03730539833023403, 0.037088605671899]
[-0.03730539833023403, 0.037088605671899], 2, -1.0, [-0.001701152449960587, 0.035604245880273444]
[-0.001701152449960587, 0.035604245880273444], 2, -1.0, [0.032403125986838345, 0.03410427843679893]
[0.032403125986838345, 0.03410427843679893], 2, -1.0, [0.06501920720384044, 0.03261608121700209]
[0.06501920720384044, 0.03261608121700209], 2, -1.0, [0.09618269716389023, 0.031163489960049792]
[0.09618269716389023, 0.031163489960049792], 2, -1.0, [0.1259495420193695, 0.02976684485547927]
[0.1259495420193695, 0.02976684485547927], 2, -1.0, [0.154392735688664, 0.028443193669294493]
[0.154392735688664, 0.028443193669294493], 2, -1.0, [0.18159933681950602, 0.027206601130842036]
[0.18159933681950602, 0.027206601130842036], 2, -1.0, [0.20766785797942877, 0.026068521159922746]
[0.20766785797942877, 0.026068521159922746], 2, -1.0, [0.23270605512425308, 0.02503819714482429]
[0.23270605512425308, 0.02503819714482429], 2, -1.0, [0.25682911941044667, 0.024123064286193617]
[0.25682911941044667, 0.024123064286193617], 2, -1.0, [0.28015825540382194, 0.02332913599337528]
[0.28015825540382194, 0.02332913599337528], 2, -1.0, [0.30281961834910326, 0.022661362945281326]
[0.30281961834910326, 0.022661362945281326], 2, -1.0, [0.32494357689476316, 0.0221239585456599]
[0.32494357689476316, 0.0221239585456599], 2, -1.0, [0.3466642650653191, 0.021720688170555967]
[0.3466642650653191, 0.021720688170555967], 2, -1.0, [0.36811938705919234, 0.02145512199387321]
[0.36811938705919234, 0.02145512199387321], 2, -1.0, [0.38945023955130237, 0.021330852492110055]
[0.38945023955130237, 0.021330852492110055], 2, -1.0, [0.41080191771897817, 0.021351678167675806]
[0.41080191771897817, 0.021351678167675806], 2, -1.0, [0.4323236724699632, 0.02152175475098507]
[0.4323236724699632, 0.02152175475098507], 2, -1.0, [0.45416938672591, 0.02184571425594679]
[0.45416938672591, 0.02184571425594679], 0, -1.0, [0.474498137558702, 0.02032875083279203]
[0.474498137558702, 0.02032875083279203], 2, -1.0, [0.495459963885255, 0.020961826326552985]
[0.495459963885255, 0.020961826326552985], 0, -1.0, [0.5152109996858635, 0.01975103580060853]
