[-0.5336717586731319, 0.0], 0, -1.0, [-0.5345962227976656, -0.000924464124533723]
[-0.5345962227976656, -0.000924464124533723], 0, -1.0, [-0.5364382210307171, -0.0018419982330515384]
[-0.5364382210307171, -0.0018419982330515384], 0, -1.0, [-0.5391839472330096, -0.002745726202292355]
[-0.5391839472330096, -0.002745726202292355], 0, -1.0, [-0.5428128272313912, -0.003628879998381667]
[-0.5428128272313912, -0.003628879998381667], 0, -1.0, [-0.5472976816304611, -0.004484854399069855]
[-0.5472976816304611, -0.004484854399069855], 0, -1.0, [-0.5526049439363083, -0.005307262305847183]
[-0.5526049439363083, -0.005307262305847183], 0, -1.0, [-0.5586949344270589, -0.006089990490750486]
[-0.5586949344270589, -0.006089990490750486], 0, -1.0, [-0.5655221897873491, -0.006827255360290288]
[-0.5655221897873491, -0.006827255360290288], 0, -1.0, [-0.5730358478246272, -0.007513658037278098]
[-0.5730358478246272, -0.007513658037278098], 0, -1.0, [-0.5811800856117436, -0.008144237787116386]
[-0.5811800856117436, -0.008144237787116386], 0, -1.0, [-0.589894608187802, -0.008714522576058412]
[-0.589894608187802, -0.008714522576058412], 0, -1.0, [-0.5991151835593043, -0.009220575371502254]
[-0.5991151835593043, -0.009220575371502254], 0, -1.0, [-0.6087742182605534, -0.009659034701249234]
[-0.6087742182605534, -0.009659034701249234], 0, -1.0, [-0.6188013662569365, -0.010027147996383004]
[-0.6188013662569365, -0.010027147996383004], 0, -1.0, [-0.6291241626163437, -0.010322796359407232]
[-0.6291241626163437, -0.010322796359407232], 0, -1.0, [-0.6396686722407658, -0.01054450962442212]
[-0.6396686722407658, -0.01054450962442212], 0, -1.0, [-0.6503601431392018, -0.010691470898435874]
[-0.6503601431392018, -0.010691470898435874], 0, -1.0, [-0.6611236533113908, -0.010763510172189062]
[-0.6611236533113908, -0.010763510172189062], 0, -1.0, [-0.6718847403488257, -0.010761087037434933]
[-0.6718847403488257, -0.010761087037434933], 0, -1.0, [-0.6825700033617835, -0.010685263012957781]
[-0.6825700033617835, -0.010685263012957781], 0, -1.0, [-0.6931076677914076, -0.010537664429624132]
[-0.6931076677914076, -0.010537664429624132], 0, -1.0, [-0.7034281050145667, -0.01032043722315899]
[-0.7034281050145667, -0.01032043722315899], 0, -1.0, [-0.7134643003193346, -0.010036195304767952]
[-0.7134643003193346, -0.010036195304767952], 0, -1.0, [-0.7231522647235413, -0.009687964404206727]
[-0.7231522647235413, -0.009687964404206727], 0, -1.0, [-0.7324313881198452, -0.009279123396303865]
[-0.7324313881198452, -0.009279123396303865], 2, -1.0, [-0.7392447332482182, -0.006813345128372934]
[-0.7392447332482182, -0.006813345128372934], 2, -1.0, [-0.7435512137203113, -0.004306480472093099]
[-0.7435512137203113, -0.004306480472093099], 2, -1.0, [-0.745325183879429, -0.001773970159117703]
[-0.745325183879429, -0.001773970159117703], 2, -1.0, [-0.7445561536439106, 0.0007690302355184498]
[-0.7445561536439106, 0.0007690302355184498], 2, -1.0, [-0.7412486651992327, 0.0033074884446778674]
[-0.7412486651992327, 0.0033074884446778674], 2, -1.0, [-0.7354223468716754, 0.005826318327557295]
[-0.7354223468716754, 0.005826318327557295], 2, -1.0, [-0.7271121375266183, 0.008310209345057117]
[-0.7271121375266183, 0.008310209345057117], 2, -1.0, [-0.7163686530396326, 0.010743484486985753]
[-0.7163686530396326, 0.010743484486985753], 2, -1.0, [-0.7032586454899127, 0.01311000754971991]
[-0.7032586454899127, 0.01311000754971991], 2, -1.0, [-0.6878654866239267, 0.015393158865986079]
[-0.6878654866239267, 0.015393158865986079], 2, -1.0, [-0.6702895910345978, 0.017575895589328854]
[-0.6702895910345978, 0.017575895589328854], 2, -1.0, [-0.6506486829206024, 0.01964090811399547]
[-0.6506486829206024, 0.01964090811399547], 2, -1.0, [-0.6290778049812153, 0.021570877939387025]
[-0.6290778049812153, 0.021570877939387025], 2, -1.0, [-0.6057289707192148, 0.02334883426200054]
[-0.6057289707192148, 0.02334883426200054], 2, -1.0, [-0.5807703735857171, 0.02495859713349767]
[-0.5807703735857171, 0.02495859713349767], 2, -1.0, [-0.5543850886716012, 0.02638528491411594]
[-0.5543850886716012, 0.02638528491411594], 2, -1.0, [-0.5267692345352015, 0.027615854136399623]
[-0.5267692345352015, 0.027615854136399623], 2, -1.0, [-0.49812960231529807, 0.028639632219903448]
[-0.49812960231529807, 0.028639632219903448], 2, -1.0, [-0.46868080308449944, 0.0294487992307986]
[-0.46868080308449944, 0.0294487992307986], 0, -1.0, [-0.44064202781811473, 0.028038775266384704]
[-0.44064202781811473, 0.028038775266384704], 0, -1.0, [-0.4142190254675788, 0.026423002350535924]
[-0.4142190254675788, 0.026423002350535924], 0, -1.0, [-0.389601728418317, 0.024617297049261876]
[-0.389601728418317, 0.024617297049261876], 0, -1.0, [-0.36696256019893103, 0.022639168219385917]
[-0.36696256019893103, 0.022639168219385917], 0, -1.0, [-0.34645540406788666, 0.02050715613104437]
[-0.34645540406788666, 0.02050715613104437], 0, -1.0, [-0.328215164778842, 0.018240239289044648]
[-0.328215164778842, 0.018240239289044648], 0, -1.0, [-0.31235782168824033, 0.015857343090601682]
[-0.31235782168824033, 0.015857343090601682], 0, -1.0, [-0.29898085070514174, 0.013376970983098584]
[-0.29898085070514174, 0.013376970983098584], 0, -1.0, [-0.2881638848229012, 0.010816965882240591]
[-0.2881638848229012, 0.010816965882240591], 0, -1.0, [-0.27996948626875273, 0.008194398554148462]
[-0.27996948626875273, 0.008194398554148462], 0, -1.0, [-0.2744439151860161, 0.005525571082736643]
[-0.2744439151860161, 0.005525571082736643], 0, -1.0, [-0.2716177976868281, 0.0028261174991879674]
[-0.2716177976868281, 0.0028261174991879674], 0, -1.0, [-0.2715066178769108, 0.00011117980991725597]
[-0.2715066178769108, 0.00011117980991725597], 0, -1.0, [-0.27411098238996123, -0.0026043645130504195]
[-0.27411098238996123, -0.0026043645130504195], 0, -1.0, [-0.2794166309722577, -0.005305648582296491]
[-0.2794166309722577, -0.005305648582296491], 0, -1.0, [-0.287394192075048, -0.00797756110279027]
[-0.287394192075048, -0.00797756110279027], 0, -1.0, [-0.29799870784366184, -0.010604515768613845]
[-0.29799870784366184, -0.010604515768613845], 0, -1.0, [-0.31116897794879605, -0.013170270105134234]
[-0.31116897794879605, -0.013170270105134234], 0, -1.0, [-0.3268267957631672, -0.015657817814371155]
[-0.3268267957631672, -0.015657817814371155], 0, -1.0, [-0.3448761723828589, -0.018049376619691717]
[-0.3448761723828589, -0.018049376619691717], 0, -1.0, [-0.36520266230642245, -0.02032648992356355]
[-0.36520266230642245, -0.02032648992356355], 0, -1.0, [-0.38767291705085405, -0.0224702547444316]
[-0.38767291705085405, -0.0224702547444316], 0, -1.0, [-0.41213459707930444, -0.024461680028450394]
[-0.41213459707930444, -0.024461680028450394], 0, -1.0, [-0.43841676564167087, -0.026282168562366422]
[-0.43841676564167087, -0.026282168562366422], 0, -1.0, [-0.4663308685642079, -0.027914102922537046]
[-0.4663308685642079, -0.027914102922537046], 0, -1.0, [-0.4956723709690838, -0.029341502404875857]
[-0.4956723709690838, -0.029341502404875857], 0, -1.0, [-0.5262230764768725, -0.030550705507788673]
[-0.5262230764768725, -0.030550705507788673], 0, -1.0, [-0.5577540999313975, -0.031531023454524965]
[-0.5577540999313975, -0.031531023454524965], 0, -1.0, [-0.5900294064758691, -0.03227530654447168]
[-0.5900294064758691, -0.03227530654447168], 0, -1.0, [-0.6228097747986386, -0.032780368322769524]
[-0.6228097747986386, -0.032780368322769524], 0, -1.0, [-0.6558569978785179, -0.033047223079879284]
[-0.6558569978785179, -0.033047223079879284], 0, -1.0, [-0.6889381069749477, -0.03308110909642977]
[-0.6889381069749477, -0.03308110909642977], 0, -1.0, [-0.7218293980514853, -0.03289129107653755]
[-0.7218293980514853, -0.03289129107653755], 0, -1.0, [-0.7543200552572473, -0.03249065720576204]
[-0.7543200552572473, -0.03249065720576204], 0, -1.0, [-0.7862152011057311, -0.031895145848483776]
[-0.7862152011057311, -0.031895145848483776], 0, -1.0, [-0.8173382523191371, -0.031123051213406038]
[-0.8173382523191371, -0.031123051213406038], 0, -1.0, [-0.8475325169556172, -0.030194264636479975]
[-0.8475325169556172, -0.030194264636479975], 0, -1.0, [-0.8766620250776506, -0.02912950812203337]
[-0.8766620250776506, -0.02912950812203337], 0, -1.0, [-0.9046116354830178, -0.02794961040536731]
[-0.9046116354830178, -0.02794961040536731], 0, -1.0, [-0.9312865004042884, -0.02667486492127059]
[-0.9312865004042884, -0.02667486492127059], 0, -1.0, [-0.9566109963362264, -0.02532449593193795]
[-0.9566109963362264, -0.02532449593193795], 2, -1.0, [-0.9785272421515963, -0.021916245815369904]
[-0.9785272421515963, -0.021916245815369904], 2, -1.0, [-0.9969963512352122, -0.018469109083615952]
[-0.9969963512352122, -0.018469109083615952], 2, -1.0, [-1.0119937585763752, -0.014997407341162958]
[-1.0119937585763752, -0.014997407341162958], 2, -1.0, [-1.0235050951672688, -0.011511336590893751]
[-1.0235050951672688, -0.011511336590893751], 2, -1.0, [-1.0315227440903214, -0.008017648923052467]
[-1.0315227440903214, -0.008017648923052467], 2, -1.0, [-1.0360431566243045, -0.004520412533983089]
[-1.0360431566243045, -0.004520412533983089], 2, -1.0, [-1.0370649687585065, -0.001021812134202125]
[-1.0370649687585065, -0.001021812134202125], 2, -1.0, [-1.0345879358325742, 0.0024770329259323435]
[-1.0345879358325742, 0.0024770329259323435], 2, -1.0, [-1.028612691470333, 0.0059752443622412225]
[-1.028612691470333, 0.0059752443622412225], 2, -1.0, [-1.0191413318179843, 0.009471359652348788]
[-1.0191413318179843, 0.009471359652348788], 2, -1.0, [-1.006178822392698, 0.012962509425286333]
[-1.006178822392698, 0.012962509425286333], 2, -1.0, [-0.9897352176247798, 0.016443604767918223]
[-0.9897352176247798, 0.016443604767918223], 2, -1.0, [-0.9698286675541433, 0.019906550070636412]
[-0.9698286675541433, 0.019906550070636412], 2, -1.0, [-0.9464891575691445, 0.0233395099849988]
[-0.9464891575691445, 0.0233395099849988], 2, -1.0, [-0.9197628818382264, 0.026726275730918105]
[-0.9197628818382264, 0.026726275730918105], 2, -1.0, [-0.8897170871880818, 0.030045794650144526]
[-0.8897170871880818, 0.030045794650144526], 2, -1.0, [-0.8564451426397377, 0.03327194454834409]
[-0.8564451426397377, 0.03327194454834409], 2, -1.0, [-0.8200714961911105, 0.03637364644862715]
[-0.8200714961911105, 0.03637364644862715], 2, -1.0, [-0.7807560862423832, 0.03931540994872727]
[-0.7807560862423832, 0.03931540994872727], 2, -1.0, [-0.7386976982942374, 0.04205838794814583]
[-0.7386976982942374, 0.04205838794814583], 2, -1.0, [-0.6941357214477261, 0.04456197684651134]
[-0.6941357214477261, 0.04456197684651134], 2, -1.0, [-0.6473497884448711, 0.04678593300285499]
[-0.6473497884448711, 0.04678593300285499], 2, -1.0, [-0.5986568969673467, 0.04869289147752439]
[-0.5986568969673467, 0.04869289147752439], 2, -1.0, [-0.5484058146702137, 0.050251082297133084]
[-0.5484058146702137, 0.050251082297133084], 2, -1.0, [-0.49696885127480345, 0.05143696339541022]
[-0.49696885127480345, 0.05143696339541022], 2, -1.0, [-0.44473139992687527, 0.05223745134792819]
[-0.44473139992687527, 0.05223745134792819], 2, -1.0, [-0.39207995052272704, 0.05265144940414825]
[-0.39207995052272704, 0.05265144940414825], 2, -1.0, [-0.3393894980664065, 0.05269045245632052]
[-0.3393894980664065, 0.05269045245632052], 2, -1.0, [-0.2870113598935149, 0.05237813817289158]
[-0.2870113598935149, 0.05237813817289158], 2, -1.0, [-0.23526235534531315, 0.05174900454820175]
[-0.23526235534531315, 0.05174900454820175], 2, -1.0, [-0.18441610397335761, 0.050846251371955524]
[-0.18441610397335761, 0.050846251371955524], 2, -1.0, [-0.13469690804183684, 0.04971919593152078]
[-0.13469690804183684, 0.04971919593152078], 2, -1.0, [-0.08627636283261705, 0.0484205452092198]
[-0.08627636283261705, 0.0484205452092198], 2, -1.0, [-0.03927254345880815, 0.0470038193738089]
[-0.03927254345880815, 0.0470038193738089], 2, -1.0, [0.006248607095778548, 0.0455211505545867]
[0.006248607095778548, 0.0455211505545867], 2, -1.0, [0.05027019689477194, 0.04402158979899339]
[0.05027019689477194, 0.04402158979899339], 2, -1.0, [0.0928201626438862, 0.04254996574911426]
[0.0928201626438862, 0.04254996574911426], 2, -1.0, [0.13396642901274658, 0.04114626636886038]
[0.13396642901274658, 0.04114626636886038], 2, -1.0, [0.1738118960916809, 0.03984546707893433]
[0.1738118960916809, 0.03984546707893433], 0, -1.0, [0.2104896008692151, 0.036677704777534174]
[0.2104896008692151, 0.036677704777534174], 0, -1.0, [0.2441494023976116, 0.0336598015283965]
[0.2441494023976116, 0.0336598015283965], 0, -1.0, [0.2749503550866155, 0.030800952689003937]
[0.2749503550866155, 0.030800952689003937], 2, -1.0, [0.3050546418811675, 0.030104286794551963]
[0.3050546418811675, 0.030104286794551963], 2, -1.0, [0.33463477706094963, 0.02958013517978213]
[0.33463477706094963, 0.02958013517978213], 0, -1.0, [0.3618723802040213, 0.027237603143071665]
[0.3618723802040213, 0.027237603143071665], 2, -1.0, [0.3889440661633665, 0.027071685959345247]
[0.3889440661633665, 0.027071685959345247], 0, -1.0, [0.4140330859302472, 0.025089019766880646]
[0.4140330859302472, 0.025089019766880646], 2, -1.0, [0.4393150803826317, 0.02528199445238452]
[0.4393150803826317, 0.02528199445238452], 0, -1.0, [0.46297166132932505, 0.02365658094669337]
[0.46297166132932505, 0.02365658094669337], 2, -1.0, [0.4871760417691299, 0.024204380439804843]
[0.4871760417691299, 0.024204380439804843], 0, -1.0, [0.5101077949691513, 0.022931753200021356]
