[-0.5483444556962036, 0.0], 0, -1.0, [-0.5491590335195781, -0.0008145778233744878]
[-0.5491590335195781, -0.0008145778233744878], 0, -1.0, [-0.5507820972193314, -0.0016230636997533014]
[-0.5507820972193314, -0.0016230636997533014], 0, -1.0, [-0.5532015119066406, -0.0024194146873091913]
[-0.5532015119066406, -0.0024194146873091913], 0, -1.0, [-0.5563991977987736, -0.003197685892132967]
[-0.5563991977987736, -0.003197685892132967], 0, -1.0, [-0.5603512773325335, -0.003952079533759935]
[-0.5603512773325335, -0.003952079533759935], 0, -1.0, [-0.5650282712511405, -0.004676993918606964]
[-0.5650282712511405, -0.004676993918606964], 0, -1.0, [-0.5703953433189812, -0.00536707206784072]
[-0.5703953433189812, -0.00536707206784072], 0, -1.0, [-0.5764125929009639, -0.0060172495819827265]
[-0.5764125929009639, -0.0060172495819827265], 0, -1.0, [-0.5830353940515951, -0.006622801150631209]
[-0.5830353940515951, -0.006622801150631209], 0, -1.0, [-0.5902147790013099, -0.007179384949714861]
[-0.5902147790013099, -0.007179384949714861], 0, -1.0, [-0.5978978630300582, -0.007683084028748323]
[-0.5978978630300582, -0.007683084028748323], 0, -1.0, [-0.6060283067235913, -0.008130443693533083]
[-0.6060283067235913, -0.008130443693533083], 0, -1.0, [-0.6145468105733929, -0.00851850384980162]
[-0.6145468105733929, -0.00851850384980162], 0, -1.0, [-0.6233916358737919, -0.008844825300399024]
[-0.6233916358737919, -0.008844825300399024], 0, -1.0, [-0.632499144961119, -0.009107509087327182]
[-0.632499144961119, -0.009107509087327182], 0, -1.0, [-0.641804353099965, -0.00930520813884599]
[-0.641804353099965, -0.00930520813884599], 0, -1.0, [-0.6512414838130756, -0.009437130713110612]
[-0.6512414838130756, -0.009437130713110612], 0, -1.0, [-0.6607445192231511, -0.009503035410075572]
[-0.6607445192231511, -0.009503035410075572], 0, -1.0, [-0.6702477370577199, -0.009503217834568707]
[-0.6702477370577199, -0.009503217834568707], 0, -1.0, [-0.6796862263722434, -0.009438489314523537]
[-0.6796862263722434, -0.009438489314523537], 0, -1.0, [-0.6889963747596016, -0.00931014838735821]
[-0.6889963747596016, -0.00931014838735821], 0, -1.0, [-0.6981163208030706, -0.009119946043468951]
[-0.6981163208030706, -0.009119946043468951], 1, -1.0, [-0.7059863667438657, -0.007870045940795127]
[-0.7059863667438657, -0.007870045940795127], 2, -1.0, [-0.7115557468767126, -0.005569380132846877]
[-0.7115557468767126, -0.005569380132846877], 2, -1.0, [-0.714788972355493, -0.003233225478780321]
[-0.714788972355493, -0.003233225478780321], 2, -1.0, [-0.7156656111196078, -0.0008766387641148186]
[-0.7156656111196078, -0.0008766387641148186], 2, -1.0, [-0.714180145247679, 0.0014854658719287944]
[-0.714180145247679, 0.0014854658719287944], 2, -1.0, [-0.7103419303901095, 0.0038382148575694863]
[-0.7103419303901095, 0.0038382148575694863], 2, -1.0, [-0.7041752640355412, 0.006166666354568349]
[-0.7041752640355412, 0.006166666354568349], 2, -1.0, [-0.6957195511824166, 0.008455712853124643]
[-0.6957195511824166, 0.008455712853124643], 2, -1.0, [-0.6850295382926137, 0.010690012889802827]
[-0.6850295382926137, 0.010690012889802827], 1, -1.0, [-0.6731755700334482, 0.01185396825916551]
[-0.6731755700334482, 0.01185396825916551], 1, -1.0, [-0.6602370468713366, 0.012938523162111646]
[-0.6602370468713366, 0.012938523162111646], 1, -1.0, [-0.6463021957079301, 0.013934851163406443]
[-0.6463021957079301, 0.013934851163406443], 1, -1.0, [-0.6314677122161312, 0.014834483491798955]
[-0.6314677122161312, 0.014834483491798955], 1, -1.0, [-0.6158382581774723, 0.015629454038658938]
[-0.6158382581774723, 0.015629454038658938], 1, -1.0, [-0.5995258031073182, 0.01631245507015407]
[-0.5995258031073182, 0.01631245507015407], 1, -1.0, [-0.5826488068404212, 0.016876996266896937]
[-0.5826488068404212, 0.016876996266896937], 1, -1.0, [-0.5653312481038407, 0.01731755873658046]
[-0.5653312481038407, 0.01731755873658046], 0, -1.0, [-0.5487015128468755, 0.016629735256965223]
[-0.5487015128468755, 0.016629735256965223], 0, -1.0, [-0.5328836849673718, 0.01581782787950366]
[-0.5328836849673718, 0.01581782787950366], 0, -1.0, [-0.5179962292722884, 0.014887455695083474]
[-0.5179962292722884, 0.014887455695083474], 0, -1.0, [-0.5041507906963016, 0.013845438575986708]
[-0.5041507906963016, 0.013845438575986708], 0, -1.0, [-0.4914511292695729, 0.01269966142672874]
[-0.4914511292695729, 0.01269966142672874], 0, -1.0, [-0.4799922015978589, 0.011458927671714025]
[-0.4799922015978589, 0.011458927671714025], 0, -1.0, [-0.4698593911863328, 0.010132810411526109]
[-0.4698593911863328, 0.010132810411526109], 0, -1.0, [-0.4611278824803585, 0.008731508705974306]
[-0.4611278824803585, 0.008731508705974306], 0, -1.0, [-0.45386216753900216, 0.007265714941356374]
[-0.45386216753900216, 0.007265714941356374], 0, -1.0, [-0.4481156701438097, 0.005746497395192465]
[-0.4481156701438097, 0.005746497395192465], 0, -1.0, [-0.44393047002953756, 0.004185200114272164]
[-0.44393047002953756, 0.004185200114272164], 0, -1.0, [-0.44133710978204005, 0.0025933602474975184]
[-0.44133710978204005, 0.0025933602474975184], 0, -1.0, [-0.4403544686097943, 0.0009826411722457327]
[-0.4403544686097943, 0.0009826411722457327], 0, -1.0, [-0.44098969037314784, -0.000635221763353505]
[-0.44098969037314784, -0.000635221763353505], 0, -1.0, [-0.4432381575814297, -0.002248467208281892]
[-0.4432381575814297, -0.002248467208281892], 0, -1.0, [-0.4470835081223121, -0.0038453505408824274]
[-0.4470835081223121, -0.0038453505408824274], 0, -1.0, [-0.45249769682100066, -0.00541418869868854]
[-0.45249769682100066, -0.00541418869868854], 0, -1.0, [-0.45944110907951824, -0.006943412258517604]
[-0.45944110907951824, -0.006943412258517604], 0, -1.0, [-0.46786273836562214, -0.008421629286103922]
[-0.46786273836562214, -0.008421629286103922], 0, -1.0, [-0.47770044277848356, -0.009837704412861394]
[-0.47770044277848356, -0.009837704412861394], 0, -1.0, [-0.4888812979327706, -0.011180855154287008]
[-0.4888812979327706, -0.011180855154287008], 0, -1.0, [-0.5013220636675659, -0.012440765734795314]
[-0.5013220636675659, -0.012440765734795314], 0, -1.0, [-0.5149297804024311, -0.013607716734865112]
[-0.5149297804024311, -0.013607716734865112], 0, -1.0, [-0.5296025072722753, -0.014672726869844237]
[-0.5296025072722753, -0.014672726869844237], 0, -1.0, [-0.545230208589062, -0.01562770131678673]
[-0.545230208589062, -0.01562770131678673], 0, -1.0, [-0.5616957880042007, -0.016465579415138668]
[-0.5616957880042007, -0.016465579415138668], 0, -1.0, [-0.5788762614701269, -0.017180473465926174]
[-0.5788762614701269, -0.017180473465926174], 0, -1.0, [-0.5966440513724147, -0.017767789902287806]
[-0.5966440513724147, -0.017767789902287806], 0, -1.0, [-0.6148683757802335, -0.018224324407818786]
[-0.6148683757802335, -0.018224324407818786], 0, -1.0, [-0.6334166994275509, -0.018548323647317424]
[-0.6334166994275509, -0.018548323647317424], 0, -1.0, [-0.6521562075129256, -0.01873950808537468]
[-0.6521562075129256, -0.01873950808537468], 0, -1.0, [-0.6709552602621268, -0.01879905274920122]
[-0.6709552602621268, -0.01879905274920122], 0, -1.0, [-0.689684785777333, -0.01872952551520624]
[-0.689684785777333, -0.01872952551520624], 0, -1.0, [-0.708219571067651, -0.018534785290317976]
[-0.708219571067651, -0.018534785290317976], 0, -1.0, [-0.7264394161051101, -0.018219845037459156]
[-0.7264394161051101, -0.018219845037459156], 0, -1.0, [-0.7442301228158958, -0.017790706710785704]
[-0.7442301228158958, -0.017790706710785704], 0, -1.0, [-0.7614842994528686, -0.01725417663697274]
[-0.7614842994528686, -0.01725417663697274], 0, -1.0, [-0.778101970060739, -0.01661767060787043]
[-0.778101970060739, -0.01661767060787043], 2, -1.0, [-0.7919909879947811, -0.013889017934042113]
[-0.7919909879947811, -0.013889017934042113], 1, -1.0, [-0.8040776232763888, -0.012086635281607661]
[-0.8040776232763888, -0.012086635281607661], 2, -1.0, [-0.8133002555820696, -0.009222632305680855]
[-0.8133002555820696, -0.009222632305680855], 2, -1.0, [-0.8196135100134951, -0.006313254431425484]
[-0.8196135100134951, -0.006313254431425484], 2, -1.0, [-0.8229871662946485, -0.0033736562811533563]
[-0.8229871662946485, -0.0033736562811533563], 2, -1.0, [-0.8234053599648602, -0.0004181936702116612]
[-0.8234053599648602, -0.0004181936702116612], 2, -1.0, [-0.8208661384087652, 0.0025392215560949586]
[-0.8208661384087652, 0.0025392215560949586], 2, -1.0, [-0.8153814049995056, 0.005484733409259562]
[-0.8153814049995056, 0.005484733409259562], 2, -1.0, [-0.8069772554626695, 0.008404149536836075]
[-0.8069772554626695, 0.008404149536836075], 0, -1.0, [-0.7976946814605883, 0.009282574002081222]
[-0.7976946814605883, 0.009282574002081222], 2, -1.0, [-0.7855803458471594, 0.012114335613428881]
[-0.7855803458471594, 0.012114335613428881], 2, -1.0, [-0.7706972773764986, 0.014883068470660812]
[-0.7706972773764986, 0.014883068470660812], 2, -1.0, [-0.7531260988171435, 0.01757117855935505]
[-0.7531260988171435, 0.01757117855935505], 2, -1.0, [-0.7329663130268901, 0.020159785790253473]
[-0.7329663130268901, 0.020159785790253473], 2, -1.0, [-0.7103375008443584, 0.022628812182531707]
[-0.7103375008443584, 0.022628812182531707], 2, -1.0, [-0.6853802653080596, 0.024957235536298764]
[-0.6853802653080596, 0.024957235536298764], 2, -1.0, [-0.6582567470842805, 0.02712351822377916]
[-0.6582567470842805, 0.02712351822377916], 2, -1.0, [-0.6291505401719182, 0.029106206912362303]
[-0.6291505401719182, 0.029106206912362303], 2, -1.0, [-0.5982658585262143, 0.030884681645703953]
[-0.5982658585262143, 0.030884681645703953], 2, -1.0, [-0.5658258451949633, 0.032440013331251044]
[-0.5658258451949633, 0.032440013331251044], 2, -1.0, [-0.5320699752441003, 0.03375586995086296]
[-0.5320699752441003, 0.03375586995086296], 2, -1.0, [-0.497250578134589, 0.03481939710951124]
[-0.497250578134589, 0.03481939710951124], 2, -1.0, [-0.46162858678934304, 0.03562199134524597]
[-0.46162858678934304, 0.03562199134524597], 2, -1.0, [-0.42546869915883717, 0.03615988763050589]
[-0.42546869915883717, 0.03615988763050589], 2, -1.0, [-0.38903420244386583, 0.03643449671497134]
[-0.38903420244386583, 0.03643449671497134], 2, -1.0, [-0.3525817502763169, 0.03645245216754896]
[-0.3525817502763169, 0.03645245216754896], 2, -1.0, [-0.3163563925595385, 0.03622535771677838]
[-0.3163563925595385, 0.03622535771677838], 2, -1.0, [-0.28058713479943287, 0.03576925776010566]
[-0.28058713479943287, 0.03576925776010566], 0, -1.0, [-0.24748325247291783, 0.033103882326515045]
[-0.24748325247291783, 0.033103882326515045], 0, -1.0, [-0.2172214064031006, 0.03026184606981725]
[-0.2172214064031006, 0.03026184606981725], 0, -1.0, [-0.18994724916764724, 0.027274157235453345]
[-0.18994724916764724, 0.027274157235453345], 0, -1.0, [-0.16577805783904115, 0.024169191328606107]
[-0.16577805783904115, 0.024169191328606107], 0, -1.0, [-0.14480601027880544, 0.020972047560235706]
[-0.14480601027880544, 0.020972047560235706], 0, -1.0, [-0.12710175055999787, 0.017704259718807562]
[-0.12710175055999787, 0.017704259718807562], 0, -1.0, [-0.11271794009137445, 0.01438381046862341]
[-0.11271794009137445, 0.01438381046862341], 0, -1.0, [-0.10169255146188738, 0.01102538862948707]
[-0.10169255146188738, 0.01102538862948707], 0, -1.0, [-0.09405172190892472, 0.007640829552962657]
[-0.09405172190892472, 0.007640829552962657], 0, -1.0, [-0.08981203639252337, 0.004239685516401347]
[-0.08981203639252337, 0.004239685516401347], 0, -1.0, [-0.0889821537524736, 0.0008298826400497668]
[-0.0889821537524736, 0.0008298826400497668], 0, -1.0, [-0.09156372330425362, -0.002581569551780018]
[-0.09156372330425362, -0.002581569551780018], 0, -1.0, [-0.09755156539002112, -0.005987842085767496]
[-0.09755156539002112, -0.005987842085767496], 0, -1.0, [-0.10693311093468844, -0.009381545544667323]
[-0.10693311093468844, -0.009381545544667323], 0, -1.0, [-0.11968711565807923, -0.01275400472339079]
[-0.11968711565807923, -0.01275400472339079], 0, -1.0, [-0.13578168806799326, -0.016094572409914028]
[-0.13578168806799326, -0.016094572409914028], 0, -1.0, [-0.15517170015666049, -0.019390012088667218]
[-0.15517170015666049, -0.019390012088667218], 0, -1.0, [-0.17779568840593518, -0.02262398824927471]
[-0.17779568840593518, -0.02262398824927471], 0, -1.0, [-0.20357240128082163, -0.025776712874886438]
[-0.20357240128082163, -0.025776712874886438], 0, -1.0, [-0.23239720651653625, -0.02882480523571463]
[-0.23239720651653625, -0.02882480523571463], 0, -1.0, [-0.2641386326950295, -0.03174142617849325]
[-0.2641386326950295, -0.03174142617849325], 0, -1.0, [-0.2986353766790055, -0.034496743983976]
[-0.2986353766790055, -0.034496743983976], 0, -1.0, [-0.33569414963499744, -0.03705877295599194]
[-0.33569414963499744, -0.03705877295599194], 0, -1.0, [-0.3750887454145379, -0.039394595779540485]
[-0.3750887454145379, -0.039394595779540485], 0, -1.0, [-0.4165606819070415, -0.0414719364925036]
[-0.4165606819070415, -0.0414719364925036], 0, -1.0, [-0.45982167859997447, -0.04326099669293298]
[-0.45982167859997447, -0.04326099669293298], 0, -1.0, [-0.5045580904444698, -0.04473641184449525]
[-0.5045580904444698, -0.04473641184449525], 0, -1.0, [-0.5504372297797778, -0.04587913933530807]
[-0.5504372297797778, -0.04587913933530807], 0, -1.0, [-0.5971152981210922, -0.046678068341314376]
[-0.5971152981210922, -0.046678068341314376], 0, -1.0, [-0.6442464516831897, -0.04713115356209752]
[-0.6442464516831897, -0.04713115356209752], 0, -1.0, [-0.691492375142482, -0.047245923459292224]
[-0.691492375142482, -0.047245923459292224], 0, -1.0, [-0.7385316673809934, -0.04703929223851147]
[-0.7385316673809934, -0.04703929223851147], 0, -1.0, [-0.7850683657498826, -0.04653669836888915]
[-0.7850683657498826, -0.04653669836888915], 0, -1.0, [-0.8308390470468997, -0.04577068129701707]
[-0.8308390470468997, -0.04577068129701707], 0, -1.0, [-0.8756181209799915, -0.04477907393309179]
[-0.8756181209799915, -0.04477907393309179], 0, -1.0, [-0.9192211409294134, -0.04360301994942197]
[-0.9192211409294134, -0.04360301994942197], 0, -1.0, [-0.9615061607827269, -0.04228501985331351]
[-0.9615061607827269, -0.04228501985331351], 0, -1.0, [-1.002373335600145, -0.04086717481741814]
[-1.002373335600145, -0.04086717481741814], 0, -1.0, [-1.0417630799924422, -0.03938974439229723]
[-1.0417630799924422, -0.03938974439229723], 0, -1.0, [-1.0796531566289993, -0.037890076636557156]
[-1.0796531566289993, -0.037890076636557156], 0, -1.0, [-1.1160550742775728, -0.03640191764857357]
[-1.1160550742775728, -0.03640191764857357], 0, -1.0, [-1.151010142799644, -0.03495506852207114]
[-1.151010142799644, -0.03495506852207114], 0, -1.0, [-1.1845854763715054, -0.03357533357186128]
[-1.1845854763715054, -0.03357533357186128], 0, -1.0, [-1.2, 0.0]
[-1.2, 0.0], 2, -1.0, [-1.1967581039591646, 0.003241896040835368]
[-1.1967581039591646, 0.003241896040835368], 2, -1.0, [-1.1902636585360942, 0.006494445423070332]
[-1.1902636585360942, 0.006494445423070332], 2, -1.0, [-1.1804959639787937, 0.009767694557300442]
[-1.1804959639787937, 0.009767694557300442], 2, -1.0, [-1.1674255149588486, 0.013070449019945182]
[-1.1674255149588486, 0.013070449019945182], 2, -1.0, [-1.1510159267200155, 0.016409588238833067]
[-1.1510159267200155, 0.016409588238833067], 2, -1.0, [-1.1312266168239755, 0.019789309896040046]
[-1.1312266168239755, 0.019789309896040046], 2, -1.0, [-1.108016322100852, 0.02321029472312345]
[-1.108016322100852, 0.02321029472312345], 2, -1.0, [-1.081347524946184, 0.02666879715466819]
[-1.081347524946184, 0.02666879715466819], 2, -1.0, [-1.0511918363028878, 0.03015568864329602]
[-1.0511918363028878, 0.03015568864329602], 2, -1.0, [-1.0175363271434712, 0.0336555091594167]
[-1.0175363271434712, 0.0336555091594167], 2, -1.0, [-0.9803907090723114, 0.03714561807115983]
[-0.9803907090723114, 0.03714561807115983], 2, -1.0, [-0.9397951336374217, 0.04059557543488971]
[-0.9397951336374217, 0.04059557543488971], 2, -1.0, [-0.8958282112564235, 0.043966922380998245]
[-0.8958282112564235, 0.043966922380998245], 2, -1.0, [-0.8486146572192776, 0.04721355403714586]
[-0.8486146572192776, 0.04721355403714586], 2, -1.0, [-0.7983317816221248, 0.05028287559715283]
[-0.7983317816221248, 0.05028287559715283], 2, -1.0, [-0.7452138959379592, 0.0531178856841656]
[-0.7452138959379592, 0.0531178856841656], 2, -1.0, [-0.6895536666604415, 0.0556602292775177]
[-0.6895536666604415, 0.0556602292775177], 2, -1.0, [-0.6316995610792892, 0.057854105581152386]
[-0.6316995610792892, 0.057854105581152386], 2, -1.0, [-0.5720488365336812, 0.05965072454560789]
[-0.5720488365336812, 0.05965072454560789], 2, -1.0, [-0.5110360146660762, 0.061012821867605024]
[-0.5110360146660762, 0.061012821867605024], 2, -1.0, [-0.44911739120176025, 0.061918623464315904]
[-0.44911739120176025, 0.061918623464315904], 2, -1.0, [-0.38675274139346727, 0.06236464980829299]
[-0.38675274139346727, 0.06236464980829299], 0, -1.0, [-0.3263858485235833, 0.06036689286988392]
[-0.3263858485235833, 0.06036689286988392], 2, -1.0, [-0.26641326066670956, 0.05997258785687377]
[-0.26641326066670956, 0.05997258785687377], 2, -1.0, [-0.2071838024472931, 0.05922945821941646]
[-0.2071838024472931, 0.05922945821941646], 2, -1.0, [-0.14898678436628338, 0.05819701808100971]
[-0.14898678436628338, 0.05819701808100971], 2, -1.0, [-0.09204417899061942, 0.05694260537566395]
[-0.09204417899061942, 0.05694260537566395], 2, -1.0, [-0.036506866223770036, 0.05553731276684939]
[-0.036506866223770036, 0.05553731276684939], 2, -1.0, [0.017545425014080178, 0.054052291237850214]
[0.017545425014080178, 0.054052291237850214], 0, -1.0, [0.06810117867422344, 0.05055575366014327]
[0.06810117867422344, 0.05055575366014327], 0, -1.0, [0.11520892602374366, 0.047107747349520224]
[0.11520892602374366, 0.047107747349520224], 0, -1.0, [0.15896451513949328, 0.04375558911574963]
[0.15896451513949328, 0.04375558911574963], 0, -1.0, [0.19949904141340807, 0.040534526273914795]
[0.19949904141340807, 0.040534526273914795], 0, -1.0, [0.23696810951229677, 0.037469068098888704]
[0.23696810951229677, 0.037469068098888704], 0, -1.0, [0.2715427473759544, 0.03457463786365763]
[0.2715427473759544, 0.03457463786365763], 0, -1.0, [0.3034020380301728, 0.0318592906542184]
[0.3034020380301728, 0.0318592906542184], 0, -1.0, [0.33272737116287165, 0.029325333132698875]
[0.33272737116287165, 0.029325333132698875], 0, -1.0, [0.35969812651805233, 0.026970755355180703]
[0.35969812651805233, 0.026970755355180703], 0, -1.0, [0.3844885646487149, 0.02479043813066255]
[0.3844885646487149, 0.02479043813066255], 2, -1.0, [0.40926569869543056, 0.02477713404671568]
[0.40926569869543056, 0.02477713404671568], 0, -1.0, [0.4322020499253363, 0.022936351229905744]
[0.4322020499253363, 0.022936351229905744], 2, -1.0, [0.45546148252035046, 0.02325943259501418]
[0.45546148252035046, 0.02325943259501418], 0, -1.0, [0.4772134368187743, 0.021751954298423866]
[0.4772134368187743, 0.021751954298423866], 0, -1.0, [0.49761862276989194, 0.020405185951117615]
[0.49761862276989194, 0.020405185951117615], 2, -1.0, [0.5188291547924173, 0.021210532022525336]
