[-0.42062032974992614, 0.0], 0, -1.0, [-0.4223804411247904, -0.001760111374864265]
[-0.4223804411247904, -0.001760111374864265], 0, -1.0, [-0.42588807745737967, -0.003507636332589294]
[-0.42588807745737967, -0.003507636332589294], 0, -1.0, [-0.4311180941097167, -0.005230016652337027]
[-0.4311180941097167, -0.005230016652337027], 0, -1.0, [-0.4380328517871836, -0.006914757677466925]
[-0.4380328517871836, -0.006914757677466925], 0, -1.0, [-0.4465823292531659, -0.008549477465982289]
[-0.4465823292531659, -0.008549477465982289], 0, -1.0, [-0.45670430447912064, -0.01012197522595477]
[-0.45670430447912064, -0.01012197522595477], 0, -1.0, [-0.46832462739242253, -0.01162032291330192]
[-0.46832462739242253, -0.01162032291330192], 0, -1.0, [-0.48135760918026127, -0.013032981787838738]
[-0.48135760918026127, -0.013032981787838738], 0, -1.0, [-0.4957065524663702, -0.014348943286108891]
[-0.4957065524663702, -0.014348943286108891], 0, -1.0, [-0.5112644433922309, -0.015557890925860645]
[-0.5112644433922309, -0.015557890925860645], 0, -1.0, [-0.5279148207005372, -0.016650377308306312]
[-0.5279148207005372, -0.016650377308306312], 0, -1.0, [-0.545532828575073, -0.017618007874535848]
[-0.545532828575073, -0.017618007874535848], 0, -1.0, [-0.5639864497425654, -0.018453621167492423]
[-0.5639864497425654, -0.018453621167492423], 0, -1.0, [-0.5831379039481054, -0.019151454205540003]
[-0.5831379039481054, -0.019151454205540003], 0, -1.0, [-0.6028451853392905, -0.019707281391185168]
[-0.6028451853392905, -0.019707281391185168], 0, -1.0, [-0.6229637016096488, -0.020118516270358267]
[-0.6229637016096488, -0.020118516270358267], 0, -1.0, [-0.6433479690216355, -0.020384267411986744]
[-0.6433479690216355, -0.020384267411986744], 0, -1.0, [-0.6638533115676505, -0.020505342546014986]
[-0.6638533115676505, -0.020505342546014986], 0, -1.0, [-0.6843375101735518, -0.020484198605901387]
[-0.6843375101735518, -0.020484198605901387], 0, -1.0, [-0.7046623492760593, -0.02032483910250749]
[-0.7046623492760593, -0.02032483910250749], 0, -1.0, [-0.7246950131810431, -0.02003266390498384]
[-0.7246950131810431, -0.02003266390498384], 0, -1.0, [-0.7443092928190749, -0.019614279638031726]
[-0.7443092928190749, -0.019614279638031726], 1, -1.0, [-0.762386574039354, -0.01807728122027909]
[-0.762386574039354, -0.01807728122027909], 2, -1.0, [-0.7778222395155687, -0.015435665476214739]
[-0.7778222395155687, -0.015435665476214739], 2, -1.0, [-0.7905307685353601, -0.012708529019791335]
[-0.7905307685353601, -0.012708529019791335], 2, -1.0, [-0.8004445214867335, -0.009913752951373398]
[-0.8004445214867335, -0.009913752951373398], 2, -1.0, [-0.8075125398549124, -0.007068018368178976]
[-0.8075125398549124, -0.007068018368178976], 2, -1.0, [-0.8116994869994386, -0.004186947144526184]
[-0.8116994869994386, -0.004186947144526184], 2, -1.0, [-0.8129848281075047, -0.0012853411080660645]
[-0.8129848281075047, -0.0012853411080660645], 2, -1.0, [-0.8113623192847537, 0.001622508822751033]
[-0.8113623192847537, 0.001622508822751033], 2, -1.0, [-0.8068398469945876, 0.0045224722901660705]
[-0.8068398469945876, 0.0045224722901660705], 2, -1.0, [-0.7994396304484357, 0.007400216546151861]
[-0.7994396304484357, 0.007400216546151861], 2, -1.0, [-0.7891987710345496, 0.010240859413886128]
[-0.7891987710345496, 0.010240859413886128], 2, -1.0, [-0.7761701042436526, 0.013028666790896983]
[-0.7761701042436526, 0.013028666790896983], 2, -1.0, [-0.7604232807999148, 0.015746823443737765]
[-0.7604232807999148, 0.015746823443737765], 2, -1.0, [-0.742045975370891, 0.018377305429023782]
[-0.742045975370891, 0.018377305429023782], 2, -1.0, [-0.7211450946608324, 0.020900880710058595]
[-0.7211450946608324, 0.020900880710058595], 2, -1.0, [-0.6978478342008468, 0.023297260459985612]
[-0.6978478342008468, 0.023297260459985612], 2, -1.0, [-0.6723024179615337, 0.025545416239313206]
[-0.6723024179615337, 0.025545416239313206], 2, -1.0, [-0.6446783508494515, 0.027624067112082186]
[-0.6446783508494515, 0.027624067112082186], 2, -1.0, [-0.6151660250034688, 0.029512325845982613]
[-0.6151660250034688, 0.029512325845982613], 2, -1.0, [-0.5839755494578609, 0.031190475545607933]
[-0.5839755494578609, 0.031190475545607933], 2, -1.0, [-0.5513347201158065, 0.03264082934205431]
[-0.5513347201158065, 0.03264082934205431], 2, -1.0, [-0.5174861111455639, 0.03384860897024266]
[-0.5174861111455639, 0.03384860897024266], 2, -1.0, [-0.48268334458928613, 0.03480276655627773]
[-0.48268334458928613, 0.03480276655627773], 2, -1.0, [-0.4471866737726421, 0.03549667081664405]
[-0.4471866737726421, 0.03549667081664405], 2, -1.0, [-0.41125808763957994, 0.03592858613306216]
[-0.41125808763957994, 0.03592858613306216], 2, -1.0, [-0.37515619689256263, 0.03610189074701728]
[-0.37515619689256263, 0.03610189074701728], 0, -1.0, [-0.3411311903337766, 0.03402500655878604]
[-0.3411311903337766, 0.03402500655878604], 0, -1.0, [-0.3094073619102544, 0.03172382842352216]
[-0.3094073619102544, 0.03172382842352216], 0, -1.0, [-0.2801816791072266, 0.029225682803027835]
[-0.2801816791072266, 0.029225682803027835], 0, -1.0, [-0.2536236384752726, 0.026558040631953987]
[-0.2536236384752726, 0.026558040631953987], 0, -1.0, [-0.22987618720234682, 0.023747451272925782]
[-0.22987618720234682, 0.023747451272925782], 0, -1.0, [-0.20905744191976264, 0.020818745282584167]
[-0.20905744191976264, 0.020818745282584167], 0, -1.0, [-0.1912629221000804, 0.017794519819682234]
[-0.1912629221000804, 0.017794519819682234], 0, -1.0, [-0.17656802827465104, 0.014694893825429354]
[-0.17656802827465104, 0.014694893825429354], 0, -1.0, [-0.1650305260185318, 0.011537502256119238]
[-0.1650305260185318, 0.011537502256119238], 0, -1.0, [-0.15669283677159093, 0.008337689246940866]
[-0.15669283677159093, 0.008337689246940866], 0, -1.0, [-0.15158397934765705, 0.005108857423933894]
[-0.15158397934765705, 0.005108857423933894], 0, -1.0, [-0.14972104695977795, 0.001862932387879095]
[-0.14972104695977795, 0.001862932387879095], 0, -1.0, [-0.15111014155159413, -0.0013890945918161785]
[-0.15111014155159413, -0.0013890945918161785], 0, -1.0, [-0.15574671987175812, -0.004636578320163969]
[-0.15574671987175812, -0.004636578320163969], 0, -1.0, [-0.16361533515456794, -0.007868615282809827]
[-0.16361533515456794, -0.007868615282809827], 0, -1.0, [-0.1746887864144551, -0.011073451259887155]
[-0.1746887864144551, -0.011073451259887155], 0, -1.0, [-0.18892671646758957, -0.01423793005313447]
[-0.18892671646758957, -0.01423793005313447], 0, -1.0, [-0.20627373187712433, -0.017347015409534768]
[-0.20627373187712433, -0.017347015409534768], 0, -1.0, [-0.22665715433119668, -0.02038342245407235]
[-0.22665715433119668, -0.02038342245407235], 0, -1.0, [-0.2499845534410312, -0.023327399109834526]
[-0.2499845534410312, -0.023327399109834526], 0, -1.0, [-0.27614125368838605, -0.02615670024735481]
[-0.27614125368838605, -0.02615670024735481], 0, -1.0, [-0.30498804912917565, -0.028846795440789604]
[-0.30498804912917565, -0.028846795440789604], 0, -1.0, [-0.33635939204616483, -0.03137134291698915]
[-0.33635939204616483, -0.03137134291698915], 0, -1.0, [-0.37006233777587416, -0.03370294572970936]
[-0.37006233777587416, -0.03370294572970936], 0, -1.0, [-0.40587651850902134, -0.0358141807331472]
[-0.40587651850902134, -0.0358141807331472], 0, -1.0, [-0.44355537639625997, -0.03767885788723862]
[-0.44355537639625997, -0.03767885788723862], 0, -1.0, [-0.4828288070092264, -0.03927343061296645]
[-0.4828288070092264, -0.03927343061296645], 0, -1.0, [-0.5234072505728711, -0.040578443563644685]
[-0.5234072505728711, -0.040578443563644685], 0, -1.0, [-0.5649871305741274, -0.041579880001256356]
[-0.5649871305741274, -0.041579880001256356], 0, -1.0, [-0.6072573949018992, -0.04227026432777178]
[-0.6072573949018992, -0.04227026432777178], 0, -1.0, [-0.649906785824284, -0.0426493909223847]
[-0.649906785824284, -0.0426493909223847], 0, -1.0, [-0.6926313741460729, -0.04272458832178897]
[-0.6926313741460729, -0.04272458832178897], 0, -1.0, [-0.7351418566888108, -0.04251048254273797]
[-0.7351418566888108, -0.04251048254273797], 0, -1.0, [-0.7771701417619362, -0.042028285073125386]
[-0.7771701417619362, -0.042028285073125386], 0, -1.0, [-0.8184748296507744, -0.041304687888838267]
[-0.8184748296507744, -0.041304687888838267], 0, -1.0, [-0.858845318908034, -0.040370489257259515]
[-0.858845318908034, -0.040370489257259515], 0, -1.0, [-0.8981044125586253, -0.03925909365059131]
[-0.8981044125586253, -0.03925909365059131], 0, -1.0, [-0.9361094383871156, -0.038005025828490274]
[-0.9361094383871156, -0.038005025828490274], 2, -1.0, [-0.9707520154185244, -0.034642577031408855]
[-0.9707520154185244, -0.034642577031408855], 2, -1.0, [-1.0019600489015308, -0.031208033483006287]
[-1.0019600489015308, -0.031208033483006287], 2, -1.0, [-1.0296910694266224, -0.02773102052509151]
[-1.0296910694266224, -0.02773102052509151], 2, -1.0, [-1.053925537024438, -0.024234467597815668]
[-1.053925537024438, -0.024234467597815668], 2, -1.0, [-1.0746605138451402, -0.020734976820702154]
[-1.0746605138451402, -0.020734976820702154], 2, -1.0, [-1.0919039707784182, -0.017243456933278084]
[-1.0919039707784182, -0.017243456933278084], 2, -1.0, [-1.1056698789964339, -0.013765908218015644]
[-1.1056698789964339, -0.013765908218015644], 0, -1.0, [-1.117974152581714, -0.012304273585280138]
[-1.117974152581714, -0.012304273585280138], 2, -1.0, [-1.126834569691859, -0.008860417110144911]
[-1.126834569691859, -0.008860417110144911], 2, -1.0, [-1.1322659961923398, -0.005431426500480831]
[-1.1322659961923398, -0.005431426500480831], 2, -1.0, [-1.1342783939916166, -0.002012397799276709]
[-1.1342783939916166, -0.002012397799276709], 2, -1.0, [-1.1328756172850425, 0.0014027767065740485]
[-1.1328756172850425, 0.0014027767065740485], 2, -1.0, [-1.1280549701364855, 0.00482064714855706]
[-1.1280549701364855, 0.00482064714855706], 2, -1.0, [-1.1198075146631914, 0.008247455473294122]
[-1.1198075146631914, 0.008247455473294122], 2, -1.0, [-1.1081191373568322, 0.011688377306359219]
[-1.1081191373568322, 0.011688377306359219], 2, -1.0, [-1.0929723976512393, 0.015146739705592875]
[-1.0929723976512393, 0.015146739705592875], 2, -1.0, [-1.0743491934610159, 0.018623204190223362]
[-1.0743491934610159, 0.018623204190223362], 2, -1.0, [-1.0522342783175587, 0.022114915143457117]
[-1.0522342783175587, 0.022114915143457117], 2, -1.0, [-1.0266196485656476, 0.025614629751911148]
[-1.0266196485656476, 0.025614629751911148], 2, -1.0, [-0.9975097811143635, 0.029109867451284067]
[-0.9975097811143635, 0.029109867451284067], 2, -1.0, [-0.9649276371097912, 0.03258214400457221]
[-0.9649276371097912, 0.03258214400457221], 2, -1.0, [-0.9289212511749683, 0.036006385934822915]
[-0.9289212511749683, 0.036006385934822915], 2, -1.0, [-0.8895706003706876, 0.039350650804280685]
[-0.8895706003706876, 0.039350650804280685], 2, -1.0, [-0.846994299837097, 0.04257630053359057]
[-0.846994299837097, 0.04257630053359057], 2, -1.0, [-0.8013555213823812, 0.04563877845471573]
[-0.8013555213823812, 0.04563877845471573], 2, -1.0, [-0.7528664068646342, 0.0484891145177469]
[-0.7528664068646342, 0.0484891145177469], 2, -1.0, [-0.7017901895023533, 0.051076217362280976]
[-0.7017901895023533, 0.051076217362280976], 2, -1.0, [-0.6484402853232433, 0.05334990417911]
[-0.6484402853232433, 0.05334990417911], 2, -1.0, [-0.5931758059979487, 0.055264479325294574]
[-0.5931758059979487, 0.055264479325294574], 2, -1.0, [-0.536393279921854, 0.056782526076094686]
[-0.536393279921854, 0.056782526076094686], 2, -1.0, [-0.47851481862418116, 0.057878461297672865]
[-0.47851481862418116, 0.057878461297672865], 2, -1.0, [-0.41997345704142786, 0.0585413615827533]
[-0.41997345704142786, 0.0585413615827533], 2, -1.0, [-0.3611968272619049, 0.05877662977952296]
[-0.3611968272619049, 0.05877662977952296], 2, -1.0, [-0.3025905941810335, 0.058606233080871345]
[-0.3025905941810335, 0.058606233080871345], 2, -1.0, [-0.2445231196262606, 0.05806747455477289]
[-0.2445231196262606, 0.05806747455477289], 2, -1.0, [-0.18731261848016345, 0.05721050114609716]
[-0.18731261848016345, 0.05721050114609716], 2, -1.0, [-0.1312176777309487, 0.05609494074921476]
[-0.1312176777309487, 0.05609494074921476], 2, -1.0, [-0.0764315221086304, 0.0547861556223183]
[-0.0764315221086304, 0.0547861556223183], 2, -1.0, [-0.023079933925682194, 0.053351588182948204]
[-0.023079933925682194, 0.053351588182948204], 0, -1.0, [0.026777644551182513, 0.04985757847686471]
[0.026777644551182513, 0.04985757847686471], 0, -1.0, [0.07314328541612991, 0.0463656408649474]
[0.07314328541612991, 0.0463656408649474], 0, -1.0, [0.11606887199866389, 0.042925586582533974]
[0.11606887199866389, 0.042925586582533974], 1, -1.0, [0.15664449320783913, 0.040575621209175246]
[0.15664449320783913, 0.040575621209175246], 1, -1.0, [0.19499111838604205, 0.038346625178202906]
[0.19499111838604205, 0.038346625178202906], 1, -1.0, [0.23125342656710418, 0.03626230818106212]
[0.23125342656710418, 0.03626230818106212], 1, -1.0, [0.26559361722265673, 0.034340190655552556]
[0.26559361722265673, 0.034340190655552556], 0, -1.0, [0.2971862769505374, 0.03159265972788067]
[0.2971862769505374, 0.03159265972788067], 0, -1.0, [0.32620843683109446, 0.029022159880557043]
[0.32620843683109446, 0.029022159880557043], 0, -1.0, [0.35283518747138976, 0.02662675064029531]
[0.35283518747138976, 0.02662675064029531], 0, -1.0, [0.3772365000709683, 0.024401312599578565]
[0.3772365000709683, 0.024401312599578565], 2, -1.0, [0.4015750299394977, 0.02433852986852938]
[0.4015750299394977, 0.02433852986852938], 0, -1.0, [0.4240186854145503, 0.022443655475052633]
[0.4240186854145503, 0.022443655475052633], 2, -1.0, [0.4467265496221338, 0.02270786420758353]
[0.4467265496221338, 0.02270786420758353], 0, -1.0, [0.46786296903290814, 0.02113641941077435]
[0.46786296903290814, 0.02113641941077435], 0, -1.0, [0.48758331502280183, 0.019720345989893702]
[0.48758331502280183, 0.019720345989893702], 2, -1.0, [0.5080340703082327, 0.02045075528543087]
