[-0.4740979136205723, 0.0], 0, -1.0, [-0.47546780703499036, -0.0013698934144180826]
[-0.47546780703499036, -0.0013698934144180826], 0, -1.0, [-0.4781974296486956, -0.0027296226137052577]
[-0.4781974296486956, -0.0027296226137052577], 0, -1.0, [-0.4822665105020709, -0.00406908085337533]
[-0.4822665105020709, -0.00406908085337533], 0, -1.0, [-0.48764478958904706, -0.005378279086976128]
[-0.48764478958904706, -0.005378279086976128], 0, -1.0, [-0.49429220100524757, -0.0066474114162005365]
[-0.49429220100524757, -0.0066474114162005365], 0, -1.0, [-0.5021591286700179, -0.00786692766477037]
[-0.5021591286700179, -0.00786692766477037], 0, -1.0, [-0.5111867428418858, -0.009027614171867952]
[-0.5111867428418858, -0.009027614171867952], 0, -1.0, [-0.5213074257488948, -0.010120682907008951]
[-0.5213074257488948, -0.010120682907008951], 0, -1.0, [-0.5324452936444344, -0.011137867895539628]
[-0.5324452936444344, -0.011137867895539628], 0, -1.0, [-0.5445168204431371, -0.0120715267987027]
[-0.5445168204431371, -0.0120715267987027], 0, -1.0, [-0.5574315648564342, -0.012914744413297057]
[-0.5574315648564342, -0.012914744413297057], 0, -1.0, [-0.5710929988042379, -0.013661433947803718]
[-0.5710929988042379, -0.013661433947803718], 0, -1.0, [-0.5853994300989402, -0.01430643129470234]
[-0.5853994300989402, -0.01430643129470234], 0, -1.0, [-0.6002450073357568, -0.01484557723681653]
[-0.6002450073357568, -0.01484557723681653], 0, -1.0, [-0.6155207899908351, -0.01527578265507838]
[-0.6155207899908351, -0.01527578265507838], 0, -1.0, [-0.6311158623547491, -0.015595072363914046]
[-0.6311158623547491, -0.015595072363914046], 0, -1.0, [-0.6469184665165326, -0.01580260416178348]
[-0.6469184665165326, -0.01580260416178348], 0, -1.0, [-0.6628171274931357, -0.01589866097660313]
[-0.6628171274931357, -0.01589866097660313], 0, -1.0, [-0.6787017429917063, -0.01588461549857059]
[-0.6787017429917063, -0.01588461549857059], 0, -1.0, [-0.6944646112815839, -0.01576286828987756]
[-0.6944646112815839, -0.01576286828987756], 0, -1.0, [-0.7100013731777876, -0.015536761896203694]
[-0.7100013731777876, -0.015536761896203694], 0, -1.0, [-0.7252118479998523, -0.015210474822064727]
[-0.7252118479998523, -0.015210474822064727], 2, -1.0, [-0.7380007482601133, -0.01278890026026104]
[-0.7380007482601133, -0.01278890026026104], 2, -1.0, [-0.7482902389673347, -0.010289490707221358]
[-0.7482902389673347, -0.010289490707221358], 2, -1.0, [-0.7560192936269012, -0.00772905465956648]
[-0.7560192936269012, -0.00772905465956648], 2, -1.0, [-0.761143046298037, -0.00512375267113578]
[-0.761143046298037, -0.00512375267113578], 2, -1.0, [-0.7636322286344704, -0.002489182336433436]
[-0.7636322286344704, -0.002489182336433436], 2, -1.0, [-0.7634727606728953, 0.00015946796157520005]
[-0.7634727606728953, 0.00015946796157520005], 2, -1.0, [-0.7606655416897433, 0.002807218983151939]
[-0.7606655416897433, 0.002807218983151939], 2, -1.0, [-0.7552264638023403, 0.005439077887403037]
[-0.7552264638023403, 0.005439077887403037], 2, -1.0, [-0.7471866468586984, 0.008039816943641899]
[-0.7471866468586984, 0.008039816943641899], 2, -1.0, [-0.7365928690576712, 0.010593777801027247]
[-0.7365928690576712, 0.010593777801027247], 2, -1.0, [-0.723508144197548, 0.01308472486012313]
[-0.723508144197548, 0.01308472486012313], 2, -1.0, [-0.7080123742160295, 0.015495769981518592]
[-0.7080123742160295, 0.015495769981518592], 2, -1.0, [-0.690202985891501, 0.017809388324528472]
[-0.690202985891501, 0.017809388324528472], 2, -1.0, [-0.6701954448211804, 0.020007541070320548]
[-0.6701954448211804, 0.020007541070320548], 2, -1.0, [-0.6481235300889472, 0.022071914732233196]
[-0.6481235300889472, 0.022071914732233196], 2, -1.0, [-0.6241392516103046, 0.02398427847864263]
[-0.6241392516103046, 0.02398427847864263], 2, -1.0, [-0.598412301064451, 0.025726950545853663]
[-0.598412301064451, 0.025726950545853663], 2, -1.0, [-0.57112894800755, 0.02728335305690104]
[-0.57112894800755, 0.02728335305690104], 2, -1.0, [-0.5424903254127706, 0.028638622594779284]
[-0.5424903254127706, 0.028638622594779284], 2, -1.0, [-0.5127100920321499, 0.029780233380620726]
[-0.5127100920321499, 0.029780233380620726], 2, -1.0, [-0.4820115092553039, 0.030698582776846017]
[-0.4820115092553039, 0.030698582776846017], 2, -1.0, [-0.4506240224469646, 0.031387486808339304]
[-0.4506240224469646, 0.031387486808339304], 0, -1.0, [-0.42077948485002226, 0.029844537596942344]
[-0.42077948485002226, 0.029844537596942344], 0, -1.0, [-0.39269392138872117, 0.028085563461301102]
[-0.39269392138872117, 0.028085563461301102], 0, -1.0, [-0.3665651022645041, 0.02612881912421707]
[-0.3665651022645041, 0.02612881912421707], 0, -1.0, [-0.3425709522532723, 0.023994150011231844]
[-0.3425709522532723, 0.023994150011231844], 0, -1.0, [-0.3208687478978757, 0.02170220435539661]
[-0.3208687478978757, 0.02170220435539661], 0, -1.0, [-0.30159500111201104, 0.01927374678586464]
[-0.30159500111201104, 0.01927374678586464], 0, -1.0, [-0.28486589093724907, 0.01672911017476199]
[-0.28486589093724907, 0.01672911017476199], 0, -1.0, [-0.2707780858650259, 0.01408780507222319]
[-0.2707780858650259, 0.01408780507222319], 0, -1.0, [-0.25940979550079, 0.011368290364235882]
[-0.25940979550079, 0.011368290364235882], 0, -1.0, [-0.250821899284083, 0.008587896216707034]
[-0.250821899284083, 0.008587896216707034], 0, -1.0, [-0.24505901789522458, 0.005762881388858416]
[-0.24505901789522458, 0.005762881388858416], 0, -1.0, [-0.2421504165359862, 0.0029086013592383676]
[-0.2421504165359862, 0.0029086013592383676], 0, -1.0, [-0.24211065582433808, 3.976071164812477e-05]
[-0.24211065582433808, 3.976071164812477e-05], 0, -1.0, [-0.244939933821233, -0.0028292779968949197]
[-0.244939933821233, -0.0028292779968949197], 0, -1.0, [-0.2506240907685814, -0.005684156947348418]
[-0.2506240907685814, -0.005684156947348418], 0, -1.0, [-0.259134276150466, -0.00851018538188466]
[-0.259134276150466, -0.00851018538188466], 0, -1.0, [-0.27042630572134047, -0.01129202957087442]
[-0.27042630572134047, -0.01129202957087442], 0, -1.0, [-0.2844397642072736, -0.014013458485933172]
[-0.2844397642072736, -0.014013458485933172], 0, -1.0, [-0.301096937181238, -0.01665717297396438]
[-0.301096937181238, -0.01665717297396438], 0, -1.0, [-0.3203016822198162, -0.01920474503857821]
[-0.3203016822198162, -0.01920474503857821], 0, -1.0, [-0.3419383731201282, -0.021636690900312026]
[-0.3419383731201282, -0.021636690900312026], 0, -1.0, [-0.3658710690713836, -0.023932695951255432]
[-0.3658710690713836, -0.023932695951255432], 0, -1.0, [-0.3919430699093531, -0.026072000837969535]
[-0.3919430699093531, -0.026072000837969535], 0, -1.0, [-0.4199770153417373, -0.028033945432384213]
[-0.4199770153417373, -0.028033945432384213], 0, -1.0, [-0.4497756671692831, -0.029798651827545763]
[-0.4497756671692831, -0.029798651827545763], 0, -1.0, [-0.48112347724131643, -0.031347810072033334]
[-0.48112347724131643, -0.031347810072033334], 0, -1.0, [-0.5137889906423537, -0.0326655134010373]
[-0.5137889906423537, -0.0326655134010373], 0, -1.0, [-0.5475280668108624, -0.03373907616850863]
[-0.5475280668108624, -0.03373907616850863], 0, -1.0, [-0.5820878274050282, -0.0345597605941658]
[-0.5820878274050282, -0.0345597605941658], 0, -1.0, [-0.6172111676518971, -0.035123340246868945]
[-0.6172111676518971, -0.035123340246868945], 0, -1.0, [-0.652641607587945, -0.035430439936047844]
[-0.652641607587945, -0.035430439936047844], 0, -1.0, [-0.6881282200958633, -0.035486612507918264]
[-0.6881282200958633, -0.035486612507918264], 0, -1.0, [-0.7234303602137656, -0.03530214011790234]
[-0.7234303602137656, -0.03530214011790234], 0, -1.0, [-0.7583219368224211, -0.0348915766086555]
[-0.7583219368224211, -0.0348915766086555], 0, -1.0, [-0.792595010742861, -0.034273073920439934]
[-0.792595010742861, -0.034273073920439934], 0, -1.0, [-0.8260625656364362, -0.03346755489357518]
[-0.8260625656364362, -0.03346755489357518], 2, -1.0, [-0.8565603704806706, -0.030497804844234325]
[-0.8565603704806706, -0.030497804844234325], 2, -1.0, [-0.883956005554317, -0.027395635073646344]
[-0.883956005554317, -0.027395635073646344], 2, -1.0, [-0.9081454845825934, -0.024189479028276364]
[-0.9081454845825934, -0.024189479028276364], 2, -1.0, [-0.9290493515213034, -0.020903866938710065]
[-0.9290493515213034, -0.020903866938710065], 2, -1.0, [-0.9466086199694663, -0.01755926844816293]
[-0.9466086199694663, -0.01755926844816293], 2, -1.0, [-0.960780856229895, -0.01417223626042859]
[-0.960780856229895, -0.01417223626042859], 2, -1.0, [-0.9715366362529021, -0.010755780023007193]
[-0.9715366362529021, -0.010755780023007193], 2, -1.0, [-0.9788565417052086, -0.007319905452306555]
[-0.9788565417052086, -0.007319905452306555], 2, -1.0, [-0.9827288064164681, -0.0038722647112595073]
[-0.9827288064164681, -0.0038722647112595073], 2, -1.0, [-0.9831476830229918, -0.0004188766065237018]
[-0.9831476830229918, -0.0004188766065237018], 2, -1.0, [-0.9801125696428306, 0.003035113380161228]
[-0.9801125696428306, 0.003035113380161228], 2, -1.0, [-0.9736279150448091, 0.006484654598021533]
[-0.9736279150448091, 0.006484654598021533], 2, -1.0, [-0.9637039041985391, 0.009924010846269893]
[-0.9637039041985391, 0.009924010846269893], 2, -1.0, [-0.9503579100448885, 0.013345994153650722]
[-0.9503579100448885, 0.013345994153650722], 2, -1.0, [-0.9336166774932777, 0.01674123255161074]
[-0.9336166774932777, 0.01674123255161074], 2, -1.0, [-0.9135191780640706, 0.020097499429207105]
[-0.9135191780640706, 0.020097499429207105], 2, -1.0, [-0.89012003511949, 0.02339914294458062]
[-0.89012003511949, 0.02339914294458062], 2, -1.0, [-0.8634933686576031, 0.02662666646188693]
[-0.8634933686576031, 0.02662666646188693], 2, -1.0, [-0.833736845995373, 0.029756522662230018]
[-0.833736845995373, 0.029756522662230018], 2, -1.0, [-0.8009756545790547, 0.03276119141631832]
[-0.8009756545790547, 0.03276119141631832], 2, -1.0, [-0.7653660441370194, 0.03560961044203533]
[-0.7653660441370194, 0.03560961044203533], 2, -1.0, [-0.7270980304105146, 0.038268013726504777]
[-0.7270980304105146, 0.038268013726504777], 2, -1.0, [-0.6863968282321399, 0.04070120217837468]
[-0.6863968282321399, 0.04070120217837468], 2, -1.0, [-0.6435226050669584, 0.04287422316518155]
[-0.6435226050669584, 0.04287422316518155], 2, -1.0, [-0.5987682309997656, 0.044754374067192765]
[-0.5987682309997656, 0.044754374067192765], 2, -1.0, [-0.5524548522184196, 0.046313378781346025]
[-0.5524548522184196, 0.046313378781346025], 2, -1.0, [-0.5049253230725592, 0.04752952914586034]
[-0.5049253230725592, 0.04752952914586034], 2, -1.0, [-0.45653577157897146, 0.04838955149358775]
[-0.45653577157897146, 0.04838955149358775], 2, -1.0, [-0.4076458063380458, 0.048889965240925676]
[-0.4076458063380458, 0.048889965240925676], 2, -1.0, [-0.3586080554456625, 0.04903775089238332]
[-0.3586080554456625, 0.04903775089238332], 2, -1.0, [-0.3097578224361815, 0.048850233009480985]
[-0.3097578224361815, 0.048850233009480985], 2, -1.0, [-0.2614036299955655, 0.04835419244061603]
[-0.2614036299955655, 0.04835419244061603], 2, -1.0, [-0.21381930208418437, 0.04758432791138113]
[-0.21381930208418437, 0.04758432791138113], 2, -1.0, [-0.16723803479980673, 0.046581267284377635]
[-0.16723803479980673, 0.046581267284377635], 2, -1.0, [-0.1218486662345088, 0.045389368565297926]
[-0.1218486662345088, 0.045389368565297926], 2, -1.0, [-0.07779411948942186, 0.044054546745086944]
[-0.07779411948942186, 0.044054546745086944], 2, -1.0, [-0.035171797057415084, 0.042622322432006775]
[-0.035171797057415084, 0.042622322432006775], 2, -1.0, [0.005964429339644882, 0.041136226397059966]
[0.005964429339644882, 0.041136226397059966], 2, -1.0, [0.04560105593822213, 0.03963662659857725]
[0.04560105593822213, 0.03963662659857725], 2, -1.0, [0.08376103995803885, 0.038159984019816726]
[0.08376103995803885, 0.038159984019816726], 2, -1.0, [0.12049953853972122, 0.03673849858168236]
[0.12049953853972122, 0.03673849858168236], 2, -1.0, [0.1558996174982382, 0.035400078958516976]
[0.1558996174982382, 0.035400078958516976], 2, -1.0, [0.19006817624457867, 0.03416855874634046]
[0.19006817624457867, 0.03416855874634046], 2, -1.0, [0.22313225852268356, 0.0330640822781049]
[0.22313225852268356, 0.0330640822781049], 0, -1.0, [0.25323585050786596, 0.030103591985182372]
[0.25323585050786596, 0.030103591985182372], 2, -1.0, [0.2825268488586263, 0.029290998350760336]
[0.2825268488586263, 0.029290998350760336], 0, -1.0, [0.30916334995845796, 0.026636501099831695]
[0.30916334995845796, 0.026636501099831695], 2, -1.0, [0.3353002407505043, 0.026136890792046348]
[0.3353002407505043, 0.026136890792046348], 2, -1.0, [0.36109881243784775, 0.025798571687343452]
[0.36109881243784775, 0.025798571687343452], 0, -1.0, [0.384726337900258, 0.023627525462410263]
[0.384726337900258, 0.023627525462410263], 2, -1.0, [0.4083421897825782, 0.02361585188232021]
[0.4083421897825782, 0.02361585188232021], 0, -1.0, [0.4301107392228509, 0.02176854944027273]
[0.4301107392228509, 0.02176854944027273], 2, -1.0, [0.4521872845296616, 0.022076545306810687]
[0.4521872845296616, 0.022076545306810687], 0, -1.0, [0.47273233117584046, 0.020545046646178827]
[0.47273233117584046, 0.020545046646178827], 2, -1.0, [0.493897358396283, 0.021165027220442577]
[0.493897358396283, 0.021165027220442577], 0, -1.0, [0.5138399196412292, 0.019942561244946182]
