[-0.5955300900049383, 0.0], 2, -1.0, [-0.5939947824430328, 0.0015353075619054138]
[-0.5939947824430328, 0.0015353075619054138], 2, -1.0, [-0.5909354206979445, 0.0030593617450883448]
[-0.5909354206979445, 0.0030593617450883448], 2, -1.0, [-0.5863744619563991, 0.004560958741545434]
[-0.5863744619563991, 0.004560958741545434], 2, -1.0, [-0.5803454637238884, 0.006028998232510632]
[-0.5803454637238884, 0.006028998232510632], 2, -1.0, [-0.5728929181214216, 0.007452545602466828]
[-0.5728929181214216, 0.007452545602466828], 2, -1.0, [-0.5640720125074175, 0.008820905614004193]
[-0.5640720125074175, 0.008820905614004193], 1, -1.0, [-0.55494830292531, 0.009123709582107446]
[-0.55494830292531, 0.009123709582107446], 1, -1.0, [-0.5455898183485222, 0.009358484576787918]
[-0.5455898183485222, 0.009358484576787918], 1, -1.0, [-0.536066520568816, 0.009523297779706197]
[-0.536066520568816, 0.009523297779706197], 0, -1.0, [-0.5274497365033057, 0.008616784065510244]
[-0.5274497365033057, 0.008616784065510244], 0, -1.0, [-0.519804070873484, 0.00764566562982173]
[-0.519804070873484, 0.00764566562982173], 0, -1.0, [-0.5131868649143695, 0.006617205959114577]
[-0.5131868649143695, 0.006617205959114577], 0, -1.0, [-0.5076477355877552, 0.005539129326614229]
[-0.5076477355877552, 0.005539129326614229], 0, -1.0, [-0.5032281934081687, 0.004419542179586539]
[-0.5032281934081687, 0.004419542179586539], 0, -1.0, [-0.49996133551663346, 0.0032668578915352646]
[-0.49996133551663346, 0.0032668578915352646], 0, -1.0, [-0.4978716098852895, 0.0020897256313439382]
[-0.4978716098852895, 0.0020897256313439382], 0, -1.0, [-0.496974646483467, 0.0008969634018224689]
[-0.496974646483467, 0.0008969634018224689], 0, -1.0, [-0.49727715180365967, -0.00030250532019268205]
[-0.49727715180365967, -0.00030250532019268205], 0, -1.0, [-0.4987768642072742, -0.0014997124036145299]
[-0.4987768642072742, -0.0014997124036145299], 0, -1.0, [-0.5014625689426278, -0.0026857047353535573]
[-0.5014625689426278, -0.0026857047353535573], 0, -1.0, [-0.5053141732260648, -0.0038516042834370453]
[-0.5053141732260648, -0.0038516042834370453], 0, -1.0, [-0.5103028432660465, -0.004988670039981666]
[-0.5103028432660465, -0.004988670039981666], 0, -1.0, [-0.516391206357734, -0.006088363091687513]
[-0.516391206357734, -0.006088363091687513], 0, -1.0, [-0.5235336220065271, -0.0071424156487931495]
[-0.5235336220065271, -0.0071424156487931495], 0, -1.0, [-0.5316765263072554, -0.008142904300728327]
[-0.5316765263072554, -0.008142904300728327], 0, -1.0, [-0.5407588534070714, -0.009082327099816065]
[-0.5407588534070714, -0.009082327099816065], 0, -1.0, [-0.5507125367631467, -0.009953683356075226]
[-0.5507125367631467, -0.009953683356075226], 0, -1.0, [-0.5614630910808235, -0.010750554317676792]
[-0.5614630910808235, -0.010750554317676792], 0, -1.0, [-0.572930273359483, -0.011467182278659453]
[-0.572930273359483, -0.011467182278659453], 0, -1.0, [-0.5850288185225404, -0.012098545163057469]
[-0.5850288185225404, -0.012098545163057469], 0, -1.0, [-0.5976692418629049, -0.012640423340364545]
[-0.5976692418629049, -0.012640423340364545], 0, -1.0, [-0.6107586972378645, -0.013089455374959572]
[-0.6107586972378645, -0.013089455374959572], 0, -1.0, [-0.6242018768630927, -0.013443179625228183]
[-0.6242018768630927, -0.013443179625228183], 0, -1.0, [-0.6379019359484495, -0.01370005908535682]
[-0.6379019359484495, -0.01370005908535682], 0, -1.0, [-0.6517614235247836, -0.013859487576334099]
[-0.6517614235247836, -0.013859487576334099], 0, -1.0, [-0.6656831998145439, -0.013921776289760348]
[-0.6656831998145439, -0.013921776289760348], 0, -1.0, [-0.6795713205104144, -0.013888120695870412]
[-0.6795713205104144, -0.013888120695870412], 0, -1.0, [-0.693331869371348, -0.013760548860933659]
[-0.693331869371348, -0.013760548860933659], 0, -1.0, [-0.7068737225632088, -0.01354185319186069]
[-0.7068737225632088, -0.01354185319186069], 0, -1.0, [-0.7201092310213677, -0.013235508458158915]
[-0.7201092310213677, -0.013235508458158915], 1, -1.0, [-0.7319548105920186, -0.01184557957065093]
[-0.7319548105920186, -0.01184557957065093], 2, -1.0, [-0.7413375089071409, -0.009382698315122256]
[-0.7413375089071409, -0.009382698315122256], 2, -1.0, [-0.7482008481323318, -0.006863339225190837]
[-0.7482008481323318, -0.006863339225190837], 2, -1.0, [-0.7525042751638795, -0.00430342703154777]
[-0.7525042751638795, -0.00430342703154777], 2, -1.0, [-0.7542226987751642, -0.0017184236112846914]
[-0.7542226987751642, -0.0017184236112846914], 2, -1.0, [-0.7533461732336738, 0.000876525541490474]
[-0.7533461732336738, 0.000876525541490474], 2, -1.0, [-0.7498797663326733, 0.003466406901000519]
[-0.7498797663326733, 0.003466406901000519], 2, -1.0, [-0.7438436271064659, 0.0060361392262074254]
[-0.7438436271064659, 0.0060361392262074254], 2, -1.0, [-0.73527324543306, 0.008570381673405892]
[-0.73527324543306, 0.008570381673405892], 2, -1.0, [-0.7242198728583477, 0.011053372574712408]
[-0.7242198728583477, 0.011053372574712408], 2, -1.0, [-0.7107510519501506, 0.013468820908196982]
[-0.7107510519501506, 0.013468820908196982], 2, -1.0, [-0.6949511811927891, 0.015799870757361528]
[-0.6949511811927891, 0.015799870757361528], 2, -1.0, [-0.6769220251031944, 0.01802915608959462]
[-0.6769220251031944, 0.01802915608959462], 2, -1.0, [-0.6567830665139913, 0.020138958589203157]
[-0.6567830665139913, 0.020138958589203157], 2, -1.0, [-0.6346715917449793, 0.022111474769012037]
[-0.6346715917449793, 0.022111474769012037], 2, -1.0, [-0.6107424016425693, 0.023929190102410042]
[-0.6107424016425693, 0.023929190102410042], 2, -1.0, [-0.5851670538538271, 0.02557534778874227]
[-0.5851670538538271, 0.02557534778874227], 2, -1.0, [-0.5581325650728062, 0.027034488781020927]
[-0.5581325650728062, 0.027034488781020927], 2, -1.0, [-0.5298395359466073, 0.028293029126198962]
[-0.5298395359466073, 0.028293029126198962], 2, -1.0, [-0.5004997038521669, 0.029339832094440348]
[-0.5004997038521669, 0.029339832094440348], 0, -1.0, [-0.4723329761739284, 0.02816672767823852]
[-0.4723329761739284, 0.02816672767823852], 0, -1.0, [-0.44554922800461055, 0.02678374816931781]
[-0.44554922800461055, 0.02678374816931781], 0, -1.0, [-0.4203455171956029, 0.025203710809007636]
[-0.4203455171956029, 0.025203710809007636], 0, -1.0, [-0.3969038810203699, 0.023441636175233052]
[-0.3969038810203699, 0.023441636175233052], 0, -1.0, [-0.375389742622316, 0.021514138398053884]
[-0.375389742622316, 0.021514138398053884], 0, -1.0, [-0.3559509073890002, 0.0194388352333158]
[-0.3559509073890002, 0.0194388352333158], 0, -1.0, [-0.3387170889404357, 0.017233818448564534]
[-0.3387170889404357, 0.017233818448564534], 0, -1.0, [-0.3237998745002014, 0.014917214440234226]
[-0.3237998745002014, 0.014917214440234226], 0, -1.0, [-0.3112930211809974, 0.012506853319204037]
[-0.3112930211809974, 0.012506853319204037], 0, -1.0, [-0.3012729677556913, 0.01002005342530612]
[-0.3012729677556913, 0.01002005342530612], 0, -1.0, [-0.2937994493130508, 0.00747351844264048]
[-0.2937994493130508, 0.00747351844264048], 0, -1.0, [-0.2889161127716395, 0.004883336541411346]
[-0.2889161127716395, 0.004883336541411346], 0, -1.0, [-0.28665104741275105, 0.0022650653588884425]
[-0.28665104741275105, 0.0022650653588884425], 0, -1.0, [-0.28701716449949766, -0.0003661170867466342]
[-0.28701716449949766, -0.0003661170867466342], 0, -1.0, [-0.29001238218900216, -0.002995217689504493]
[-0.29001238218900216, -0.002995217689504493], 0, -1.0, [-0.29561959526500425, -0.005607213076002108]
[-0.29561959526500425, -0.005607213076002108], 0, -1.0, [-0.30380643300625154, -0.008186837741247293]
[-0.30380643300625154, -0.008186837741247293], 0, -1.0, [-0.31452483222203476, -0.010718399215783238]
[-0.31452483222203476, -0.010718399215783238], 0, -1.0, [-0.327710475561758, -0.013185643339723217]
[-0.327710475561758, -0.013185643339723217], 0, -1.0, [-0.34328216684737023, -0.015571691285612272]
[-0.34328216684737023, -0.015571691285612272], 0, -1.0, [-0.36114123421756855, -0.017859067370198337]
[-0.36114123421756855, -0.017859067370198337], 0, -1.0, [-0.3811710667037626, -0.020029832486194034]
[-0.3811710667037626, -0.020029832486194034], 0, -1.0, [-0.4032368984952873, -0.022065831791524704]
[-0.4032368984952873, -0.022065831791524704], 0, -1.0, [-0.4271859554477494, -0.023949056952462088]
[-0.4271859554477494, -0.023949056952462088], 0, -1.0, [-0.45284806840433467, -0.025662112956585298]
[-0.45284806840433467, -0.025662112956585298], 0, -1.0, [-0.4800368363955586, -0.027188767991223942]
[-0.4800368363955586, -0.027188767991223942], 0, -1.0, [-0.5085513897434983, -0.028514553347939696]
[-0.5085513897434983, -0.028514553347939696], 0, -1.0, [-0.53817876015953, -0.029627370416031678]
[-0.53817876015953, -0.029627370416031678], 0, -1.0, [-0.5686968155557505, -0.030518055396220423]
[-0.5686968155557505, -0.030518055396220423], 0, -1.0, [-0.5998776665795841, -0.031180851023833604]
[-0.5998776665795841, -0.031180851023833604], 0, -1.0, [-0.6314914059107544, -0.03161373933117028]
[-0.6314914059107544, -0.03161373933117028], 0, -1.0, [-0.6633100062180822, -0.031818600307327846]
[-0.6633100062180822, -0.031818600307327846], 0, -1.0, [-0.6951111833159942, -0.03180117709791194]
[-0.6951111833159942, -0.03180117709791194], 0, -1.0, [-0.7266820303014377, -0.03157084698544359]
[-0.7266820303014377, -0.03157084698544359], 0, -1.0, [-0.7578222463629384, -0.031140216061500584]
[-0.7578222463629384, -0.031140216061500584], 0, -1.0, [-0.7883468178449379, -0.03052457148199946]
[-0.7883468178449379, -0.03052457148199946], 0, -1.0, [-0.8180880541406239, -0.02974123629568602]
[-0.8180880541406239, -0.02974123629568602], 2, -1.0, [-0.8448969309975487, -0.026808876856924818]
[-0.8448969309975487, -0.026808876856924818], 2, -1.0, [-0.8686522605930296, -0.02375532959548088]
[-0.8686522605930296, -0.02375532959548088], 2, -1.0, [-0.8892577295339249, -0.020605468940895343]
[-0.8892577295339249, -0.020605468940895343], 2, -1.0, [-0.9066386184601705, -0.017380888926245567]
[-0.9066386184601705, -0.017380888926245567], 2, -1.0, [-0.920738497573938, -0.014099879113767502]
[-0.920738497573938, -0.014099879113767502], 2, -1.0, [-0.9315161379896629, -0.010777640415724956]
[-0.9315161379896629, -0.010777640415724956], 2, -1.0, [-0.9389428230761279, -0.007426685086464944]
[-0.9389428230761279, -0.007426685086464944], 2, -1.0, [-0.9430001931674168, -0.004057370091288943]
[-0.9430001931674168, -0.004057370091288943], 2, -1.0, [-0.9436787141664708, -0.0006785209990539864]
[-0.9436787141664708, -0.0006785209990539864], 2, -1.0, [-0.9409768260307522, 0.0027018881357186194]
[-0.9409768260307522, 0.0027018881357186194], 2, -1.0, [-0.9349007993866564, 0.006076026644095762]
[-0.9349007993866564, 0.006076026644095762], 2, -1.0, [-0.9254653048298738, 0.009435494556782581]
[-0.9254653048298738, 0.009435494556782581], 2, -1.0, [-0.9126946764800814, 0.012770628349792328]
[-0.9126946764800814, 0.012770628349792328], 2, -1.0, [-0.8966248256180958, 0.0160698508619856]
[-0.8966248256180958, 0.0160698508619856], 2, -1.0, [-0.8773057286912596, 0.01931909692683616]
[-0.8773057286912596, 0.01931909692683616], 2, -1.0, [-0.8548043745367778, 0.02250135415448171]
[-0.8548043745367778, 0.02250135415448171], 2, -1.0, [-0.8292080078675442, 0.025596366669233567]
[-0.8292080078675442, 0.025596366669233567], 2, -1.0, [-0.8006274517613736, 0.02858055610617064]
[-0.8006274517613736, 0.02858055610617064], 2, -1.0, [-0.7692002359799816, 0.03142721578139206]
[-0.7692002359799816, 0.03142721578139206], 2, -1.0, [-0.735093208676864, 0.03410702730311756]
[-0.735093208676864, 0.03410702730311756], 0, -1.0, [-0.7005042777386707, 0.03458893093819322]
[-0.7005042777386707, 0.03458893093819322], 2, -1.0, [-0.6636499682549964, 0.03685430948367433]
[-0.6636499682549964, 0.03685430948367433], 2, -1.0, [-0.6247759070748315, 0.0388740611801649]
[-0.6247759070748315, 0.0388740611801649], 2, -1.0, [-0.5841546158273454, 0.040621291247486174]
[-0.5841546158273454, 0.040621291247486174], 2, -1.0, [-0.5420816498211863, 0.042072966006159014]
[-0.5420816498211863, 0.042072966006159014], 2, -1.0, [-0.4988701332805823, 0.04321151654060408]
[-0.4988701332805823, 0.04321151654060408], 2, -1.0, [-0.4548439114849643, 0.04402622179561797]
[-0.4548439114849643, 0.04402622179561797], 2, -1.0, [-0.4103297024639077, 0.044514209021056586]
[-0.4103297024639077, 0.044514209021056586], 2, -1.0, [-0.365648756795696, 0.04468094566821173]
[-0.365648756795696, 0.04468094566821173], 2, -1.0, [-0.3211085998988647, 0.04454015689683128]
[-0.3211085998988647, 0.04454015689683128], 2, -1.0, [-0.27699542388251464, 0.04411317601635007]
[-0.27699542388251464, 0.04411317601635007], 2, -1.0, [-0.23356761694407352, 0.043427806938441116]
[-0.23356761694407352, 0.043427806938441116], 2, -1.0, [-0.19105078302930345, 0.04251683391477007]
[-0.19105078302930345, 0.04251683391477007], 2, -1.0, [-0.14963443833021642, 0.04141634469908703]
[-0.14963443833021642, 0.04141634469908703], 2, -1.0, [-0.10947040258349433, 0.04016403574672208]
[-0.10947040258349433, 0.04016403574672208], 2, -1.0, [-0.0706727568026104, 0.03879764578088394]
[-0.0706727568026104, 0.03879764578088394], 2, -1.0, [-0.03331913150822712, 0.037353625294383276]
[-0.03331913150822712, 0.037353625294383276], 2, -1.0, [0.0025469727415933716, 0.035866104249820493]
[0.0025469727415933716, 0.035866104249820493], 2, -1.0, [0.03691314997059795, 0.03436617722900458]
[0.03691314997059795, 0.03436617722900458], 2, -1.0, [0.06979464057293125, 0.0328814906023333]
[0.06979464057293125, 0.0328814906023333], 2, -1.0, [0.10123073328345002, 0.03143609271051877]
[0.10123073328345002, 0.03143609271051877], 2, -1.0, [0.13128122884343507, 0.03005049555998505]
[0.13128122884343507, 0.03005049555998505], 2, -1.0, [0.16002312213815834, 0.02874189329472326]
[0.16002312213815834, 0.02874189329472326], 2, -1.0, [0.1875476082111825, 0.027524486073024143]
[0.1875476082111825, 0.027524486073024143], 2, -1.0, [0.21395747347959548, 0.026409865268413005]
[0.21395747347959548, 0.026409865268413005], 2, -1.0, [0.23936489836918198, 0.025407424889586503]
[0.23936489836918198, 0.025407424889586503], 2, -1.0, [0.2638896715272057, 0.024524773158023715]
[0.2638896715272057, 0.024524773158023715], 2, -1.0, [0.2876577978204445, 0.023768126293238788]
[0.2876577978204445, 0.023768126293238788], 2, -1.0, [0.3108004710555756, 0.023142673235131115]
[0.3108004710555756, 0.023142673235131115], 2, -1.0, [0.33345337619153803, 0.02265290513596238]
[0.33345337619153803, 0.02265290513596238], 2, -1.0, [0.35575628324477104, 0.02230290705323301]
[0.35575628324477104, 0.02230290705323301], 2, -1.0, [0.37785289479356754, 0.022096611548796507]
[0.37785289479356754, 0.022096611548796507], 2, -1.0, [0.39989090985352815, 0.02203801505996062]
[0.39989090985352815, 0.02203801505996062], 2, -1.0, [0.422022268003721, 0.02213135815019284]
[0.422022268003721, 0.02213135815019284], 2, -1.0, [0.44440353822801504, 0.02238127022429404]
[0.44440353822801504, 0.02238127022429404], 0, -1.0, [0.46519641633621456, 0.020792878108199506]
[0.46519641633621456, 0.020792878108199506], 2, -1.0, [0.48655351432228683, 0.021357097986072267]
[0.48655351432228683, 0.021357097986072267], 0, -1.0, [0.5066333444357365, 0.020079830113449697]
