[-0.47581092540804065, 0.0], 0, -1.0, [-0.4771681078095043, -0.0013571824014636438]
[-0.4771681078095043, -0.0013571824014636438], 0, -1.0, [-0.4798723952363112, -0.0027042874268068903]
[-0.4798723952363112, -0.0027042874268068903], 0, -1.0, [-0.48390369077211054, -0.004031295535799322]
[-0.48390369077211054, -0.004031295535799322], 0, -1.0, [-0.4892319962831027, -0.00532830551099215]
[-0.4892319962831027, -0.00532830551099215], 0, -1.0, [-0.49581759624677163, -0.006585599963668915]
[-0.49581759624677163, -0.006585599963668915], 0, -1.0, [-0.5036113139242022, -0.007793717677430577]
[-0.5036113139242022, -0.007793717677430577], 0, -1.0, [-0.5125548477494978, -0.008943533825295509]
[-0.5125548477494978, -0.008943533825295509], 0, -1.0, [-0.5225811958806333, -0.010026348131135536]
[-0.5225811958806333, -0.010026348131135536], 0, -1.0, [-0.5336151758477976, -0.011033979967164225]
[-0.5336151758477976, -0.011033979967164225], 0, -1.0, [-0.5455740441180219, -0.011958868270224248]
[-0.5455740441180219, -0.011958868270224248], 0, -1.0, [-0.5583682172348722, -0.012794173116850313]
[-0.5583682172348722, -0.012794173116850313], 0, -1.0, [-0.5719020921565225, -0.013533874921650368]
[-0.5719020921565225, -0.013533874921650368], 0, -1.0, [-0.5860749587686828, -0.014172866612160221]
[-0.5860749587686828, -0.014172866612160221], 0, -1.0, [-0.6007819926356229, -0.014707033866940177]
[-0.6007819926356229, -0.014707033866940177], 0, -1.0, [-0.6159153112715423, -0.015133318635919352]
[-0.6159153112715423, -0.015133318635919352], 0, -1.0, [-0.6313650729809158, -0.015449761709373516]
[-0.6313650729809158, -0.015449761709373516], 0, -1.0, [-0.6470205940189392, -0.01565552103802342]
[-0.6470205940189392, -0.01565552103802342], 0, -1.0, [-0.6627714577809104, -0.015750863761971188]
[-0.6627714577809104, -0.015750863761971188], 0, -1.0, [-0.678508589154836, -0.015737131373925586]
[-0.678508589154836, -0.015737131373925586], 0, -1.0, [-0.6941252681455828, -0.015616678990746822]
[-0.6941252681455828, -0.015616678990746822], 0, -1.0, [-0.7095180593418128, -0.01539279119622995]
[-0.7095180593418128, -0.01539279119622995], 0, -1.0, [-0.7245876375572661, -0.015069578215453301]
[-0.7245876375572661, -0.015069578215453301], 0, -1.0, [-0.7392394947372714, -0.014651857180005242]
[-0.7392394947372714, -0.014651857180005242], 0, -1.0, [-0.7533845186110472, -0.014145023873775836]
[-0.7533845186110472, -0.014145023873775836], 2, -1.0, [-0.764939439194275, -0.011554920583227848]
[-0.764939439194275, -0.011554920583227848], 2, -1.0, [-0.7738383520617405, -0.008898912867465431]
[-0.7738383520617405, -0.008898912867465431], 2, -1.0, [-0.7800318537536685, -0.0061935016919280024]
[-0.7800318537536685, -0.0061935016919280024], 2, -1.0, [-0.7834862754938753, -0.00345442174020679]
[-0.7834862754938753, -0.00345442174020679], 2, -1.0, [-0.7841830986200592, -0.0006968231261839323]
[-0.7841830986200592, -0.0006968231261839323], 2, -1.0, [-0.7821186103776211, 0.0020644882424380945]
[-0.7821186103776211, 0.0020644882424380945], 2, -1.0, [-0.7773038329165027, 0.00481477746111833]
[-0.7773038329165027, 0.00481477746111833], 2, -1.0, [-0.7697647321219853, 0.007539100794517455]
[-0.7697647321219853, 0.007539100794517455], 2, -1.0, [-0.7595426866394119, 0.010222045482573333]
[-0.7595426866394119, 0.010222045482573333], 2, -1.0, [-0.7466951713840516, 0.012847515255360353]
[-0.7466951713840516, 0.012847515255360353], 2, -1.0, [-0.731296584429052, 0.01539858695499961]
[-0.731296584429052, 0.01539858695499961], 2, -1.0, [-0.7134391223499094, 0.017857462079142645]
[-0.7134391223499094, 0.017857462079142645], 2, -1.0, [-0.6932335883953257, 0.020205533954583677]
[-0.6932335883953257, 0.020205533954583677], 2, -1.0, [-0.6708100024189205, 0.02242358597640514]
[-0.6708100024189205, 0.02242358597640514], 2, -1.0, [-0.6463178740146998, 0.024492128404220763]
[-0.6463178740146998, 0.024492128404220763], 2, -1.0, [-0.619926003573067, 0.026391870441632666]
[-0.619926003573067, 0.026391870441632666], 2, -1.0, [-0.5918216924267619, 0.028104311146305218]
[-0.5918216924267619, 0.028104311146305218], 2, -1.0, [-0.5622092741922904, 0.029612418234471423]
[-0.5622092741922904, 0.029612418234471423], 2, -1.0, [-0.531307924327308, 0.03090134986498241]
[-0.531307924327308, 0.03090134986498241], 2, -1.0, [-0.49934876100104514, 0.03195916332626286]
[-0.49934876100104514, 0.03195916332626286], 2, -1.0, [-0.46657131239562044, 0.032777448605424676]
[-0.46657131239562044, 0.032777448605424676], 2, -1.0, [-0.43321948638135577, 0.033351826014264695]
[-0.43321948638135577, 0.033351826014264695], 2, -1.0, [-0.3995372301358503, 0.03368225624550548]
[-0.3995372301358503, 0.03368225624550548], 2, -1.0, [-0.3657641022994944, 0.033773127836355867]
[-0.3657641022994944, 0.033773127836355867], 2, -1.0, [-0.33213099339240276, 0.033633108907091654]
[-0.33213099339240276, 0.033633108907091654], 2, -1.0, [-0.2988562194527771, 0.03327477393962565]
[-0.2988562194527771, 0.03327477393962565], 2, -1.0, [-0.26614218092763425, 0.03271403852514287]
[-0.26614218092763425, 0.03271403852514287], 2, -1.0, [-0.23417272884138662, 0.03196945208624762]
[-0.23417272884138662, 0.03196945208624762], 2, -1.0, [-0.203111320514311, 0.031061408327075626]
[-0.203111320514311, 0.031061408327075626], 2, -1.0, [-0.1730999856566744, 0.03001133485763659]
[-0.1730999856566744, 0.03001133485763659], 2, -1.0, [-0.14425906781024941, 0.02884091784642499]
[-0.14425906781024941, 0.02884091784642499], 2, -1.0, [-0.11668766124077545, 0.027571406569473968]
[-0.11668766124077545, 0.027571406569473968], 2, -1.0, [-0.09046463245631119, 0.026223028784464267]
[-0.09046463245631119, 0.026223028784464267], 2, -1.0, [-0.06565009908174531, 0.024814533374565878]
[-0.06565009908174531, 0.024814533374565878], 2, -1.0, [-0.042287235461341464, 0.023362863620403844]
[-0.042287235461341464, 0.023362863620403844], 2, -1.0, [-0.020404281441344506, 0.02188295401999696]
[-0.020404281441344506, 0.02188295401999696], 2, -1.0, [-1.664511828763926e-05, 0.020387636323056867]
[-1.664511828763926e-05, 0.020387636323056867], 2, -1.0, [0.018870991207886153, 0.018887636326173792]
[0.018870991207886153, 0.018887636326173792], 0, -1.0, [0.03426263275013057, 0.015391641542244419]
[0.03426263275013057, 0.015391641542244419], 0, -1.0, [0.04616746935872524, 0.011904836608594671]
[0.04616746935872524, 0.011904836608594671], 0, -1.0, [0.05459624630642703, 0.008428776947701791]
[0.05459624630642703, 0.008428776947701791], 0, -1.0, [0.0595584817937783, 0.004962235487351269]
[0.0595584817937783, 0.004962235487351269], 0, -1.0, [0.06106051737083589, 0.0015020355770575858]
[0.06106051737083589, 0.0015020355770575858], 0, -1.0, [0.05910438014172329, -0.001956137229112602]
[0.05910438014172329, -0.001956137229112602], 0, -1.0, [0.053687439991996294, -0.005416940149726995]
[0.053687439991996294, -0.005416940149726995], 0, -1.0, [0.044802856143670855, -0.008884583848325443]
[0.044802856143670855, -0.008884583848325443], 0, -1.0, [0.03244082039820944, -0.012362035745461415]
[0.03244082039820944, -0.012362035745461415], 0, -1.0, [0.016590614887475572, -0.015850205510733868]
[0.016590614887475572, -0.015850205510733868], 0, -1.0, [-0.002756494716793803, -0.019347109604269375]
[-0.002756494716793803, -0.019347109604269375], 0, -1.0, [-0.02560351884109016, -0.02284702412429636]
[-0.02560351884109016, -0.02284702412429636], 0, -1.0, [-0.0519431717635533, -0.02633965292246314]
[-0.0519431717635533, -0.02633965292246314], 0, -1.0, [-0.08175253251154846, -0.02980936074799516]
[-0.08175253251154846, -0.02980936074799516], 0, -1.0, [-0.1149870802867301, -0.033234547775181644]
[-0.1149870802867301, -0.033234547775181644], 0, -1.0, [-0.15157434946219156, -0.03658726917546147]
[-0.15157434946219156, -0.03658726917546147], 0, -1.0, [-0.1914075753964644, -0.03983322593427286]
[-0.1914075753964644, -0.03983322593427286], 0, -1.0, [-0.23433983822428042, -0.042932262827816016]
[-0.23433983822428042, -0.042932262827816016], 0, -1.0, [-0.28017933474902523, -0.04583949652474483]
[-0.28017933474902523, -0.04583949652474483], 0, -1.0, [-0.3286864865440237, -0.048507151794998475]
[-0.3286864865440237, -0.048507151794998475], 0, -1.0, [-0.3795735883044956, -0.05088710176047192]
[-0.3795735883044956, -0.05088710176047192], 0, -1.0, [-0.4325075813594818, -0.052933993054986216]
[-0.4325075813594818, -0.052933993054986216], 0, -1.0, [-0.487116286878496, -0.05460870551901422]
[-0.487116286878496, -0.05460870551901422], 0, -1.0, [-0.5429980651218294, -0.05588177824333329]
[-0.5429980651218294, -0.05588177824333329], 0, -1.0, [-0.5997344308113741, -0.056736365689544745]
[-0.5997344308113741, -0.056736365689544745], 0, -1.0, [-0.6569047311236884, -0.05717030031231431]
[-0.6569047311236884, -0.05717030031231431], 0, -1.0, [-0.7141016747082471, -0.05719694358455868]
[-0.7141016747082471, -0.05719694358455868], 0, -1.0, [-0.7709463642731584, -0.0568446895649113]
[-0.7709463642731584, -0.0568446895649113], 0, -1.0, [-0.8271015662825802, -0.05615520200942176]
[-0.8271015662825802, -0.05615520200942176], 0, -1.0, [-0.8822822291698955, -0.055180662887315296]
[-0.8822822291698955, -0.055180662887315296], 0, -1.0, [-0.9362626686682265, -0.053980439498330944]
[-0.9362626686682265, -0.053980439498330944], 0, -1.0, [-0.9888802836730125, -0.05261761500478603]
[-0.9888802836730125, -0.05261761500478603], 0, -1.0, [-1.040036061354484, -0.05115577768147149]
[-1.040036061354484, -0.05115577768147149], 0, -1.0, [-1.0896924159918007, -0.04965635463731679]
[-1.0896924159918007, -0.04965635463731679], 0, -1.0, [-1.1378690585319047, -0.04817664254010403]
[-1.1378690585319047, -0.04817664254010403], 0, -1.0, [-1.1846376220601438, -0.046768563528239215]
[-1.1846376220601438, -0.046768563528239215], 0, -1.0, [-1.2, 0.0]
[-1.2, 0.0], 2, -1.0, [-1.1967581039591646, 0.003241896040835368]
[-1.1967581039591646, 0.003241896040835368], 2, -1.0, [-1.1902636585360942, 0.006494445423070332]
[-1.1902636585360942, 0.006494445423070332], 2, -1.0, [-1.1804959639787937, 0.009767694557300442]
[-1.1804959639787937, 0.009767694557300442], 2, -1.0, [-1.1674255149588486, 0.013070449019945182]
[-1.1674255149588486, 0.013070449019945182], 2, -1.0, [-1.1510159267200155, 0.016409588238833067]
[-1.1510159267200155, 0.016409588238833067], 2, -1.0, [-1.1312266168239755, 0.019789309896040046]
[-1.1312266168239755, 0.019789309896040046], 2, -1.0, [-1.108016322100852, 0.02321029472312345]
[-1.108016322100852, 0.02321029472312345], 2, -1.0, [-1.081347524946184, 0.02666879715466819]
[-1.081347524946184, 0.02666879715466819], 2, -1.0, [-1.0511918363028878, 0.03015568864329602]
[-1.0511918363028878, 0.03015568864329602], 2, -1.0, [-1.0175363271434712, 0.0336555091594167]
[-1.0175363271434712, 0.0336555091594167], 2, -1.0, [-0.9803907090723114, 0.03714561807115983]
[-0.9803907090723114, 0.03714561807115983], 2, -1.0, [-0.9397951336374217, 0.04059557543488971]
[-0.9397951336374217, 0.04059557543488971], 2, -1.0, [-0.8958282112564235, 0.043966922380998245]
[-0.8958282112564235, 0.043966922380998245], 2, -1.0, [-0.8486146572192776, 0.04721355403714586]
[-0.8486146572192776, 0.04721355403714586], 2, -1.0, [-0.7983317816221248, 0.05028287559715283]
[-0.7983317816221248, 0.05028287559715283], 2, -1.0, [-0.7452138959379592, 0.0531178856841656]
[-0.7452138959379592, 0.0531178856841656], 2, -1.0, [-0.6895536666604415, 0.0556602292775177]
[-0.6895536666604415, 0.0556602292775177], 2, -1.0, [-0.6316995610792892, 0.057854105581152386]
[-0.6316995610792892, 0.057854105581152386], 2, -1.0, [-0.5720488365336812, 0.05965072454560789]
[-0.5720488365336812, 0.05965072454560789], 2, -1.0, [-0.5110360146660762, 0.061012821867605024]
[-0.5110360146660762, 0.061012821867605024], 2, -1.0, [-0.44911739120176025, 0.061918623464315904]
[-0.44911739120176025, 0.061918623464315904], 2, -1.0, [-0.38675274139346727, 0.06236464980829299]
[-0.38675274139346727, 0.06236464980829299], 2, -1.0, [-0.3243858485235833, 0.06236689286988392]
[-0.3243858485235833, 0.06236689286988392], 0, -1.0, [-0.2644256859117381, 0.05996016261184525]
[-0.2644256859117381, 0.05996016261184525], 2, -1.0, [-0.2052193074793949, 0.05920637843234319]
[-0.2052193074793949, 0.05920637843234319], 2, -1.0, [-0.1470539132375403, 0.05816539424185461]
[-0.1470539132375403, 0.05816539424185461], 2, -1.0, [-0.09014915955067435, 0.056904753686865955]
[-0.09014915955067435, 0.056904753686865955], 2, -1.0, [-0.03465353447194531, 0.05549562507872904]
[-0.03465353447194531, 0.05549562507872904], 2, -1.0, [0.019355588202422364, 0.05400912267436767]
[0.019355588202422364, 0.05400912267436767], 2, -1.0, [0.07186892437912429, 0.052513336176701925]
[0.07186892437912429, 0.052513336176701925], 2, -1.0, [0.12294014365363143, 0.05107121927450714]
[0.12294014365363143, 0.05107121927450714], 2, -1.0, [0.17267947980998222, 0.049739336156350795]
[0.17267947980998222, 0.049739336156350795], 2, -1.0, [0.22124683554139044, 0.04856735573140821]
[0.22124683554139044, 0.04856735573140821], 2, -1.0, [0.26884495791614643, 0.04759812237475601]
[0.26884495791614643, 0.04759812237475601], 2, -1.0, [0.31571307020341066, 0.04686811228726423]
[0.31571307020341066, 0.04686811228726423], 2, -1.0, [0.3621211631995347, 0.04640809299612404]
[0.3621211631995347, 0.04640809299612404], 2, -1.0, [0.40836498987123976, 0.04624382667170505]
[0.40836498987123976, 0.04624382667170505], 2, -1.0, [0.4547616749828433, 0.04639668511160353]
[0.4547616749828433, 0.04639668511160353], 2, -1.0, [0.5016457436356017, 0.04688406865275832]
