[-0.4271379983879817, 0.0], 0, -1.0, [-0.42885139912214, -0.0017134007341582857]
[-0.42885139912214, -0.0017134007341582857], 0, -1.0, [-0.4322658750345379, -0.003414475912397932]
[-0.4322658750345379, -0.003414475912397932], 0, -1.0, [-0.43735680876260646, -0.005090933728068564]
[-0.43735680876260646, -0.005090933728068564], 0, -1.0, [-0.4440873651571275, -0.006730556394521015]
[-0.4440873651571275, -0.006730556394521015], 0, -1.0, [-0.45240861808867294, -0.00832125293154544]
[-0.45240861808867294, -0.00832125293154544], 0, -1.0, [-0.4622597475106919, -0.009851129422018934]
[-0.4622597475106919, -0.009851129422018934], 0, -1.0, [-0.4735683276860026, -0.011308580175310706]
[-0.4735683276860026, -0.011308580175310706], 0, -1.0, [-0.4862507289860514, -0.012682401300048775]
[-0.4862507289860514, -0.012682401300048775], 0, -1.0, [-0.5002126549244086, -0.01396192593835716]
[-0.5002126549244086, -0.01396192593835716], 0, -1.0, [-0.5153498329143982, -0.01513717798998956]
[-0.5153498329143982, -0.01513717798998956], 0, -1.0, [-0.531548871660088, -0.016199038745689846]
[-0.531548871660088, -0.016199038745689846], 0, -1.0, [-0.5486882903380321, -0.017139418677944156]
[-0.5486882903380321, -0.017139418677944156], 0, -1.0, [-0.5666397152813256, -0.0179514249432935]
[-0.5666397152813256, -0.0179514249432935], 0, -1.0, [-0.5852692294404862, -0.018629514159160622]
[-0.5852692294404862, -0.018629514159160622], 0, -1.0, [-0.6044388493467157, -0.0191696199062294]
[-0.6044388493467157, -0.0191696199062294], 0, -1.0, [-0.6240080946140681, -0.019569245267352504]
[-0.6240080946140681, -0.019569245267352504], 0, -1.0, [-0.6438356071420791, -0.01982751252801091]
[-0.6438356071420791, -0.01982751252801091], 0, -1.0, [-0.6637807719351565, -0.019945164793077452]
[-0.6637807719351565, -0.019945164793077452], 0, -1.0, [-0.683705289406273, -0.01992451747111651]
[-0.683705289406273, -0.01992451747111651], 0, -1.0, [-0.7034746504184347, -0.019769361012161715]
[-0.7034746504184347, -0.019769361012161715], 0, -1.0, [-0.7229594700148927, -0.019484819596457967]
[-0.7229594700148927, -0.019484819596457967], 0, -1.0, [-0.7420366433341665, -0.019077173319273832]
[-0.7420366433341665, -0.019077173319273832], 0, -1.0, [-0.7605902968640781, -0.018553653529911607]
[-0.7605902968640781, -0.018553653529911607], 0, -1.0, [-0.7785125190605232, -0.017922222196445077]
[-0.7785125190605232, -0.017922222196445077], 2, -1.0, [-0.7937038654981057, -0.015191346437582432]
[-0.7937038654981057, -0.015191346437582432], 2, -1.0, [-0.8060839506448506, -0.012380085146744949]
[-0.8060839506448506, -0.012380085146744949], 2, -1.0, [-0.8155900391305863, -0.009506088485735677]
[-0.8155900391305863, -0.009506088485735677], 2, -1.0, [-0.822175709278992, -0.006585670148405719]
[-0.822175709278992, -0.006585670148405719], 2, -1.0, [-0.8258097144209243, -0.003634005141932387]
[-0.8258097144209243, -0.003634005141932387], 2, -1.0, [-0.8264751378794776, -0.0006654234585532206]
[-0.8264751378794776, -0.0006654234585532206], 2, -1.0, [-0.824168907323198, 0.002306230556279577]
[-0.824168907323198, 0.002306230556279577], 2, -1.0, [-0.8189017043619006, 0.005267202961297441]
[-0.8189017043619006, 0.005267202961297441], 2, -1.0, [-0.8106982759198965, 0.008203428442004057]
[-0.8106982759198965, 0.008203428442004057], 2, -1.0, [-0.7995981246917969, 0.011100151228099544]
[-0.7995981246917969, 0.011100151228099544], 2, -1.0, [-0.7856565264039383, 0.01394159828785862]
[-0.7856565264039383, 0.01394159828785862], 2, -1.0, [-0.7689457915175008, 0.01671073488643757]
[-0.7689457915175008, 0.01671073488643757], 2, -1.0, [-0.7495566589476728, 0.019389132569828]
[-0.7495566589476728, 0.019389132569828], 2, -1.0, [-0.727599680847718, 0.021956978099954824]
[-0.727599680847718, 0.021956978099954824], 2, -1.0, [-0.7032064331673923, 0.0243932476803257]
[-0.7032064331673923, 0.0243932476803257], 2, -1.0, [-0.6765303702640195, 0.02667606290337276]
[-0.6765303702640195, 0.02667606290337276], 2, -1.0, [-0.6477471377406714, 0.028783232523348166]
[-0.6477471377406714, 0.028783232523348166], 2, -1.0, [-0.6170541702931158, 0.030692967447555612]
[-0.6170541702931158, 0.030692967447555612], 2, -1.0, [-0.5846694339624761, 0.03238473633063976]
[-0.5846694339624761, 0.03238473633063976], 2, -1.0, [-0.5508292258170252, 0.03384020814545085]
[-0.5508292258170252, 0.03384020814545085], 2, -1.0, [-0.5157850163713725, 0.03504420944565272]
[-0.5157850163713725, 0.03504420944565272], 2, -1.0, [-0.4797994047530568, 0.0359856116183157]
[-0.4797994047530568, 0.0359856116183157], 2, -1.0, [-0.4431413439611973, 0.03665806079185949]
[-0.4431413439611973, 0.03665806079185949], 2, -1.0, [-0.40608087158020995, 0.03706047238098737]
[-0.40608087158020995, 0.03706047238098737], 2, -1.0, [-0.3688836381346583, 0.037197233445551627]
[-0.3688836381346583, 0.037197233445551627], 2, -1.0, [-0.33180555166150133, 0.037078086473156975]
[-0.33180555166150133, 0.037078086473156975], 2, -1.0, [-0.29508784861119347, 0.03671770305030788]
[-0.29508784861119347, 0.03671770305030788], 2, -1.0, [-0.258952859354454, 0.03613498925673946]
[-0.258952859354454, 0.03613498925673946], 2, -1.0, [-0.22360066840756465, 0.035352190946889336]
[-0.22360066840756465, 0.035352190946889336], 2, -1.0, [-0.18920678591029413, 0.03439388249727051]
[-0.18920678591029413, 0.03439388249727051], 2, -1.0, [-0.1559208602166966, 0.033285925693597535]
[-0.1559208602166966, 0.033285925693597535], 2, -1.0, [-0.12386638290378257, 0.03205447731291403]
[-0.12386638290378257, 0.03205447731291403], 2, -1.0, [-0.09314127528309672, 0.030725107620685848]
[-0.09314127528309672, 0.030725107620685848], 2, -1.0, [-0.0638192039318086, 0.02932207135128813]
[-0.0638192039318086, 0.02932207135128813], 2, -1.0, [-0.03595145235317812, 0.027867751578630473]
[-0.03595145235317812, 0.027867751578630473], 2, -1.0, [-0.009569174161631756, 0.026382278191546364]
[-0.009569174161631756, 0.026382278191546364], 2, -1.0, [0.015314134111477994, 0.02488330827310975]
[0.015314134111477994, 0.02488330827310975], 2, -1.0, [0.03870008030096564, 0.023385946189487642]
[0.03870008030096564, 0.023385946189487642], 2, -1.0, [0.060602856655271806, 0.02190277635430617]
[0.060602856655271806, 0.02190277635430617], 2, -1.0, [0.08104683726853808, 0.02044398061326627]
[0.08104683726853808, 0.02044398061326627], 2, -1.0, [0.10006435118651566, 0.019017513917977586]
[0.10006435118651566, 0.019017513917977586], 2, -1.0, [0.11769366655425423, 0.017629315367738572]
[0.11769366655425423, 0.017629315367738572], 2, -1.0, [0.1339772024520733, 0.016283535897819095]
[0.1339772024520733, 0.016283535897819095], 2, -1.0, [0.14895997066777247, 0.014982768215699155]
[0.14895997066777247, 0.014982768215699155], 2, -1.0, [0.16268823926348938, 0.01372826859571692]
[0.16268823926348938, 0.01372826859571692], 0, -1.0, [0.1732084028600998, 0.010520163596610432]
[0.1732084028600998, 0.010520163596610432], 0, -1.0, [0.180558553093873, 0.007350150233773186]
[0.180558553093873, 0.007350150233773186], 0, -1.0, [0.1847665884254736, 0.0042080353316006035]
[0.1847665884254736, 0.0042080353316006035], 0, -1.0, [0.1858489507173978, 0.001082362291924177]
[0.1858489507173978, 0.001082362291924177], 0, -1.0, [0.18380992391276418, -0.0020390268046336043]
[0.18380992391276418, -0.0020390268046336043], 0, -1.0, [0.17864145628937822, -0.00516846762338595]
[0.17864145628937822, -0.00516846762338595], 0, -1.0, [0.17032349621442794, -0.008317960074950274]
[0.17032349621442794, -0.008317960074950274], 0, -1.0, [0.15882486032385337, -0.011498635890574573]
[0.15882486032385337, -0.011498635890574573], 0, -1.0, [0.1441046810021243, -0.01472017932172905]
[0.1441046810021243, -0.01472017932172905], 0, -1.0, [0.12611450503062194, -0.017990175971502376]
[0.12611450503062194, -0.017990175971502376], 0, -1.0, [0.10480113459573345, -0.02131337043488849]
[0.10480113459573345, -0.02131337043488849], 0, -1.0, [0.08011031154827142, -0.024690823047462042]
[0.08011031154827142, -0.024690823047462042], 0, -1.0, [0.05199134035673475, -0.028118971191536665]
[0.05199134035673475, -0.028118971191536665], 0, -1.0, [0.020402717433556004, -0.031588622923178745]
[0.020402717433556004, -0.031588622923178745], 0, -1.0, [-0.014681223904117281, -0.035083941337673286]
[-0.014681223904117281, -0.035083941337673286], 0, -1.0, [-0.05326274082747187, -0.03858151692335459]
[-0.05326274082747187, -0.03858151692335459], 0, -1.0, [-0.09531241025395457, -0.0420496694264827]
[-0.09531241025395457, -0.0420496694264827], 0, -1.0, [-0.1407605739849363, -0.045448163730981726]
[-0.1407605739849363, -0.045448163730981726], 0, -1.0, [-0.1894891281365571, -0.04872855415162082]
[-0.1894891281365571, -0.04872855415162082], 0, -1.0, [-0.24132449987456436, -0.05183537173800726]
[-0.24132449987456436, -0.05183537173800726], 0, -1.0, [-0.2960328209532717, -0.05470832107870736]
[-0.2960328209532717, -0.05470832107870736], 0, -1.0, [-0.35331836332834, -0.057285542375068305]
[-0.35331836332834, -0.057285542375068305], 0, -1.0, [-0.4128261838505715, -0.059507820522231525]
[-0.4128261838505715, -0.059507820522231525], 0, -1.0, [-0.474149591546708, -0.06132340769613647]
[-0.474149591546708, -0.06132340769613647], 0, -1.0, [-0.536842509334228, -0.06269291778751994]
[-0.536842509334228, -0.06269291778751994], 0, -1.0, [-0.6004361252493395, -0.06359361591511156]
[-0.6004361252493395, -0.06359361591511156], 0, -1.0, [-0.6644585510182399, -0.06402242576890038]
[-0.6644585510182399, -0.06402242576890038], 0, -1.0, [-0.7284556911663139, -0.06399714014807403]
[-0.7284556911663139, -0.06399714014807403], 0, -1.0, [-0.7920113116482697, -0.06355562048195576]
[-0.7920113116482697, -0.06355562048195576], 0, -1.0, [-0.8547644438514065, -0.06275313220313679]
[-0.8547644438514065, -0.06275313220313679], 0, -1.0, [-0.9164227269699176, -0.06165828311851112]
[-0.9164227269699176, -0.06165828311851112], 0, -1.0, [-0.9767709530275585, -0.060348226057640855]
[-0.9767709530275585, -0.060348226057640855], 0, -1.0, [-1.0356747707651577, -0.05890381773759932]
[-1.0356747707651577, -0.05890381773759932], 0, -1.0, [-1.0930800820667925, -0.057405311301634857]
[-1.0930800820667925, -0.057405311301634857], 0, -1.0, [-1.1490090395726114, -0.05592895750581892]
[-1.1490090395726114, -0.05592895750581892], 1, -1.0, [-1.2, 0.0]
[-1.2, 0.0], 2, -1.0, [-1.1967581039591646, 0.003241896040835368]
[-1.1967581039591646, 0.003241896040835368], 2, -1.0, [-1.1902636585360942, 0.006494445423070332]
[-1.1902636585360942, 0.006494445423070332], 2, -1.0, [-1.1804959639787937, 0.009767694557300442]
[-1.1804959639787937, 0.009767694557300442], 2, -1.0, [-1.1674255149588486, 0.013070449019945182]
[-1.1674255149588486, 0.013070449019945182], 2, -1.0, [-1.1510159267200155, 0.016409588238833067]
[-1.1510159267200155, 0.016409588238833067], 2, -1.0, [-1.1312266168239755, 0.019789309896040046]
[-1.1312266168239755, 0.019789309896040046], 2, -1.0, [-1.108016322100852, 0.02321029472312345]
[-1.108016322100852, 0.02321029472312345], 2, -1.0, [-1.081347524946184, 0.02666879715466819]
[-1.081347524946184, 0.02666879715466819], 2, -1.0, [-1.0511918363028878, 0.03015568864329602]
[-1.0511918363028878, 0.03015568864329602], 2, -1.0, [-1.0175363271434712, 0.0336555091594167]
[-1.0175363271434712, 0.0336555091594167], 2, -1.0, [-0.9803907090723114, 0.03714561807115983]
[-0.9803907090723114, 0.03714561807115983], 2, -1.0, [-0.9397951336374217, 0.04059557543488971]
[-0.9397951336374217, 0.04059557543488971], 2, -1.0, [-0.8958282112564235, 0.043966922380998245]
[-0.8958282112564235, 0.043966922380998245], 2, -1.0, [-0.8486146572192776, 0.04721355403714586]
[-0.8486146572192776, 0.04721355403714586], 2, -1.0, [-0.7983317816221248, 0.05028287559715283]
[-0.7983317816221248, 0.05028287559715283], 2, -1.0, [-0.7452138959379592, 0.0531178856841656]
[-0.7452138959379592, 0.0531178856841656], 2, -1.0, [-0.6895536666604415, 0.0556602292775177]
[-0.6895536666604415, 0.0556602292775177], 2, -1.0, [-0.6316995610792892, 0.057854105581152386]
[-0.6316995610792892, 0.057854105581152386], 2, -1.0, [-0.5720488365336812, 0.05965072454560789]
[-0.5720488365336812, 0.05965072454560789], 2, -1.0, [-0.5110360146660762, 0.061012821867605024]
[-0.5110360146660762, 0.061012821867605024], 2, -1.0, [-0.44911739120176025, 0.061918623464315904]
[-0.44911739120176025, 0.061918623464315904], 2, -1.0, [-0.38675274139346727, 0.06236464980829299]
[-0.38675274139346727, 0.06236464980829299], 2, -1.0, [-0.3243858485235833, 0.06236689286988392]
[-0.3243858485235833, 0.06236689286988392], 2, -1.0, [-0.2624256859117381, 0.061960162611845254]
[-0.2624256859117381, 0.061960162611845254], 2, -1.0, [-0.20122996568717166, 0.061195720224566416]
[-0.20122996568717166, 0.061195720224566416], 2, -1.0, [-0.14109236178367496, 0.06013760390349669]
[-0.14109236178367496, 0.06013760390349669], 2, -1.0, [-0.08223412731502394, 0.05885823446865101]
[-0.08223412731502394, 0.05885823446865101], 2, -1.0, [-0.024800200336085113, 0.05743392697893883]
[-0.024800200336085113, 0.05743392697893883], 2, -1.0, [0.03114064276343887, 0.05594084309952398]
[0.03114064276343887, 0.05594084309952398], 0, -1.0, [0.08359238750154527, 0.0524517447381064]
[0.08359238750154527, 0.0524517447381064], 0, -1.0, [0.13262233259953476, 0.04902994509798948]
[0.13262233259953476, 0.04902994509798948], 0, -1.0, [0.17834755387682333, 0.04572522127728855]
[0.17834755387682333, 0.04572522127728855], 0, -1.0, [0.22092215795950715, 0.04257460408268383]
[0.22092215795950715, 0.04257460408268383], 0, -1.0, [0.26052602944505865, 0.03960387148555151]
[0.26052602944505865, 0.03960387148555151], 0, -1.0, [0.2973553938900877, 0.03682936444502904]
[0.2973553938900877, 0.03682936444502904], 0, -1.0, [0.3316152455531122, 0.03425985166302454]
[0.3316152455531122, 0.03425985166302454], 0, -1.0, [0.3635135165341927, 0.03189827098108052]
[0.3635135165341927, 0.03189827098108052], 0, -1.0, [0.39325677243151147, 0.029743255897318757]
[0.39325677243151147, 0.029743255897318757], 0, -1.0, [0.42104718537801084, 0.027790412946499376]
[0.42104718537801084, 0.027790412946499376], 0, -1.0, [0.4470805374271706, 0.02603335204915977]
[0.4470805374271706, 0.02603335204915977], 0, -1.0, [0.4715450296227468, 0.024464492195576223]
[0.4715450296227468, 0.024464492195576223], 0, -1.0, [0.49462070353980786, 0.023075673917061043]
[0.49462070353980786, 0.023075673917061043], 0, -1.0, [0.5164793155673264, 0.021858612027518553]
