[-0.5543113271948278, 0.0], 2, -1.0, [-0.553081308831444, 0.0012300183633837652]
[-0.553081308831444, 0.0012300183633837652], 2, -1.0, [-0.550630459657571, 0.0024508491738730416]
[-0.550630459657571, 0.0024508491738730416], 2, -1.0, [-0.546977094994408, 0.003653364663162886]
[-0.546977094994408, 0.003653364663162886], 2, -1.0, [-0.5421485366453054, 0.004828558349102694]
[-0.5421485366453054, 0.004828558349102694], 2, -1.0, [-0.5361809268843476, 0.0059676097609577565]
[-0.5361809268843476, 0.0059676097609577565], 2, -1.0, [-0.5291189733958774, 0.007061953488470136]
[-0.5291189733958774, 0.007061953488470136], 2, -1.0, [-0.5210156203163148, 0.008103353079562668]
[-0.5210156203163148, 0.008103353079562668], 0, -1.0, [-0.5139316407074558, 0.0070839796088589275]
[-0.5139316407074558, 0.0070839796088589275], 2, -1.0, [-0.5059201544471456, 0.008011486260310261]
[-0.5059201544471456, 0.008011486260310261], 0, -1.0, [-0.49904119569611616, 0.006878958751029387]
[-0.49904119569611616, 0.006878958751029387], 0, -1.0, [-0.4933462522264347, 0.00569494346968149]
[-0.4933462522264347, 0.00569494346968149], 0, -1.0, [-0.48887789132515747, 0.004468360901277228]
[-0.48887789132515747, 0.004468360901277228], 0, -1.0, [-0.48566946641548, 0.003208424909677512]
[-0.48566946641548, 0.003208424909677512], 2, -1.0, [-0.481744897850674, 0.003924568564805978]
[-0.481744897850674, 0.003924568564805978], 0, -1.0, [-0.4791334091980834, 0.0026114886525905852]
[-0.4791334091980834, 0.0026114886525905852], 0, -1.0, [-0.4778544226233302, 0.0012789865747531773]
[-0.4778544226233302, 0.0012789865747531773], 2, -1.0, [-0.47591744283522464, 0.0019369797881055744]
[-0.47591744283522464, 0.0019369797881055744], 0, -1.0, [-0.47533685474534454, 0.0005805880898800857]
[-0.47533685474534454, 0.0005805880898800857], 2, -1.0, [-0.4741169677484218, 0.00121988699692271]
[-0.4741169677484218, 0.00121988699692271], 0, -1.0, [-0.4742668328322142, -0.00014986508379238525]
[-0.4742668328322142, -0.00014986508379238525], 2, -1.0, [-0.4737853383326617, 0.00048149449955252604]
[-0.4737853383326617, 0.00048149449955252604], 2, -1.0, [-0.47267605559708115, 0.0011092827355805189]
[-0.47267605559708115, 0.0011092827355805189], 0, -1.0, [-0.4729472094439471, -0.0002711538468659451]
[-0.4729472094439471, -0.0002711538468659451], 2, -1.0, [-0.47259678977846103, 0.0003504196654860437]
[-0.47259678977846103, 0.0003504196654860437], 0, -1.0, [-0.4736273942546012, -0.0010306044761401807]
[-0.4736273942546012, -0.0010306044761401807], 2, -1.0, [-0.4740313818308014, -0.0004039875762001992]
[-0.4740313818308014, -0.0004039875762001992], 1, -1.0, [-0.47480575631047545, -0.0007743744796740378]
[-0.47480575631047545, -0.0007743744796740378], 2, -1.0, [-0.4749447729846009, -0.00013901667412546134]
[-0.4749447729846009, -0.00013901667412546134], 2, -1.0, [-0.474447400346584, 0.0004973726380169196]
[-0.474447400346584, 0.0004973726380169196], 0, -1.0, [-0.475317328618772, -0.0008699282721879893]
[-0.475317328618772, -0.0008699282721879893], 2, -1.0, [-0.47554810289696015, -0.00023077427818814938]
[-0.47554810289696015, -0.00023077427818814938], 2, -1.0, [-0.4751380104120648, 0.00041009248489530764]
[-0.4751380104120648, 0.00041009248489530764], 2, -1.0, [-0.4740900946843087, 0.0010479157277561574]
[-0.4740900946843087, 0.0010479157277561574], 0, -1.0, [-0.4744121303674615, -0.0003220356831527991]
[-0.4744121303674615, -0.0003220356831527991], 0, -1.0, [-0.4761017286130681, -0.001689598245606607]
[-0.4761017286130681, -0.001689598245606607], 0, -1.0, [-0.4791463504754974, -0.0030446218624292937]
[-0.4791463504754974, -0.0030446218624292937], 0, -1.0, [-0.48352337821821745, -0.004377027742720021]
[-0.48352337821821745, -0.004377027742720021], 0, -1.0, [-0.48920024788527444, -0.0056768696670569975]
[-0.48920024788527444, -0.0056768696670569975], 0, -1.0, [-0.49613464885241276, -0.006934400967138321]
[-0.49613464885241276, -0.006934400967138321], 0, -1.0, [-0.5042747977988068, -0.008140148946394008]
[-0.5042747977988068, -0.008140148946394008], 0, -1.0, [-0.5135597954136333, -0.009284997614826445]
[-0.5135597954136333, -0.009284997614826445], 0, -1.0, [-0.5239200739982893, -0.010360278584656013]
[-0.5239200739982893, -0.010360278584656013], 0, -1.0, [-0.5352779428453186, -0.01135786884702923]
[-0.5352779428453186, -0.01135786884702923], 0, -1.0, [-0.5475482358589645, -0.01227029301364596]
[-0.5475482358589645, -0.01227029301364596], 0, -1.0, [-0.5606390624203472, -0.013090826561382708]
[-0.5606390624203472, -0.013090826561382708], 0, -1.0, [-0.5744526581873789, -0.013813595767031702]
[-0.5744526581873789, -0.013813595767031702], 0, -1.0, [-0.5888863276478646, -0.01443366946048575]
[-0.5888863276478646, -0.01443366946048575], 0, -1.0, [-0.6038334651844414, -0.014947137536576763]
[-0.6038334651844414, -0.014947137536576763], 0, -1.0, [-0.6191846365805769, -0.015351171396135555]
[-0.6191846365805769, -0.015351171396135555], 0, -1.0, [-0.6348286987239099, -0.015644062143332995]
[-0.6348286987239099, -0.015644062143332995], 0, -1.0, [-0.6506539321354435, -0.015825233411533628]
[-0.6506539321354435, -0.015825233411533628], 0, -1.0, [-0.6665491591778129, -0.01589522704236931]
[-0.6665491591778129, -0.01589522704236931], 1, -1.0, [-0.6814048205628714, -0.014855661385058509]
[-0.6814048205628714, -0.014855661385058509], 1, -1.0, [-0.6951206541118254, -0.013715833548954039]
[-0.6951206541118254, -0.013715833548954039], 1, -1.0, [-0.7076060957148889, -0.01248544160306341]
[-0.7076060957148889, -0.01248544160306341], 1, -1.0, [-0.7187805124927523, -0.011174416777863416]
[-0.7187805124927523, -0.011174416777863416], 2, -1.0, [-0.7275732946481861, -0.00879278215543378]
[-0.7275732946481861, -0.00879278215543378], 2, -1.0, [-0.7339299692058499, -0.006356674557663766]
[-0.7339299692058499, -0.006356674557663766], 2, -1.0, [-0.7378117754944038, -0.003881806288553912]
[-0.7378117754944038, -0.003881806288553912], 2, -1.0, [-0.7391953065583781, -0.0013835310639743153]
[-0.7391953065583781, -0.0013835310639743153], 2, -1.0, [-0.7380722687766209, 0.001123037781757185]
[-0.7380722687766209, 0.001123037781757185], 2, -1.0, [-0.734449392258256, 0.0036228765183649154]
[-0.734449392258256, 0.0036228765183649154], 0, -1.0, [-0.7303485037337684, 0.004100888524487597]
[-0.7303485037337684, 0.004100888524487597], 2, -1.0, [-0.7237945203384901, 0.006553983395278219]
[-0.7237945203384901, 0.006553983395278219], 2, -1.0, [-0.7148277193398946, 0.008966800998595526]
[-0.7148277193398946, 0.008966800998595526], 2, -1.0, [-0.7035040875388621, 0.011323631801032543]
[-0.7035040875388621, 0.011323631801032543], 2, -1.0, [-0.6898957249213267, 0.013608362617535393]
[-0.6898957249213267, 0.013608362617535393], 2, -1.0, [-0.6740912326252313, 0.01580449229609533]
[-0.6740912326252313, 0.01580449229609533], 2, -1.0, [-0.656196001945504, 0.017895230679727342]
[-0.656196001945504, 0.017895230679727342], 2, -1.0, [-0.6363323127754501, 0.019863689170053888]
[-0.6363323127754501, 0.019863689170053888], 2, -1.0, [-0.6146391481771449, 0.02169316459830514]
[-0.6146391481771449, 0.02169316459830514], 2, -1.0, [-0.5912716381411419, 0.023367510036003018]
[-0.5912716381411419, 0.023367510036003018], 2, -1.0, [-0.5664000610100757, 0.024871577131066237]
[-0.5664000610100757, 0.024871577131066237], 2, -1.0, [-0.5402083556219469, 0.026191705388128712]
[-0.5402083556219469, 0.026191705388128712], 2, -1.0, [-0.5128921299272187, 0.027316225694728292]
[-0.5128921299272187, 0.027316225694728292], 0, -1.0, [-0.48665619026830687, 0.026235939658911783]
[-0.48665619026830687, 0.026235939658911783], 0, -1.0, [-0.4616967531500154, 0.024959437118291454]
[-0.4616967531500154, 0.024959437118291454], 0, -1.0, [-0.43819891729874266, 0.02349783585127274]
[-0.43819891729874266, 0.02349783585127274], 0, -1.0, [-0.4163345964761395, 0.021864320822603145]
[-0.4163345964761395, 0.021864320822603145], 0, -1.0, [-0.39626094463923744, 0.02007365183690208]
[-0.39626094463923744, 0.02007365183690208], 0, -1.0, [-0.37811926674207175, 0.018141677897165726]
[-0.37811926674207175, 0.018141677897165726], 0, -1.0, [-0.36203437514876186, 0.01608489159330987]
[-0.36203437514876186, 0.01608489159330987], 0, -1.0, [-0.34811432585652846, 0.013920049292233371]
[-0.34811432585652846, 0.013920049292233371], 0, -1.0, [-0.33645045179623084, 0.011663874060297615]
[-0.33645045179623084, 0.011663874060297615], 0, -1.0, [-0.32711760249183586, 0.009332849304395013]
[-0.32711760249183586, 0.009332849304395013], 0, -1.0, [-0.32017449952333493, 0.0069431029685009344]
[-0.32017449952333493, 0.0069431029685009344], 0, -1.0, [-0.3156641242095607, 0.004510375313774214]
[-0.3156641242095607, 0.004510375313774214], 0, -1.0, [-0.313614066159819, 0.002050058049741699]
[-0.313614066159819, 0.002050058049741699], 0, -1.0, [-0.314036777339426, -0.00042271117960695744]
[-0.314036777339426, -0.00042271117960695744], 0, -1.0, [-0.3169296947622074, -0.002892917422781429]
[-0.3169296947622074, -0.002892917422781429], 0, -1.0, [-0.32227521482259763, -0.0053455200603902365]
[-0.32227521482259763, -0.0053455200603902365], 0, -1.0, [-0.3300405227808956, -0.0077653079582979505]
[-0.3300405227808956, -0.0077653079582979505], 0, -1.0, [-0.3401773012947802, -0.010136778513884627]
[-0.3401773012947802, -0.010136778513884627], 0, -1.0, [-0.352621361402841, -0.012444060108060795]
[-0.352621361402841, -0.012444060108060795], 0, -1.0, [-0.3672922571187623, -0.014670895715921273]
[-0.3672922571187623, -0.014670895715921273], 0, -1.0, [-0.3840929596624777, -0.016800702543715407]
[-0.3840929596624777, -0.016800702543715407], 0, -1.0, [-0.4029096779647539, -0.01881671830227621]
[-0.4029096779647539, -0.01881671830227621], 0, -1.0, [-0.4236119168970286, -0.02070223893227467]
[-0.4236119168970286, -0.02070223893227467], 0, -1.0, [-0.44605286218766604, -0.022440945290637473]
[-0.44605286218766604, -0.022440945290637473], 0, -1.0, [-0.470070169994512, -0.024017307806845984]
[-0.470070169994512, -0.024017307806845984], 0, -1.0, [-0.49548721908531523, -0.0254170490908032]
[-0.49548721908531523, -0.0254170490908032], 0, -1.0, [-0.5221148550152664, -0.02662763592995121]
[-0.5221148550152664, -0.02662763592995121], 0, -1.0, [-0.5497536203128297, -0.027638765297563227]
[-0.5497536203128297, -0.027638765297563227], 0, -1.0, [-0.5781964254969446, -0.028442805184114926]
[-0.5781964254969446, -0.028442805184114926], 0, -1.0, [-0.6072315767934383, -0.02903515129649375]
[-0.6072315767934383, -0.02903515129649375], 0, -1.0, [-0.6366460422557131, -0.029414465462274754]
[-0.6366460422557131, -0.029414465462274754], 0, -1.0, [-0.6662288129746075, -0.029582770718894317]
[-0.6662288129746075, -0.029582770718894317], 0, -1.0, [-0.6957742035430884, -0.029545390568480892]
[-0.6957742035430884, -0.029545390568480892], 0, -1.0, [-0.725084937640211, -0.029310734097122614]
[-0.725084937640211, -0.029310734097122614], 0, -1.0, [-0.7539748802458535, -0.028889942605642437]
[-0.7539748802458535, -0.028889942605642437], 0, -1.0, [-0.7822713053902859, -0.028296425144432428]
[-0.7822713053902859, -0.028296425144432428], 2, -1.0, [-0.8078166237842145, -0.025545318393928575]
[-0.8078166237842145, -0.025545318393928575], 2, -1.0, [-0.8304793695462013, -0.022662745761986812]
[-0.8304793695462013, -0.022662745761986812], 2, -1.0, [-0.8501521396568406, -0.019672770110639302]
[-0.8501521396568406, -0.019672770110639302], 2, -1.0, [-0.8667491398019876, -0.01659700014514707]
[-0.8667491398019876, -0.01659700014514707], 2, -1.0, [-0.8802035992666771, -0.013454459464689497]
[-0.8802035992666771, -0.013454459464689497], 2, -1.0, [-0.8904652802008354, -0.010261680934158227]
[-0.8904652802008354, -0.010261680934158227], 2, -1.0, [-0.8974982632924297, -0.007032983091594298]
[-0.8974982632924297, -0.007032983091594298], 2, -1.0, [-0.9012791485488308, -0.003780885256401237]
[-0.9012791485488308, -0.003780885256401237], 2, -1.0, [-0.9017957699842757, -0.0005166214354448222]
[-0.9017957699842757, -0.0005166214354448222], 2, -1.0, [-0.8990464878214655, 0.002749282162810211]
[-0.8990464878214655, 0.002749282162810211], 2, -1.0, [-0.8930400908859972, 0.0060063969354681905]
[-0.8930400908859972, 0.0060063969354681905], 2, -1.0, [-0.8837963135725908, 0.009243777313406419]
[-0.8837963135725908, 0.009243777313406419], 2, -1.0, [-0.8713469438398056, 0.012449369732785223]
[-0.8713469438398056, 0.012449369732785223], 2, -1.0, [-0.8557374688090232, 0.015609475030782348]
[-0.8557374688090232, 0.015609475030782348], 2, -1.0, [-0.8370291708172674, 0.018708297991755926]
[-0.8370291708172674, 0.018708297991755926], 2, -1.0, [-0.8153015483155611, 0.021727622501706262]
[-0.8153015483155611, 0.021727622501706262], 2, -1.0, [-0.7906548934905345, 0.02464665482502662]
[-0.7906548934905345, 0.02464665482502662], 2, -1.0, [-0.7632128146631423, 0.02744207882739227]
[-0.7632128146631423, 0.02744207882739227], 2, -1.0, [-0.7331244515176921, 0.030088363145450114]
[-0.7331244515176921, 0.030088363145450114], 2, -1.0, [-0.7005661024693656, 0.03255834904832652]
[-0.7005661024693656, 0.03255834904832652], 2, -1.0, [-0.6657419749942722, 0.034824127475093364]
[-0.6657419749942722, 0.034824127475093364], 2, -1.0, [-0.6288837905709761, 0.03685818442329615]
[-0.6288837905709761, 0.03685818442329615], 2, -1.0, [-0.5902490328189631, 0.03863475775201298]
[-0.5902490328189631, 0.03863475775201298], 2, -1.0, [-0.5501177223581861, 0.04013131046077695]
[-0.5501177223581861, 0.04013131046077695], 2, -1.0, [-0.5087877295379817, 0.04132999282020442]
[-0.5087877295379817, 0.04132999282020442], 2, -1.0, [-0.46656878301495763, 0.042218946523024055]
[-0.46656878301495763, 0.042218946523024055], 2, -1.0, [-0.4237754777764894, 0.04279330523846827]
[-0.4237754777764894, 0.04279330523846827], 2, -1.0, [-0.3807197068756385, 0.04305577090085087]
[-0.3807197068756385, 0.04305577090085087], 2, -1.0, [-0.3377030151817572, 0.04301669169388128]
[-0.3377030151817572, 0.04301669169388128], 2, -1.0, [-0.29500938677866934, 0.04269362840308787]
[-0.29500938677866934, 0.04269362840308787], 2, -1.0, [-0.2528989276444096, 0.04211045913425978]
[-0.2528989276444096, 0.04211045913425978], 2, -1.0, [-0.21160280153302533, 0.04129612611138426]
[-0.21160280153302533, 0.04129612611138426], 2, -1.0, [-0.17131963875109069, 0.04028316278193465]
[-0.17131963875109069, 0.04028316278193465], 2, -1.0, [-0.13221348852064552, 0.03910615023044518]
[-0.13221348852064552, 0.03910615023044518], 2, -1.0, [-0.09441324843548592, 0.0378002400851596]
[-0.09441324843548592, 0.0378002400851596], 2, -1.0, [-0.05801339603625456, 0.03639985239923136]
[-0.05801339603625456, 0.03639985239923136], 2, -1.0, [-0.023075776627913082, 0.034937619408341475]
[-0.023075776627913082, 0.034937619408341475], 2, -1.0, [0.010367830917384899, 0.03344360754529798]
[0.010367830917384899, 0.03344360754529798], 2, -1.0, [0.042312647649271555, 0.031944816731886656]
[0.042312647649271555, 0.031944816731886656], 2, -1.0, [0.07277757890190649, 0.030464931252634938]
[0.07277757890190649, 0.030464931252634938], 2, -1.0, [0.1018018603069941, 0.029024281405087615]
[0.1018018603069941, 0.029024281405087615], 2, -1.0, [0.12944182900974033, 0.027639968702746234]
[0.12944182900974033, 0.027639968702746234], 2, -1.0, [0.1557679367293041, 0.02632610771956379]
[0.1557679367293041, 0.02632610771956379], 2, -1.0, [0.1808620791651037, 0.025094142435799573]
[0.1808620791651037, 0.025094142435799573], 2, -1.0, [0.20481528125934625, 0.023953202094242558]
[0.20481528125934625, 0.023953202094242558], 2, -1.0, [0.22772575073701812, 0.022910469477671856]
[0.22772575073701812, 0.022910469477671856], 2, -1.0, [0.249697292806395, 0.021971542069376876]
[0.249697292806395, 0.021971542069376876], 2, -1.0, [0.2708380659308951, 0.0211407731245001]
[0.2708380659308951, 0.0211407731245001], 2, -1.0, [0.29125965091931816, 0.02042158498842305]
[0.29125965091931816, 0.02042158498842305], 2, -1.0, [0.3110764019403465, 0.01981675102102836]
[0.3110764019403465, 0.01981675102102836], 2, -1.0, [0.3304050472764453, 0.019328645336098814]
[0.3304050472764453, 0.019328645336098814], 2, -1.0, [0.34936450869853103, 0.018959461422085735]
[0.34936450869853103, 0.018959461422085735], 2, -1.0, [0.36807591046464827, 0.018711401766117255]
[0.36807591046464827, 0.018711401766117255], 2, -1.0, [0.3866627514967715, 0.018586841032123196]
[0.3866627514967715, 0.018586841032123196], 2, -1.0, [0.40525121678464837, 0.018588465287876894]
[0.40525121678464837, 0.018588465287876894], 2, -1.0, [0.42397060612168963, 0.018719389337041255]
[0.42397060612168963, 0.018719389337041255], 2, -1.0, [0.4429538595756784, 0.01898325345398875]
[0.4429538595756784, 0.01898325345398875], 2, -1.0, [0.4623381593430803, 0.019384299767401938]
[0.4623381593430803, 0.019384299767401938], 2, -1.0, [0.48226558652963536, 0.01992742718655503]
[0.48226558652963536, 0.01992742718655503], 2, -1.0, [0.5028838086060028, 0.020618222076367425]
