[-0.4410543518861645, 0.0], 0, -1.0, [-0.44266712717490436, -0.0016127752887398704]
[-0.44266712717490436, -0.0016127752887398704], 0, -1.0, [-0.44588094379099086, -0.003213816616086479]
[-0.44588094379099086, -0.003213816616086479], 0, -1.0, [-0.4506723775005803, -0.004791433709589427]
[-0.4506723775005803, -0.004791433709589427], 0, -1.0, [-0.45700640640912055, -0.006334028908540218]
[-0.45700640640912055, -0.006334028908540218], 0, -1.0, [-0.46483656250875655, -0.007830156099635988]
[-0.46483656250875655, -0.007830156099635988], 0, -1.0, [-0.47410515606080506, -0.009268593552048536]
[-0.47410515606080506, -0.009268593552048536], 0, -1.0, [-0.48474358930672395, -0.010638433245918915]
[-0.48474358930672395, -0.010638433245918915], 0, -1.0, [-0.4966727769655391, -0.011929187658815095]
[-0.4966727769655391, -0.011929187658815095], 0, -1.0, [-0.5098036900677155, -0.013130913102176482]
[-0.5098036900677155, -0.013130913102176482], 0, -1.0, [-0.5240380367796663, -0.014234346711950743]
[-0.5240380367796663, -0.014234346711950743], 0, -1.0, [-0.5392690890337103, -0.015231052254043989]
[-0.5392690890337103, -0.015231052254043989], 0, -1.0, [-0.5553826572220046, -0.016113568188294358]
[-0.5553826572220046, -0.016113568188294358], 0, -1.0, [-0.5722582073552258, -0.016875550133221145]
[-0.5722582073552258, -0.016875550133221145], 0, -1.0, [-0.5897701065150466, -0.01751189915982073]
[-0.5897701065150466, -0.01751189915982073], 0, -1.0, [-0.6077889738600207, -0.01801886734497414]
[-0.6077889738600207, -0.01801886734497414], 0, -1.0, [-0.6261831066542123, -0.018394132794191585]
[-0.6261831066542123, -0.018394132794191585], 0, -1.0, [-0.6448199445282043, -0.018636837873992083]
[-0.6448199445282043, -0.018636837873992083], 0, -1.0, [-0.6635675310872206, -0.018747586559016254]
[-0.6635675310872206, -0.018747586559016254], 0, -1.0, [-0.6822959304856971, -0.018728399398476564]
[-0.6822959304856971, -0.018728399398476564], 0, -1.0, [-0.7008785578687894, -0.018582627383092225]
[-0.7008785578687894, -0.018582627383092225], 0, -1.0, [-0.7191933865354193, -0.01831482866662989]
[-0.7191933865354193, -0.01831482866662989], 0, -1.0, [-0.7371240009371739, -0.017930614401754585]
[-0.7371240009371739, -0.017930614401754585], 0, -1.0, [-0.7545604726147495, -0.01743647167757559]
[-0.7545604726147495, -0.01743647167757559], 0, -1.0, [-0.7714000451800167, -0.016839572565267243]
[-0.7714000451800167, -0.016839572565267243], 0, -1.0, [-0.7875476237292951, -0.016147578549278396]
[-0.7875476237292951, -0.016147578549278396], 2, -1.0, [-0.80091607292296, -0.013368449193664828]
[-0.80091607292296, -0.013368449193664828], 2, -1.0, [-0.8114364039937807, -0.010520331070820699]
[-0.8114364039937807, -0.010520331070820699], 2, -1.0, [-0.8190564105144081, -0.007620006520627488]
[-0.8190564105144081, -0.007620006520627488], 2, -1.0, [-0.8237394577758927, -0.004683047261484635]
[-0.8237394577758927, -0.004683047261484635], 2, -1.0, [-0.8254635320669095, -0.001724074291016711]
[-0.8254635320669095, -0.001724074291016711], 2, -1.0, [-0.8242206261386557, 0.0012429059282538374]
[-0.8242206261386557, 0.0012429059282538374], 2, -1.0, [-0.8200165072320528, 0.0042041189066028516]
[-0.8200165072320528, 0.0042041189066028516], 2, -1.0, [-0.8128708846185337, 0.007145622613519051]
[-0.8128708846185337, 0.007145622613519051], 2, -1.0, [-0.8028179644411647, 0.010052920177369003]
[-0.8028179644411647, 0.010052920177369003], 2, -1.0, [-0.7899073502857681, 0.012910614155396643]
[-0.7899073502857681, 0.012910614155396643], 2, -1.0, [-0.774205218075744, 0.015702132210024082]
[-0.774205218075744, 0.015702132210024082], 2, -1.0, [-0.7557956638336588, 0.01840955424208526]
[-0.7557956638336588, 0.01840955424208526], 2, -1.0, [-0.7347820937296341, 0.02101357010402467]
[-0.7347820937296341, 0.02101357010402467], 2, -1.0, [-0.7112884998744295, 0.023493593855204546]
[-0.7112884998744295, 0.023493593855204546], 2, -1.0, [-0.6854604458583098, 0.025828054016119803]
[-0.6854604458583098, 0.025828054016119803], 2, -1.0, [-0.6574655772821295, 0.027994868576180276]
[-0.6574655772821295, 0.027994868576180276], 2, -1.0, [-0.6274934789218514, 0.029972098360278154]
[-0.6274934789218514, 0.029972098360278154], 2, -1.0, [-0.5957547254677278, 0.03173875345412357]
[-0.5957547254677278, 0.03173875345412357], 2, -1.0, [-0.562479018882689, 0.03327570658503878]
[-0.562479018882689, 0.03327570658503878], 2, -1.0, [-0.5279123712334195, 0.03456664764926955]
[-0.5279123712334195, 0.03456664764926955], 2, -1.0, [-0.49231337251984375, 0.03559899871357572]
[-0.49231337251984375, 0.03559899871357572], 2, -1.0, [-0.4559486699901296, 0.03636470252971414]
[-0.4559486699901296, 0.03636470252971414], 2, -1.0, [-0.419087867382588, 0.03686080260754158]
[-0.419087867382588, 0.03686080260754158], 2, -1.0, [-0.3819981174203824, 0.03708974996220559]
[-0.3819981174203824, 0.03708974996220559], 2, -1.0, [-0.3449387183701527, 0.03705939905022972]
[-0.3449387183701527, 0.03705939905022972], 2, -1.0, [-0.30815602933325714, 0.03678268903689555]
[-0.30815602933325714, 0.03678268903689555], 2, -1.0, [-0.2718789885543391, 0.03627704077891801]
[-0.2718789885543391, 0.03627704077891801], 2, -1.0, [-0.23631545957075265, 0.03556352898358647]
[-0.23631545957075265, 0.03556352898358647], 2, -1.0, [-0.20164955118932912, 0.03466590838142352]
[-0.20164955118932912, 0.03466590838142352], 2, -1.0, [-0.1680399710590341, 0.03360958013029502]
[-0.1680399710590341, 0.03360958013029502], 2, -1.0, [-0.13561939074871376, 0.03242058031032032]
[-0.13561939074871376, 0.03242058031032032], 2, -1.0, [-0.10449473207869925, 0.03112465867001452]
[-0.10449473207869925, 0.03112465867001452], 2, -1.0, [-0.07474823567719405, 0.0297464964015052]
[-0.07474823567719405, 0.0297464964015052], 2, -1.0, [-0.046439145124877096, 0.028309090552316955]
[-0.046439145124877096, 0.028309090552316955], 2, -1.0, [-0.0196058321043875, 0.026833313020489597]
[-0.0196058321043875, 0.026833313020489597], 2, -1.0, [0.005731804041906794, 0.025337636146294293]
[0.005731804041906794, 0.025337636146294293], 2, -1.0, [0.029569809781841812, 0.02383800573993502]
[0.029569809781841812, 0.02383800573993502], 2, -1.0, [0.051917645776321394, 0.022347835994479585]
[0.051917645776321394, 0.022347835994479585], 2, -1.0, [0.07279574424033464, 0.02087809846401324]
[0.07279574424033464, 0.02087809846401324], 2, -1.0, [0.09223322237032247, 0.01943747812998784]
[0.09223322237032247, 0.01943747812998784], 2, -1.0, [0.11026579482957743, 0.018032572459254968]
[0.11026579482957743, 0.018032572459254968], 0, -1.0, [0.12493390814904745, 0.014668113319470013]
[0.12493390814904745, 0.014668113319470013], 0, -1.0, [0.1362755709022439, 0.011341662753196449]
[0.1362755709022439, 0.011341662753196449], 0, -1.0, [0.14432326396865733, 0.008047693066413432]
[0.14432326396865733, 0.008047693066413432], 0, -1.0, [0.14910164772612944, 0.004778383757472118]
[0.14910164772612944, 0.004778383757472118], 0, -1.0, [0.15062599126449494, 0.001524343538365495]
[0.15062599126449494, 0.001524343538365495], 0, -1.0, [0.14890126315006735, -0.0017247281144275929]
[0.14890126315006735, -0.0017247281144275929], 0, -1.0, [0.1439218451704835, -0.00497941797958385]
[0.1439218451704835, -0.00497941797958385], 0, -1.0, [0.13567185635795825, -0.008249988812525264]
[0.13567185635795825, -0.008249988812525264], 0, -1.0, [0.12412610164858083, -0.011545754709377428]
[0.12412610164858083, -0.011545754709377428], 0, -1.0, [0.1092516852445281, -0.014874416404052737]
[0.1092516852445281, -0.014874416404052737], 0, -1.0, [0.09101035029663322, -0.018241334947894875]
[0.09101035029663322, -0.018241334947894875], 0, -1.0, [0.06936162036414532, -0.021648729932487898]
[0.06936162036414532, -0.021648729932487898], 0, -1.0, [0.04426681955526836, -0.02509480080887697]
[0.04426681955526836, -0.02509480080887697], 0, -1.0, [0.01569403131904736, -0.028572788236221]
[0.01569403131904736, -0.028572788236221], 0, -1.0, [-0.016375986524532354, -0.03207001784357971]
[-0.016375986524532354, -0.03207001784357971], 0, -1.0, [-0.05194298802934577, -0.035567001504813414]
[-0.05194298802934577, -0.035567001504813414], 0, -1.0, [-0.09097969757355692, -0.03903670954421115]
[-0.09097969757355692, -0.03903670954421115], 0, -1.0, [-0.13342386408381535, -0.04244416651025842]
[-0.13342386408381535, -0.04244416651025842], 0, -1.0, [-0.17917041858664884, -0.0457465545028335]
[-0.17917041858664884, -0.0457465545028335], 0, -1.0, [-0.2280644370314163, -0.04889401844476745]
[-0.2280644370314163, -0.04889401844476745], 0, -1.0, [-0.27989577838958507, -0.05183134135816876]
[-0.27989577838958507, -0.05183134135816876], 0, -1.0, [-0.33439635879007285, -0.05450058040048779]
[-0.33439635879007285, -0.05450058040048779], 0, -1.0, [-0.3912409793097901, -0.05684462051971729]
[-0.3912409793097901, -0.05684462051971729], 0, -1.0, [-0.4500524025572647, -0.058811423247474584]
[-0.4500524025572647, -0.058811423247474584], 0, -1.0, [-0.5104109590377143, -0.060358556480449535]
[-0.5104109590377143, -0.060358556480449535], 0, -1.0, [-0.5718683983413274, -0.0614574393036131]
[-0.5718683983413274, -0.0614574393036131], 0, -1.0, [-0.6339650793922997, -0.06209668105097234]
[-0.6339650793922997, -0.06209668105097234], 0, -1.0, [-0.6962490543202056, -0.06228397492790579]
[-0.6962490543202056, -0.06228397492790579], 0, -1.0, [-0.7582952772676286, -0.06204622294742302]
[-0.7582952772676286, -0.06204622294742302], 0, -1.0, [-0.8197231499212583, -0.06142787265362974]
[-0.8197231499212583, -0.06142787265362974], 0, -1.0, [-0.8802109057157368, -0.06048775579447852]
[-0.8802109057157368, -0.06048775579447852], 0, -1.0, [-0.9395058566612688, -0.05929495094553209]
[-0.9395058566612688, -0.05929495094553209], 0, -1.0, [-0.9974301485740863, -0.0579242919128175]
[-0.9974301485740863, -0.0579242919128175], 0, -1.0, [-1.05388225270201, -0.056452104127923626]
[-1.05388225270201, -0.056452104127923626], 0, -1.0, [-1.108834859521971, -0.05495260681996104]
[-1.108834859521971, -0.05495260681996104], 0, -1.0, [-1.1623300852221492, -0.05349522570017823]
[-1.1623300852221492, -0.05349522570017823], 0, -1.0, [-1.2, 0.0]
[-1.2, 0.0], 2, -1.0, [-1.1967581039591646, 0.003241896040835368]
[-1.1967581039591646, 0.003241896040835368], 2, -1.0, [-1.1902636585360942, 0.006494445423070332]
[-1.1902636585360942, 0.006494445423070332], 2, -1.0, [-1.1804959639787937, 0.009767694557300442]
[-1.1804959639787937, 0.009767694557300442], 2, -1.0, [-1.1674255149588486, 0.013070449019945182]
[-1.1674255149588486, 0.013070449019945182], 2, -1.0, [-1.1510159267200155, 0.016409588238833067]
[-1.1510159267200155, 0.016409588238833067], 2, -1.0, [-1.1312266168239755, 0.019789309896040046]
[-1.1312266168239755, 0.019789309896040046], 2, -1.0, [-1.108016322100852, 0.02321029472312345]
[-1.108016322100852, 0.02321029472312345], 2, -1.0, [-1.081347524946184, 0.02666879715466819]
[-1.081347524946184, 0.02666879715466819], 2, -1.0, [-1.0511918363028878, 0.03015568864329602]
[-1.0511918363028878, 0.03015568864329602], 2, -1.0, [-1.0175363271434712, 0.0336555091594167]
[-1.0175363271434712, 0.0336555091594167], 2, -1.0, [-0.9803907090723114, 0.03714561807115983]
[-0.9803907090723114, 0.03714561807115983], 2, -1.0, [-0.9397951336374217, 0.04059557543488971]
[-0.9397951336374217, 0.04059557543488971], 2, -1.0, [-0.8958282112564235, 0.043966922380998245]
[-0.8958282112564235, 0.043966922380998245], 2, -1.0, [-0.8486146572192776, 0.04721355403714586]
[-0.8486146572192776, 0.04721355403714586], 2, -1.0, [-0.7983317816221248, 0.05028287559715283]
[-0.7983317816221248, 0.05028287559715283], 2, -1.0, [-0.7452138959379592, 0.0531178856841656]
[-0.7452138959379592, 0.0531178856841656], 2, -1.0, [-0.6895536666604415, 0.0556602292775177]
[-0.6895536666604415, 0.0556602292775177], 2, -1.0, [-0.6316995610792892, 0.057854105581152386]
[-0.6316995610792892, 0.057854105581152386], 2, -1.0, [-0.5720488365336812, 0.05965072454560789]
[-0.5720488365336812, 0.05965072454560789], 2, -1.0, [-0.5110360146660762, 0.061012821867605024]
[-0.5110360146660762, 0.061012821867605024], 2, -1.0, [-0.44911739120176025, 0.061918623464315904]
[-0.44911739120176025, 0.061918623464315904], 2, -1.0, [-0.38675274139346727, 0.06236464980829299]
[-0.38675274139346727, 0.06236464980829299], 2, -1.0, [-0.3243858485235833, 0.06236689286988392]
[-0.3243858485235833, 0.06236689286988392], 2, -1.0, [-0.2624256859117381, 0.061960162611845254]
[-0.2624256859117381, 0.061960162611845254], 2, -1.0, [-0.20122996568717166, 0.061195720224566416]
[-0.20122996568717166, 0.061195720224566416], 2, -1.0, [-0.14109236178367496, 0.06013760390349669]
[-0.14109236178367496, 0.06013760390349669], 2, -1.0, [-0.08223412731502394, 0.05885823446865101]
[-0.08223412731502394, 0.05885823446865101], 2, -1.0, [-0.024800200336085113, 0.05743392697893883]
[-0.024800200336085113, 0.05743392697893883], 2, -1.0, [0.03114064276343887, 0.05594084309952398]
[0.03114064276343887, 0.05594084309952398], 2, -1.0, [0.08559238750154527, 0.0544517447381064]
[0.08559238750154527, 0.0544517447381064], 2, -1.0, [0.13862609852276647, 0.05303371102122119]
[0.13862609852276647, 0.05303371102122119], 2, -1.0, [0.19037290492486428, 0.0517468064020978]
[0.19037290492486428, 0.0517468064020978], 2, -1.0, [0.24101646944167865, 0.050643564516814364]
[0.24101646944167865, 0.050643564516814364], 2, -1.0, [0.29078555519931315, 0.04976908575763451]
[0.29078555519931315, 0.04976908575763451], 2, -1.0, [0.33994708223056147, 0.04916152703124832]
[0.33994708223056147, 0.04916152703124832], 2, -1.0, [0.388799856212751, 0.04885277398218953]
[0.388799856212751, 0.04885277398218953], 2, -1.0, [0.4376689695757199, 0.0488691133629689]
[0.4376689695757199, 0.0488691133629689], 2, -1.0, [0.4869007238355066, 0.04923175425978669]
[0.4869007238355066, 0.04923175425978669], 2, -1.0, [0.5368577983788596, 0.04995707454335301]
