[-0.5491847392899938, 0.0], 2, -1.0, [-0.547993032940193, 0.0011917063498007605]
[-0.547993032940193, 0.0011917063498007605], 2, -1.0, [-0.5456185329275588, 0.002374500012634134]
[-0.5456185329275588, 0.002374500012634134], 2, -1.0, [-0.5420790048217762, 0.0035395281057825903]
[-0.5420790048217762, 0.0035395281057825903], 2, -1.0, [-0.5374009459885606, 0.004678058833215591]
[-0.5374009459885606, 0.004678058833215591], 2, -1.0, [-0.5316194004546445, 0.005781545533916122]
[-0.5316194004546445, 0.005781545533916122], 1, -1.0, [-0.5257777060388024, 0.005841694415842107]
[-0.5257777060388024, 0.005841694415842107], 0, -1.0, [-0.5209196697610373, 0.0048580362777649886]
[-0.5209196697610373, 0.0048580362777649886], 0, -1.0, [-0.5170817265607198, 0.00383794320031751]
[-0.5170817265607198, 0.00383794320031751], 0, -1.0, [-0.5142926581143378, 0.002789068446382087]
[-0.5142926581143378, 0.002789068446382087], 0, -1.0, [-0.5125733764825536, 0.001719281631784197]
[-0.5125733764825536, 0.001719281631784197], 0, -1.0, [-0.5119367702672489, 0.0006366062153046739]
[-0.5119367702672489, 0.0006366062153046739], 0, -1.0, [-0.5123876112498402, -0.00045084098259131353]
[-0.5123876112498402, -0.00045084098259131353], 0, -1.0, [-0.5139225201131891, -0.0015349088633488542]
[-0.5139225201131891, -0.0015349088633488542], 0, -1.0, [-0.5165299907007516, -0.0026074705875625314]
[-0.5165299907007516, -0.0026074705875625314], 0, -1.0, [-0.5201904732015106, -0.0036604825007590137]
[-0.5201904732015106, -0.0036604825007590137], 0, -1.0, [-0.5248765175248308, -0.004686044323320158]
[-0.5248765175248308, -0.004686044323320158], 0, -1.0, [-0.5305529788071702, -0.00567646128233947]
[-0.5305529788071702, -0.00567646128233947], 0, -1.0, [-0.5371772873488688, -0.006624308541698571]
[-0.5371772873488688, -0.006624308541698571], 0, -1.0, [-0.544699785215055, -0.007522497866186147]
[-0.544699785215055, -0.007522497866186147], 0, -1.0, [-0.5530641311848346, -0.008364345969779492]
[-0.5530641311848346, -0.008364345969779492], 0, -1.0, [-0.5622077746731696, -0.009143643488335074]
[-0.5622077746731696, -0.009143643488335074], 0, -1.0, [-0.5720624977020283, -0.009854723028858666]
[-0.5720624977020283, -0.009854723028858666], 0, -1.0, [-0.5825550220308338, -0.010492524328805458]
[-0.5825550220308338, -0.010492524328805458], 0, -1.0, [-0.5936076762854037, -0.011052654254569885]
[-0.5936076762854037, -0.011052654254569885], 0, -1.0, [-0.6051391155019404, -0.011531439216536803]
[-0.6051391155019404, -0.011531439216536803], 0, -1.0, [-0.6170650831073402, -0.011925967605399783]
[-0.6170650831073402, -0.011925967605399783], 0, -1.0, [-0.6292992031796685, -0.012234120072328292]
[-0.6292992031796685, -0.012234120072328292], 0, -1.0, [-0.6417537890574927, -0.0124545858778242]
[-0.6417537890574927, -0.0124545858778242], 0, -1.0, [-0.6543406531540392, -0.01258686409654652]
[-0.6543406531540392, -0.01258686409654652], 0, -1.0, [-0.6669719023015319, -0.012631249147492694]
[-0.6669719023015319, -0.012631249147492694], 0, -1.0, [-0.6795607031693013, -0.01258880086776939]
[-0.6795607031693013, -0.01258880086776939], 0, -1.0, [-0.6920220032732838, -0.012461300103982534]
[-0.6920220032732838, -0.012461300103982534], 0, -1.0, [-0.704273194771198, -0.012251191497914218]
[-0.704273194771198, -0.012251191497914218], 0, -1.0, [-0.7162347105099076, -0.011961515738709643]
[-0.7162347105099076, -0.011961515738709643], 0, -1.0, [-0.7278305445100022, -0.011595834000094615]
[-0.7278305445100022, -0.011595834000094615], 0, -1.0, [-0.7389886920615946, -0.011158147551592435]
[-0.7389886920615946, -0.011158147551592435], 2, -1.0, [-0.7476415076795576, -0.008652815617963067]
[-0.7476415076795576, -0.008652815617963067], 2, -1.0, [-0.7537376915329903, -0.006096183853432701]
[-0.7537376915329903, -0.006096183853432701], 2, -1.0, [-0.7572417290313747, -0.0035040374983843743]
[-0.7572417290313747, -0.0035040374983843743], 2, -1.0, [-0.7581334469278367, -0.0008917178964619765]
[-0.7581334469278367, -0.0008917178964619765], 2, -1.0, [-0.7564077398258687, 0.0017257071019679466]
[-0.7564077398258687, 0.0017257071019679466], 2, -1.0, [-0.7520744984444491, 0.004333241381419705]
[-0.7520744984444491, 0.004333241381419705], 2, -1.0, [-0.7451587476599395, 0.006915750784509611]
[-0.7451587476599395, 0.006915750784509611], 2, -1.0, [-0.7357009788209407, 0.0094577688389988]
[-0.7357009788209407, 0.0094577688389988], 2, -1.0, [-0.7237576376765077, 0.011943341144433012]
[-0.7237576376765077, 0.011943341144433012], 2, -1.0, [-0.709401707149954, 0.01435593052655372]
[-0.709401707149954, 0.01435593052655372], 2, -1.0, [-0.6927233041105936, 0.016678403039360405]
[-0.6927233041105936, 0.016678403039360405], 2, -1.0, [-0.6738301926287696, 0.01889311148182395]
[-0.6738301926287696, 0.01889311148182395], 2, -1.0, [-0.6528481047328926, 0.02098208789587706]
[-0.6528481047328926, 0.02098208789587706], 2, -1.0, [-0.6299207554721238, 0.02292734926076879]
[-0.6299207554721238, 0.02292734926076879], 2, -1.0, [-0.6052094441466667, 0.02471131132545711]
[-0.6052094441466667, 0.02471131132545711], 2, -1.0, [-0.5788921494617782, 0.02631729468488847]
[-0.5788921494617782, 0.02631729468488847], 2, -1.0, [-0.5511620536885046, 0.027730095773273643]
[-0.5511620536885046, 0.027730095773273643], 2, -1.0, [-0.5222254688326634, 0.028936584855841208]
[-0.5222254688326634, 0.028936584855841208], 0, -1.0, [-0.4942991837484268, 0.027926285084236613]
[-0.4942991837484268, 0.027926285084236613], 0, -1.0, [-0.46759236274441673, 0.026706821004010065]
[-0.46759236274441673, 0.026706821004010065], 0, -1.0, [-0.4423036162657986, 0.025288746478618118]
[-0.4423036162657986, 0.025288746478618118], 1, -1.0, [-0.41761855712460927, 0.024685059141189347]
[-0.41761855712460927, 0.024685059141189347], 0, -1.0, [-0.39471502571382744, 0.022903531410781837]
[-0.39471502571382744, 0.022903531410781837], 0, -1.0, [-0.3737542168021415, 0.02096080891168596]
[-0.3737542168021415, 0.02096080891168596], 0, -1.0, [-0.3548797718581765, 0.018874444943964994]
[-0.3548797718581765, 0.018874444943964994], 0, -1.0, [-0.33821737617159725, 0.016662395686579214]
[-0.33821737617159725, 0.016662395686579214], 0, -1.0, [-0.323874769009215, 0.014342607162382223]
[-0.323874769009215, 0.014342607162382223], 0, -1.0, [-0.3119420591427151, 0.01193270986649993]
[-0.3119420591427151, 0.01193270986649993], 0, -1.0, [-0.30249223298169414, 0.009449826161020962]
[-0.30249223298169414, 0.009449826161020962], 0, -1.0, [-0.2955817466934748, 0.006910486288219322]
[-0.2955817466934748, 0.006910486288219322], 0, -1.0, [-0.29125110508091406, 0.004330641612560755]
[-0.29125110508091406, 0.004330641612560755], 0, -1.0, [-0.28952534657978907, 0.0017257585011250095]
[-0.28952534657978907, 0.0017257585011250095], 0, -1.0, [-0.2904143737465622, -0.0008890271667731649]
[-0.2904143737465622, -0.0008890271667731649], 0, -1.0, [-0.2939130906526043, -0.0034987169060421027]
[-0.2939130906526043, -0.0034987169060421027], 0, -1.0, [-0.3000013317002549, -0.006088241047650574]
[-0.3000013317002549, -0.006088241047650574], 0, -1.0, [-0.3086435898448949, -0.008642258144639994]
[-0.3086435898448949, -0.008642258144639994], 0, -1.0, [-0.3197885754893325, -0.011144985644437612]
[-0.3197885754893325, -0.011144985644437612], 0, -1.0, [-0.3333686597892767, -0.013580084299944247]
[-0.3333686597892767, -0.013580084299944247], 0, -1.0, [-0.3492992768998986, -0.01593061711062188]
[-0.3492992768998986, -0.01593061711062188], 0, -1.0, [-0.3674783775545512, -0.018179100654652617]
[-0.3674783775545512, -0.018179100654652617], 0, -1.0, [-0.3877860396355419, -0.020307662080990732]
[-0.3877860396355419, -0.020307662080990732], 0, -1.0, [-0.41008434809071553, -0.02229830845517363]
[-0.41008434809071553, -0.02229830845517363], 0, -1.0, [-0.4342176546084724, -0.024133306517756883]
[-0.4342176546084724, -0.024133306517756883], 0, -1.0, [-0.46001331513937116, -0.02579566053089875]
[-0.46001331513937116, -0.02579566053089875], 0, -1.0, [-0.48728297969676176, -0.027269664557390622]
[-0.48728297969676176, -0.027269664557390622], 0, -1.0, [-0.515824474228662, -0.028541494531900188]
[-0.515824474228662, -0.028541494531900188], 0, -1.0, [-0.5454242707348628, -0.029599796506200853]
[-0.5454242707348628, -0.029599796506200853], 0, -1.0, [-0.5758604929644839, -0.030436222229621224]
[-0.5758604929644839, -0.030436222229621224], 0, -1.0, [-0.6069063561860422, -0.031045863221558202]
[-0.6069063561860422, -0.031045863221558202], 0, -1.0, [-0.638333896652473, -0.031427540466430814]
[-0.638333896652473, -0.031427540466430814], 0, -1.0, [-0.6699178152255831, -0.03158391857311018]
[-0.6699178152255831, -0.03158391857311018], 0, -1.0, [-0.7014392445857314, -0.031521429360148255]
[-0.7014392445857314, -0.031521429360148255], 0, -1.0, [-0.7326892527074553, -0.03125000812172398]
[-0.7326892527074553, -0.03125000812172398], 0, -1.0, [-0.7634719163066376, -0.030782663599182268]
[-0.7634719163066376, -0.030782663599182268], 0, -1.0, [-0.793606833646822, -0.03013491734018451]
[-0.793606833646822, -0.03013491734018451], 0, -1.0, [-0.8229309913815216, -0.02932415773469952]
[-0.8229309913815216, -0.02932415773469952], 2, -1.0, [-0.8492999490297888, -0.026368957648267206]
[-0.8492999490297888, -0.026368957648267206], 2, -1.0, [-0.8725967054668561, -0.023296756437067256]
[-0.8725967054668561, -0.023296756437067256], 2, -1.0, [-0.8927286531413945, -0.020131947674538457]
[-0.8927286531413945, -0.020131947674538457], 2, -1.0, [-0.9096242635523523, -0.016895610410957773]
[-0.9096242635523523, -0.016895610410957773], 2, -1.0, [-0.9232297907904397, -0.01360552723808741]
[-0.9232297907904397, -0.01360552723808741], 2, -1.0, [-0.9335062245247926, -0.010276433734352892]
[-0.9335062245247926, -0.010276433734352892], 2, -1.0, [-0.9404266683505887, -0.006920443825796176]
[-0.9404266683505887, -0.006920443825796176], 2, -1.0, [-0.9439742696190967, -0.003547601268507934]
[-0.9439742696190967, -0.003547601268507934], 2, -1.0, [-0.9441407853008641, -0.000166515681767356]
[-0.9441407853008641, -0.000166515681767356], 2, -1.0, [-0.9409258351078393, 0.0032149501930247714]
[-0.9409258351078393, 0.0032149501930247714], 2, -1.0, [-0.9343368662487477, 0.006588968859091628]
[-0.9343368662487477, 0.006588968859091628], 2, -1.0, [-0.9243898309295543, 0.009947035319193349]
[-0.9243898309295543, 0.009947035319193349], 2, -1.0, [-0.9111105546211647, 0.013279276308389525]
[-0.9111105546211647, 0.013279276308389525], 2, -1.0, [-0.8945367467592112, 0.01657380786195346]
[-0.8945367467592112, 0.01657380786195346], 2, -1.0, [-0.8747205729548868, 0.01981617380432448]
[-0.8747205729548868, 0.01981617380432448], 2, -1.0, [-0.8517316670707178, 0.022988905884169044]
[-0.8517316670707178, 0.022988905884169044], 2, -1.0, [-0.8256604124639018, 0.026071254606816023]
[-0.8256604124639018, 0.026071254606816023], 2, -1.0, [-0.7966212665948482, 0.029039145869053554]
[-0.7966212665948482, 0.029039145869053554], 2, -1.0, [-0.7647558474202655, 0.031865419174582715]
[-0.7647558474202655, 0.031865419174582715], 2, -1.0, [-0.7302354523110953, 0.034520395109170196]
[-0.7302354523110953, 0.034520395109170196], 0, -1.0, [-0.695262652367791, 0.03497279994330438]
[-0.695262652367791, 0.03497279994330438], 2, -1.0, [-0.6580585335121435, 0.03720411885564747]
[-0.6580585335121435, 0.03720411885564747], 2, -1.0, [-0.6188730930811495, 0.03918544043099405]
[-0.6188730930811495, 0.03918544043099405], 2, -1.0, [-0.5779827848703906, 0.04089030821075891]
[-0.5779827848703906, 0.04089030821075891], 2, -1.0, [-0.5356864037149194, 0.04229638115547124]
[-0.5356864037149194, 0.04229638115547124], 2, -1.0, [-0.4922993852162572, 0.04338701849866215]
[-0.4922993852162572, 0.04338701849866215], 2, -1.0, [-0.44814676734431386, 0.044152617871943356]
[-0.44814676734431386, 0.044152617871943356], 2, -1.0, [-0.40355521947624384, 0.04459154786807004]
[-0.40355521947624384, 0.04459154786807004], 2, -1.0, [-0.35884466291411427, 0.04471055656212958]
[-0.35884466291411427, 0.04471055656212958], 2, -1.0, [-0.3143200623586211, 0.0445246005554932]
[-0.3143200623586211, 0.0445246005554932], 2, -1.0, [-0.2702639491066339, 0.04405611325198716]
[-0.2702639491066339, 0.04405611325198716], 2, -1.0, [-0.22693014758461783, 0.0433338015220161]
[-0.22693014758461783, 0.0433338015220161], 2, -1.0, [-0.18453903469010063, 0.04239111289451718]
[-0.18453903469010063, 0.04239111289451718], 2, -1.0, [-0.14327449263335207, 0.04126454205674858]
[-0.14327449263335207, 0.04126454205674858], 2, -1.0, [-0.1032825488826591, 0.03999194375069297]
[-0.1032825488826591, 0.03999194375069297], 2, -1.0, [-0.06467155522081311, 0.038610993661845984]
[-0.06467155522081311, 0.038610993661845984], 2, -1.0, [-0.02751365685421079, 0.03715789836660232]
[-0.02751365685421079, 0.03715789836660232], 2, -1.0, [0.00815275294314851, 0.0356664097973593]
[0.00815275294314851, 0.0356664097973593], 2, -1.0, [0.04231991046126363, 0.03416715751811512]
[0.04231991046126363, 0.03416715751811512], 2, -1.0, [0.0750071893966097, 0.03268727893534608]
[0.0750071893966097, 0.03268727893534608], 2, -1.0, [0.10625749509485118, 0.03125030569824147]
[0.10625749509485118, 0.03125030569824147], 2, -1.0, [0.13613374869829925, 0.029876253603448075]
[0.13613374869829925, 0.029876253603448075], 2, -1.0, [0.16471560998005172, 0.028581861281752465]
[0.16471560998005172, 0.028581861281752465], 2, -1.0, [0.1920965370810413, 0.027380927100989563]
[0.1920965370810413, 0.027380927100989563], 2, -1.0, [0.21838123850871707, 0.026284701427675777]
[0.21838123850871707, 0.026284701427675777], 2, -1.0, [0.24368353900071552, 0.025302300491998452]
[0.24368353900071552, 0.025302300491998452], 2, -1.0, [0.26812465607612207, 0.024441117075406565]
[0.26812465607612207, 0.024441117075406565], 2, -1.0, [0.29183186724638804, 0.02370721117026596]
[0.29183186724638804, 0.02370721117026596], 2, -1.0, [0.31493753745774616, 0.023105670211358124]
[0.31493753745774616, 0.023105670211358124], 2, -1.0, [0.33757847080452846, 0.022640933346782292]
[0.33757847080452846, 0.022640933346782292], 2, -1.0, [0.35989554840104704, 0.02231707759651855]
[0.35989554840104704, 0.02231707759651855], 2, -1.0, [0.3820336142307194, 0.02213806582967236]
[0.3820336142307194, 0.02213806582967236], 2, -1.0, [0.4041415717182586, 0.02210795748753919]
[0.4041415717182586, 0.02210795748753919], 2, -1.0, [0.4263726547972947, 0.02223108307903609]
[0.4263726547972947, 0.02223108307903609], 2, -1.0, [0.4488848376210958, 0.022512182823801127]
[0.4488848376210958, 0.022512182823801127], 0, -1.0, [0.4698413461315091, 0.020956508510413273]
[0.4698413461315091, 0.020956508510413273], 0, -1.0, [0.48939641935404493, 0.019555073222535867]
[0.48939641935404493, 0.019555073222535867], 2, -1.0, [0.5096954247798745, 0.020299005425829623]
