[-0.5553306461938304, 0.0], 0, -1.0, [-0.5560930164524039, -0.0007623702585735501]
[-0.5560930164524039, -0.0007623702585735501], 0, -1.0, [-0.5576120657073522, -0.001519049254948308]
[-0.5576120657073522, -0.001519049254948308], 0, -1.0, [-0.5598764577447893, -0.0022643920374371077]
[-0.5598764577447893, -0.0022643920374371077], 0, -1.0, [-0.5628693039678616, -0.0029928462230722633]
[-0.5628693039678616, -0.0029928462230722633], 0, -1.0, [-0.5665683020780342, -0.003698998110172557]
[-0.5665683020780342, -0.003698998110172557], 0, -1.0, [-0.5709459205517406, -0.0043776184737064645]
[-0.5709459205517406, -0.0043776184737064645], 0, -1.0, [-0.5759696283156364, -0.0050237077638957545]
[-0.5759696283156364, -0.0050237077638957545], 0, -1.0, [-0.5816021686168802, -0.005632540301243879]
[-0.5816021686168802, -0.005632540301243879], 0, -1.0, [-0.5878018755443507, -0.006199706927470484]
[-0.5878018755443507, -0.006199706927470484], 0, -1.0, [-0.594523030990213, -0.006721155445862311]
[-0.594523030990213, -0.006721155445862311], 0, -1.0, [-0.6017162590709082, -0.007193228080695217]
[-0.6017162590709082, -0.007193228080695217], 0, -1.0, [-0.6093289541878956, -0.007612695116987394]
[-0.6093289541878956, -0.007612695116987394], 0, -1.0, [-0.6173057380478638, -0.007976783859968261]
[-0.6173057380478638, -0.007976783859968261], 0, -1.0, [-0.6255889401337927, -0.008283202085928922]
[-0.6255889401337927, -0.008283202085928922], 0, -1.0, [-0.634119095379681, -0.008530155245888302]
[-0.634119095379681, -0.008530155245888302], 0, -1.0, [-0.6428354522089427, -0.008716356829261612]
[-0.6428354522089427, -0.008716356829261612], 0, -1.0, [-0.6516764836989908, -0.008841031490048074]
[-0.6516764836989908, -0.008841031490048074], 0, -1.0, [-0.6605803944710653, -0.008903910772074506]
[-0.6605803944710653, -0.008903910772074506], 0, -1.0, [-0.6694856159991281, -0.008905221528062814]
[-0.6694856159991281, -0.008905221528062814], 0, -1.0, [-0.6783312833920746, -0.008845667392946408]
[-0.6783312833920746, -0.008845667392946408], 0, -1.0, [-0.6870576873194464, -0.008726403927371831]
[-0.6870576873194464, -0.008726403927371831], 1, -1.0, [-0.6946066955953702, -0.007549008275923898]
[-0.6946066955953702, -0.007549008275923898], 1, -1.0, [-0.7009286689186559, -0.006321973323285632]
[-0.7009286689186559, -0.006321973323285632], 2, -1.0, [-0.7049825196185625, -0.004053850699906624]
[-0.7049825196185625, -0.004053850699906624], 2, -1.0, [-0.7067421400704009, -0.0017596204518383687]
[-0.7067421400704009, -0.0017596204518383687], 2, -1.0, [-0.7061962573103984, 0.0005458827600025541]
[-0.7061962573103984, 0.0005458827600025541], 2, -1.0, [-0.7033483646448977, 0.0028478926655006232]
[-0.7033483646448977, 0.0028478926655006232], 2, -1.0, [-0.6982167432101689, 0.005131621434728803]
[-0.6982167432101689, 0.005131621434728803], 2, -1.0, [-0.6908345694494555, 0.00738217376071339]
[-0.6908345694494555, 0.00738217376071339], 2, -1.0, [-0.6812500876703544, 0.009584481779101123]
[-0.6812500876703544, 0.009584481779101123], 2, -1.0, [-0.6695268110374475, 0.01172327663290693]
[-0.6695268110374475, 0.01172327663290693], 2, -1.0, [-0.6557437004358116, 0.013783110601635819]
[-0.6557437004358116, 0.013783110601635819], 2, -1.0, [-0.6399952596236237, 0.01574844081218793]
[-0.6399952596236237, 0.01574844081218793], 2, -1.0, [-0.6223914780906941, 0.01760378153292964]
[-0.6223914780906941, 0.01760378153292964], 2, -1.0, [-0.6030575511832416, 0.019333926907452517]
[-0.6030575511832416, 0.019333926907452517], 1, -1.0, [-0.5831333113300168, 0.019924239853224793]
[-0.5831333113300168, 0.019924239853224793], 0, -1.0, [-0.5637649325591105, 0.01936837877090627]
[-0.5637649325591105, 0.01936837877090627], 0, -1.0, [-0.5450960360917227, 0.018668896467387744]
[-0.5450960360917227, 0.018668896467387744], 0, -1.0, [-0.5272660219113796, 0.01783001418034318]
[-0.5272660219113796, 0.01783001418034318], 0, -1.0, [-0.5104085039385313, 0.016857517972848252]
[-0.5104085039385313, 0.016857517972848252], 0, -1.0, [-0.4946498871876789, 0.015758616750852432]
[-0.4946498871876789, 0.015758616750852432], 0, -1.0, [-0.4801081142747467, 0.014541772912932209]
[-0.4801081142747467, 0.014541772912932209], 0, -1.0, [-0.4668915966855216, 0.013216517589225107]
[-0.4668915966855216, 0.013216517589225107], 0, -1.0, [-0.4550983344277343, 0.011793262257787334]
[-0.4550983344277343, 0.011793262257787334], 0, -1.0, [-0.44481521707143284, 0.010283117356301445]
[-0.44481521707143284, 0.010283117356301445], 0, -1.0, [-0.43611749052536913, 0.008697726546063711]
[-0.43611749052536913, 0.008697726546063711], 0, -1.0, [-0.4290683677268943, 0.0070491227984748675]
[-0.4290683677268943, 0.0070491227984748675], 0, -1.0, [-0.42371875798859, 0.005349609738304298]
[-0.42371875798859, 0.005349609738304298], 0, -1.0, [-0.42010708904243116, 0.0036116689461588407]
[-0.42010708904243116, 0.0036116689461588407], 0, -1.0, [-0.4182591976394536, 0.0018478914029775645]
[-0.4182591976394536, 0.0018478914029775645], 0, -1.0, [-0.41818826853341173, 7.092910604181765e-05]
[-0.41818826853341173, 7.092910604181765e-05], 0, -1.0, [-0.41989480733207835, -0.0017065387986666238]
[-0.41989480733207835, -0.0017065387986666238], 0, -1.0, [-0.42336663951053155, -0.003471832178453205]
[-0.42336663951053155, -0.003471832178453205], 0, -1.0, [-0.42857893528691343, -0.005212295776381883]
[-0.42857893528691343, -0.005212295776381883], 0, -1.0, [-0.4354942674901835, -0.006915332203270048]
[-0.4354942674901835, -0.006915332203270048], 0, -1.0, [-0.44406271642836037, -0.008568448938176872]
[-0.44406271642836037, -0.008568448938176872], 0, -1.0, [-0.454222041533011, -0.010159325104650644]
[-0.454222041533011, -0.010159325104650644], 0, -1.0, [-0.465897943678792, -0.011675902145781042]
[-0.465897943678792, -0.011675902145781042], 0, -1.0, [-0.4790044440807995, -0.013106500402007483]
[-0.4790044440807995, -0.013106500402007483], 0, -1.0, [-0.49344440518109706, -0.014439961100297547]
[-0.49344440518109706, -0.014439961100297547], 0, -1.0, [-0.5091102157225447, -0.015665810541447625]
[-0.5091102157225447, -0.015665810541447625], 0, -1.0, [-0.5258846562503756, -0.01677444052783091]
[-0.5258846562503756, -0.01677444052783091], 0, -1.0, [-0.543641952807689, -0.01775729655731338]
[-0.543641952807689, -0.01775729655731338], 0, -1.0, [-0.5622490161037094, -0.018607063296020354]
[-0.5622490161037094, -0.018607063296020354], 0, -1.0, [-0.5815668517042577, -0.019317835600548287]
[-0.5815668517042577, -0.019317835600548287], 0, -1.0, [-0.60145211481024, -0.019885263105982293]
[-0.60145211481024, -0.019885263105982293], 0, -1.0, [-0.6217587720634965, -0.020306657253256533]
[-0.6217587720634965, -0.020306657253256533], 0, -1.0, [-0.6423398236578127, -0.02058105159431626]
[-0.6423398236578127, -0.02058105159431626], 0, -1.0, [-0.663049032797673, -0.020709209139860293]
[-0.663049032797673, -0.020709209139860293], 0, -1.0, [-0.6837426069200742, -0.020693574122401172]
[-0.6837426069200742, -0.020693574122401172], 0, -1.0, [-0.7042807763787318, -0.020538169458657645]
[-0.7042807763787318, -0.020538169458657645], 0, -1.0, [-0.7245292213666883, -0.020248444987956533]
[-0.7245292213666883, -0.020248444987956533], 0, -1.0, [-0.7443603062027149, -0.019831084836026563]
[-0.7443603062027149, -0.019831084836026563], 1, -1.0, [-0.7626540908883663, -0.018293784685651474]
[-0.7626540908883663, -0.018293784685651474], 1, -1.0, [-0.779304747152392, -0.016650656264025607]
[-0.779304747152392, -0.016650656264025607], 2, -1.0, [-0.7932202452402057, -0.013915498087813827]
[-0.7932202452402057, -0.013915498087813827], 2, -1.0, [-0.8043269840298599, -0.011106738789654232]
[-0.8043269840298599, -0.011106738789654232], 2, -1.0, [-0.8125684740743966, -0.008241490044536713]
[-0.8125684740743966, -0.008241490044536713], 2, -1.0, [-0.8179041336394386, -0.0053356595650419876]
[-0.8179041336394386, -0.0053356595650419876], 2, -1.0, [-0.8203083092563609, -0.0024041756169223337]
[-0.8203083092563609, -0.0024041756169223337], 2, -1.0, [-0.8197696031630315, 0.0005387060933294027]
[-0.8197696031630315, 0.0005387060933294027], 2, -1.0, [-0.8162905605025172, 0.003479042660514202]
[-0.8162905605025172, 0.003479042660514202], 2, -1.0, [-0.8098877399365003, 0.006402820566016912]
[-0.8098877399365003, 0.006402820566016912], 2, -1.0, [-0.8005921623827538, 0.009295577553746586]
[-0.8005921623827538, 0.009295577553746586], 2, -1.0, [-0.7884501035715149, 0.012142058811238901]
[-0.7884501035715149, 0.012142058811238901], 2, -1.0, [-0.7735241667710901, 0.014925936800424769]
[-0.7735241667710901, 0.014925936800424769], 2, -1.0, [-0.7558945425416527, 0.017629624229437438]
[-0.7558945425416527, 0.017629624229437438], 2, -1.0, [-0.7356603336958052, 0.020234208845847486]
[-0.7356603336958052, 0.020234208845847486], 2, -1.0, [-0.7129407977358907, 0.022719535959914446]
[-0.7129407977358907, 0.022719535959914446], 2, -1.0, [-0.6878763389212597, 0.025064458814631076]
[-0.6878763389212597, 0.025064458814631076], 2, -1.0, [-0.6606290716764149, 0.027247267244844664]
[-0.6606290716764149, 0.027247267244844664], 2, -1.0, [-0.6313827805142674, 0.029246291162147532]
[-0.6313827805142674, 0.029246291162147532], 2, -1.0, [-0.6003421227557587, 0.031040657758508748]
[-0.6003421227557587, 0.031040657758508748], 2, -1.0, [-0.5677309612443696, 0.03261116151138911]
[-0.5677309612443696, 0.03261116151138911], 2, -1.0, [-0.5337897744764672, 0.03394118676790235]
[-0.5337897744764672, 0.03394118676790235], 2, -1.0, [-0.498772167123434, 0.03501760735303329]
[-0.498772167123434, 0.03501760735303329], 2, -1.0, [-0.4629405872326226, 0.03583157989081135]
[-0.4629405872326226, 0.03583157989081135], 2, -1.0, [-0.4265614370582373, 0.03637915017438532]
[-0.4265614370582373, 0.03637915017438532], 2, -1.0, [-0.3898998309594558, 0.036661606098781475]
[-0.3898998309594558, 0.036661606098781475], 2, -1.0, [-0.3532142957576736, 0.03668553520178222]
[-0.3532142957576736, 0.03668553520178222], 0, -1.0, [-0.31875171950570713, 0.034462576251966484]
[-0.31875171950570713, 0.034462576251966484], 0, -1.0, [-0.2867306025037374, 0.032021117001969746]
[-0.2867306025037374, 0.032021117001969746], 0, -1.0, [-0.25734021574243626, 0.02939038676130115]
[-0.25734021574243626, 0.02939038676130115], 0, -1.0, [-0.23074108538415714, 0.02659913035827913]
[-0.23074108538415714, 0.02659913035827913], 0, -1.0, [-0.20706652733806175, 0.0236745580460954]
[-0.20706652733806175, 0.0236745580460954], 0, -1.0, [-0.18642492147175946, 0.020641605866302287]
[-0.18642492147175946, 0.020641605866302287], 0, -1.0, [-0.1689024159137035, 0.017522505558055953]
[-0.1689024159137035, 0.017522505558055953], 0, -1.0, [-0.1545657784062347, 0.01433663750746879]
[-0.1545657784062347, 0.01433663750746879], 0, -1.0, [-0.1434651532778994, 0.01110062512833528]
[-0.1434651532778994, 0.01110062512833528], 0, -1.0, [-0.13563653020692687, 0.007828623070972542]
[-0.13563653020692687, 0.007828623070972542], 0, -1.0, [-0.13110377790426483, 0.004532752302662023]
[-0.13110377790426483, 0.004532752302662023], 0, -1.0, [-0.12988013825326386, 0.0012236396510009635]
[-0.12988013825326386, 0.0012236396510009635], 0, -1.0, [-0.13196911287776505, -0.002088974624501184]
[-0.13196911287776505, -0.002088974624501184], 0, -1.0, [-0.13736470508511697, -0.005395592207351918]
[-0.13736470508511697, -0.005395592207351918], 0, -1.0, [-0.14605100748901698, -0.008686302403899993]
[-0.14605100748901698, -0.008686302403899993], 0, -1.0, [-0.1580011519434021, -0.011950144454385128]
[-0.1580011519434021, -0.011950144454385128], 0, -1.0, [-0.1731756664926185, -0.01517451454921638]
[-0.1731756664926185, -0.01517451454921638], 0, -1.0, [-0.19152031630972277, -0.018344649817104278]
[-0.19152031630972277, -0.018344649817104278], 0, -1.0, [-0.212963543608768, -0.02144322729904524]
[-0.212963543608768, -0.02144322729904524], 0, -1.0, [-0.23741366534379366, -0.02445012173502564]
[-0.23741366534379366, -0.02445012173502564], 0, -1.0, [-0.2647560351189427, -0.027342369775149027]
[-0.2647560351189427, -0.027342369775149027], 0, -1.0, [-0.294850422522547, -0.030094387403604327]
[-0.294850422522547, -0.030094387403604327], 0, -1.0, [-0.3275289017223302, -0.03267847919978317]
[-0.3275289017223302, -0.03267847919978317], 0, -1.0, [-0.3625945620065944, -0.03506566028426424]
[-0.3625945620065944, -0.03506566028426424], 0, -1.0, [-0.39982134547340287, -0.03722678346680845]
[-0.39982134547340287, -0.03722678346680845], 0, -1.0, [-0.4389552720437435, -0.03913392657034067]
[-0.4389552720437435, -0.03913392657034067], 0, -1.0, [-0.4797172245115734, -0.040761952467829904]
[-0.4797172245115734, -0.040761952467829904], 0, -1.0, [-0.5218073388345609, -0.04209011432298751]
[-0.5218073388345609, -0.04209011432298751], 0, -1.0, [-0.5649108888685984, -0.04310355003403758]
[-0.5649108888685984, -0.04310355003403758], 0, -1.0, [-0.6087053906478883, -0.0437945017792899]
[-0.6087053906478883, -0.0437945017792899], 0, -1.0, [-0.6528685051818347, -0.044163114533946404]
[-0.6528685051818347, -0.044163114533946404], 0, -1.0, [-0.6970862167078185, -0.044217711525983805]
[-0.6970862167078185, -0.044217711525983805], 0, -1.0, [-0.741060724989355, -0.04397450828153658]
[-0.741060724989355, -0.04397450828153658], 0, -1.0, [-0.7845175232294698, -0.043456798240114766]
[-0.7845175232294698, -0.043456798240114766], 0, -1.0, [-0.8272112309802212, -0.042693707750751465]
[-0.8272112309802212, -0.042693707750751465], 0, -1.0, [-0.8689298952490984, -0.0417186642688772]
[-0.8689298952490984, -0.0417186642688772], 0, -1.0, [-0.9094976368488367, -0.04056774159973831]
[-0.9094976368488367, -0.04056774159973831], 0, -1.0, [-0.9487756763678941, -0.039278039519057416]
[-0.9487756763678941, -0.039278039519057416], 0, -1.0, [-0.9866619036845905, -0.03788622731669642]
[-0.9866619036845905, -0.03788622731669642], 2, -1.0, [-1.0210892441702788, -0.03442734048568833]
[-1.0210892441702788, -0.03442734048568833], 2, -1.0, [-1.0520242492279621, -0.03093500505768326]
[-1.0520242492279621, -0.03093500505768326], 2, -1.0, [-1.079459516372472, -0.02743526714451005]
[-1.079459516372472, -0.02743526714451005], 2, -1.0, [-1.1034064837661526, -0.023946967393680556]
[-1.1034064837661526, -0.023946967393680556], 2, -1.0, [-1.1238889107618955, -0.02048242699574278]
[-1.1238889107618955, -0.02048242699574278], 2, -1.0, [-1.1409372139974978, -0.017048303235602327]
[-1.1409372139974978, -0.017048303235602327], 2, -1.0, [-1.1545837226080207, -0.013646508610522816]
[-1.1545837226080207, -0.013646508610522816], 2, -1.0, [-1.1648588456913416, -0.010275123083320934]
[-1.1648588456913416, -0.010275123083320934], 2, -1.0, [-1.171788105361204, -0.006929259669862482]
[-1.171788105361204, -0.006929259669862482], 2, -1.0, [-1.1753899729658084, -0.0036018676046044476]
[-1.1753899729658084, -0.0036018676046044476], 2, -1.0, [-1.1756744477910803, -0.0002844748252719088]
[-1.1756744477910803, -0.0002844748252719088], 2, -1.0, [-1.172642331123259, 0.0030321166678212884]
[-1.172642331123259, 0.0030321166678212884], 2, -1.0, [-1.1662851693012264, 0.006357161822032684]
[-1.1662851693012264, 0.006357161822032684], 2, -1.0, [-1.1565858636228932, 0.00969930567833329]
[-1.1565858636228932, 0.00969930567833329], 2, -1.0, [-1.1435199694705624, 0.013065894152330644]
[-1.1435199694705624, 0.013065894152330644], 2, -1.0, [-1.1270577286176608, 0.016462240852901523]
[-1.1270577286176608, 0.016462240852901523], 2, -1.0, [-1.1071668937698171, 0.019890834847843635]
[-1.1071668937698171, 0.019890834847843635], 2, -1.0, [-1.0838164085360107, 0.023350485233806378]
[-1.0838164085360107, 0.023350485233806378], 2, -1.0, [-1.0569809937196715, 0.026835414816339245]
[-1.0569809937196715, 0.026835414816339245], 2, -1.0, [-1.0266466556281948, 0.030334338091476693]
[-1.0266466556281948, 0.030334338091476693], 2, -1.0, [-0.9928170673491302, 0.03382958827906458]
[-0.9928170673491302, 0.03382958827906458], 2, -1.0, [-0.9555206742639576, 0.03729639308517258]
[-0.9555206742639576, 0.03729639308517258], 2, -1.0, [-0.9148182389800915, 0.04070243528386606]
[-0.9148182389800915, 0.04070243528386606], 2, -1.0, [-0.8708103742960834, 0.0440078646840081]
[-0.8708103742960834, 0.0440078646840081], 2, -1.0, [-0.8236444330086726, 0.047165941287410855]
[-0.8236444330086726, 0.047165941287410855], 2, -1.0, [-0.7735199616073035, 0.05012447140136912]
[-0.7735199616073035, 0.05012447140136912], 2, -1.0, [-0.7206918258584051, 0.05282813574889846]
[-0.7206918258584051, 0.05282813574889846], 2, -1.0, [-0.6654701314448199, 0.05522169441358514]
[-0.6654701314448199, 0.05522169441358514], 2, -1.0, [-0.6082162366730279, 0.057253894771791936]
[-0.6082162366730279, 0.057253894771791936], 2, -1.0, [-0.549334505060886, 0.058881731612141996]
[-0.549334505060886, 0.058881731612141996], 2, -1.0, [-0.4892599471823723, 0.06007455787851369]
[-0.4892599471823723, 0.06007455787851369], 2, -1.0, [-0.42844247523705914, 0.060817471945313194]
[-0.42844247523705914, 0.060817471945313194], 2, -1.0, [-0.3673290218086433, 0.06111345342841583]
[-0.3673290218086433, 0.06111345342841583], 0, -1.0, [-0.3083451292296342, 0.05898389257900911]
[-0.3083451292296342, 0.05898389257900911], 2, -1.0, [-0.2498657524772805, 0.0584793767523537]
[-0.2498657524772805, 0.0584793767523537], 2, -1.0, [-0.19221628406110336, 0.05764946841617714]
[-0.19221628406110336, 0.05764946841617714], 2, -1.0, [-0.13566255179213502, 0.05655373226896834]
[-0.13566255179213502, 0.05655373226896834], 2, -1.0, [-0.080404613044646, 0.05525793874748902]
[-0.080404613044646, 0.05525793874748902], 2, -1.0, [-0.02657429611362059, 0.053830316931025406]
[-0.02657429611362059, 0.053830316931025406], 0, -1.0, [0.023763961284096975, 0.050338257397717565]
[0.023763961284096975, 0.050338257397717565], 0, -1.0, [0.0706085691573016, 0.04684460787320463]
[0.0706085691573016, 0.04684460787320463], 0, -1.0, [0.11400905528513332, 0.04340048612783172]
[0.11400905528513332, 0.04340048612783172], 1, -1.0, [0.15505434967479767, 0.04104529438966435]
[0.15505434967479767, 0.04104529438966435], 1, -1.0, [0.19386527296739792, 0.03881092329260026]
[0.19386527296739792, 0.03881092329260026], 1, -1.0, [0.23058722866438405, 0.03672195569698614]
[0.23058722866438405, 0.03672195569698614], 1, -1.0, [0.26538387576101036, 0.034796647096626304]
[0.26538387576101036, 0.034796647096626304], 0, -1.0, [0.29743186736502597, 0.032047991604015606]
[0.29743186736502597, 0.032047991604015606], 0, -1.0, [0.32691079266360346, 0.029478925298577492]
[0.32691079266360346, 0.029478925298577492], 0, -1.0, [0.35399868256358635, 0.027087889899982898]
[0.35399868256358635, 0.027087889899982898], 0, -1.0, [0.3788687478486007, 0.02487006528501435]
[0.3788687478486007, 0.02487006528501435], 0, -1.0, [0.4016871236986312, 0.02281837585003051]
[0.4016871236986312, 0.02281837585003051], 2, -1.0, [0.4246114102046814, 0.022924286506050242]
[0.4246114102046814, 0.022924286506050242], 0, -1.0, [0.44580415514298094, 0.021192744938299538]
[0.44580415514298094, 0.021192744938299538], 2, -1.0, [0.4674187226709912, 0.02161456752801025]
[0.4674187226709912, 0.02161456752801025], 0, -1.0, [0.4876139317689112, 0.02019520909792]
[0.4876139317689112, 0.02019520909792], 0, -1.0, [0.5065397784500775, 0.018925846681166307]
