[-0.4342469266370943, 0.0], 0, -1.0, [-0.4359090689528563, -0.001662142315762016]
[-0.4359090689528563, -0.001662142315762016], 0, -1.0, [-0.4392213245266188, -0.003312255573762469]
[-0.4392213245266188, -0.003312255573762469], 0, -1.0, [-0.4441596743916634, -0.004938349865044628]
[-0.4441596743916634, -0.004938349865044628], 0, -1.0, [-0.45068819381616004, -0.0065285194244966835]
[-0.45068819381616004, -0.0065285194244966835], 0, -1.0, [-0.4587591926442149, -0.008070998828054857]
[-0.4587591926442149, -0.008070998828054857], 0, -1.0, [-0.4683134274278574, -0.00955423478364253]
[-0.4683134274278574, -0.00955423478364253], 0, -1.0, [-0.4792804039333081, -0.010966976505450676]
[-0.4792804039333081, -0.010966976505450676], 0, -1.0, [-0.4915787898181278, -0.01229838588481967]
[-0.4915787898181278, -0.01229838588481967], 0, -1.0, [-0.5051169564355217, -0.01353816661739392]
[-0.5051169564355217, -0.01353816661739392], 0, -1.0, [-0.5197936656865704, -0.01467670925104873]
[-0.5197936656865704, -0.01467670925104873], 0, -1.0, [-0.5354989126421574, -0.015705246955587067]
[-0.5354989126421574, -0.015705246955587067], 0, -1.0, [-0.5521149275274012, -0.01661601488524374]
[-0.5521149275274012, -0.01661601488524374], 0, -1.0, [-0.5695173320484208, -0.017402404521019633]
[-0.5695173320484208, -0.017402404521019633], 0, -1.0, [-0.5875764355870422, -0.018059103538621432]
[-0.5875764355870422, -0.018059103538621432], 0, -1.0, [-0.6061586472869624, -0.018582211699920196]
[-0.6061586472869624, -0.018582211699920196], 0, -1.0, [-0.6251279713732524, -0.018969324086289915]
[-0.6251279713732524, -0.018969324086289915], 0, -1.0, [-0.6443475460317686, -0.019219574658516248]
[-0.6443475460317686, -0.019219574658516248], 0, -1.0, [-0.6636811815444207, -0.01933363551265208]
[-0.6636811815444207, -0.01933363551265208], 0, -1.0, [-0.6829948516258957, -0.01931367008147495]
[-0.6829948516258957, -0.01931367008147495], 0, -1.0, [-0.7021580932422957, -0.01916324161640003]
[-0.7021580932422957, -0.01916324161640003], 0, -1.0, [-0.7210452744990534, -0.018887181256757715]
[-0.7210452744990534, -0.018887181256757715], 0, -1.0, [-0.7395366970518895, -0.018491422552836086]
[-0.7395366970518895, -0.018491422552836086], 0, -1.0, [-0.7575195082695545, -0.017982811217665023]
[-0.7575195082695545, -0.017982811217665023], 0, -1.0, [-0.7748884082630555, -0.01736889999350104]
[-0.7748884082630555, -0.01736889999350104], 2, -1.0, [-0.7895461470539226, -0.01465773879086702]
[-0.7895461470539226, -0.01465773879086702], 2, -1.0, [-0.8014142583235531, -0.011868111269630447]
[-0.8014142583235531, -0.011868111269630447], 2, -1.0, [-0.8104317373225194, -0.00901747899896634]
[-0.8104317373225194, -0.00901747899896634], 2, -1.0, [-0.8165537964216047, -0.0061220590990854066]
[-0.8165537964216047, -0.0061220590990854066], 2, -1.0, [-0.819750817380889, -0.003197020959284211]
[-0.819750817380889, -0.003197020959284211], 2, -1.0, [-0.8200075906188103, -0.0002567732379213858]
[-0.8200075906188103, -0.0002567732379213858], 2, -1.0, [-0.8173229022809843, 0.002684688337826107]
[-0.8173229022809843, 0.002684688337826107], 2, -1.0, [-0.8117095006123174, 0.005613401668666895]
[-0.8117095006123174, 0.005613401668666895], 2, -1.0, [-0.8031944441539378, 0.008515056458379612]
[-0.8031944441539378, 0.008515056458379612], 2, -1.0, [-0.791819805336241, 0.011374638817696852]
[-0.791819805336241, 0.011374638817696852], 2, -1.0, [-0.7776436738049389, 0.014176131531302054]
[-0.7776436738049389, 0.014176131531302054], 2, -1.0, [-0.7607413743291667, 0.01690229947577231]
[-0.7607413743291667, 0.01690229947577231], 2, -1.0, [-0.7412067851222991, 0.019534589206867573]
[-0.7412067851222991, 0.019534589206867573], 2, -1.0, [-0.7191536155331318, 0.022053169589167216]
[-0.7191536155331318, 0.022053169589167216], 2, -1.0, [-0.6947164800764677, 0.024437135456664132]
[-0.6947164800764677, 0.024437135456664132], 2, -1.0, [-0.6680515923489122, 0.02666488772755548]
[-0.6680515923489122, 0.02666488772755548], 2, -1.0, [-0.6393369017164529, 0.02871469063245934]
[-0.6393369017164529, 0.02871469063245934], 2, -1.0, [-0.6087715117252727, 0.030565389991180237]
[-0.6087715117252727, 0.030565389991180237], 2, -1.0, [-0.5765742546691607, 0.03219725705611196]
[-0.5765742546691607, 0.03219725705611196], 2, -1.0, [-0.5429813519517147, 0.03359290271744601]
[-0.5429813519517147, 0.03359290271744601], 2, -1.0, [-0.508243161817221, 0.03473819013449371]
[-0.508243161817221, 0.03473819013449371], 2, -1.0, [-0.47262009805668825, 0.035623063760532724]
[-0.47262009805668825, 0.035623063760532724], 2, -1.0, [-0.4363778856670222, 0.03624221238966607]
[-0.4363778856670222, 0.03624221238966607], 2, -1.0, [-0.39978239073543553, 0.03659549493158663]
[-0.39978239073543553, 0.03659549493158663], 2, -1.0, [-0.36309431114944396, 0.03668807958599157]
[-0.36309431114944396, 0.03668807958599157], 2, -1.0, [-0.32656403410951135, 0.03653027703993259]
[-0.32656403410951135, 0.03653027703993259], 0, -1.0, [-0.29242695264099267, 0.03413708146851867]
[-0.29242695264099267, 0.03413708146851867], 0, -1.0, [-0.26088798250915035, 0.03153897013184229]
[-0.26088798250915035, 0.03153897013184229], 0, -1.0, [-0.2321216061728567, 0.028766376336293652]
[-0.2321216061728567, 0.028766376336293652], 0, -1.0, [-0.20627317727860917, 0.025848428894247533]
[-0.20627317727860917, 0.025848428894247533], 0, -1.0, [-0.18346115784171338, 0.022812019436895797]
[-0.18346115784171338, 0.022812019436895797], 0, -1.0, [-0.16377994846148633, 0.019681209380227046]
[-0.16377994846148633, 0.019681209380227046], 0, -1.0, [-0.14730299283350726, 0.01647695562797908]
[-0.14730299283350726, 0.01647695562797908], 0, -1.0, [-0.13408587947024186, 0.013217113363265406]
[-0.13408587947024186, 0.013217113363265406], 0, -1.0, [-0.12416921481110403, 0.00991666465913783]
[-0.12416921481110403, 0.00991666465913783], 0, -1.0, [-0.11758109418262869, 0.006588120628475346]
[-0.11758109418262869, 0.006588120628475346], 0, -1.0, [-0.11433904483862159, 0.003242049344007094]
[-0.11433904483862159, 0.003242049344007094], 0, -1.0, [-0.11445135599623084, -0.00011231115760925196]
[-0.11445135599623084, -0.00011231115760925196], 0, -1.0, [-0.11791774421974656, -0.003466388223515722]
[-0.11791774421974656, -0.003466388223515722], 0, -1.0, [-0.12472933025393768, -0.006811586034191112]
[-0.12472933025393768, -0.006811586034191112], 1, -1.0, [-0.13386792811759796, -0.009138597863660287]
[-0.13386792811759796, -0.009138597863660287], 0, -1.0, [-0.14630761414797105, -0.012439686030373107]
[-0.14630761414797105, -0.012439686030373107], 0, -1.0, [-0.162010325033762, -0.015702710885790956]
[-0.162010325033762, -0.015702710885790956], 0, -1.0, [-0.18092352049409882, -0.018913195460336808]
[-0.18092352049409882, -0.018913195460336808], 0, -1.0, [-0.20297741831924196, -0.022053897825143134]
[-0.20297741831924196, -0.022053897825143134], 0, -1.0, [-0.22808196421160448, -0.02510454589236253]
[-0.22808196421160448, -0.02510454589236253], 0, -1.0, [-0.2561237499295344, -0.028041785717929937]
[-0.2561237499295344, -0.028041785717929937], 0, -1.0, [-0.2869631445156654, -0.030839394586131]
[-0.2869631445156654, -0.030839394586131], 0, -1.0, [-0.3204319470007592, -0.0334688024850938]
[-0.3204319470007592, -0.0334688024850938], 0, -1.0, [-0.3563318943928985, -0.035899947392139274]
[-0.3563318943928985, -0.035899947392139274], 0, -1.0, [-0.3944343542199461, -0.03810245982704766]
[-0.3944343542199461, -0.03810245982704766], 0, -1.0, [-0.434481485847844, -0.04004713162789792]
[-0.434481485847844, -0.04004713162789792], 0, -1.0, [-0.4761890632584595, -0.041707577410615475]
[-0.4761890632584595, -0.041707577410615475], 0, -1.0, [-0.5192510159022058, -0.043061952643746265]
[-0.5192510159022058, -0.043061952643746265], 0, -1.0, [-0.5633455758190907, -0.04409455991688498]
[-0.5633455758190907, -0.04409455991688498], 0, -1.0, [-0.6081427406458687, -0.04479716482677794]
[-0.6081427406458687, -0.04479716482677794], 0, -1.0, [-0.6533126022023289, -0.04516986155646018]
[-0.6533126022023289, -0.04516986155646018], 0, -1.0, [-0.6985339782037626, -0.045221376001433694]
[-0.6985339782037626, -0.045221376001433694], 0, -1.0, [-0.7435027422477105, -0.0449687640439479]
[-0.7435027422477105, -0.0449687640439479], 0, -1.0, [-0.7879392832173361, -0.04443654096962555]
[-0.7879392832173361, -0.04443654096962555], 0, -1.0, [-0.8315946324087804, -0.04365534919144436]
[-0.8315946324087804, -0.04365534919144436], 0, -1.0, [-0.8742549540030556, -0.042660321594275234]
[-0.8742549540030556, -0.042660321594275234], 0, -1.0, [-0.9157442730213257, -0.04148931901827008]
[-0.9157442730213257, -0.04148931901827008], 0, -1.0, [-0.955925485249257, -0.04018121222793133]
[-0.955925485249257, -0.04018121222793133], 2, -1.0, [-0.9926998325245937, -0.0367743472753367]
[-0.9926998325245937, -0.0367743472753367], 2, -1.0, [-1.026007517954882, -0.03330768543028818]
[-1.026007517954882, -0.03330768543028818], 2, -1.0, [-1.055820253131232, -0.029812735176350042]
[-1.055820253131232, -0.029812735176350042], 2, -1.0, [-1.0821338247095622, -0.02631357157833035]
[-1.0821338247095622, -0.02631357157833035], 2, -1.0, [-1.104961114834012, -0.022827290124449635]
[-1.104961114834012, -0.022827290124449635], 2, -1.0, [-1.1243258481963967, -0.019364733362384763]
[-1.1243258481963967, -0.019364733362384763], 2, -1.0, [-1.1402572072153379, -0.015931359018941233]
[-1.1402572072153379, -0.015931359018941233], 2, -1.0, [-1.152785361206329, -0.012528153990991175]
[-1.152785361206329, -0.012528153990991175], 2, -1.0, [-1.1619378937943456, -0.009152532588016547]
[-1.1619378937943456, -0.009152532588016547], 2, -1.0, [-1.1677370798501856, -0.005799186055839876]
[-1.1677370798501856, -0.005799186055839876], 2, -1.0, [-1.1701979523763806, -0.0024608725261948735]
[-1.1701979523763806, -0.0024608725261948735], 2, -1.0, [-1.169327104750782, 0.0008708476255984495]
[-1.169327104750782, 0.0008708476255984495], 2, -1.0, [-1.1651221891771628, 0.004204915573619208]
[-1.1651221891771628, 0.004204915573619208], 2, -1.0, [-1.1575720937044496, 0.007550095472713152]
[-1.1575720937044496, 0.007550095472713152], 2, -1.0, [-1.1466578041249065, 0.010914289579543044]
[-1.1466578041249065, 0.010914289579543044], 2, -1.0, [-1.1323539801578715, 0.01430382396703504]
[-1.1323539801578715, 0.01430382396703504], 2, -1.0, [-1.1146312941566443, 0.01772268600122708]
[-1.1146312941566443, 0.01772268600122708], 2, -1.0, [-1.0934595911564238, 0.021171703000220466]
[-1.0934595911564238, 0.021171703000220466], 2, -1.0, [-1.0688119265181037, 0.02464766463832013]
[-1.0688119265181037, 0.02464766463832013], 2, -1.0, [-1.0406695158272183, 0.028142410690885328]
[-1.0406695158272183, 0.028142410690885328], 2, -1.0, [-1.0090275845425252, 0.03164193128469306]
[-1.0090275845425252, 0.03164193128469306], 2, -1.0, [-0.9739020260019258, 0.035125558540599414]
[-0.9739020260019258, 0.035125558540599414], 2, -1.0, [-0.9353366619722748, 0.0385653640296509]
[-0.9353366619722748, 0.0385653640296509], 2, -1.0, [-0.8934107514772192, 0.041925910495055695]
[-0.8934107514772192, 0.041925910495055695], 2, -1.0, [-0.8482462216773506, 0.04516452979986849]
[-0.8482462216773506, 0.04516452979986849], 2, -1.0, [-0.8000139221291535, 0.04823229954819722]
[-0.8000139221291535, 0.04823229954819722], 2, -1.0, [-0.7489380677645687, 0.051075854364584686]
[-0.7489380677645687, 0.051075854364584686], 2, -1.0, [-0.6952979842596615, 0.05364008350490728]
[-0.6952979842596615, 0.05364008350490728], 2, -1.0, [-0.6394263512300735, 0.05587163302958803]
[-0.6394263512300735, 0.05587163302958803], 2, -1.0, [-0.5817033880358006, 0.05772296319427296]
[-0.5817033880358006, 0.05772296319427296], 2, -1.0, [-0.5225468438063988, 0.059156544229401725]
[-0.5225468438063988, 0.059156544229401725], 2, -1.0, [-0.46239818905234104, 0.06014865475405776]
[-0.46239818905234104, 0.06014865475405776], 2, -1.0, [-0.4017059642308386, 0.06069222482150241]
[-0.4017059642308386, 0.06069222482150241], 2, -1.0, [-0.3409076967935779, 0.060798267437260696]
[-0.3409076967935779, 0.060798267437260696], 2, -1.0, [-0.28041203847263085, 0.06049565832094707]
[-0.28041203847263085, 0.06049565832094707], 2, -1.0, [-0.22058273477993126, 0.05982930369269959]
[-0.22058273477993126, 0.05982930369269959], 2, -1.0, [-0.16172572901550122, 0.058857005764430044]
[-0.16172572901550122, 0.058857005764430044], 2, -1.0, [-0.10408020407391969, 0.057645524941581545]
[-0.10408020407391969, 0.057645524941581545], 2, -1.0, [-0.047813798286910174, 0.05626640578700951]
[-0.047813798286910174, 0.05626640578700951], 2, -1.0, [0.006978282723733367, 0.05479208101064354]
[0.006978282723733367, 0.05479208101064354], 0, -1.0, [0.05827091154920394, 0.051292628825470574]
[0.05827091154920394, 0.051292628825470574], 0, -1.0, [0.10610164255952417, 0.04783073101032024]
[0.10610164255952417, 0.04783073101032024], 0, -1.0, [0.15055795540186276, 0.044456312842338586]
[0.15055795540186276, 0.044456312842338586], 0, -1.0, [0.19176497382636176, 0.041207018424499]
[0.19176497382636176, 0.041207018424499], 0, -1.0, [0.22987441255744523, 0.03810943873108347]
[0.22987441255744523, 0.03810943873108347], 0, -1.0, [0.2650551368298219, 0.03518072427237666]
[0.2650551368298219, 0.03518072427237666], 0, -1.0, [0.2974854444123657, 0.03243030758254376]
[0.2974854444123657, 0.03243030758254376], 0, -1.0, [0.3273469985385811, 0.029861554126215453]
[0.3273469985385811, 0.029861554126215453], 0, -1.0, [0.35482023679912844, 0.027473238260547324]
[0.35482023679912844, 0.027473238260547324], 0, -1.0, [0.3800810352951004, 0.025260798495971938]
[0.3800810352951004, 0.025260798495971938], 0, -1.0, [0.40329839979739723, 0.02321736450229686]
[0.40329839979739723, 0.02321736450229686], 2, -1.0, [0.4266329706686787, 0.023334570871281476]
[0.4266329706686787, 0.023334570871281476], 0, -1.0, [0.44825051140978933, 0.021617540741110594]
[0.44825051140978933, 0.021617540741110594], 2, -1.0, [0.4703077404063701, 0.022057228996580722]
[0.4703077404063701, 0.022057228996580722], 0, -1.0, [0.4909669870737153, 0.020659246667345213]
[0.4909669870737153, 0.020659246667345213], 0, -1.0, [0.510381886048393, 0.019414898974677665]
