[-0.4046130813464363, 0.0], 0, -1.0, [-0.406486643221869, -0.0018735618754326861]
[-0.406486643221869, -0.0018735618754326861], 0, -1.0, [-0.4102205872869972, -0.0037339440651281506]
[-0.4102205872869972, -0.0037339440651281506], 0, -1.0, [-0.41578856622922616, -0.005567978942229004]
[-0.41578856622922616, -0.005567978942229004], 0, -1.0, [-0.42315109811354534, -0.007362531884319154]
[-0.42315109811354534, -0.007362531884319154], 0, -1.0, [-0.43225563746702717, -0.0091045393534818]
[-0.43225563746702717, -0.0091045393534818], 0, -1.0, [-0.44303670855339744, -0.010781071086370261]
[-0.44303670855339744, -0.010781071086370261], 0, -1.0, [-0.4554161300370666, -0.012379421483669158]
[-0.4554161300370666, -0.012379421483669158], 0, -1.0, [-0.469303362874645, -0.013887232837578431]
[-0.469303362874645, -0.013887232837578431], 0, -1.0, [-0.48459601299256716, -0.01529265011792213]
[-0.48459601299256716, -0.01529265011792213], 0, -1.0, [-0.5011805168062302, -0.01658450381366305]
[-0.5011805168062302, -0.01658450381366305], 0, -1.0, [-0.5189330308365234, -0.017752514030293168]
[-0.5189330308365234, -0.017752514030293168], 0, -1.0, [-0.5377205368098852, -0.01878750597336181]
[-0.5377205368098852, -0.01878750597336181], 0, -1.0, [-0.5574021612537929, -0.019681624443907732]
[-0.5574021612537929, -0.019681624443907732], 0, -1.0, [-0.5778306946252615, -0.02042853337146858]
[-0.5778306946252615, -0.02042853337146858], 0, -1.0, [-0.5988542806231308, -0.021023585997869375]
[-0.5988542806231308, -0.021023585997869375], 0, -1.0, [-0.6203182328937662, -0.021463952270635314]
[-0.6203182328937662, -0.021463952270635314], 0, -1.0, [-0.6420669252133807, -0.02174869231961451]
[-0.6420669252133807, -0.02174869231961451], 0, -1.0, [-0.6639456936159055, -0.021878768402524815]
[-0.6639456936159055, -0.021878768402524815], 0, -1.0, [-0.6858026856857641, -0.021856992069858545]
[-0.6858026856857641, -0.021856992069858545], 0, -1.0, [-0.7074905937288962, -0.0216879080431321]
[-0.7074905937288962, -0.0216879080431321], 0, -1.0, [-0.7288682146205606, -0.02137762089166435]
[-0.7288682146205606, -0.02137762089166435], 0, -1.0, [-0.749801789148113, -0.02093357452755241]
[-0.749801789148113, -0.02093357452755241], 2, -1.0, [-0.7681660865655675, -0.018364297417454503]
[-0.7681660865655675, -0.018364297417454503], 2, -1.0, [-0.7838563248708904, -0.015690238305322953]
[-0.7838563248708904, -0.015690238305322953], 2, -1.0, [-0.7967869919386733, -0.012930667067782876]
[-0.7967869919386733, -0.012930667067782876], 2, -1.0, [-0.8068905371195095, -0.010103545180836207]
[-0.8068905371195095, -0.010103545180836207], 2, -1.0, [-0.8141160870773163, -0.007225549957806741]
[-0.8141160870773163, -0.007225549957806741], 2, -1.0, [-0.8184283151733599, -0.004312228096043602]
[-0.8184283151733599, -0.004312228096043602], 2, -1.0, [-0.8198065656855085, -0.00137825051214852]
[-0.8198065656855085, -0.00137825051214852], 2, -1.0, [-0.8182443048372341, 0.0015622608482743416]
[-0.8182443048372341, 0.0015622608482743416], 2, -1.0, [-0.8137489412343769, 0.004495363602857187]
[-0.8137489412343769, 0.004495363602857187], 2, -1.0, [-0.8063420292519641, 0.007406911982412811]
[-0.8063420292519641, 0.007406911982412811], 2, -1.0, [-0.7960598400179018, 0.010282189234062308]
[-0.7960598400179018, 0.010282189234062308], 2, -1.0, [-0.7829542555653741, 0.013105584452527652]
[-0.7829542555653741, 0.013105584452527652], 2, -1.0, [-0.7670939123344787, 0.015860343230895465]
[-0.7670939123344787, 0.015860343230895465], 2, -1.0, [-0.7485654909243666, 0.018528421410111965]
[-0.7485654909243666, 0.018528421410111965], 2, -1.0, [-0.7274750211220458, 0.02109046980232082]
[-0.7274750211220458, 0.02109046980232082], 2, -1.0, [-0.7039490470938096, 0.023525974028236175]
[-0.7039490470938096, 0.023525974028236175], 2, -1.0, [-0.6781354805647295, 0.025813566529080026]
[-0.6781354805647295, 0.025813566529080026], 2, -1.0, [-0.6502039638870452, 0.02793151667768433]
[-0.6502039638870452, 0.02793151667768433], 2, -1.0, [-0.6203455742475633, 0.02985838963948182]
[-0.6203455742475633, 0.02985838963948182], 2, -1.0, [-0.5887717281711198, 0.03157384607644349]
[-0.5887717281711198, 0.03157384607644349], 2, -1.0, [-0.5557121932621442, 0.0330595349089756]
[-0.5557121932621442, 0.0330595349089756], 2, -1.0, [-0.5214121801214504, 0.03430001314069377]
[-0.5214121801214504, 0.03430001314069377], 2, -1.0, [-0.4861285663292196, 0.03528361379223084]
[-0.4861285663292196, 0.03528361379223084], 2, -1.0, [-0.45012538763138327, 0.03600317869783631]
[-0.45012538763138327, 0.03600317869783631], 2, -1.0, [-0.41366880803525935, 0.036456579596123896]
[-0.41366880803525935, 0.036456579596123896], 2, -1.0, [-0.377021839089866, 0.03664696894539339]
[-0.377021839089866, 0.03664696894539339], 2, -1.0, [-0.34043910989223936, 0.036582729197626646]
[-0.34043910989223936, 0.036582729197626646], 2, -1.0, [-0.30416198817030715, 0.03627712172193219]
[-0.30416198817030715, 0.03627712172193219], 2, -1.0, [-0.26841431939025717, 0.03574766878004999]
[-0.26841431939025717, 0.03574766878004999], 0, -1.0, [-0.23539899081738816, 0.03301532857286902]
[-0.23539899081738816, 0.03301532857286902], 0, -1.0, [-0.2052857505637904, 0.030113240253597774]
[-0.2052857505637904, 0.030113240253597774], 0, -1.0, [-0.1782132066806349, 0.027072543883155484]
[-0.1782132066806349, 0.027072543883155484], 0, -1.0, [-0.15429179357222958, 0.023921413108405325]
[-0.15429179357222958, 0.023921413108405325], 0, -1.0, [-0.1336073111519825, 0.020684482420247098]
[-0.1336073111519825, 0.020684482420247098], 0, -1.0, [-0.11622468024911621, 0.017382630902866274]
[-0.11622468024911621, 0.017382630902866274], 0, -1.0, [-0.10219161573486815, 0.014033064514248062]
[-0.10219161573486815, 0.014033064514248062], 0, -1.0, [-0.09154198335576297, 0.010649632379105184]
[-0.09154198335576297, 0.010649632379105184], 0, -1.0, [-0.08429866773268603, 0.0072433156230769374]
[-0.08429866773268603, 0.0072433156230769374], 0, -1.0, [-0.08047583180211834, 0.003822835930567687]
[-0.08047583180211834, 0.003822835930567687], 0, -1.0, [-0.08008049003627939, 0.00039534176583896127]
[-0.08008049003627939, 0.00039534176583896127], 0, -1.0, [-0.08311334964157846, -0.0030328596052990797]
[-0.08311334964157846, -0.0030328596052990797], 0, -1.0, [-0.08956889795990228, -0.006455548318323817]
[-0.08956889795990228, -0.006455548318323817], 0, -1.0, [-0.09943473391734649, -0.009865835957444209]
[-0.09943473391734649, -0.009865835957444209], 0, -1.0, [-0.11269016051951251, -0.013255426602166021]
[-0.11269016051951251, -0.013255426602166021], 0, -1.0, [-0.12930407807084493, -0.016613917551332413]
[-0.12930407807084493, -0.016613917551332413], 0, -1.0, [-0.14923224759196793, -0.01992816952112299]
[-0.14923224759196793, -0.01992816952112299], 0, -1.0, [-0.17241403348944956, -0.02318178589748162]
[-0.17241403348944956, -0.02318178589748162], 0, -1.0, [-0.19876878494473477, -0.026354751455285222]
[-0.19876878494473477, -0.026354751455285222], 0, -1.0, [-0.2281920753227278, -0.02942329037799304]
[-0.2281920753227278, -0.02942329037799304], 0, -1.0, [-0.2605520834205709, -0.032360008097843104]
[-0.2605520834205709, -0.032360008097843104], 0, -1.0, [-0.29568646091028, -0.03513437748970909]
[-0.29568646091028, -0.03513437748970909], 0, -1.0, [-0.3334000743313573, -0.03771361342107735]
[-0.3334000743313573, -0.03771361342107735], 0, -1.0, [-0.3734640222854324, -0.04006394795407511]
[-0.3734640222854324, -0.04006394795407511], 0, -1.0, [-0.4156162940226307, -0.04215227173719827]
[-0.4156162940226307, -0.04215227173719827], 0, -1.0, [-0.4595643436458175, -0.04394804962318682]
[-0.4595643436458175, -0.04394804962318682], 0, -1.0, [-0.504989703071883, -0.045425359426065466]
[-0.504989703071883, -0.045425359426065466], 0, -1.0, [-0.5515545580550795, -0.046564854983196555]
[-0.5515545580550795, -0.046564854983196555], 0, -1.0, [-0.5989099903752735, -0.047355432320193964]
[-0.5989099903752735, -0.047355432320193964], 0, -1.0, [-0.6467053817560888, -0.0477953913808154]
[-0.6467053817560888, -0.0477953913808154], 0, -1.0, [-0.694598320145588, -0.0478929383894992]
[-0.694598320145588, -0.0478929383894992], 0, -1.0, [-0.7422642783120698, -0.04766595816648181]
[-0.7422642783120698, -0.04766595816648181], 0, -1.0, [-0.7894053634299035, -0.04714108511783378]
[-0.7894053634299035, -0.04714108511783378], 0, -1.0, [-0.8357575584555663, -0.046352195025662776]
[-0.8357575584555663, -0.046352195025662776], 0, -1.0, [-0.881096066271416, -0.045338507815849735]
[-0.881096066271416, -0.045338507815849735], 0, -1.0, [-0.9252385886179804, -0.0441425223465643]
[-0.9252385886179804, -0.0441425223465643], 0, -1.0, [-0.9680465849705264, -0.042807996352546084]
[-0.9680465849705264, -0.042807996352546084], 0, -1.0, [-1.0094247306331072, -0.04137814566258076]
[-1.0094247306331072, -0.04137814566258076], 0, -1.0, [-1.0493189104688658, -0.03989417983575862]
[-1.0493189104688658, -0.03989417983575862], 0, -1.0, [-1.0877131409313117, -0.03839423046244582]
[-1.0877131409313117, -0.03839423046244582], 0, -1.0, [-1.1246258156909388, -0.03691267475962704]
[-1.1246258156909388, -0.03691267475962704], 0, -1.0, [-1.1601056330193322, -0.03547981732839353]
[-1.1601056330193322, -0.03547981732839353], 0, -1.0, [-1.1942275019829953, -0.03412186896366319]
[-1.1942275019829953, -0.03412186896366319], 0, -1.0, [-1.2, 0.0]
[-1.2, 0.0], 2, -1.0, [-1.1967581039591646, 0.003241896040835368]
[-1.1967581039591646, 0.003241896040835368], 2, -1.0, [-1.1902636585360942, 0.006494445423070332]
[-1.1902636585360942, 0.006494445423070332], 2, -1.0, [-1.1804959639787937, 0.009767694557300442]
[-1.1804959639787937, 0.009767694557300442], 2, -1.0, [-1.1674255149588486, 0.013070449019945182]
[-1.1674255149588486, 0.013070449019945182], 2, -1.0, [-1.1510159267200155, 0.016409588238833067]
[-1.1510159267200155, 0.016409588238833067], 2, -1.0, [-1.1312266168239755, 0.019789309896040046]
[-1.1312266168239755, 0.019789309896040046], 2, -1.0, [-1.108016322100852, 0.02321029472312345]
[-1.108016322100852, 0.02321029472312345], 2, -1.0, [-1.081347524946184, 0.02666879715466819]
[-1.081347524946184, 0.02666879715466819], 2, -1.0, [-1.0511918363028878, 0.03015568864329602]
[-1.0511918363028878, 0.03015568864329602], 2, -1.0, [-1.0175363271434712, 0.0336555091594167]
[-1.0175363271434712, 0.0336555091594167], 2, -1.0, [-0.9803907090723114, 0.03714561807115983]
[-0.9803907090723114, 0.03714561807115983], 2, -1.0, [-0.9397951336374217, 0.04059557543488971]
[-0.9397951336374217, 0.04059557543488971], 2, -1.0, [-0.8958282112564235, 0.043966922380998245]
[-0.8958282112564235, 0.043966922380998245], 2, -1.0, [-0.8486146572192776, 0.04721355403714586]
[-0.8486146572192776, 0.04721355403714586], 2, -1.0, [-0.7983317816221248, 0.05028287559715283]
[-0.7983317816221248, 0.05028287559715283], 2, -1.0, [-0.7452138959379592, 0.0531178856841656]
[-0.7452138959379592, 0.0531178856841656], 2, -1.0, [-0.6895536666604415, 0.0556602292775177]
[-0.6895536666604415, 0.0556602292775177], 2, -1.0, [-0.6316995610792892, 0.057854105581152386]
[-0.6316995610792892, 0.057854105581152386], 2, -1.0, [-0.5720488365336812, 0.05965072454560789]
[-0.5720488365336812, 0.05965072454560789], 2, -1.0, [-0.5110360146660762, 0.061012821867605024]
[-0.5110360146660762, 0.061012821867605024], 2, -1.0, [-0.44911739120176025, 0.061918623464315904]
[-0.44911739120176025, 0.061918623464315904], 2, -1.0, [-0.38675274139346727, 0.06236464980829299]
[-0.38675274139346727, 0.06236464980829299], 0, -1.0, [-0.3263858485235833, 0.06036689286988392]
[-0.3263858485235833, 0.06036689286988392], 2, -1.0, [-0.26641326066670956, 0.05997258785687377]
[-0.26641326066670956, 0.05997258785687377], 2, -1.0, [-0.2071838024472931, 0.05922945821941646]
[-0.2071838024472931, 0.05922945821941646], 2, -1.0, [-0.14898678436628338, 0.05819701808100971]
[-0.14898678436628338, 0.05819701808100971], 2, -1.0, [-0.09204417899061942, 0.05694260537566395]
[-0.09204417899061942, 0.05694260537566395], 2, -1.0, [-0.036506866223770036, 0.05553731276684939]
[-0.036506866223770036, 0.05553731276684939], 2, -1.0, [0.017545425014080178, 0.054052291237850214]
[0.017545425014080178, 0.054052291237850214], 0, -1.0, [0.06810117867422344, 0.05055575366014327]
[0.06810117867422344, 0.05055575366014327], 0, -1.0, [0.11520892602374366, 0.047107747349520224]
[0.11520892602374366, 0.047107747349520224], 0, -1.0, [0.15896451513949328, 0.04375558911574963]
[0.15896451513949328, 0.04375558911574963], 0, -1.0, [0.19949904141340807, 0.040534526273914795]
[0.19949904141340807, 0.040534526273914795], 0, -1.0, [0.23696810951229677, 0.037469068098888704]
[0.23696810951229677, 0.037469068098888704], 0, -1.0, [0.2715427473759544, 0.03457463786365763]
[0.2715427473759544, 0.03457463786365763], 0, -1.0, [0.3034020380301728, 0.0318592906542184]
[0.3034020380301728, 0.0318592906542184], 0, -1.0, [0.33272737116287165, 0.029325333132698875]
[0.33272737116287165, 0.029325333132698875], 0, -1.0, [0.35969812651805233, 0.026970755355180703]
[0.35969812651805233, 0.026970755355180703], 0, -1.0, [0.3844885646487149, 0.02479043813066255]
[0.3844885646487149, 0.02479043813066255], 2, -1.0, [0.40926569869543056, 0.02477713404671568]
[0.40926569869543056, 0.02477713404671568], 0, -1.0, [0.4322020499253363, 0.022936351229905744]
[0.4322020499253363, 0.022936351229905744], 2, -1.0, [0.45546148252035046, 0.02325943259501418]
[0.45546148252035046, 0.02325943259501418], 0, -1.0, [0.4772134368187743, 0.021751954298423866]
[0.4772134368187743, 0.021751954298423866], 0, -1.0, [0.49761862276989194, 0.020405185951117615]
[0.49761862276989194, 0.020405185951117615], 2, -1.0, [0.5188291547924173, 0.021210532022525336]
