[-0.5789468176610747, 0.0], 2, -1.0, [-0.5775336121948075, 0.0014132054662672699]
[-0.5775336121948075, 0.0014132054662672699], 2, -1.0, [-0.5747176582096541, 0.0028159539851533686]
[-0.5747176582096541, 0.0028159539851533686], 2, -1.0, [-0.5705198136228183, 0.004197844586835853]
[-0.5705198136228183, 0.004197844586835853], 2, -1.0, [-0.5649712222317262, 0.005548591391092067]
[-0.5649712222317262, 0.005548591391092067], 2, -1.0, [-0.5581131335615325, 0.006858088670193828]
[-0.5581131335615325, 0.006858088670193828], 2, -1.0, [-0.5499966495015219, 0.008116484060010585]
[-0.5499966495015219, 0.008116484060010585], 2, -1.0, [-0.5406823882694652, 0.009314261232056724]
[-0.5406823882694652, 0.009314261232056724], 2, -1.0, [-0.5302400560258135, 0.010442332243651752]
[-0.5302400560258135, 0.010442332243651752], 2, -1.0, [-0.5187479174742887, 0.011492138551524724]
[-0.5187479174742887, 0.011492138551524724], 0, -1.0, [-0.5082921590745799, 0.010455758399708828]
[-0.5082921590745799, 0.010455758399708828], 0, -1.0, [-0.4989511599580145, 0.00934099911656546]
[-0.4989511599580145, 0.00934099911656546], 0, -1.0, [-0.4907948495523736, 0.008156310405640842]
[-0.4907948495523736, 0.008156310405640842], 0, -1.0, [-0.48388417165680925, 0.006910677895564377]
[-0.48388417165680925, 0.006910677895564377], 0, -1.0, [-0.47827064909249534, 0.0056135225643139134]
[-0.47827064909249534, 0.0056135225643139134], 0, -1.0, [-0.4739960406997185, 0.004274608392776851]
[-0.4739960406997185, 0.004274608392776851], 0, -1.0, [-0.471092081341681, 0.0029039593580375174]
[-0.471092081341681, 0.0029039593580375174], 0, -1.0, [-0.46958029567682147, 0.001511785664859568]
[-0.46958029567682147, 0.001511785664859568], 0, -1.0, [-0.46947187764909676, 0.00010841802772471802]
[-0.46947187764909676, 0.00010841802772471802], 0, -1.0, [-0.4707676297184468, -0.001295752069350048]
[-0.4707676297184468, -0.001295752069350048], 0, -1.0, [-0.4734579585550617, -0.002690328836614825]
[-0.4734579585550617, -0.002690328836614825], 0, -1.0, [-0.47752292695813986, -0.004064968403078176]
[-0.47752292695813986, -0.004064968403078176], 0, -1.0, [-0.4829323648211863, -0.005409437863046437]
[-0.4829323648211863, -0.005409437863046437], 0, -1.0, [-0.48964604473885714, -0.00671367991767083]
[-0.48964604473885714, -0.00671367991767083], 0, -1.0, [-0.4976139300379825, -0.007967885299125338]
[-0.4976139300379825, -0.007967885299125338], 0, -1.0, [-0.506776504354323, -0.009162574316340467]
[-0.506776504354323, -0.009162574316340467], 0, -1.0, [-0.5170651921560245, -0.01028868780170161]
[-0.5170651921560245, -0.01028868780170161], 0, -1.0, [-0.5284028786959365, -0.011337686539911953]
[-0.5284028786959365, -0.011337686539911953], 0, -1.0, [-0.5407045357099565, -0.012301657014020013]
[-0.5407045357099565, -0.012301657014020013], 0, -1.0, [-0.5538779558249636, -0.013173420115007137]
[-0.5538779558249636, -0.013173420115007137], 0, -1.0, [-0.5678245942687057, -0.013946638443742165]
[-0.5678245942687057, -0.013946638443742165], 0, -1.0, [-0.5824405113670927, -0.01461591709838702]
[-0.5824405113670927, -0.01461591709838702], 0, -1.0, [-0.597617403848947, -0.015176892481854295]
[-0.597617403848947, -0.015176892481854295], 0, -1.0, [-0.6132437075978968, -0.015626303748949834]
[-0.6132437075978968, -0.015626303748949834], 0, -1.0, [-0.6292057496644885, -0.01596204206659172]
[-0.6292057496644885, -0.01596204206659172], 0, -1.0, [-0.6453889235239165, -0.01618317385942801]
[-0.6453889235239165, -0.01618317385942801], 0, -1.0, [-0.6616788591075663, -0.016289935583649745]
[-0.6616788591075663, -0.016289935583649745], 0, -1.0, [-0.6779625583038498, -0.01628369919628343]
[-0.6779625583038498, -0.01628369919628343], 0, -1.0, [-0.6941294675214439, -0.016166909217594064]
[-0.6941294675214439, -0.016166909217594064], 0, -1.0, [-0.7100724614815708, -0.015942993960126897]
[-0.7100724614815708, -0.015942993960126897], 2, -1.0, [-0.7236887164490398, -0.013616254967469035]
[-0.7236887164490398, -0.013616254967469035], 2, -1.0, [-0.7348928085490083, -0.011204092099968501]
[-0.7348928085490083, -0.011204092099968501], 2, -1.0, [-0.7436162077656722, -0.008723399216663888]
[-0.7436162077656722, -0.008723399216663888], 2, -1.0, [-0.7498067115699225, -0.0061905038042503625]
[-0.7498067115699225, -0.0061905038042503625], 2, -1.0, [-0.7534279095254275, -0.0036211979555049573]
[-0.7534279095254275, -0.0036211979555049573], 2, -1.0, [-0.7544587530827359, -0.0010308435573084507]
[-0.7544587530827359, -0.0010308435573084507], 2, -1.0, [-0.7528932845794761, 0.0015654685032597316]
[-0.7528932845794761, 0.0015654685032597316], 2, -1.0, [-0.7487405574853173, 0.004152727094158863]
[-0.7487405574853173, 0.004152727094158863], 2, -1.0, [-0.7420247570648983, 0.0067158004204189384]
[-0.7420247570648983, 0.0067158004204189384], 2, -1.0, [-0.7327855075369113, 0.009239249527987058]
[-0.7327855075369113, 0.009239249527987058], 2, -1.0, [-0.7210783290651276, 0.011707178471783734]
[-0.7210783290651276, 0.011707178471783734], 2, -1.0, [-0.7069751862216516, 0.014103142843476026]
[-0.7069751862216516, 0.014103142843476026], 2, -1.0, [-0.6905650498834157, 0.01641013633823588]
[-0.6905650498834157, 0.01641013633823588], 2, -1.0, [-0.671954378204924, 0.018610671678491713]
[-0.671954378204924, 0.018610671678491713], 2, -1.0, [-0.6512674110744548, 0.02068696713046918]
[-0.6512674110744548, 0.02068696713046918], 2, -1.0, [-0.628646168272767, 0.022621242801687848]
[-0.628646168272767, 0.022621242801687848], 2, -1.0, [-0.6042500463449653, 0.024396121927801735]
[-0.6042500463449653, 0.024396121927801735], 2, -1.0, [-0.5782549244583051, 0.025995121886660186]
[-0.5782549244583051, 0.025995121886660186], 2, -1.0, [-0.5508517158202642, 0.027403208638040952]
[-0.5508517158202642, 0.027403208638040952], 2, -1.0, [-0.522244337769973, 0.028607378050291166]
[-0.522244337769973, 0.028607378050291166], 2, -1.0, [-0.49264711797544125, 0.029597219794531785]
[-0.49264711797544125, 0.029597219794531785], 2, -1.0, [-0.46228170217359066, 0.030365415801850582]
[-0.46228170217359066, 0.030365415801850582], 2, -1.0, [-0.4313735752440915, 0.030908126929499152]
[-0.4313735752440915, 0.030908126929499152], 0, -1.0, [-0.4021483463037987, 0.02922522894029278]
[-0.4021483463037987, 0.02922522894029278], 0, -1.0, [-0.37481397546853146, 0.027334370835267244]
[-0.37481397546853146, 0.027334370835267244], 0, -1.0, [-0.3495588045866336, 0.025255170881897857]
[-0.3495588045866336, 0.025255170881897857], 0, -1.0, [-0.3265504305076352, 0.02300837407899839]
[-0.3265504305076352, 0.02300837407899839], 0, -1.0, [-0.3059353367145552, 0.020615093793080037]
[-0.3059353367145552, 0.020615093793080037], 0, -1.0, [-0.28783915351908096, 0.018096183195474215]
[-0.28783915351908096, 0.018096183195474215], 0, -1.0, [-0.2723673897140838, 0.015471763804997159]
[-0.2723673897140838, 0.015471763804997159], 0, -1.0, [-0.259606468601139, 0.012760921112944825]
[-0.259606468601139, 0.012760921112944825], 0, -1.0, [-0.24962490581315355, 0.00998156278798544]
[-0.24962490581315355, 0.00998156278798544], 0, -1.0, [-0.242474481629335, 0.007150424183818559]
[-0.242474481629335, 0.007150424183818559], 0, -1.0, [-0.23819128282886975, 0.0042831988004652325]
[-0.23819128282886975, 0.0042831988004652325], 0, -1.0, [-0.2367965154408871, 0.0013947673879826537]
[-0.2367965154408871, 0.0013947673879826537], 0, -1.0, [-0.23829701780042725, -0.001500502359540157]
[-0.23829701780042725, -0.001500502359540157], 0, -1.0, [-0.24268543182001187, -0.004388414019584617]
[-0.24268543182001187, -0.004388414019584617], 0, -1.0, [-0.24994001881818784, -0.007254586998175959]
[-0.24994001881818784, -0.007254586998175959], 0, -1.0, [-0.2600241346001698, -0.010084115781982006]
[-0.2600241346001698, -0.010084115781982006], 0, -1.0, [-0.27288540692226715, -0.012861272322097349]
[-0.27288540692226715, -0.012861272322097349], 0, -1.0, [-0.2884546869684057, -0.015569280046138563]
[-0.2884546869684057, -0.015569280046138563], 0, -1.0, [-0.30664487448373573, -0.018190187515330004]
[-0.30664487448373573, -0.018190187515330004], 0, -1.0, [-0.327349742421658, -0.020704867937922235]
[-0.327349742421658, -0.020704867937922235], 0, -1.0, [-0.35044290911093334, -0.023093166689275337]
[-0.35044290911093334, -0.023093166689275337], 0, -1.0, [-0.3757771209003264, -0.02533421178939304]
[-0.3757771209003264, -0.02533421178939304], 0, -1.0, [-0.40318401227450196, -0.027406891374175565]
[-0.40318401227450196, -0.027406891374175565], 0, -1.0, [-0.43247449986692993, -0.029290487592427986]
[-0.43247449986692993, -0.029290487592427986], 0, -1.0, [-0.46343993882448725, -0.03096543895755731]
[-0.46343993882448725, -0.03096543895755731], 0, -1.0, [-0.49585412369393694, -0.03241418486944971]
[-0.49585412369393694, -0.03241418486944971], 0, -1.0, [-0.5294761532709635, -0.03362202957702658]
[-0.5294761532709635, -0.03362202957702658], 0, -1.0, [-0.5640541047994476, -0.03457795152848406]
[-0.5640541047994476, -0.03457795152848406], 0, -1.0, [-0.5993293856792579, -0.03527528087981023]
[-0.5993293856792579, -0.03527528087981023], 0, -1.0, [-0.635041560539791, -0.03571217486053315]
[-0.635041560539791, -0.03571217486053315], 0, -1.0, [-0.6709333984324783, -0.0358918378926873]
[-0.6709333984324783, -0.0358918378926873], 0, -1.0, [-0.706755857295076, -0.03582245886259763]
[-0.706755857295076, -0.03582245886259763], 0, -1.0, [-0.7422727252092783, -0.03551686791420236]
[-0.7422727252092783, -0.03551686791420236], 0, -1.0, [-0.7772646698728463, -0.034991944663567934]
[-0.7772646698728463, -0.034991944663567934], 0, -1.0, [-0.8115325038900085, -0.03426783401716227]
[-0.8115325038900085, -0.03426783401716227], 0, -1.0, [-0.8448995451138472, -0.03336704122383866]
[-0.8448995451138472, -0.03336704122383866], 2, -1.0, [-0.8752130278945796, -0.030313482780732297]
[-0.8752130278945796, -0.030313482780732297], 2, -1.0, [-0.9023519540246047, -0.027138926130025068]
[-0.9023519540246047, -0.027138926130025068], 2, -1.0, [-0.9262232172899408, -0.02387126326533618]
[-0.9262232172899408, -0.02387126326533618], 2, -1.0, [-0.9467573227331906, -0.02053410544324972]
[-0.9467573227331906, -0.02053410544324972], 2, -1.0, [-0.9639040647592751, -0.017146742026084592]
[-0.9639040647592751, -0.017146742026084592], 2, -1.0, [-0.9776284518112917, -0.013724387052016548]
[-0.9776284518112917, -0.013724387052016548], 2, -1.0, [-0.9879070899284003, -0.010278638117108656]
[-0.9879070899284003, -0.010278638117108656], 2, -1.0, [-0.9947251716733856, -0.006818081744985288]
[-0.9947251716733856, -0.006818081744985288], 2, -1.0, [-0.9980741647013988, -0.0033489930280131215]
[-0.9980741647013988, -0.0033489930280131215], 2, -1.0, [-0.9979502560875629, 0.00012390861383582532]
[-0.9979502560875629, 0.00012390861383582532], 2, -1.0, [-0.9943535824607831, 0.0035966736267798788]
[-0.9943535824607831, 0.0035966736267798788], 2, -1.0, [-0.9872882585503112, 0.007065323910471861]
[-0.9872882585503112, 0.007065323910471861], 2, -1.0, [-0.9767632037041968, 0.010525054846114433]
[-0.9767632037041968, 0.010525054846114433], 2, -1.0, [-0.9627937527271127, 0.013969450977084092]
[-0.9627937527271127, 0.013969450977084092], 2, -1.0, [-0.9454040194627396, 0.01738973326437309]
[-0.9454040194627396, 0.01738973326437309], 2, -1.0, [-0.9246299547150033, 0.02077406474773629]
[-0.9246299547150033, 0.02077406474773629], 2, -1.0, [-0.9005230009881775, 0.024106953726825846]
[-0.9005230009881775, 0.024106953726825846], 2, -1.0, [-0.873154193288271, 0.027368807699906485]
[-0.873154193288271, 0.027368807699906485], 2, -1.0, [-0.8426184885373347, 0.030535704750936407]
[-0.8426184885373347, 0.030535704750936407], 2, -1.0, [-0.8090390303223643, 0.03357945821497036]
[-0.8090390303223643, 0.03357945821497036], 2, -1.0, [-0.7725709796883041, 0.03646805063406024]
[-0.7725709796883041, 0.03646805063406024], 2, -1.0, [-0.7334044804471062, 0.03916649924119792]
[-0.7334044804471062, 0.03916649924119792], 2, -1.0, [-0.691766297029894, 0.041638183417212135]
[-0.691766297029894, 0.041638183417212135], 2, -1.0, [-0.6479196835190498, 0.04384661351084422]
[-0.6479196835190498, 0.04384661351084422], 2, -1.0, [-0.6021621298351445, 0.04575755368390533]
[-0.6021621298351445, 0.04575755368390533], 2, -1.0, [-0.5548207910864811, 0.04734133874866339]
[-0.5548207910864811, 0.04734133874866339], 2, -1.0, [-0.5062456294727263, 0.048575161613754775]
[-0.5062456294727263, 0.048575161613754775], 2, -1.0, [-0.45680055767508104, 0.04944507179764531]
[-0.45680055767508104, 0.04944507179764531], 2, -1.0, [-0.4068531261331431, 0.049947431541937946]
[-0.4068531261331431, 0.049947431541937946], 2, -1.0, [-0.3567634955429164, 0.05008963059022669]
[-0.3567634955429164, 0.05008963059022669], 2, -1.0, [-0.30687353843708437, 0.04988995710583205]
[-0.30687353843708437, 0.04988995710583205], 2, -1.0, [-0.2574968970248979, 0.04937664141218644]
[-0.2574968970248979, 0.04937664141218644], 2, -1.0, [-0.20891069207967305, 0.04858620494522485]
[-0.20891069207967305, 0.04858620494522485], 2, -1.0, [-0.1613493583105679, 0.04756133376910516]
[-0.1613493583105679, 0.04756133376910516], 2, -1.0, [-0.11500082040055482, 0.046348537910013095]
[-0.11500082040055482, 0.046348537910013095], 2, -1.0, [-0.07000496904112531, 0.0449958513594295]
[-0.07000496904112531, 0.0449958513594295], 2, -1.0, [-0.02645418719939089, 0.04355078184173442]
[-0.02645418719939089, 0.04355078184173442], 2, -1.0, [0.015604463531143774, 0.042058650730534664]
[0.015604463531143774, 0.042058650730534664], 2, -1.0, [0.056165853128363134, 0.04056138959721936]
[0.056165853128363134, 0.04056138959721936], 2, -1.0, [0.0952626481234506, 0.03909679499508747]
[0.0952626481234506, 0.03909679499508747], 2, -1.0, [0.13296084357267957, 0.037698195449228956]
[0.13296084357267957, 0.037698195449228956], 2, -1.0, [0.16935530006724353, 0.03639445649456397]
[0.16935530006724353, 0.03639445649456397], 2, -1.0, [0.20456553891626678, 0.03521023884902325]
[0.20456553891626678, 0.03521023884902325], 0, -1.0, [0.23673196588781004, 0.03216642697154326]
[0.23673196588781004, 0.03216642697154326], 2, -1.0, [0.26800280743753524, 0.03127084154972519]
[0.26800280743753524, 0.03127084154972519], 0, -1.0, [0.2965390848529001, 0.028536277415364863]
[0.2965390848529001, 0.028536277415364863], 2, -1.0, [0.32450108876543293, 0.027962003912532864]
[0.32450108876543293, 0.027962003912532864], 0, -1.0, [0.350057076993386, 0.0255559882279531]
[0.350057076993386, 0.0255559882279531], 2, -1.0, [0.3753695089441668, 0.0253124319507808]
[0.3753695089441668, 0.0253124319507808], 2, -1.0, [0.4006065007343384, 0.02523699179017158]
[0.4006065007343384, 0.02523699179017158], 0, -1.0, [0.4239418392534258, 0.02333533851908741]
[0.4239418392534258, 0.02333533851908741], 2, -1.0, [0.447540835705916, 0.023598996452490178]
[0.447540835705916, 0.023598996452490178], 0, -1.0, [0.4695743345234888, 0.022033498817572793]
[0.4695743345234888, 0.022033498817572793], 0, -1.0, [0.4902044215811261, 0.020630087057637293]
[0.4902044215811261, 0.020630087057637293], 2, -1.0, [0.5115844697325714, 0.021380048151445338]
