[-0.5456353279160113, 0.0], 0, -1.0, [-0.5464701741353982, -0.0008348462193868624]
[-0.5464701741353982, -0.0008348462193868624], 0, -1.0, [-0.5481336194296228, -0.0016634452942245856]
[-0.5481336194296228, -0.0016634452942245856], 0, -1.0, [-0.5506132195009034, -0.0024796000712805173]
[-0.5506132195009034, -0.0024796000712805173], 0, -1.0, [-0.5538904329594042, -0.003277213458500836]
[-0.5538904329594042, -0.003277213458500836], 0, -1.0, [-0.5579407715541048, -0.004050338594700653]
[-0.5579407715541048, -0.004050338594700653], 0, -1.0, [-0.562734000585013, -0.004793229030908178]
[-0.562734000585013, -0.004793229030908178], 0, -1.0, [-0.5682343892683918, -0.005500388683378728]
[-0.5682343892683918, -0.005500388683378728], 0, -1.0, [-0.5744010104065018, -0.006166621138110022]
[-0.5744010104065018, -0.006166621138110022], 0, -1.0, [-0.5811880881018243, -0.00678707769532253]
[-0.5811880881018243, -0.00678707769532253], 0, -1.0, [-0.5885453914608051, -0.007357303358980783]
[-0.5885453914608051, -0.007357303358980783], 0, -1.0, [-0.5964186712814681, -0.007873279820662991]
[-0.5964186712814681, -0.007873279820662991], 0, -1.0, [-0.6047501356588464, -0.008331464377378257]
[-0.6047501356588464, -0.008331464377378257], 0, -1.0, [-0.6134789593336497, -0.008728823674803293]
[-0.6134789593336497, -0.008728823674803293], 0, -1.0, [-0.6225418205255064, -0.009062861191856689]
[-0.6225418205255064, -0.009062861191856689], 0, -1.0, [-0.6318734580102221, -0.009331637484715652]
[-0.6318734580102221, -0.009331637484715652], 0, -1.0, [-0.6414072403970622, -0.009533782386840092]
[-0.6414072403970622, -0.009533782386840092], 0, -1.0, [-0.6510757390050883, -0.009668498608026106]
[-0.6510757390050883, -0.009668498608026106], 0, -1.0, [-0.6608112954805041, -0.009735556475415746]
[-0.6608112954805041, -0.009735556475415746], 0, -1.0, [-0.6705465753736495, -0.009735279893145422]
[-0.6705465753736495, -0.009735279893145422], 0, -1.0, [-0.6802150993157239, -0.009668523942074417]
[-0.6802150993157239, -0.009668523942074417], 0, -1.0, [-0.6897517441885902, -0.00953664487286631]
[-0.6897517441885902, -0.00953664487286631], 0, -1.0, [-0.6990932077304391, -0.009341463541848907]
[-0.6990932077304391, -0.009341463541848907], 0, -1.0, [-0.7081784313105103, -0.009085223580071099]
[-0.7081784313105103, -0.009085223580071099], 0, -1.0, [-0.7169489770677614, -0.008770545757251105]
[-0.7169489770677614, -0.008770545757251105], 0, -1.0, [-0.7253493571630433, -0.008400380095281853]
[-0.7253493571630433, -0.008400380095281853], 2, -1.0, [-0.7313273144613925, -0.005977957298349282]
[-0.7313273144613925, -0.005977957298349282], 2, -1.0, [-0.7348462094781145, -0.003518895016721932]
[-0.7348462094781145, -0.003518895016721932], 2, -1.0, [-0.7358846932245254, -0.0010384837464109233]
[-0.7358846932245254, -0.0010384837464109233], 2, -1.0, [-0.7344364966855443, 0.0014481965389810517]
[-0.7344364966855443, 0.0014481965389810517], 2, -1.0, [-0.7305103661457186, 0.00392613053982576]
[-0.7305103661457186, 0.00392613053982576], 2, -1.0, [-0.724130153059777, 0.006380213085941637]
[-0.724130153059777, 0.006380213085941637], 2, -1.0, [-0.715335046349789, 0.008795106709988064]
[-0.715335046349789, 0.008795106709988064], 2, -1.0, [-0.7041799146086442, 0.011155131741144759]
[-0.7041799146086442, 0.011155131741144759], 2, -1.0, [-0.6907357064838503, 0.01344420812479381]
[-0.6907357064838503, 0.01344420812479381], 2, -1.0, [-0.6750898404887601, 0.01564586599509023]
[-0.6750898404887601, 0.01564586599509023], 2, -1.0, [-0.6573465018832925, 0.01774333860546766]
[-0.6573465018832925, 0.01774333860546766], 2, -1.0, [-0.6376267555662152, 0.019719746317077277]
[-0.6376267555662152, 0.019719746317077277], 2, -1.0, [-0.6160683817225099, 0.02155837384370531]
[-0.6160683817225099, 0.02155837384370531], 2, -1.0, [-0.5928253467428044, 0.02324303497970552]
[-0.5928253467428044, 0.02324303497970552], 2, -1.0, [-0.5680668366912397, 0.02475851005156466]
[-0.5680668366912397, 0.02475851005156466], 0, -1.0, [-0.543975804531202, 0.024091032160037773]
[-0.543975804531202, 0.024091032160037773], 0, -1.0, [-0.5207320398228287, 0.02324376470837326]
[-0.5207320398228287, 0.02324376470837326], 0, -1.0, [-0.49850977536772995, 0.022222264455098752]
[-0.49850977536772995, 0.022222264455098752], 0, -1.0, [-0.4774755007993885, 0.021034274568341425]
[-0.4774755007993885, 0.021034274568341425], 0, -1.0, [-0.4577860479910077, 0.0196894528083808]
[-0.4577860479910077, 0.0196894528083808], 0, -1.0, [-0.43958699000818363, 0.01819905798282404]
[-0.43958699000818363, 0.01819905798282404], 0, -1.0, [-0.4230113708450924, 0.01657561916309125]
[-0.4230113708450924, 0.01657561916309125], 0, -1.0, [-0.40817875981830093, 0.014832611026791469]
[-0.40817875981830093, 0.014832611026791469], 0, -1.0, [-0.3951946043116948, 0.012984155506606131]
[-0.3951946043116948, 0.012984155506606131], 0, -1.0, [-0.38414983901953287, 0.011044765292161914]
[-0.38414983901953287, 0.011044765292161914], 0, -1.0, [-0.3751206996943431, 0.00902913932518978]
[-0.3751206996943431, 0.00902913932518978], 0, -1.0, [-0.3681686848148291, 0.006952014879513979]
[-0.3681686848148291, 0.006952014879513979], 0, -1.0, [-0.36334060918809075, 0.004828075626738382]
[-0.36334060918809075, 0.004828075626738382], 0, -1.0, [-0.36066869859600026, 0.002671910592090462]
[-0.36066869859600026, 0.002671910592090462], 0, -1.0, [-0.3601706833166785, 0.0004980152793217629]
[-0.3601706833166785, 0.0004980152793217629], 0, -1.0, [-0.36184985977723805, -0.0016791764605595407]
[-0.36184985977723805, -0.0016791764605595407], 0, -1.0, [-0.36569510282918133, -0.003845243051943301]
[-0.36569510282918133, -0.003845243051943301], 0, -1.0, [-0.37168082534495195, -0.005985722515770616]
[-0.37168082534495195, -0.005985722515770616], 0, -1.0, [-0.3797668962197958, -0.008086070874843861]
[-0.3797668962197958, -0.008086070874843861], 0, -1.0, [-0.3898985416434032, -0.010131645423607411]
[-0.3898985416434032, -0.010131645423607411], 0, -1.0, [-0.4020062668664074, -0.012107725223004177]
[-0.4020062668664074, -0.012107725223004177], 0, -1.0, [-0.41600584575835714, -0.013999578891949773]
[-0.41600584575835714, -0.013999578891949773], 0, -1.0, [-0.43179843232071724, -0.015792586562360104]
[-0.43179843232071724, -0.015792586562360104], 0, -1.0, [-0.4492708510738925, -0.017472418753175213]
[-0.4492708510738925, -0.017472418753175213], 0, -1.0, [-0.4682961210879218, -0.019025270014029313]
[-0.4682961210879218, -0.019025270014029313], 0, -1.0, [-0.4887342608395908, -0.02043813975166904]
[-0.4887342608395908, -0.02043813975166904], 0, -1.0, [-0.5104334079487302, -0.02169914710913937]
[-0.5104334079487302, -0.02169914710913937], 0, -1.0, [-0.5332312696457286, -0.0227978616969985]
[-0.5332312696457286, -0.0227978616969985], 0, -1.0, [-0.5569568976916436, -0.02372562804591494]
[-0.5569568976916436, -0.02372562804591494], 0, -1.0, [-0.5814327572097358, -0.024475859518092207]
[-0.5814327572097358, -0.024475859518092207], 0, -1.0, [-0.6064770348075706, -0.025044277597834896]
[-0.6064770348075706, -0.025044277597834896], 0, -1.0, [-0.6319061100349282, -0.02542907522735756]
[-0.6319061100349282, -0.02542907522735756], 0, -1.0, [-0.6575370980841213, -0.025630988049193112]
[-0.6575370980841213, -0.025630988049193112], 0, -1.0, [-0.6831903626439927, -0.025653264559871426]
[-0.6831903626439927, -0.025653264559871426], 0, -1.0, [-0.7086918970824916, -0.02550153443849888]
[-0.7086918970824916, -0.02550153443849888], 0, -1.0, [-0.7338754797419681, -0.02518358265947652]
[-0.7338754797419681, -0.02518358265947652], 0, -1.0, [-0.7585845241300481, -0.024709044388080022]
[-0.7585845241300481, -0.024709044388080022], 0, -1.0, [-0.7826735653513911, -0.024089041221343057]
[-0.7826735653513911, -0.024089041221343057], 0, -1.0, [-0.8060093478747614, -0.023335782523370343]
[-0.8060093478747614, -0.023335782523370343], 0, -1.0, [-0.8284715041267268, -0.022462156251965338]
[-0.8284715041267268, -0.022462156251965338], 2, -1.0, [-0.8479528361229969, -0.019481331996270147]
[-0.8479528361229969, -0.019481331996270147], 2, -1.0, [-0.8643676358868025, -0.016414799763805672]
[-0.8643676358868025, -0.016414799763805672], 2, -1.0, [-0.8776491533005405, -0.013281517413737967]
[-0.8776491533005405, -0.013281517413737967], 2, -1.0, [-0.8877471579840345, -0.01009800468349402]
[-0.8877471579840345, -0.01009800468349402], 2, -1.0, [-0.8946257748984133, -0.006878616914378804]
[-0.8946257748984133, -0.006878616914378804], 2, -1.0, [-0.8982617307290822, -0.0036359558306688594]
[-0.8982617307290822, -0.0036359558306688594], 2, -1.0, [-0.8986431086711532, -0.00038137794207096076]
[-0.8986431086711532, -0.00038137794207096076], 2, -1.0, [-0.8957686742825773, 0.002874434388575817]
[-0.8957686742825773, 0.002874434388575817], 2, -1.0, [-0.8896478041477613, 0.006120870134816033]
[-0.8896478041477613, 0.006120870134816033], 2, -1.0, [-0.8803010206232148, 0.00934678352454656]
[-0.8803010206232148, 0.00934678352454656], 2, -1.0, [-0.8677611077352348, 0.012539912887979957]
[-0.8677611077352348, 0.012539912887979957], 2, -1.0, [-0.8520747531241852, 0.015686354611049586]
[-0.8520747531241852, 0.015686354611049586], 2, -1.0, [-0.8333046270074879, 0.018770126116697337]
[-0.8333046270074879, 0.018770126116697337], 2, -1.0, [-0.811531770708873, 0.021772856298614914]
[-0.811531770708873, 0.021772856298614914], 2, -1.0, [-0.7868581251887339, 0.024673645520139037]
[-0.7868581251887339, 0.024673645520139037], 2, -1.0, [-0.7594089870796212, 0.027449138109112627]
[-0.7594089870796212, 0.027449138109112627], 2, -1.0, [-0.7293351411887644, 0.030073845890856862]
[-0.7293351411887644, 0.030073845890856862], 2, -1.0, [-0.6968143916864256, 0.03252074950233891]
[-0.6968143916864256, 0.03252074950233891], 2, -1.0, [-0.6620522080965464, 0.03476218358987919]
[-0.6620522080965464, 0.03476218358987919], 2, -1.0, [-0.6252812254608515, 0.03677098263569484]
[-0.6252812254608515, 0.03677098263569484], 2, -1.0, [-0.5867593969773254, 0.038521828483526116]
[-0.5867593969773254, 0.038521828483526116], 2, -1.0, [-0.546766693348708, 0.03999270362861745]
[-0.546766693348708, 0.03999270362861745], 2, -1.0, [-0.5056003702018277, 0.04116632314688032]
[-0.5056003702018277, 0.04116632314688032], 2, -1.0, [-0.4635689695124174, 0.0420314006894103]
[-0.4635689695124174, 0.0420314006894103], 2, -1.0, [-0.42098536268875403, 0.04258360682366334]
[-0.42098536268875403, 0.04258360682366334], 2, -1.0, [-0.3781592586485847, 0.04282610404016936]
[-0.3781592586485847, 0.04282610404016936], 2, -1.0, [-0.335389669080809, 0.04276958956777567]
[-0.335389669080809, 0.04276958956777567], 2, -1.0, [-0.2929578320559802, 0.04243183702482881]
[-0.2929578320559802, 0.04243183702482881], 2, -1.0, [-0.25112104248125067, 0.04183678957472952]
[-0.25112104248125067, 0.04183678957472952], 2, -1.0, [-0.21010773364964364, 0.041013308831607025]
[-0.21010773364964364, 0.041013308831607025], 2, -1.0, [-0.17011401745295618, 0.03999371619668745]
[-0.17011401745295618, 0.03999371619668745], 2, -1.0, [-0.13130174494230545, 0.03881227251065072]
[-0.13130174494230545, 0.03881227251065072], 2, -1.0, [-0.09379801564608418, 0.03750372929622127]
[-0.09379801564608418, 0.03750372929622127], 2, -1.0, [-0.05769595947948368, 0.036102056166600505]
[-0.05769595947948368, 0.036102056166600505], 2, -1.0, [-0.023056547448992167, 0.03463941203049151]
[-0.023056547448992167, 0.03463941203049151], 2, -1.0, [0.010088842746692958, 0.033145390195685125]
[0.010088842746692958, 0.033145390195685125], 2, -1.0, [0.04173537793338175, 0.03164653518668879]
[0.04173537793338175, 0.03164653518668879], 2, -1.0, [0.07190148325388772, 0.030166105320505968]
[0.07190148325388772, 0.030166105320505968], 2, -1.0, [0.100625523926238, 0.028724040672350272]
[0.100625523926238, 0.028724040672350272], 2, -1.0, [0.12796261399245662, 0.027337090066218612]
[0.12796261399245662, 0.027337090066218612], 2, -1.0, [0.1539816652073811, 0.026019051214924475]
[0.1539816652073811, 0.026019051214924475], 2, -1.0, [0.1787627481071578, 0.02478108289977671]
[0.1787627481071578, 0.02478108289977671], 2, -1.0, [0.20239480321745165, 0.023632055110293853]
[0.20239480321745165, 0.023632055110293853], 2, -1.0, [0.22497371401047622, 0.022578910793024567]
[0.22497371401047622, 0.022578910793024567], 2, -1.0, [0.246600734236406, 0.02162702022592978]
[0.246600734236406, 0.02162702022592978], 2, -1.0, [0.2673812496708233, 0.020780515434417255]
[0.2673812496708233, 0.020780515434417255], 2, -1.0, [0.28742384690973877, 0.020042597238915515]
[0.28742384690973877, 0.020042597238915515], 2, -1.0, [0.306839658358299, 0.019415811448560263]
[0.306839658358299, 0.019415811448560263], 2, -1.0, [0.32574195186269095, 0.018902293504391942]
[0.32574195186269095, 0.018902293504391942], 2, -1.0, [0.3442459345669244, 0.018503982704233476]
[0.3442459345669244, 0.018503982704233476], 2, -1.0, [0.36246874276583807, 0.018222808198913632]
[0.36246874276583807, 0.018222808198913632], 2, -1.0, [0.38052959217380494, 0.018060849407966855]
[0.38052959217380494, 0.018060849407966855], 2, -1.0, [0.398550065676891, 0.018020473503086068]
[0.398550065676891, 0.018020473503086068], 2, -1.0, [0.41665451792989133, 0.01810445225300035]
[0.41665451792989133, 0.01810445225300035], 2, -1.0, [0.4349705778101945, 0.018316059880303177]
[0.4349705778101945, 0.018316059880303177], 2, -1.0, [0.4536297304905284, 0.018659152680333906]
[0.4536297304905284, 0.018659152680333906], 2, -1.0, [0.4727679604848056, 0.019138229994277205]
[0.4727679604848056, 0.019138229994277205], 2, -1.0, [0.49252643517005246, 0.019758474685246833]
[0.49252643517005246, 0.019758474685246833], 2, -1.0, [0.5130522046559846, 0.02052576948593205]
