[-0.5069071857915384, 0.0], 0, -1.0, [-0.5080323204043106, -0.0011251346127722026]
[-0.5080323204043106, -0.0011251346127722026], 0, -1.0, [-0.5102741610009095, -0.002241840596598914]
[-0.5102741610009095, -0.002241840596598914], 0, -1.0, [-0.5136159095947267, -0.0033417485938171698]
[-0.5136159095947267, -0.0033417485938171698], 0, -1.0, [-0.5180325184918008, -0.004416608897074092]
[-0.5180325184918008, -0.004416608897074092], 0, -1.0, [-0.5234908723770194, -0.005458353885218597]
[-0.5234908723770194, -0.005458353885218597], 0, -1.0, [-0.5299500355363834, -0.006459163159364059]
[-0.5299500355363834, -0.006459163159364059], 0, -1.0, [-0.5373615671284131, -0.00741153159202967]
[-0.5373615671284131, -0.00741153159202967], 0, -1.0, [-0.5456699071087696, -0.008308339980356537]
[-0.5456699071087696, -0.008308339980356537], 0, -1.0, [-0.5548128345319797, -0.009142927423210087]
[-0.5548128345319797, -0.009142927423210087], 0, -1.0, [-0.5647219985027446, -0.009909163970764903]
[-0.5647219985027446, -0.009909163970764903], 0, -1.0, [-0.5753235200797322, -0.010601521576987547]
[-0.5753235200797322, -0.010601521576987547], 0, -1.0, [-0.5865386610527222, -0.01121514097299003]
[-0.5865386610527222, -0.01121514097299003], 0, -1.0, [-0.5982845528726239, -0.011745891819901669]
[-0.5982845528726239, -0.011745891819901669], 0, -1.0, [-0.6104749763031376, -0.012190423430513653]
[-0.6104749763031376, -0.012190423430513653], 0, -1.0, [-0.6230211797940404, -0.01254620349090273]
[-0.6230211797940404, -0.01254620349090273], 0, -1.0, [-0.6358327223629704, -0.01281154256892997]
[-0.6358327223629704, -0.01281154256892997], 0, -1.0, [-0.6488183251106088, -0.012985602747638362]
[-0.6488183251106088, -0.012985602747638362], 0, -1.0, [-0.6618867145405528, -0.013068389429944054]
[-0.6618867145405528, -0.013068389429944054], 0, -1.0, [-0.6749474407124897, -0.013060726171936921]
[-0.6749474407124897, -0.013060726171936921], 0, -1.0, [-0.6879116539625552, -0.012964213250065436]
[-0.6879116539625552, -0.012964213250065436], 0, -1.0, [-0.7006928254459212, -0.012781171483365994]
[-0.7006928254459212, -0.012781171483365994], 0, -1.0, [-0.7132073989966176, -0.012514573550696396]
[-0.7132073989966176, -0.012514573550696396], 0, -1.0, [-0.7253753646073887, -0.012167965610771122]
[-0.7253753646073887, -0.012167965610771122], 0, -1.0, [-0.7371207470196592, -0.011745382412270473]
[-0.7371207470196592, -0.011745382412270473], 0, -1.0, [-0.7483720062740794, -0.011251259254420179]
[-0.7483720062740794, -0.011251259254420179], 2, -1.0, [-0.7570623504010037, -0.008690344126924297]
[-0.7570623504010037, -0.008690344126924297], 2, -1.0, [-0.7631414033265127, -0.006079052925509078]
[-0.7631414033265127, -0.006079052925509078], 2, -1.0, [-0.7665745750362739, -0.003433171709761179]
[-0.7665745750362739, -0.003433171709761179], 2, -1.0, [-0.7673425718054641, -0.0007679967691901707]
[-0.7673425718054641, -0.0007679967691901707], 2, -1.0, [-0.7654411017535073, 0.0019014700519567017]
[-0.7654411017535073, 0.0019014700519567017], 2, -1.0, [-0.7608808072174418, 0.004560294536065597]
[-0.7608808072174418, 0.004560294536065597], 2, -1.0, [-0.7536874310127771, 0.007193376204664696]
[-0.7536874310127771, 0.007193376204664696], 2, -1.0, [-0.7439021990953344, 0.009785231917442759]
[-0.7439021990953344, 0.009785231917442759], 2, -1.0, [-0.7315823779166949, 0.012319821178639528]
[-0.7315823779166949, 0.012319821178639528], 2, -1.0, [-0.7168019415025736, 0.01478043641412129]
[-0.7168019415025736, 0.01478043641412129], 2, -1.0, [-0.6996522619523583, 0.017149679550215298]
[-0.6996522619523583, 0.017149679550215298], 2, -1.0, [-0.6802427191075613, 0.019409542844797026]
[-0.6802427191075613, 0.019409542844797026], 2, -1.0, [-0.6587011124962964, 0.021541606611264946]
[-0.6587011124962964, 0.021541606611264946], 0, -1.0, [-0.6371737535948766, 0.021527358901419748]
[-0.6371737535948766, 0.021527358901419748], 2, -1.0, [-0.6138109685950734, 0.02336278499980315]
[-0.6138109685950734, 0.02336278499980315], 2, -1.0, [-0.5887798213480019, 0.02503114724707151]
[-0.5887798213480019, 0.02503114724707151], 2, -1.0, [-0.5622629257262095, 0.02651689562179234]
[-0.5622629257262095, 0.02651689562179234], 2, -1.0, [-0.5344566987875262, 0.027806226938683322]
[-0.5344566987875262, 0.027806226938683322], 2, -1.0, [-0.5055690518251652, 0.02888764696236097]
[-0.5055690518251652, 0.02888764696236097], 2, -1.0, [-0.4758165618651808, 0.029752489959984443]
[-0.4758165618651808, 0.029752489959984443], 2, -1.0, [-0.445421212466862, 0.030395349398318804]
[-0.445421212466862, 0.030395349398318804], 2, -1.0, [-0.41460683430314077, 0.030814378163721214]
[-0.41460683430314077, 0.030814378163721214], 0, -1.0, [-0.3855954075201888, 0.029011426782952012]
[-0.3855954075201888, 0.029011426782952012], 0, -1.0, [-0.3585896903952898, 0.027005717124898986]
[-0.3585896903952898, 0.027005717124898986], 0, -1.0, [-0.33377161235833486, 0.024818078036954946]
[-0.33377161235833486, 0.024818078036954946], 0, -1.0, [-0.31130152292613555, 0.022470089432199313]
[-0.31130152292613555, 0.022470089432199313], 0, -1.0, [-0.29131818212610333, 0.019983340800032216]
[-0.29131818212610333, 0.019983340800032216], 0, -1.0, [-0.2739393386732091, 0.017378843452894255]
[-0.2739393386732091, 0.017378843452894255], 0, -1.0, [-0.2592627223347056, 0.014676616338503473]
[-0.2592627223347056, 0.014676616338503473], 0, -1.0, [-0.2473672743322069, 0.011895448002498695]
[-0.2473672743322069, 0.011895448002498695], 0, -1.0, [-0.23831445056666617, 0.009052823765540726]
[-0.23831445056666617, 0.009052823765540726], 0, -1.0, [-0.23214945275015564, 0.006164997816510522]
[-0.23214945275015564, 0.006164997816510522], 0, -1.0, [-0.2289022684061265, 0.003247184344029134]
[-0.2289022684061265, 0.003247184344029134], 0, -1.0, [-0.22858842923711317, 0.00031383916901333566]
[-0.22858842923711317, 0.00031383916901333566], 0, -1.0, [-0.2312094266768074, -0.002620997439694231]
[-0.2312094266768074, -0.002620997439694231], 0, -1.0, [-0.23675275263755513, -0.005543325960747716]
[-0.23675275263755513, -0.005543325960747716], 0, -1.0, [-0.2451915623719853, -0.008438809734430173]
[-0.2451915623719853, -0.008438809734430173], 0, -1.0, [-0.256483985239227, -0.01129242286724168]
[-0.256483985239227, -0.01129242286724168], 0, -1.0, [-0.27057213829325855, -0.014088153054031563]
[-0.27057213829325855, -0.014088153054031563], 0, -1.0, [-0.2873809269488409, -0.016808788655582333]
[-0.2873809269488409, -0.016808788655582333], 0, -1.0, [-0.3068167458070291, -0.01943581885818823]
[-0.3068167458070291, -0.01943581885818823], 0, -1.0, [-0.3287662193792921, -0.021949473572263015]
[-0.3287662193792921, -0.021949473572263015], 0, -1.0, [-0.3530951442339701, -0.024328924854677948]
[-0.3530951442339701, -0.024328924854677948], 0, -1.0, [-0.3796478073728902, -0.02655266313892011]
[-0.3796478073728902, -0.02655266313892011], 0, -1.0, [-0.4082468562936647, -0.028599048920774483]
[-0.4082468562936647, -0.028599048920774483], 0, -1.0, [-0.43869388030553597, -0.030447024011871254]
[-0.43869388030553597, -0.030447024011871254], 0, -1.0, [-0.47077082759332695, -0.03207694728779098]
[-0.47077082759332695, -0.03207694728779098], 0, -1.0, [-0.5042423279649147, -0.03347150037158777]
[-0.5042423279649147, -0.03347150037158777], 0, -1.0, [-0.5388589201189056, -0.034616592153990766]
[-0.5388589201189056, -0.034616592153990766], 0, -1.0, [-0.5743611011634836, -0.03550218104457803]
[-0.5743611011634836, -0.03550218104457803], 0, -1.0, [-0.6104840346177748, -0.036122933454291205]
[-0.6104840346177748, -0.036122933454291205], 0, -1.0, [-0.646962682489701, -0.03647864787192627]
[-0.646962682489701, -0.03647864787192627], 0, -1.0, [-0.683537078001286, -0.03657439551158506]
[-0.683537078001286, -0.03657439551158506], 0, -1.0, [-0.7199574360347051, -0.03642035803341906]
[-0.7199574360347051, -0.03642035803341906], 0, -1.0, [-0.7559888116161486, -0.036031375581443585]
[-0.7559888116161486, -0.036031375581443585], 0, -1.0, [-0.791415060472988, -0.03542624885683941]
[-0.791415060472988, -0.03542624885683941], 0, -1.0, [-0.8260419226799145, -0.03462686220692642]
[-0.8260419226799145, -0.03462686220692642], 0, -1.0, [-0.8596991301812645, -0.03365720750135001]
[-0.8596991301812645, -0.03365720750135001], 0, -1.0, [-0.892241520118985, -0.03254238993772049]
[-0.892241520118985, -0.03254238993772049], 0, -1.0, [-0.923549208287124, -0.031307688168138906]
[-0.923549208287124, -0.031307688168138906], 0, -1.0, [-0.9535269334743529, -0.029977725187229007]
[-0.9535269334743529, -0.029977725187229007], 0, -1.0, [-0.9821027203739979, -0.028575786899645]
[-0.9821027203739979, -0.028575786899645], 0, -1.0, [-1.0092260260118189, -0.02712330563782102]
[-1.0092260260118189, -0.02712330563782102], 0, -1.0, [-1.034865534779719, -0.02563950876790027]
[-1.034865534779719, -0.02563950876790027], 0, -1.0, [-1.0590067542370618, -0.02414121945734263]
[-1.0590067542370618, -0.02414121945734263], 2, -1.0, [-1.0796495424246761, -0.020642788187614267]
[-1.0796495424246761, -0.020642788187614267], 2, -1.0, [-1.0968041689893446, -0.01715462656466838]
[-1.0968041689893446, -0.01715462656466838], 2, -1.0, [-1.1104864286833909, -0.01368225969404618]
[-1.1104864286833909, -0.01368225969404618], 2, -1.0, [-1.1207136148423622, -0.01022718615897131]
[-1.1207136148423622, -0.01022718615897131], 2, -1.0, [-1.1275013568233339, -0.0067877419809715695]
[-1.1275013568233339, -0.0067877419809715695], 2, -1.0, [-1.1308612964911555, -0.003359939667821601]
[-1.1308612964911555, -0.003359939667821601], 2, -1.0, [-1.1307995693838098, 6.172710734566505e-05]
[-1.1307995693838098, 6.172710734566505e-05], 2, -1.0, [-1.1273160605617654, 0.003483508822044482]
[-1.1273160605617654, 0.003483508822044482], 2, -1.0, [-1.1204044182309632, 0.006911642330802159]
[-1.1204044182309632, 0.006911642330802159], 2, -1.0, [-1.1100528254622364, 0.010351592768726735]
[-1.1100528254622364, 0.010351592768726735], 2, -1.0, [-1.0962455474879556, 0.013807277974280894]
[-1.0962455474879556, 0.013807277974280894], 2, -1.0, [-1.0789652849093652, 0.017280262578590413]
[-1.0789652849093652, 0.017280262578590413], 2, -1.0, [-1.0581963671152848, 0.02076891779408036]
[-1.0581963671152848, 0.02076891779408036], 2, -1.0, [-1.0339288101546842, 0.024267556960600484]
[-1.0339288101546842, 0.024267556960600484], 2, -1.0, [-1.0061632336018103, 0.027765576552873962]
[-1.0061632336018103, 0.027765576552873962], 2, -1.0, [-0.9749165760599632, 0.03124665754184705]
[-0.9749165760599632, 0.03124665754184705], 2, -1.0, [-0.9402284646382548, 0.0346881114217083]
[-0.9402284646382548, 0.0346881114217083], 2, -1.0, [-0.9021679791317998, 0.03806048550645499]
[-0.9021679791317998, 0.03806048550645499], 2, -1.0, [-0.860840411993336, 0.041327567138463764]
[-0.860840411993336, 0.041327567138463764], 2, -1.0, [-0.816393474865341, 0.044446937127995134]
[-0.816393474865341, 0.044446937127995134], 2, -1.0, [-0.7690222669894489, 0.04737120787589213]
[-0.7690222669894489, 0.04737120787589213], 2, -1.0, [-0.7189722363860598, 0.0500500306033891]
[-0.7189722363860598, 0.0500500306033891], 2, -1.0, [-0.6665393730029808, 0.052432863383078995]
[-0.6665393730029808, 0.052432863383078995], 2, -1.0, [-0.6120670107128792, 0.054472362290101675]
[-0.6120670107128792, 0.054472362290101675], 2, -1.0, [-0.555938898860821, 0.056128111852058134]
[-0.555938898860821, 0.056128111852058134], 2, -1.0, [-0.49856861642528444, 0.05737028243553662]
[-0.49856861642528444, 0.05737028243553662], 2, -1.0, [-0.4403858838150883, 0.05818273261019611]
[-0.4403858838150883, 0.05818273261019611], 2, -1.0, [-0.3818207858328176, 0.05856509798227073]
[-0.3818207858328176, 0.05856509798227073], 2, -1.0, [-0.3232872503948175, 0.05853353543800011]
[-0.3232872503948175, 0.05853353543800011], 2, -1.0, [-0.2651672488698939, 0.05812000152492358]
[-0.2651672488698939, 0.05812000152492358], 2, -1.0, [-0.20779706359313105, 0.057370185276762846]
[-0.20779706359313105, 0.057370185276762846], 2, -1.0, [-0.15145663676509935, 0.0563404268280317]
[-0.15145663676509935, 0.0563404268280317], 2, -1.0, [-0.09636255431339043, 0.05509408245170892]
[-0.09636255431339043, 0.05509408245170892], 2, -1.0, [-0.04266473276540006, 0.05369782154799037]
[-0.04266473276540006, 0.05369782154799037], 2, -1.0, [0.009553538984392138, 0.0522182717497922]
[0.009553538984392138, 0.0522182717497922], 2, -1.0, [0.060272837452605095, 0.05071929846821296]
[0.060272837452605095, 0.05071929846821296], 0, -1.0, [0.1075328938575254, 0.047260056404920314]
[0.1075328938575254, 0.047260056404920314], 0, -1.0, [0.1514219133736526, 0.04388901951612719]
[0.1514219133736526, 0.04388901951612719], 0, -1.0, [0.19206447422590023, 0.040642560852247635]
[0.19206447422590023, 0.040642560852247635], 0, -1.0, [0.22961067837767382, 0.037546204151773586]
[0.22961067837767382, 0.037546204151773586], 0, -1.0, [0.26422691017482497, 0.03461623179715113]
[0.26422691017482497, 0.03461623179715113], 0, -1.0, [0.2960882956639598, 0.031861385489134836]
[0.2960882956639598, 0.031861385489134836], 0, -1.0, [0.32537278268875597, 0.029284487024796208]
[0.32537278268875597, 0.029284487024796208], 2, -1.0, [0.35425666460352934, 0.02888388191477336]
[0.35425666460352934, 0.02888388191477336], 0, -1.0, [0.38092441204295213, 0.026667747439422802]
[0.38092441204295213, 0.026667747439422802], 2, -1.0, [0.40755447686706475, 0.02663006482411264]
[0.40755447686706475, 0.02663006482411264], 0, -1.0, [0.43233168343011996, 0.024777206563055237]
[0.43233168343011996, 0.024777206563055237], 2, -1.0, [0.4574329073420818, 0.025101223911961863]
[0.4574329073420818, 0.025101223911961863], 0, -1.0, [0.4810411396045968, 0.023608232262515044]
[0.4810411396045968, 0.023608232262515044], 2, -1.0, [0.5053310560222974, 0.024289916417700626]
