[-0.4718644866272526, 0.0], 0, -1.0, [-0.4732509379546586, -0.0013864513274060174]
[-0.4732509379546586, -0.0013864513274060174], 0, -1.0, [-0.4760135638978868, -0.002762625943228187]
[-0.4760135638978868, -0.002762625943228187], 0, -1.0, [-0.4801318679794553, -0.004118304081568475]
[-0.4801318679794553, -0.004118304081568475], 0, -1.0, [-0.485575250745312, -0.005443382765856698]
[-0.485575250745312, -0.005443382765856698], 0, -1.0, [-0.49230319189261906, -0.0067279411473070636]
[-0.49230319189261906, -0.0067279411473070636], 0, -1.0, [-0.5002655052423256, -0.007962313349706504]
[-0.5002655052423256, -0.007962313349706504], 0, -1.0, [-0.5094026752392025, -0.009137169996876868]
[-0.5094026752392025, -0.009137169996876868], 0, -1.0, [-0.5196462838062325, -0.01024360856702994]
[-0.5196462838062325, -0.01024360856702994], 0, -1.0, [-0.5309195353670587, -0.011273251560826262]
[-0.5309195353670587, -0.011273251560826262], 0, -1.0, [-0.5431378856433976, -0.012218350276338868]
[-0.5431378856433976, -0.012218350276338868], 0, -1.0, [-0.5562097765002494, -0.013071890856851748]
[-0.5562097765002494, -0.013071890856851748], 0, -1.0, [-0.5700374748256064, -0.013827698325357051]
[-0.5700374748256064, -0.013827698325357051], 0, -1.0, [-0.5845180084733432, -0.014480533647736795]
[-0.5845180084733432, -0.014480533647736795], 0, -1.0, [-0.5995441870369921, -0.015026178563648834]
[-0.5995441870369921, -0.015026178563648834], 0, -1.0, [-0.6150056900867301, -0.015461503049738017]
[-0.6150056900867301, -0.015461503049738017], 0, -1.0, [-0.6307902009403171, -0.015784510853586967]
[-0.6307902009403171, -0.015784510853586967], 0, -1.0, [-0.6467845604720079, -0.015994359531690767]
[-0.6467845604720079, -0.015994359531690767], 0, -1.0, [-0.6628759132382968, -0.016091352766288862]
[-0.6628759132382968, -0.016091352766288862], 0, -1.0, [-0.6789528175472573, -0.01607690430896063]
[-0.6789528175472573, -0.01607690430896063], 0, -1.0, [-0.6949062921079203, -0.015953474560662956]
[-0.6949062921079203, -0.015953474560662956], 0, -1.0, [-0.7106307745035279, -0.015724482395607545]
[-0.7106307745035279, -0.015724482395607545], 0, -1.0, [-0.7260249707303322, -0.01539419622680439]
[-0.7260249707303322, -0.01539419622680439], 0, -1.0, [-0.7409925801086037, -0.014967609378271407]
[-0.7409925801086037, -0.014967609378271407], 0, -1.0, [-0.7554428856058256, -0.014450305497221889]
[-0.7554428856058256, -0.014450305497221889], 0, -1.0, [-0.7692912055859936, -0.01384831998016798]
[-0.7692912055859936, -0.01384831998016798], 2, -1.0, [-0.7804592088029818, -0.011168003216988166]
[-0.7804592088029818, -0.011168003216988166], 2, -1.0, [-0.7888858309145106, -0.00842662211152877]
[-0.7888858309145106, -0.00842662211152877], 2, -1.0, [-0.7945262870221586, -0.005640456107647951]
[-0.7945262870221586, -0.005640456107647951], 2, -1.0, [-0.7973512358272553, -0.0028249488050967465]
[-0.7973512358272553, -0.0028249488050967465], 2, -1.0, [-0.7973461769741068, 5.058853148532782e-06]
[-0.7973461769741068, 5.058853148532782e-06], 2, -1.0, [-0.7945111363124494, 0.0028350406616573618]
[-0.7945111363124494, 0.0028350406616573618], 2, -1.0, [-0.7888606664687373, 0.005650469843712071]
[-0.7888606664687373, 0.005650469843712071], 2, -1.0, [-0.7804241626772456, 0.008436503791491728]
[-0.7804241626772456, 0.008436503791491728], 2, -1.0, [-0.7692464663834298, 0.011177696293815773]
[-0.7692464663834298, 0.011177696293815773], 2, -1.0, [-0.75538870179049, 0.013857764592939695]
[-0.75538870179049, 0.013857764592939695], 2, -1.0, [-0.738929263683682, 0.016459438106808]
[-0.738929263683682, 0.016459438106808], 2, -1.0, [-0.7199648495224968, 0.0189644141611851]
[-0.7199648495224968, 0.0189644141611851], 2, -1.0, [-0.6986114066798513, 0.021353442842645558]
[-0.6986114066798513, 0.021353442842645558], 2, -1.0, [-0.6750048493515913, 0.02360655732825999]
[-0.6750048493515913, 0.02360655732825999], 2, -1.0, [-0.6493013921778122, 0.025703457173779073]
[-0.6493013921778122, 0.025703457173779073], 2, -1.0, [-0.6216773522935295, 0.027624039884282796]
[-0.6216773522935295, 0.027624039884282796], 2, -1.0, [-0.5923282911337674, 0.029349061159762057]
[-0.5923282911337674, 0.029349061159762057], 2, -1.0, [-0.5614674032853614, 0.030860887848405984]
[-0.5614674032853614, 0.030860887848405984], 2, -1.0, [-0.5293231112648606, 0.032144292020500724]
[-0.5293231112648606, 0.032144292020500724], 2, -1.0, [-0.4961358888370499, 0.03318722242781074]
[-0.4961358888370499, 0.03318722242781074], 2, -1.0, [-0.46215440512015693, 0.033981483716892955]
[-0.46215440512015693, 0.033981483716892955], 2, -1.0, [-0.4276311488625794, 0.03452325625757752]
[-0.4276311488625794, 0.03452325625757752], 2, -1.0, [-0.39281774771896205, 0.03481340114361739]
[-0.39281774771896205, 0.03481340114361739], 0, -1.0, [-0.3599602328473459, 0.03285751487161612]
[-0.3599602328473459, 0.03285751487161612], 0, -1.0, [-0.3292813019249087, 0.03067893092243726]
[-0.3292813019249087, 0.03067893092243726], 0, -1.0, [-0.3009785988389995, 0.028302703085909164]
[-0.3009785988389995, 0.028302703085909164], 0, -1.0, [-0.27522416476400446, 0.02575443407499504]
[-0.27522416476400446, 0.02575443407499504], 0, -1.0, [-0.2521648877715897, 0.023059276992414796]
[-0.2521648877715897, 0.023059276992414796], 0, -1.0, [-0.2319237269147877, 0.02024116085680199]
[-0.2319237269147877, 0.02024116085680199], 0, -1.0, [-0.21460146510931755, 0.01732226180547013]
[-0.21460146510931755, 0.01732226180547013], 0, -1.0, [-0.20027874828206965, 0.01432271682724788]
[-0.20027874828206965, 0.01432271682724788], 0, -1.0, [-0.18901818932238568, 0.011260558959683989]
[-0.18901818932238568, 0.011260558959683989], 0, -1.0, [-0.1808663472887107, 0.008151842033674972]
[-0.1808663472887107, 0.008151842033674972], 0, -1.0, [-0.17585542906749477, 0.005010918221215931]
[-0.17585542906749477, 0.005010918221215931], 0, -1.0, [-0.17400459793897521, 0.0018508311285195646]
[-0.17400459793897521, 0.0018508311285195646], 0, -1.0, [-0.1753208088268137, -0.0013162108878384707]
[-0.1753208088268137, -0.0013162108878384707], 0, -1.0, [-0.17979912261532685, -0.004478313788513165]
[-0.17979912261532685, -0.004478313788513165], 0, -1.0, [-0.18742248230504022, -0.007623359689713359]
[-0.18742248230504022, -0.007623359689713359], 0, -1.0, [-0.19816096323859772, -0.01073848093355751]
[-0.19816096323859772, -0.01073848093355751], 0, -1.0, [-0.21197053975451347, -0.013809576515915757]
[-0.21197053975451347, -0.013809576515915757], 0, -1.0, [-0.22879144279536, -0.016820903040846533]
[-0.22879144279536, -0.016820903040846533], 0, -1.0, [-0.2485462178750413, -0.019754775079681302]
[-0.2485462178750413, -0.019754775079681302], 0, -1.0, [-0.2711376298630802, -0.02259141198803891]
[-0.2711376298630802, -0.02259141198803891], 0, -1.0, [-0.29644659812617447, -0.025308968263094228]
[-0.29644659812617447, -0.025308968263094228], 0, -1.0, [-0.3243303786805214, -0.027883780554346906]
[-0.3243303786805214, -0.027883780554346906], 0, -1.0, [-0.35462123338640916, -0.0302908547058878]
[-0.35462123338640916, -0.0302908547058878], 0, -1.0, [-0.387125832895422, -0.032504599509012855]
[-0.387125832895422, -0.032504599509012855], 0, -1.0, [-0.4216256230440697, -0.03449979014864766]
[-0.4216256230440697, -0.03449979014864766], 0, -1.0, [-0.4578783383678198, -0.036252715323750115]
[-0.4578783383678198, -0.036252715323750115], 0, -1.0, [-0.4956207697679253, -0.037742431400105456]
[-0.4956207697679253, -0.037742431400105456], 0, -1.0, [-0.5345727899200385, -0.03895202015211324]
[-0.5345727899200385, -0.03895202015211324], 0, -1.0, [-0.5744425198318145, -0.03986972991177596]
[-0.5744425198318145, -0.03986972991177596], 0, -1.0, [-0.6149323985917114, -0.040489878759896965]
[-0.6149323985917114, -0.040489878759896965], 0, -1.0, [-0.655745814319835, -0.040813415728123574]
[-0.655745814319835, -0.040813415728123574], 0, -1.0, [-0.6965938852128866, -0.04084807089305152]
[-0.6965938852128866, -0.04084807089305152], 0, -1.0, [-0.7372019577781355, -0.04060807256524888]
[-0.7372019577781355, -0.04060807256524888], 0, -1.0, [-0.7773154188947694, -0.04011346111663399]
[-0.7773154188947694, -0.04011346111663399], 0, -1.0, [-0.8167044937613364, -0.03938907486656695]
[-0.8167044937613364, -0.03938907486656695], 0, -1.0, [-0.855167809569291, -0.03846331580795464]
[-0.855167809569291, -0.03846331580795464], 0, -1.0, [-0.8925346267613987, -0.03736681719210778]
[-0.8925346267613987, -0.03736681719210778], 2, -1.0, [-0.9266657575394193, -0.03413113077802051]
[-0.9266657575394193, -0.03413113077802051], 2, -1.0, [-0.9574585542642726, -0.030792796724853404]
[-0.9574585542642726, -0.030792796724853404], 2, -1.0, [-0.9848414023539545, -0.027382848089681867]
[-0.9848414023539545, -0.027382848089681867], 2, -1.0, [-1.0087678662821324, -0.02392646392817798]
[-1.0087678662821324, -0.02392646392817798], 2, -1.0, [-1.029210926273461, -0.02044305999132866]
[-1.029210926273461, -0.02044305999132866], 2, -1.0, [-1.0461576249668765, -0.016946698693415464]
[-1.0461576249668765, -0.016946698693415464], 2, -1.0, [-1.0596043358265559, -0.013446710859679432]
[-1.0596043358265559, -0.013446710859679432], 2, -1.0, [-1.0695527781797567, -0.009948442353200797]
[-1.0695527781797567, -0.009948442353200797], 2, -1.0, [-1.0760068406829066, -0.006454062503150021]
[-1.0760068406829066, -0.006454062503150021], 2, -1.0, [-1.0789702345958159, -0.0029633939129091254]
[-1.0789702345958159, -0.0029633939129091254], 2, -1.0, [-1.0784449768260636, 0.000525257769752421]
[-1.0784449768260636, 0.000525257769752421], 2, -1.0, [-1.0744306955327865, 0.004014281293277122]
[-1.0744306955327865, 0.004014281293277122], 2, -1.0, [-1.066924753096305, 0.007505942436481405]
[-1.066924753096305, 0.007505942436481405], 2, -1.0, [-1.0559231874602015, 0.011001565636103657]
[-1.0559231874602015, 0.011001565636103657], 2, -1.0, [-1.0414224783133808, 0.014500709146820749]
[-1.0414224783133808, 0.014500709146820749], 2, -1.0, [-1.0234221443611764, 0.018000333952204284]
[-1.0234221443611764, 0.018000333952204284], 2, -1.0, [-1.0019281670005584, 0.021493977360618043]
[-1.0019281670005584, 0.021493977360618043], 2, -1.0, [-0.97695720904463, 0.024970957955928404]
[-0.97695720904463, 0.024970957955928404], 2, -1.0, [-0.9485415502001879, 0.02841565884444205]
[-0.9485415502001879, 0.02841565884444205], 2, -1.0, [-0.9167345907131336, 0.0318069594870544]
[-0.9167345907131336, 0.0318069594870544], 2, -1.0, [-0.881616680897782, 0.035117909815351546]
[-0.881616680897782, 0.035117909815351546], 2, -1.0, [-0.8433009221353641, 0.03831575876241791]
[-0.8433009221353641, 0.03831575876241791], 2, -1.0, [-0.801938466456482, 0.04136245567888204]
[-0.801938466456482, 0.04136245567888204], 2, -1.0, [-0.7577227374959024, 0.044215728960579695]
[-0.7577227374959024, 0.044215728960579695], 2, -1.0, [-0.710891933556209, 0.04683080393969333]
[-0.710891933556209, 0.04683080393969333], 2, -1.0, [-0.66172918548491, 0.049162748071299014]
[-0.66172918548491, 0.049162748071299014], 2, -1.0, [-0.6105598555135235, 0.05116932997138641]
[-0.6105598555135235, 0.05116932997138641], 2, -1.0, [-0.5577456905282776, 0.052814164985245965]
[-0.5577456905282776, 0.052814164985245965], 2, -1.0, [-0.5036758713727754, 0.0540698191555023]
[-0.5036758713727754, 0.0540698191555023], 2, -1.0, [-0.44875538505163937, 0.05492048632113599]
[-0.44875538505163937, 0.05492048632113599], 2, -1.0, [-0.3933915196095229, 0.05536386544211647]
[-0.3933915196095229, 0.05536386544211647], 2, -1.0, [-0.3379795627184608, 0.0554119568910621]
[-0.3379795627184608, 0.0554119568910621], 2, -1.0, [-0.28288890882239753, 0.05509065389606327]
[-0.28288890882239753, 0.05509065389606327], 2, -1.0, [-0.2284507154795071, 0.054438193342890434]
[-0.2284507154795071, 0.054438193342890434], 2, -1.0, [-0.1749480126504468, 0.0535027028290603]
[-0.1749480126504468, 0.0535027028290603], 2, -1.0, [-0.12260881507465027, 0.052339197575796526]
[-0.12260881507465027, 0.052339197575796526], 2, -1.0, [-0.07160239533290726, 0.05100641974174301]
[-0.07160239533290726, 0.05100641974174301], 2, -1.0, [-0.022038519372207438, 0.04956387596069982]
[-0.022038519372207438, 0.04956387596069982], 2, -1.0, [0.026030818682149612, 0.04806933805435705]
[0.026030818682149612, 0.04806933805435705], 2, -1.0, [0.07260777590285944, 0.04657695722070983]
[0.07260777590285944, 0.04657695722070983], 2, -1.0, [0.1177438077448773, 0.04513603184201787]
[0.1177438077448773, 0.04513603184201787], 0, -1.0, [0.15953419018107556, 0.04179038243619827]
[0.15953419018107556, 0.04179038243619827], 0, -1.0, [0.19810547421645897, 0.03857128403538339]
[0.19810547421645897, 0.03857128403538339], 0, -1.0, [0.23360542961081393, 0.03549995539435495]
[0.23360542961081393, 0.03549995539435495], 0, -1.0, [0.2661945948431152, 0.032589165232301265]
[0.2661945948431152, 0.032589165232301265], 0, -1.0, [0.29603945522261393, 0.02984486037949874]
[0.29603945522261393, 0.02984486037949874], 0, -1.0, [0.32330713291121704, 0.027267677688603137]
[0.32330713291121704, 0.027267677688603137], 2, -1.0, [0.35016139968363097, 0.026854266772413902]
[0.35016139968363097, 0.026854266772413902], 0, -1.0, [0.37477278899584954, 0.02461138931221856]
[0.37477278899584954, 0.02461138931221856], 2, -1.0, [0.39930469972816346, 0.024531910732313904]
[0.39930469972816346, 0.024531910732313904], 2, -1.0, [0.42392585769585095, 0.024621157967687473]
[0.42392585769585095, 0.024621157967687473], 0, -1.0, [0.44681055905315437, 0.02288470135730343]
[0.44681055905315437, 0.02288470135730343], 0, -1.0, [0.4681244290217921, 0.021313869968637728]
[0.4681244290217921, 0.021313869968637728], 2, -1.0, [0.4900241592986363, 0.021899730276844248]
[0.4900241592986363, 0.021899730276844248], 0, -1.0, [0.5106725055177325, 0.020648346219096152]
