[-0.5744701970177647, 0.0], 0, -1.0, [-0.5750901406983647, -0.0006199436806000274]
[-0.5750901406983647, -0.0006199436806000274], 0, -1.0, [-0.576325433183818, -0.0012352924854532625]
[-0.576325433183818, -0.0012352924854532625], 0, -1.0, [-0.5781669227613103, -0.0018414895774923517]
[-0.5781669227613103, -0.0018414895774923517], 0, -1.0, [-0.5806009767617879, -0.002434054000477589]
[-0.5806009767617879, -0.002434054000477589], 0, -1.0, [-0.5836095948716307, -0.003008618109842768]
[-0.5836095948716307, -0.003008618109842768], 0, -1.0, [-0.5871705592145909, -0.003560964342960273]
[-0.5871705592145909, -0.003560964342960273], 0, -1.0, [-0.591257620247157, -0.004087061032566027]
[-0.591257620247157, -0.004087061032566027], 0, -1.0, [-0.5958407171601074, -0.004583096912950493]
[-0.5958407171601074, -0.004583096912950493], 0, -1.0, [-0.6008862310737642, -0.005045513913656695]
[-0.6008862310737642, -0.005045513913656695], 0, -1.0, [-0.6063572688605907, -0.005471037786826614]
[-0.6063572688605907, -0.005471037786826614], 0, -1.0, [-0.6122139749395652, -0.005856706078974464]
[-0.6122139749395652, -0.005856706078974464], 2, -1.0, [-0.6164138678817234, -0.004199892942158154]
[-0.6164138678817234, -0.004199892942158154], 0, -1.0, [-0.6209266079738077, -0.004512740092084302]
[-0.6209266079738077, -0.004512740092084302], 0, -1.0, [-0.6257197172275746, -0.004793109253766807]
[-0.6257197172275746, -0.004793109253766807], 0, -1.0, [-0.6307588444255737, -0.005039127197999196]
[-0.6307588444255737, -0.005039127197999196], 0, -1.0, [-0.6360080434237922, -0.005249198998218483]
[-0.6360080434237922, -0.005249198998218483], 0, -1.0, [-0.6414300616398947, -0.005422018216102489]
[-0.6414300616398947, -0.005422018216102489], 0, -1.0, [-0.6469866354987951, -0.00555657385890041]
[-0.6469866354987951, -0.00555657385890041], 0, -1.0, [-0.6526387895153078, -0.0056521540165127716]
[-0.6526387895153078, -0.0056521540165127716], 0, -1.0, [-0.6583471356751749, -0.005708346159867085]
[-0.6583471356751749, -0.005708346159867085], 0, -1.0, [-0.6640721698360655, -0.005725034160890618]
[-0.6640721698360655, -0.005725034160890618], 0, -1.0, [-0.6697745620105997, -0.005702392174534172]
[-0.6697745620105997, -0.005702392174534172], 0, -1.0, [-0.6754154376113671, -0.005640875600767469]
[-0.6754154376113671, -0.005640875600767469], 0, -1.0, [-0.6809566470265804, -0.005541209415213327]
[-0.6809566470265804, -0.005541209415213327], 0, -1.0, [-0.6863610212440054, -0.005404374217424976]
[-0.6863610212440054, -0.005404374217424976], 0, -1.0, [-0.6915926116366606, -0.005231590392655153]
[-0.6915926116366606, -0.005231590392655153], 2, -1.0, [-0.6946169124507031, -0.003024300814042531]
[-0.6946169124507031, -0.003024300814042531], 2, -1.0, [-0.6954141115508171, -0.0007971991001139858]
[-0.6954141115508171, -0.0007971991001139858], 2, -1.0, [-0.6939790032573624, 0.001435108293454767]
[-0.6939790032573624, 0.001435108293454767], 2, -1.0, [-0.6903209638292261, 0.003658039428136217]
[-0.6903209638292261, 0.003658039428136217], 2, -1.0, [-0.6844639951355329, 0.005856968693693209]
[-0.6844639951355329, 0.005856968693693209], 2, -1.0, [-0.6764468265584365, 0.008017168577096492]
[-0.6764468265584365, 0.008017168577096492], 2, -1.0, [-0.6663230501775727, 0.01012377638086381]
[-0.6663230501775727, 0.01012377638086381], 2, -1.0, [-0.6541612506296194, 0.012161799547953267]
[-0.6541612506296194, 0.012161799547953267], 2, -1.0, [-0.6400450796120037, 0.014116171017615666]
[-0.6400450796120037, 0.014116171017615666], 1, -1.0, [-0.6250732167829337, 0.014971862829070053]
[-0.6250732167829337, 0.014971862829070053], 0, -1.0, [-0.6103519962932713, 0.014721220489662347]
[-0.6103519962932713, 0.014721220489662347], 0, -1.0, [-0.5959874471084611, 0.014364549184810223]
[-0.5959874471084611, 0.014364549184810223], 0, -1.0, [-0.5820842402455517, 0.013903206862909382]
[-0.5820842402455517, 0.013903206862909382], 0, -1.0, [-0.5687446395259631, 0.01333960071958857]
[-0.5687446395259631, 0.01333960071958857], 0, -1.0, [-0.5560674790354053, 0.012677160490557778]
[-0.5560674790354053, 0.012677160490557778], 2, -1.0, [-0.5421471881632377, 0.013920290872167595]
[-0.5421471881632377, 0.013920290872167595], 0, -1.0, [-0.5290878559771756, 0.01305933218606211]
[-0.5290878559771756, 0.01305933218606211], 0, -1.0, [-0.5169873575488393, 0.012100498428336295]
[-0.5169873575488393, 0.012100498428336295], 0, -1.0, [-0.5059364415047926, 0.011050916044046701]
[-0.5059364415047926, 0.011050916044046701], 0, -1.0, [-0.496017930988692, 0.00991851051610054]
[-0.496017930988692, 0.00991851051610054], 0, -1.0, [-0.48730604085360063, 0.008711890135091363]
[-0.48730604085360063, 0.008711890135091363], 0, -1.0, [-0.47986580875914664, 0.007440232094454014]
[-0.47986580875914664, 0.007440232094454014], 0, -1.0, [-0.47375263374778454, 0.006113175011362111]
[-0.47375263374778454, 0.006113175011362111], 0, -1.0, [-0.46901191304918716, 0.004740720698597393]
[-0.46901191304918716, 0.004740720698597393], 0, -1.0, [-0.4656787664157184, 0.003333146633468737]
[-0.4656787664157184, 0.003333146633468737], 0, -1.0, [-0.46377783720794186, 0.0019009292077765607]
[-0.46377783720794186, 0.0019009292077765607], 0, -1.0, [-0.4633231606044512, 0.00045467660349061533]
[-0.4633231606044512, 0.00045467660349061533], 0, -1.0, [-0.46431809149684644, -0.00099493089239521]
[-0.46431809149684644, -0.00099493089239521], 0, -1.0, [-0.4667552875767344, -0.0024371960798879673]
[-0.4667552875767344, -0.0024371960798879673], 0, -1.0, [-0.47061674651297425, -0.0038614589362398217]
[-0.47061674651297425, -0.0038614589362398217], 0, -1.0, [-0.47587389961649346, -0.005257153103519182]
[-0.47587389961649346, -0.005257153103519182], 0, -1.0, [-0.48248776765391777, -0.006613868037424296]
[-0.48248776765391777, -0.006613868037424296], 0, -1.0, [-0.4904091871690009, -0.007921419515083114]
[-0.4904091871690009, -0.007921419515083114], 0, -1.0, [-0.4995791175016907, -0.009169930332689837]
[-0.4995791175016907, -0.009169930332689837], 0, -1.0, [-0.5099290394081097, -0.010349921906419039]
[-0.5099290394081097, -0.010349921906419039], 0, -1.0, [-0.5213814556019343, -0.011452416193824554]
[-0.5213814556019343, -0.011452416193824554], 0, -1.0, [-0.5338505015730903, -0.012469045971156006]
[-0.5338505015730903, -0.012469045971156006], 0, -1.0, [-0.5472426717200027, -0.013392170146912451]
[-0.5472426717200027, -0.013392170146912451], 0, -1.0, [-0.5614576613081479, -0.01421498958814518]
[-0.5614576613081479, -0.01421498958814518], 0, -1.0, [-0.5763893193181572, -0.014931658010009273]
[-0.5763893193181572, -0.014931658010009273], 0, -1.0, [-0.5919267012632785, -0.015537381945121345]
[-0.5919267012632785, -0.015537381945121345], 0, -1.0, [-0.6079552050169832, -0.016028503753704636]
[-0.6079552050169832, -0.016028503753704636], 0, -1.0, [-0.6243577671187752, -0.016402562101792036]
[-0.6243577671187752, -0.016402562101792036], 0, -1.0, [-0.6410160924316013, -0.01665832531282609]
[-0.6410160924316013, -0.01665832531282609], 0, -1.0, [-0.657811886851796, -0.0167957944201947]
[-0.657811886851796, -0.0167957944201947], 0, -1.0, [-0.6746280613457313, -0.01681617449393524]
[-0.6746280613457313, -0.01681617449393524], 0, -1.0, [-0.6913498760693355, -0.01672181472360424]
[-0.6913498760693355, -0.01672181472360424], 0, -1.0, [-0.7078659957003245, -0.016516119630988976]
[-0.7078659957003245, -0.016516119630988976], 0, -1.0, [-0.724069431184923, -0.016203435484598468]
[-0.724069431184923, -0.016203435484598468], 0, -1.0, [-0.739858348527991, -0.015788917343068132]
[-0.739858348527991, -0.015788917343068132], 0, -1.0, [-0.7551367315898939, -0.015278383061902828]
[-0.7551367315898939, -0.015278383061902828], 2, -1.0, [-0.767814892597629, -0.01267816100773509]
[-0.767814892597629, -0.01267816100773509], 2, -1.0, [-0.7778209516617705, -0.010006059064141391]
[-0.7778209516617705, -0.010006059064141391], 2, -1.0, [-0.785099881252828, -0.0072789295910576195]
[-0.785099881252828, -0.0072789295910576195], 2, -1.0, [-0.7896126264784317, -0.0045127452256036645]
[-0.7896126264784317, -0.0045127452256036645], 2, -1.0, [-0.7913353960724316, -0.00172276959400002]
[-0.7913353960724316, -0.00172276959400002], 2, -1.0, [-0.7902591938576412, 0.0010762022147904138]
[-0.7902591938576412, 0.0010762022147904138], 2, -1.0, [-0.7863896340657218, 0.003869559791919347]
[-0.7863896340657218, 0.003869559791919347], 2, -1.0, [-0.779747057081166, 0.006642576984555811]
[-0.779747057081166, 0.006642576984555811], 2, -1.0, [-0.770366935260336, 0.009380121820830074]
[-0.770366935260336, 0.009380121820830074], 2, -1.0, [-0.7583005316181886, 0.01206640364214745]
[-0.7583005316181886, 0.01206640364214745], 2, -1.0, [-0.743615747645904, 0.014684783972284593]
[-0.743615747645904, 0.014684783972284593], 2, -1.0, [-0.7263980709872795, 0.017217676658624493]
[-0.7263980709872795, 0.017217676658624493], 2, -1.0, [-0.7067515104385909, 0.019646560548688578]
[-0.7067515104385909, 0.019646560548688578], 2, -1.0, [-0.6847993867441374, 0.021952123694453447]
[-0.6847993867441374, 0.021952123694453447], 2, -1.0, [-0.6606848355966066, 0.02411455114753078]
[-0.6606848355966066, 0.02411455114753078], 2, -1.0, [-0.634570877160952, 0.0261139584356547]
[-0.634570877160952, 0.0261139584356547], 2, -1.0, [-0.6066399172396957, 0.02793095992125627]
[-0.6066399172396957, 0.02793095992125627], 2, -1.0, [-0.5770925709688565, 0.029547346270839214]
[-0.5770925709688565, 0.029547346270839214], 2, -1.0, [-0.5461457411339183, 0.03094682983493812]
[-0.5461457411339183, 0.03094682983493812], 2, -1.0, [-0.514029937976625, 0.032115803157293316]
[-0.514029937976625, 0.032115803157293316], 2, -1.0, [-0.4809858912452335, 0.033044046731391476]
[-0.4809858912452335, 0.033044046731391476], 2, -1.0, [-0.4472605713444294, 0.033725319900804046]
[-0.4472605713444294, 0.033725319900804046], 2, -1.0, [-0.413102796380047, 0.03415777496438241]
[-0.413102796380047, 0.03415777496438241], 2, -1.0, [-0.37875864721864594, 0.03434414916140104]
[-0.37875864721864594, 0.03434414916140104], 2, -1.0, [-0.3444669365686584, 0.034291710649987546]
[-0.3444669365686584, 0.034291710649987546], 0, -1.0, [-0.31245497682566825, 0.03201195974299012]
[-0.31245497682566825, 0.03201195974299012], 0, -1.0, [-0.2829228019493895, 0.02953217487627873]
[-0.2829228019493895, 0.02953217487627873], 0, -1.0, [-0.25604289686727405, 0.02687990508211548]
[-0.25604289686727405, 0.02687990508211548], 0, -1.0, [-0.23196102202584878, 0.024081874841425273]
[-0.23196102202584878, 0.024081874841425273], 0, -1.0, [-0.21079786693377614, 0.021163155092072637]
[-0.21079786693377614, 0.021163155092072637], 0, -1.0, [-0.19265124938562622, 0.018146617548149915]
[-0.19265124938562622, 0.018146617548149915], 0, -1.0, [-0.17759858756979652, 0.015052661815829699]
[-0.17759858756979652, 0.015052661815829699], 0, -1.0, [-0.16569940162676605, 0.011899185943030462]
[-0.16569940162676605, 0.011899185943030462], 0, -1.0, [-0.15699764083329582, 0.008701760793470225]
[-0.15699764083329582, 0.008701760793470225], 0, -1.0, [-0.15152367545930112, 0.005473965373994694]
[-0.15152367545930112, 0.005473965373994694], 0, -1.0, [-0.14929583374346903, 0.0022278417158320828]
[-0.14929583374346903, 0.0022278417158320828], 0, -1.0, [-0.1503214019192245, -0.0010255681757554602]
[-0.1503214019192245, -0.0010255681757554602], 0, -1.0, [-0.15459703831391933, -0.0042756363946948265]
[-0.15459703831391933, -0.0042756363946948265], 0, -1.0, [-0.1621085822185702, -0.007511543904650853]
[-0.1621085822185702, -0.007511543904650853], 0, -1.0, [-0.17283026636737628, -0.010721684148806086]
[-0.17283026636737628, -0.010721684148806086], 0, -1.0, [-0.18672337072376474, -0.013893104356388465]
[-0.18672337072376474, -0.013893104356388465], 0, -1.0, [-0.20373438692394663, -0.017011016200181875]
[-0.20373438692394663, -0.017011016200181875], 0, -1.0, [-0.22379279855687065, -0.020058411632924013]
[-0.22379279855687065, -0.020058411632924013], 0, -1.0, [-0.246808622582633, -0.02301582402576236]
[-0.246808622582633, -0.02301582402576236], 0, -1.0, [-0.27266989994414126, -0.025861277361508228]
[-0.27266989994414126, -0.025861277361508228], 0, -1.0, [-0.30124036494253725, -0.02857046499839597]
[-0.30124036494253725, -0.02857046499839597], 0, -1.0, [-0.3323575570352204, -0.03111719209268317]
[-0.3323575570352204, -0.03111719209268317], 0, -1.0, [-0.36583165725211697, -0.033474100216896535]
[-0.36583165725211697, -0.033474100216896535], 0, -1.0, [-0.4014453254577729, -0.0356136682056559]
[-0.4014453254577729, -0.0356136682056559], 0, -1.0, [-0.43895477631693214, -0.03750945085915924]
[-0.43895477631693214, -0.03750945085915924], 0, -1.0, [-0.47809225667230565, -0.039137480355373525]
[-0.47809225667230565, -0.039137480355373525], 0, -1.0, [-0.5185699767423642, -0.04047772007005848]
[-0.5185699767423642, -0.04047772007005848], 0, -1.0, [-0.5600854113731691, -0.04151543463080501]
[-0.5600854113731691, -0.04151543463080501], 0, -1.0, [-0.6023277423628643, -0.04224233098969516]
[-0.6023277423628643, -0.04224233098969516], 0, -1.0, [-0.6449850806055794, -0.04265733824271502]
[-0.6449850806055794, -0.04265733824271502], 0, -1.0, [-0.6877520101211717, -0.04276692951559237]
[-0.6877520101211717, -0.04276692951559237], 0, -1.0, [-0.7303369527877944, -0.04258494266662274]
[-0.7303369527877944, -0.04258494266662274], 0, -1.0, [-0.7724688710799494, -0.042131918292154964]
[-0.7724688710799494, -0.042131918292154964], 0, -1.0, [-0.813902902789526, -0.041434031709576616]
[-0.813902902789526, -0.041434031709576616], 0, -1.0, [-0.8544246421324156, -0.040521739342889655]
[-0.8544246421324156, -0.040521739342889655], 0, -1.0, [-0.8938529243627584, -0.03942828223034275]
[-0.8938529243627584, -0.03942828223034275], 0, -1.0, [-0.9320411129535343, -0.03818818859077592]
[-0.9320411129535343, -0.03818818859077592], 0, -1.0, [-0.9688770099735816, -0.03683589702004732]
[-0.9688770099735816, -0.03683589702004732], 0, -1.0, [-1.004281598802939, -0.03540458882935737]
[-1.004281598802939, -0.03540458882935737], 0, -1.0, [-1.038206879040253, -0.03392528023731405]
[-1.038206879040253, -0.03392528023731405], 0, -1.0, [-1.0706330685845296, -0.032426189544276604]
[-1.0706330685845296, -0.032426189544276604], 0, -1.0, [-1.1015654343481802, -0.030932365763650656]
[-1.1015654343481802, -0.030932365763650656], 0, -1.0, [-1.1310309799580667, -0.029465545609886373]
[-1.1310309799580667, -0.029465545609886373], 0, -1.0, [-1.1590751751813513, -0.02804419522328456]
[-1.1590751751813513, -0.02804419522328456], 0, -1.0, [-1.1857588652753144, -0.026683690093962986]
[-1.1857588652753144, -0.026683690093962986], 0, -1.0, [-1.2, 0.0]
[-1.2, 0.0], 2, -1.0, [-1.1967581039591646, 0.003241896040835368]
[-1.1967581039591646, 0.003241896040835368], 2, -1.0, [-1.1902636585360942, 0.006494445423070332]
[-1.1902636585360942, 0.006494445423070332], 2, -1.0, [-1.1804959639787937, 0.009767694557300442]
[-1.1804959639787937, 0.009767694557300442], 2, -1.0, [-1.1674255149588486, 0.013070449019945182]
[-1.1674255149588486, 0.013070449019945182], 2, -1.0, [-1.1510159267200155, 0.016409588238833067]
[-1.1510159267200155, 0.016409588238833067], 2, -1.0, [-1.1312266168239755, 0.019789309896040046]
[-1.1312266168239755, 0.019789309896040046], 2, -1.0, [-1.108016322100852, 0.02321029472312345]
[-1.108016322100852, 0.02321029472312345], 2, -1.0, [-1.081347524946184, 0.02666879715466819]
[-1.081347524946184, 0.02666879715466819], 2, -1.0, [-1.0511918363028878, 0.03015568864329602]
[-1.0511918363028878, 0.03015568864329602], 2, -1.0, [-1.0175363271434712, 0.0336555091594167]
[-1.0175363271434712, 0.0336555091594167], 2, -1.0, [-0.9803907090723114, 0.03714561807115983]
[-0.9803907090723114, 0.03714561807115983], 2, -1.0, [-0.9397951336374217, 0.04059557543488971]
[-0.9397951336374217, 0.04059557543488971], 2, -1.0, [-0.8958282112564235, 0.043966922380998245]
[-0.8958282112564235, 0.043966922380998245], 2, -1.0, [-0.8486146572192776, 0.04721355403714586]
[-0.8486146572192776, 0.04721355403714586], 2, -1.0, [-0.7983317816221248, 0.05028287559715283]
[-0.7983317816221248, 0.05028287559715283], 2, -1.0, [-0.7452138959379592, 0.0531178856841656]
[-0.7452138959379592, 0.0531178856841656], 2, -1.0, [-0.6895536666604415, 0.0556602292775177]
[-0.6895536666604415, 0.0556602292775177], 2, -1.0, [-0.6316995610792892, 0.057854105581152386]
[-0.6316995610792892, 0.057854105581152386], 2, -1.0, [-0.5720488365336812, 0.05965072454560789]
[-0.5720488365336812, 0.05965072454560789], 2, -1.0, [-0.5110360146660762, 0.061012821867605024]
[-0.5110360146660762, 0.061012821867605024], 2, -1.0, [-0.44911739120176025, 0.061918623464315904]
[-0.44911739120176025, 0.061918623464315904], 2, -1.0, [-0.38675274139346727, 0.06236464980829299]
[-0.38675274139346727, 0.06236464980829299], 2, -1.0, [-0.3243858485235833, 0.06236689286988392]
[-0.3243858485235833, 0.06236689286988392], 2, -1.0, [-0.2624256859117381, 0.061960162611845254]
[-0.2624256859117381, 0.061960162611845254], 2, -1.0, [-0.20122996568717166, 0.061195720224566416]
[-0.20122996568717166, 0.061195720224566416], 1, -1.0, [-0.14209236178367496, 0.0591376039034967]
[-0.14209236178367496, 0.0591376039034967], 2, -1.0, [-0.08423103643352586, 0.057861325350149095]
[-0.08423103643352586, 0.057861325350149095], 2, -1.0, [-0.027790317640707364, 0.0564407187928185]
[-0.027790317640707364, 0.0564407187928185], 2, -1.0, [0.027159084515469036, 0.0549494021561764]
[0.027159084515469036, 0.0549494021561764], 0, -1.0, [0.07861678026056683, 0.051457695745097794]
[0.07861678026056683, 0.051457695745097794], 0, -1.0, [0.12664368602099552, 0.04802690576042868]
[0.12664368602099552, 0.04802690576042868], 0, -1.0, [0.17134886626806128, 0.044705180247065775]
[0.17134886626806128, 0.044705180247065775], 0, -1.0, [0.21287714174011618, 0.041528275472054905]
[0.21287714174011618, 0.041528275472054905], 0, -1.0, [0.2513981364294526, 0.0385209946893364]
[0.2513981364294526, 0.0385209946893364], 0, -1.0, [0.28709707269630463, 0.035698936266852076]
[0.28709707269630463, 0.035698936266852076], 0, -1.0, [0.3201673630018467, 0.03307029030554207]
[0.3201673630018467, 0.03307029030554207], 0, -1.0, [0.3508048817905899, 0.030637518788743143]
[0.3508048817905899, 0.030637518788743143], 0, -1.0, [0.37920371287957383, 0.02839883108898392]
[0.37920371287957383, 0.02839883108898392], 0, -1.0, [0.4055531341940321, 0.0263494213144583]
[0.4055531341940321, 0.0263494213144583], 0, -1.0, [0.4300356030687534, 0.024482468874721275]
[0.4300356030687534, 0.024482468874721275], 2, -1.0, [0.45482552632486095, 0.024789923256107595]
[0.45482552632486095, 0.024789923256107595], 0, -1.0, [0.4781033018413435, 0.0232777755164825]
[0.4781033018413435, 0.0232777755164825], 2, -1.0, [0.5020409197113364, 0.023937617869992833]
