[-0.463456878345595, 0.0], 0, -1.0, [-0.46490549927395297, -0.0014486209283579498]
[-0.46490549927395297, -0.0014486209283579498], 0, -1.0, [-0.46779204863262713, -0.002886549358674146]
[-0.46779204863262713, -0.002886549358674146], 0, -1.0, [-0.472095195887513, -0.0043031472548858574]
[-0.472095195887513, -0.0043031472548858574], 0, -1.0, [-0.47778308485603427, -0.005687888968521312]
[-0.47778308485603427, -0.005687888968521312], 0, -1.0, [-0.4848135106064063, -0.007030425750372025]
[-0.4848135106064063, -0.007030425750372025], 0, -1.0, [-0.49313416991221826, -0.008320659305811927]
[-0.49313416991221826, -0.008320659305811927], 0, -1.0, [-0.502682995811411, -0.00954882589919275]
[-0.502682995811411, -0.00954882589919275], 0, -1.0, [-0.51338858714151, -0.010705591330099106]
[-0.51338858714151, -0.010705591330099106], 0, -1.0, [-0.5251707429111958, -0.011782155769685764]
[-0.5251707429111958, -0.011782155769685764], 0, -1.0, [-0.537941108969735, -0.012770366058539151]
[-0.537941108969735, -0.012770366058539151], 0, -1.0, [-0.5516039407152761, -0.013662831745541086]
[-0.5516039407152761, -0.013662831745541086], 0, -1.0, [-0.5660569807319408, -0.01445304001666474]
[-0.5660569807319408, -0.01445304001666474], 0, -1.0, [-0.5811924445797938, -0.015135463847853062]
[-0.5811924445797938, -0.015135463847853062], 0, -1.0, [-0.5968981019041784, -0.015705657324384517]
[-0.5968981019041784, -0.015705657324384517], 0, -1.0, [-0.6130584340789846, -0.016160332174806297]
[-0.6130584340789846, -0.016160332174806297], 0, -1.0, [-0.6295558442772059, -0.016497410198221214]
[-0.6295558442772059, -0.016497410198221214], 0, -1.0, [-0.6462718916685666, -0.016716047391360667]
[-0.6462718916685666, -0.016716047391360667], 0, -1.0, [-0.6630885187898221, -0.016816627121255548]
[-0.6630885187898221, -0.016816627121255548], 0, -1.0, [-0.6798892402952879, -0.01680072150546573]
[-0.6798892402952879, -0.01680072150546573], 0, -1.0, [-0.6965602623809484, -0.016671022085660472]
[-0.6965602623809484, -0.016671022085660472], 0, -1.0, [-0.7129915051111767, -0.016431242730228328]
[-0.7129915051111767, -0.016431242730228328], 0, -1.0, [-0.7290775044183595, -0.016085999307182845]
[-0.7290775044183595, -0.016085999307182845], 0, -1.0, [-0.7447181763109891, -0.015640671892629618]
[-0.7447181763109891, -0.015640671892629618], 0, -1.0, [-0.7598194323451892, -0.015101256034200039]
[-0.7598194323451892, -0.015101256034200039], 0, -1.0, [-0.774293642186716, -0.014474209841526836]
[-0.774293642186716, -0.014474209841526836], 2, -1.0, [-0.7860599456374586, -0.011766303450742581]
[-0.7860599456374586, -0.011766303450742581], 2, -1.0, [-0.795054975991134, -0.008995030353675335]
[-0.795054975991134, -0.008995030353675335], 2, -1.0, [-0.8012317753521248, -0.006176799360990762]
[-0.8012317753521248, -0.006176799360990762], 2, -1.0, [-0.8045588628835116, -0.0033270875313868888]
[-0.8045588628835116, -0.0033270875313868888], 2, -1.0, [-0.8050195441741819, -0.0004606812906701903]
[-0.8050195441741819, -0.0004606812906701903], 2, -1.0, [-0.8026115222700179, 0.0024080219041640234]
[-0.8026115222700179, 0.0024080219041640234], 2, -1.0, [-0.7973468428854501, 0.005264679384567747]
[-0.7973468428854501, 0.005264679384567747], 2, -1.0, [-0.7892521782896745, 0.008094664595775583]
[-0.7892521782896745, 0.008094664595775583], 2, -1.0, [-0.7783694263528275, 0.010882751936847122]
[-0.7783694263528275, 0.010882751936847122], 2, -1.0, [-0.7647565731930364, 0.013612853159791084]
[-0.7647565731930364, 0.013612853159791084], 2, -1.0, [-0.7484887400188444, 0.01626783317419199]
[-0.7484887400188444, 0.01626783317419199], 2, -1.0, [-0.7296593079295037, 0.01882943208934062]
[-0.7296593079295037, 0.01882943208934062], 2, -1.0, [-0.7083809902359172, 0.021278317693586533]
[-0.7083809902359172, 0.021278317693586533], 2, -1.0, [-0.684786702791962, 0.02359428744395516]
[-0.684786702791962, 0.02359428744395516], 2, -1.0, [-0.6590300721165083, 0.025756630675453626]
[-0.6590300721165083, 0.025756630675453626], 2, -1.0, [-0.6312854223230371, 0.027744649793471233]
[-0.6312854223230371, 0.027744649793471233], 2, -1.0, [-0.6017470983120784, 0.029538324010958638]
[-0.6017470983120784, 0.029538324010958638], 2, -1.0, [-0.5706280163680376, 0.031119081944040738]
[-0.5706280163680376, 0.031119081944040738], 2, -1.0, [-0.538157384144216, 0.03247063222382166]
[-0.538157384144216, 0.03247063222382166], 2, -1.0, [-0.5045775970675861, 0.033579787076629855]
[-0.5045775970675861, 0.033579787076629855], 2, -1.0, [-0.4701403914204692, 0.034437205647116866]
[-0.4701403914204692, 0.034437205647116866], 2, -1.0, [-0.4351024071638795, 0.03503798425658969]
[-0.4351024071638795, 0.03503798425658969], 2, -1.0, [-0.3997203760789486, 0.03538203108493086]
[-0.3997203760789486, 0.03538203108493086], 2, -1.0, [-0.3642461937144171, 0.03547418236453156]
[-0.3642461937144171, 0.03547418236453156], 0, -1.0, [-0.3309221501895915, 0.033324043524825604]
[-0.3309221501895915, 0.033324043524825604], 0, -1.0, [-0.29996404401316346, 0.03095810617642804]
[-0.29996404401316346, 0.03095810617642804], 0, -1.0, [-0.27156017398806115, 0.02840387002510233]
[-0.27156017398806115, 0.02840387002510233], 0, -1.0, [-0.24587155608994793, 0.025688617898113227]
[-0.24587155608994793, 0.025688617898113227], 0, -1.0, [-0.2230331253335453, 0.022838430756402614]
[-0.2230331253335453, 0.022838430756402614], 0, -1.0, [-0.20315564613414352, 0.019877479199401773]
[-0.20315564613414352, 0.019877479199401773], 0, -1.0, [-0.18632805012229448, 0.016827596011849043]
[-0.18632805012229448, 0.016827596011849043], 0, -1.0, [-0.17261993980810109, 0.013708110314193386]
[-0.17261993980810109, 0.013708110314193386], 0, -1.0, [-0.16208403100545354, 0.010535908802647532]
[-0.16208403100545354, 0.010535908802647532], 0, -1.0, [-0.1547583485017093, 0.007325682503744237]
[-0.1547583485017093, 0.007325682503744237], 0, -1.0, [-0.1506680320400295, 0.004090316461679803]
[-0.1506680320400295, 0.004090316461679803], 0, -1.0, [-0.1498266495331474, 0.0008413825068820913]
[-0.1498266495331474, 0.0008413825068820913], 0, -1.0, [-0.15223694998879825, -0.0024103004556508476]
[-0.15223694998879825, -0.0024103004556508476], 0, -1.0, [-0.15789102009408015, -0.005654070105281908]
[-0.15789102009408015, -0.005654070105281908], 0, -1.0, [-0.16676983719705127, -0.008878817102971105]
[-0.16676983719705127, -0.008878817102971105], 0, -1.0, [-0.1788422396302633, -0.01207240243321204]
[-0.1788422396302633, -0.01207240243321204], 0, -1.0, [-0.19406336517108466, -0.015221125540821352]
[-0.19406336517108466, -0.015221125540821352], 0, -1.0, [-0.21237264176204632, -0.018309276590961654]
[-0.21237264176204632, -0.018309276590961654], 0, -1.0, [-0.23369145231835473, -0.02131881055630841]
[-0.23369145231835473, -0.02131881055630841], 0, -1.0, [-0.25792063694030815, -0.024229184621953406]
[-0.25792063694030815, -0.024229184621953406], 0, -1.0, [-0.28493803855521294, -0.027017401614904797]
[-0.28493803855521294, -0.027017401614904797], 0, -1.0, [-0.314596337073401, -0.029658298518188075]
[-0.314596337073401, -0.029658298518188075], 0, -1.0, [-0.34672144547153183, -0.03212510839813083]
[-0.34672144547153183, -0.03212510839813083], 0, -1.0, [-0.3811117501846106, -0.03439030471307876]
[-0.3811117501846106, -0.03439030471307876], 0, -1.0, [-0.41753845906411163, -0.03642670887950106]
[-0.41753845906411163, -0.03642670887950106], 0, -1.0, [-0.4557472662787686, -0.038208807214657]
[-0.4557472662787686, -0.038208807214657], 0, -1.0, [-0.49546145284955595, -0.03971418657078735]
[-0.49546145284955595, -0.03971418657078735], 0, -1.0, [-0.5363864188188193, -0.04092496596926342]
[-0.5363864188188193, -0.04092496596926342], 0, -1.0, [-0.5782155009868957, -0.04182908216807639]
[-0.5782155009868957, -0.04182908216807639], 0, -1.0, [-0.6206367881166561, -0.0424212871297605]
[-0.6206367881166561, -0.0424212871297605], 0, -1.0, [-0.6633405263286578, -0.04270373821200167]
[-0.6633405263286578, -0.04270373821200167], 0, -1.0, [-0.706026632247913, -0.04268610591925515]
[-0.706026632247913, -0.04268610591925515], 0, -1.0, [-0.7484118144669273, -0.042385182219014286]
[-0.7484118144669273, -0.042385182219014286], 0, -1.0, [-0.7902358483537095, -0.041824033886782234]
[-0.7902358483537095, -0.041824033886782234], 0, -1.0, [-0.8312666466573846, -0.04103079830367511]
[-0.8312666466573846, -0.04103079830367511], 0, -1.0, [-0.8713039007663794, -0.04003725410899481]
[-0.8713039007663794, -0.04003725410899481], 0, -1.0, [-0.910181212110812, -0.03887731134443265]
[-0.910181212110812, -0.03887731134443265], 0, -1.0, [-0.9477667680297137, -0.037585555918901635]
[-0.9477667680297137, -0.037585555918901635], 2, -1.0, [-0.9819627245956278, -0.03419595656591412]
[-0.9819627245956278, -0.03419595656591412], 2, -1.0, [-1.012706403857773, -0.03074367926214521]
[-1.012706403857773, -0.03074367926214521], 2, -1.0, [-1.0399634546245822, -0.027257050766809066]
[-1.0399634546245822, -0.027257050766809066], 2, -1.0, [-1.063721094105008, -0.023757639480425682]
[-1.063721094105008, -0.023757639480425682], 2, -1.0, [-1.0839818045155605, -0.020260710410552468]
[-1.0839818045155605, -0.020260710410552468], 2, -1.0, [-1.1007577216493003, -0.01677591713373975]
[-1.1007577216493003, -0.01677591713373975], 2, -1.0, [-1.1140658421906788, -0.013308120541378525]
[-1.1140658421906788, -0.013308120541378525], 2, -1.0, [-1.1239240971599351, -0.009858254969256405]
[-1.1239240971599351, -0.009858254969256405], 2, -1.0, [-1.1303482885644558, -0.006424191404520652]
[-1.1303482885644558, -0.006424191404520652], 2, -1.0, [-1.1333498604659096, -0.003001571901453808]
[-1.1333498604659096, -0.003001571901453808], 2, -1.0, [-1.132934468564098, 0.00041539190181145037]
[-1.132934468564098, 0.00041539190181145037], 2, -1.0, [-1.129101318463823, 0.0038331501002751454]
[-1.129101318463823, 0.0038331501002751454], 2, -1.0, [-1.1218432569915084, 0.007258061472314525]
[-1.1218432569915084, 0.007258061472314525], 2, -1.0, [-1.1111476187885037, 0.01069563820300472]
[-1.1111476187885037, 0.01069563820300472], 2, -1.0, [-1.0969978477673934, 0.01414977102111036]
[-1.0969978477673934, 0.01414977102111036], 2, -1.0, [-1.0793759256702784, 0.017621922097115026]
[-1.0793759256702784, 0.017621922097115026], 2, -1.0, [-1.058265643317257, 0.021110282353021467]
[-1.058265643317257, 0.021110282353021467], 2, -1.0, [-1.0336567389925804, 0.02460890432467665]
[-1.0336567389925804, 0.02460890432467665], 2, -1.0, [-1.0055498971122083, 0.028106841880372112]
[-1.0055498971122083, 0.028106841880372112], 2, -1.0, [-0.9739625432898831, 0.03158735382232522]
[-0.9739625432898831, 0.03158735382232522], 2, -1.0, [-0.9389352850189701, 0.035027258270913054]
[-0.9389352850189701, 0.035027258270913054], 2, -1.0, [-0.9005387297931114, 0.03839655522585866]
[-0.9005387297931114, 0.03839655522585866], 2, -1.0, [-0.8588802703477754, 0.04165845944533612]
[-0.8588802703477754, 0.04165845944533612], 2, -1.0, [-0.8141102749431736, 0.044769995404601776]
[-0.8141102749431736, 0.044769995404601776], 2, -1.0, [-0.7664269857339965, 0.0476832892091771]
[-0.7664269857339965, 0.0476832892091771], 2, -1.0, [-0.7160793473870096, 0.0503476383469869]
[-0.7160793473870096, 0.0503476383469869], 2, -1.0, [-0.663367003449463, 0.05271234393754666]
[-0.663367003449463, 0.05271234393754666], 2, -1.0, [-0.6086368458399551, 0.054730157609507814]
[-0.6086368458399551, 0.054730157609507814], 2, -1.0, [-0.5522757984191585, 0.05636104742079658]
[-0.5522757984191585, 0.05636104742079658], 2, -1.0, [-0.49469993853970506, 0.05757585987945347]
[-0.49469993853970506, 0.05757585987945347], 2, -1.0, [-0.43634054852534077, 0.0583593900143643]
[-0.43634054852534077, 0.0583593900143643], 2, -1.0, [-0.3776281464617254, 0.058712402063615395]
[-0.3776281464617254, 0.058712402063615395], 2, -1.0, [-0.31897586768437636, 0.058652278777349034]
[-0.31897586768437636, 0.058652278777349034], 2, -1.0, [-0.26076367429923225, 0.05821219338514409]
[-0.26076367429923225, 0.05821219338514409], 2, -1.0, [-0.20332473202522128, 0.05743894227401099]
[-0.20332473202522128, 0.05743894227401099], 2, -1.0, [-0.14693494675071328, 0.056389785274508]
[-0.14693494675071328, 0.056389785274508], 2, -1.0, [-0.09180618286869532, 0.05512876388201795]
[-0.09180618286869532, 0.05512876388201795], 2, -1.0, [-0.03808319763102581, 0.05372298523766952]
[-0.03808319763102581, 0.05372298523766952], 2, -1.0, [0.014156086078291372, 0.05223928370931718]
[0.014156086078291372, 0.05223928370931718], 2, -1.0, [0.06489762388999212, 0.05074153781170075]
[0.06489762388999212, 0.05074153781170075], 0, -1.0, [0.11218639386551563, 0.047288769975523504]
[0.11218639386551563, 0.047288769975523504], 0, -1.0, [0.15611542246341825, 0.04392902859790263]
[0.15611542246341825, 0.04392902859790263], 0, -1.0, [0.19681366100750006, 0.04069823854408181]
[0.19681366100750006, 0.04069823854408181], 0, -1.0, [0.23443516142021245, 0.0376215004127124]
[0.23443516142021245, 0.0376215004127124], 0, -1.0, [0.269149890429622, 0.03471472900940954]
[0.269149890429622, 0.03471472900940954], 0, -1.0, [0.3011362610414898, 0.03198637061186776]
[0.3011362610414898, 0.03198637061186776], 0, -1.0, [0.33057529122735163, 0.029439030185861848]
[0.33057529122735163, 0.029439030185861848], 0, -1.0, [0.3576462059909901, 0.027070914763638508]
[0.3576462059909901, 0.027070914763638508], 0, -1.0, [0.38252325974832424, 0.02487705375733411]
[0.38252325974832424, 0.02487705375733411], 2, -1.0, [0.40737355237986966, 0.02485029263154542]
[0.40737355237986966, 0.02485029263154542], 0, -1.0, [0.4303697113430783, 0.022996158963208637]
[0.4303697113430783, 0.022996158963208637], 2, -1.0, [0.45367573278139983, 0.023306021438321542]
[0.45367573278139983, 0.023306021438321542], 0, -1.0, [0.4754611689827716, 0.021785436201371727]
[0.4754611689827716, 0.021785436201371727], 0, -1.0, [0.4958868267176303, 0.02042565773485871]
[0.4958868267176303, 0.02042565773485871], 2, -1.0, [0.5171048841694689, 0.0212180574518386]
