[-0.5509674800213405, 0.0], 0, -1.0, [-0.5517624452901451, -0.0007949652688044943]
[-0.5517624452901451, -0.0007949652688044943], 0, -1.0, [-0.5533464342626359, -0.0015839889724908202]
[-0.5533464342626359, -0.0015839889724908202], 0, -1.0, [-0.5557076118266585, -0.0023611775640226453]
[-0.5557076118266585, -0.0023611775640226453], 0, -1.0, [-0.5588283453604164, -0.0031207335337578514]
[-0.5588283453604164, -0.0031207335337578514], 0, -1.0, [-0.5626853487437197, -0.0038570033833033052]
[-0.5626853487437197, -0.0038570033833033052], 0, -1.0, [-0.5672498741594779, -0.004564525415758299]
[-0.5672498741594779, -0.004564525415758299], 0, -1.0, [-0.5724879512371217, -0.005238077077643836]
[-0.5724879512371217, -0.005238077077643836], 0, -1.0, [-0.5783606726752986, -0.005872721438176886]
[-0.5783606726752986, -0.005872721438176886], 0, -1.0, [-0.5848245249088118, -0.0064638522335132235]
[-0.5848245249088118, -0.0064638522335132235], 0, -1.0, [-0.5918317616622615, -0.00700723675344977]
[-0.5918317616622615, -0.00700723675344977], 0, -1.0, [-0.5993308173847214, -0.007499055722459915]
[-0.5993308173847214, -0.007499055722459915], 0, -1.0, [-0.6072667566260501, -0.007935939241328703]
[-0.6072667566260501, -0.007935939241328703], 0, -1.0, [-0.6155817544490394, -0.008314997822989334]
[-0.6155817544490394, -0.008314997822989334], 0, -1.0, [-0.6242156020345125, -0.0086338475854731]
[-0.6242156020345125, -0.0086338475854731], 0, -1.0, [-0.633106230794767, -0.008890628760254484]
[-0.633106230794767, -0.008890628760254484], 0, -1.0, [-0.6421902476289599, -0.009084016834192934]
[-0.6421902476289599, -0.009084016834192934], 0, -1.0, [-0.6514034734894922, -0.009213225860532314]
[-0.6514034734894922, -0.009213225860532314], 0, -1.0, [-0.66068147722607, -0.009278003736577693]
[-0.66068147722607, -0.009278003736577693], 0, -1.0, [-0.6699600967621606, -0.00927861953609061]
[-0.6699600967621606, -0.00927861953609061], 0, -1.0, [-0.6791759400459523, -0.009215843283791644]
[-0.6791759400459523, -0.009215843283791644], 0, -1.0, [-0.6882668588933394, -0.009090918847387079]
[-0.6882668588933394, -0.009090918847387079], 0, -1.0, [-0.6971723897733, -0.00890553087996064]
[-0.6971723897733, -0.00890553087996064], 2, -1.0, [-0.7038341567290972, -0.006661766955797221]
[-0.7038341567290972, -0.006661766955797221], 2, -1.0, [-0.7082090698630527, -0.004374913133955393]
[-0.7082090698630527, -0.004374913133955393], 2, -1.0, [-0.7102691097293092, -0.0020600398662565687]
[-0.7102691097293092, -0.0020600398662565687], 2, -1.0, [-0.7100011607962596, 0.00026794893304958427]
[-0.7100011607962596, 0.00026794893304958427], 0, -1.0, [-0.7094069261393012, 0.0005942346569584012]
[-0.7094069261393012, 0.0005942346569584012], 2, -1.0, [-0.706490185752318, 0.0029167403869831995]
[-0.706490185752318, 0.0029167403869831995], 2, -1.0, [-0.7012695540681707, 0.005220631684147305]
[-0.7012695540681707, 0.005220631684147305], 2, -1.0, [-0.6937785971142243, 0.007490956953946451]
[-0.6937785971142243, 0.007490956953946451], 2, -1.0, [-0.6840660201839127, 0.009712576930311589]
[-0.6840660201839127, 0.009712576930311589], 2, -1.0, [-0.6721958881231145, 0.011870132060798235]
[-0.6721958881231145, 0.011870132060798235], 2, -1.0, [-0.6582478260243628, 0.013948062098751655]
[-0.6582478260243628, 0.013948062098751655], 2, -1.0, [-0.642317136759655, 0.0159306892647079]
[-0.642317136759655, 0.0159306892647079], 2, -1.0, [-0.6245147645122284, 0.017802372247426562]
[-0.6245147645122284, 0.017802372247426562], 2, -1.0, [-0.6049670314636184, 0.01954773304861001]
[-0.6049670314636184, 0.01954773304861001], 2, -1.0, [-0.5838150790916644, 0.021151952371954018]
[-0.5838150790916644, 0.021151952371954018], 0, -1.0, [-0.5632139568142835, 0.020601122277380843]
[-0.5632139568142835, 0.020601122277380843], 0, -1.0, [-0.54331641960307, 0.01989753721121361]
[-0.54331641960307, 0.01989753721121361], 0, -1.0, [-0.5242710862884887, 0.0190453333145813]
[-0.5242710862884887, 0.0190453333145813], 0, -1.0, [-0.5062207106471497, 0.01805037564133901]
[-0.5062207106471497, 0.01805037564133901], 0, -1.0, [-0.4893006114595506, 0.016920099187599073]
[-0.4893006114595506, 0.016920099187599073], 0, -1.0, [-0.47363729483802564, 0.01566331662152499]
[-0.47363729483802564, 0.01566331662152499], 0, -1.0, [-0.45934728789486445, 0.01429000694316117]
[-0.45934728789486445, 0.01429000694316117], 0, -1.0, [-0.44653618862558786, 0.012811099269276593]
[-0.44653618862558786, 0.012811099269276593], 0, -1.0, [-0.43529792396966616, 0.011238264655921688]
[-0.43529792396966616, 0.011238264655921688], 0, -1.0, [-0.4257141973721378, 0.009583726597528389]
[-0.4257141973721378, 0.009583726597528389], 0, -1.0, [-0.4178540994683498, 0.007860097903787975]
[-0.4178540994683498, 0.007860097903787975], 0, -1.0, [-0.41177385107065095, 0.0060802483976988096]
[-0.41177385107065095, 0.0060802483976988096], 0, -1.0, [-0.4075166464576262, 0.004257204613024783]
[-0.4075166464576262, 0.004257204613024783], 0, -1.0, [-0.40511256680775865, 0.00240407964986754]
[-0.40511256680775865, 0.00240407964986754], 0, -1.0, [-0.40457853805307104, 0.000534028754687583]
[-0.40457853805307104, 0.000534028754687583], 0, -1.0, [-0.405918313912904, -0.001339775859832971]
[-0.405918313912904, -0.001339775859832971], 0, -1.0, [-0.4091224728009291, -0.0032041588880251225]
[-0.4091224728009291, -0.0032041588880251225], 0, -1.0, [-0.4141684260507538, -0.005045953249824704]
[-0.4141684260507538, -0.005045953249824704], 0, -1.0, [-0.42102044383970005, -0.006852017788946248]
[-0.42102044383970005, -0.006852017788946248], 0, -1.0, [-0.4296297136679972, -0.0086092698282971]
[-0.4296297136679972, -0.0086092698282971], 0, -1.0, [-0.4399344536366122, -0.010304739968615003]
[-0.4399344536366122, -0.010304739968615003], 0, -1.0, [-0.4518601084404996, -0.011925654803887424]
[-0.4518601084404996, -0.011925654803887424], 0, -1.0, [-0.46531965937354386, -0.013459550933044245]
[-0.46531965937354386, -0.013459550933044245], 0, -1.0, [-0.48021408022712364, -0.014894420853579764]
[-0.48021408022712364, -0.014894420853579764], 0, -1.0, [-0.4964329683982001, -0.016218888171076494]
[-0.4964329683982001, -0.016218888171076494], 0, -1.0, [-0.5138553746598326, -0.01742240626163246]
[-0.5138553746598326, -0.01742240626163246], 0, -1.0, [-0.5323508460229379, -0.01849547136310536]
[-0.5323508460229379, -0.01849547136310536], 0, -1.0, [-0.5517806843995708, -0.01942983837663291]
[-0.5517806843995708, -0.01942983837663291], 0, -1.0, [-0.5719994101748602, -0.020218725775289378]
[-0.5719994101748602, -0.020218725775289378], 0, -1.0, [-0.5928564054209071, -0.02085699524604692]
[-0.5928564054209071, -0.02085699524604692], 0, -1.0, [-0.6141976976626711, -0.021341292241763912]
[-0.6141976976626711, -0.021341292241763912], 0, -1.0, [-0.6358678332140151, -0.021670135551343953]
[-0.6358678332140151, -0.021670135551343953], 0, -1.0, [-0.6577117804034742, -0.021843947189459183]
[-0.6577117804034742, -0.021843947189459183], 0, -1.0, [-0.6795767984678444, -0.02186501806437009]
[-0.6795767984678444, -0.02186501806437009], 0, -1.0, [-0.701314208028965, -0.02173740956112066]
[-0.701314208028965, -0.02173740956112066], 0, -1.0, [-0.7227810038848529, -0.021466795855887812]
[-0.7227810038848529, -0.021466795855887812], 0, -1.0, [-0.7438412598211289, -0.02106025593627606]
[-0.7438412598211289, -0.02106025593627606], 0, -1.0, [-0.764367287328273, -0.02052602750714408]
[-0.764367287328273, -0.02052602750714408], 0, -1.0, [-0.784240524254107, -0.01987323692583394]
[-0.784240524254107, -0.01987323692583394], 2, -1.0, [-0.8013521441839419, -0.01711161992983488]
[-0.8013521441839419, -0.01711161992983488], 2, -1.0, [-0.8156134450835453, -0.014261300899603417]
[-0.8156134450835453, -0.014261300899603417], 2, -1.0, [-0.826954215258246, -0.011340770174700667]
[-0.826954215258246, -0.011340770174700667], 2, -1.0, [-0.8353211243305824, -0.008366909072336396]
[-0.8353211243305824, -0.008366909072336396], 2, -1.0, [-0.8406762877479305, -0.005355163417348112]
[-0.8406762877479305, -0.005355163417348112], 2, -1.0, [-0.8429961215843563, -0.0023198338364258555]
[-0.8429961215843563, -0.0023198338364258555], 2, -1.0, [-0.8422705721016709, 0.0007255494826854244]
[-0.8422705721016709, 0.0007255494826854244], 2, -1.0, [-0.8385027730754794, 0.0037677990261914683]
[-0.8385027730754794, 0.0037677990261914683], 2, -1.0, [-0.8317091535448051, 0.006793619530674266]
[-0.8317091535448051, 0.006793619530674266], 2, -1.0, [-0.821919988919652, 0.009789164625153094]
[-0.821919988919652, 0.009789164625153094], 2, -1.0, [-0.809180358452579, 0.012739630467073021]
[-0.809180358452579, 0.012739630467073021], 2, -1.0, [-0.793551441227148, 0.01562891722543092]
[-0.793551441227148, 0.01562891722543092], 2, -1.0, [-0.7751120508613579, 0.01843939036579014]
[-0.7751120508613579, 0.01843939036579014], 2, -1.0, [-0.7539602768347473, 0.02115177402661056]
[-0.7539602768347473, 0.02115177402661056], 2, -1.0, [-0.7302150697409091, 0.023745207093838226]
[-0.7302150697409091, 0.023745207093838226], 2, -1.0, [-0.7040175822406535, 0.026197487500255603]
[-0.7040175822406535, 0.026197487500255603], 2, -1.0, [-0.6755320616707896, 0.028485520569863823]
[-0.6755320616707896, 0.028485520569863823], 2, -1.0, [-0.6449460894643858, 0.03058597220640376]
[-0.6449460894643858, 0.03058597220640376], 2, -1.0, [-0.6124699817937855, 0.03247610767060028]
[-0.6124699817937855, 0.03247610767060028], 2, -1.0, [-0.5783352085789458, 0.03413477321483974]
[-0.5783352085789458, 0.03413477321483974], 2, -1.0, [-0.5427917545698847, 0.03554345400906111]
[-0.5427917545698847, 0.03554345400906111], 2, -1.0, [-0.506104432744272, 0.036687321825612754]
[-0.506104432744272, 0.036687321825612754], 2, -1.0, [-0.46854825826384383, 0.03755617448042813]
[-0.46854825826384383, 0.03755617448042813], 2, -1.0, [-0.43040308834036956, 0.038145169923474276]
[-0.43040308834036956, 0.038145169923474276], 2, -1.0, [-0.3919478153381093, 0.03845527300226027]
[-0.3919478153381093, 0.03845527300226027], 2, -1.0, [-0.3534544540796076, 0.038493361258501696]
[-0.3534544540796076, 0.038493361258501696], 2, -1.0, [-0.31518248049248837, 0.03827197358711924]
[-0.31518248049248837, 0.03827197358711924], 2, -1.0, [-0.27737375463444464, 0.03780872585804375]
[-0.27737375463444464, 0.03780872585804375], 2, -1.0, [-0.24024830101558953, 0.03712545361885512]
[-0.24024830101558953, 0.03712545361885512], 2, -1.0, [-0.2040011332541194, 0.036247167761470134]
[-0.2040011332541194, 0.036247167761470134], 2, -1.0, [-0.1688002122206651, 0.03520092103345429]
[-0.1688002122206651, 0.03520092103345429], 2, -1.0, [-0.13478553113160685, 0.03401468108905826]
[-0.13478553113160685, 0.03401468108905826], 2, -1.0, [-0.10206923934549839, 0.03271629178610846]
[-0.10206923934549839, 0.03271629178610846], 2, -1.0, [-0.07073665652823902, 0.031332582817259376]
[-0.07073665652823902, 0.031332582817259376], 2, -1.0, [-0.04084799330279757, 0.029888663225441446]
[-0.04084799330279757, 0.029888663225441446], 2, -1.0, [-0.01244058227257545, 0.02840741103022212]
[-0.01244058227257545, 0.02840741103022212], 2, -1.0, [0.014468569696533169, 0.02690915196910862]
[0.014468569696533169, 0.02690915196910862], 2, -1.0, [0.03988007636538515, 0.025411506668851988]
[0.03988007636538515, 0.025411506668851988], 2, -1.0, [0.06380945393281262, 0.02392937756742746]
[0.06380945393281262, 0.02392937756742746], 2, -1.0, [0.08628449781367205, 0.02247504388085943]
[0.08628449781367205, 0.02247504388085943], 2, -1.0, [0.10734283147588122, 0.021058333662209175]
[0.10734283147588122, 0.021058333662209175], 2, -1.0, [0.12702967671545703, 0.0196868452395758]
[0.12702967671545703, 0.0196868452395758], 2, -1.0, [0.1453958716015544, 0.018366194886097354]
[0.1453958716015544, 0.018366194886097354], 2, -1.0, [0.16249614416353253, 0.017100272561978134]
[0.16249614416353253, 0.017100272561978134], 2, -1.0, [0.17838763651752687, 0.01589149235399433]
[0.17838763651752687, 0.01589149235399433], 2, -1.0, [0.19312866497181133, 0.014741028454284473]
[0.19312866497181133, 0.014741028454284473], 2, -1.0, [0.20677769597183693, 0.013649031000025584]
[0.20677769597183693, 0.013649031000025584], 2, -1.0, [0.21939251478254568, 0.012614818810708741]
[0.21939251478254568, 0.012614818810708741], 2, -1.0, [0.23102956285017087, 0.011637048067625203]
[0.23102956285017087, 0.011637048067625203], 2, -1.0, [0.24174342023235346, 0.010713857382182584]
[0.24174342023235346, 0.010713857382182584], 2, -1.0, [0.2515864108442972, 0.00984299061194377]
[0.2515864108442972, 0.00984299061194377], 2, -1.0, [0.2606083101630172, 0.009021899318720002]
[0.2606083101630172, 0.009021899318720002], 2, -1.0, [0.26885613718456836, 0.00824782702155112]
[0.26885613718456836, 0.00824782702155112], 2, -1.0, [0.27637401464642075, 0.007517877461852384]
[0.27637401464642075, 0.007517877461852384], 2, -1.0, [0.2832030836802524, 0.006829069033831633]
[0.2832030836802524, 0.006829069033831633], 2, -1.0, [0.2893814610702609, 0.006178377390008533]
[0.2893814610702609, 0.006178377390008533], 2, -1.0, [0.2949442291156085, 0.005562768045347597]
[0.2949442291156085, 0.005562768045347597], 2, -1.0, [0.29992344971497203, 0.0049792205993635045]
[0.29992344971497203, 0.0049792205993635045], 2, -1.0, [0.30434819570540556, 0.004424745990433541]
[0.30434819570540556, 0.004424745990433541], 2, -1.0, [0.3082445937065164, 0.0038963980011108303]
[0.3082445937065164, 0.0038963980011108303], 0, -1.0, [0.3096358737601814, 0.0013912800536650147]
[0.3096358737601814, 0.0013912800536650147], 0, -1.0, [0.3085303805688898, -0.0011054931912916257]
[0.3085303805688898, -0.0011054931912916257], 0, -1.0, [0.30492148140456427, -0.0036088991643255493]
[0.30492148140456427, -0.0036088991643255493], 0, -1.0, [0.29878763911219747, -0.006133842292366779]
[0.29878763911219747, -0.006133842292366779], 0, -1.0, [0.2900926596316476, -0.00869497948054988]
[0.2900926596316476, -0.00869497948054988], 0, -1.0, [0.2787861450135581, -0.011306514618089496]
[0.2787861450135581, -0.011306514618089496], 0, -1.0, [0.26480420524413073, -0.013981939769427354]
[0.26480420524413073, -0.013981939769427354], 0, -1.0, [0.2480705055810497, -0.01673369966308102]
[0.2480705055810497, -0.01673369966308102], 0, -1.0, [0.22849775030986144, -0.01957275527118827]
[0.22849775030986144, -0.01957275527118827], 0, -1.0, [0.2059897278228061, -0.02250802248705534]
[0.2059897278228061, -0.02250802248705534], 0, -1.0, [0.18044406345236005, -0.02554566437044607]
[0.18044406345236005, -0.02554566437044607], 0, -1.0, [0.15175584159827632, -0.028688221854083734]
[0.15175584159827632, -0.028688221854083734], 0, -1.0, [0.11982226117176614, -0.03193358042651017]
[0.11982226117176614, -0.03193358042651017], 0, -1.0, [0.08454846942263011, -0.03527379174913604]
[0.08454846942263011, -0.03527379174913604], 0, -1.0, [0.04585466743015046, -0.038693801992479654]
[0.04585466743015046, -0.038693801992479654], 0, -1.0, [0.0036844829762390854, -0.04217018445391137]
[0.0036844829762390854, -0.04217018445391137], 0, -1.0, [-0.04198554875581072, -0.0456700317320498]
[-0.04198554875581072, -0.0456700317320498], 0, -1.0, [-0.09113577534689407, -0.04915022659108335]
[-0.09113577534689407, -0.04915022659108335], 0, -1.0, [-0.14369314309430747, -0.0525573677474134]
[-0.14369314309430747, -0.0525573677474134], 0, -1.0, [-0.19952179893587657, -0.05582865584156908]
[-0.19952179893587657, -0.05582865584156908], 0, -1.0, [-0.25841581678549785, -0.05889401784962128]
[-0.25841581678549785, -0.05889401784962128], 0, -1.0, [-0.32009545430310116, -0.06167963751760331]
[-0.32009545430310116, -0.06167963751760331], 0, -1.0, [-0.3842083052619032, -0.06411285095880206]
[-0.3842083052619032, -0.06411285095880206], 0, -1.0, [-0.45033638149041616, -0.06612807622851297]
[-0.45033638149041616, -0.06612807622851297], 0, -1.0, [-0.5180095125437115, -0.06767313105329535]
[-0.5180095125437115, -0.06767313105329535], 0, -1.0, [-0.5867245611056061, -0.06871504856189457]
[-0.5867245611056061, -0.06871504856189457], 0, -1.0, [-0.6559689911178139, -0.06924443001220783]
[-0.6559689911178139, -0.06924443001220783], 0, -1.0, [-0.7252465325056294, -0.06927754138781547]
[-0.7252465325056294, -0.06927754138781547], 0, -1.0, [-0.794102285354961, -0.06885575284933156]
[-0.794102285354961, -0.06885575284933156], 0, -1.0, [-0.8621447185662019, -0.06804243321124087]
[-0.8621447185662019, -0.06804243321124087], 0, -1.0, [-0.9290626095019605, -0.06691789093575862]
[-0.9290626095019605, -0.06691789093575862], 0, -1.0, [-0.994635867438217, -0.06557325793625648]
[-0.994635867438217, -0.06557325793625648], 0, -1.0, [-1.0587401417463302, -0.06410427430811333]
[-1.0587401417463302, -0.06410427430811333], 0, -1.0, [-1.1213459147578906, -0.06260577301156033]
[-1.1213459147578906, -0.06260577301156033], 0, -1.0, [-1.1825132854158025, -0.06116737065791198]
[-1.1825132854158025, -0.06116737065791198], 0, -1.0, [-1.2, 0.0]
[-1.2, 0.0], 2, -1.0, [-1.1967581039591646, 0.003241896040835368]
[-1.1967581039591646, 0.003241896040835368], 2, -1.0, [-1.1902636585360942, 0.006494445423070332]
[-1.1902636585360942, 0.006494445423070332], 2, -1.0, [-1.1804959639787937, 0.009767694557300442]
[-1.1804959639787937, 0.009767694557300442], 2, -1.0, [-1.1674255149588486, 0.013070449019945182]
[-1.1674255149588486, 0.013070449019945182], 2, -1.0, [-1.1510159267200155, 0.016409588238833067]
[-1.1510159267200155, 0.016409588238833067], 2, -1.0, [-1.1312266168239755, 0.019789309896040046]
[-1.1312266168239755, 0.019789309896040046], 2, -1.0, [-1.108016322100852, 0.02321029472312345]
[-1.108016322100852, 0.02321029472312345], 2, -1.0, [-1.081347524946184, 0.02666879715466819]
[-1.081347524946184, 0.02666879715466819], 2, -1.0, [-1.0511918363028878, 0.03015568864329602]
[-1.0511918363028878, 0.03015568864329602], 2, -1.0, [-1.0175363271434712, 0.0336555091594167]
[-1.0175363271434712, 0.0336555091594167], 2, -1.0, [-0.9803907090723114, 0.03714561807115983]
[-0.9803907090723114, 0.03714561807115983], 2, -1.0, [-0.9397951336374217, 0.04059557543488971]
[-0.9397951336374217, 0.04059557543488971], 2, -1.0, [-0.8958282112564235, 0.043966922380998245]
[-0.8958282112564235, 0.043966922380998245], 2, -1.0, [-0.8486146572192776, 0.04721355403714586]
[-0.8486146572192776, 0.04721355403714586], 2, -1.0, [-0.7983317816221248, 0.05028287559715283]
[-0.7983317816221248, 0.05028287559715283], 2, -1.0, [-0.7452138959379592, 0.0531178856841656]
[-0.7452138959379592, 0.0531178856841656], 2, -1.0, [-0.6895536666604415, 0.0556602292775177]
[-0.6895536666604415, 0.0556602292775177], 2, -1.0, [-0.6316995610792892, 0.057854105581152386]
[-0.6316995610792892, 0.057854105581152386], 2, -1.0, [-0.5720488365336812, 0.05965072454560789]
[-0.5720488365336812, 0.05965072454560789], 2, -1.0, [-0.5110360146660762, 0.061012821867605024]
[-0.5110360146660762, 0.061012821867605024], 2, -1.0, [-0.44911739120176025, 0.061918623464315904]
[-0.44911739120176025, 0.061918623464315904], 2, -1.0, [-0.38675274139346727, 0.06236464980829299]
[-0.38675274139346727, 0.06236464980829299], 0, -1.0, [-0.3263858485235833, 0.06036689286988392]
[-0.3263858485235833, 0.06036689286988392], 2, -1.0, [-0.26641326066670956, 0.05997258785687377]
[-0.26641326066670956, 0.05997258785687377], 2, -1.0, [-0.2071838024472931, 0.05922945821941646]
[-0.2071838024472931, 0.05922945821941646], 2, -1.0, [-0.14898678436628338, 0.05819701808100971]
[-0.14898678436628338, 0.05819701808100971], 2, -1.0, [-0.09204417899061942, 0.05694260537566395]
[-0.09204417899061942, 0.05694260537566395], 2, -1.0, [-0.036506866223770036, 0.05553731276684939]
