[-0.530237578816734, 0.0], 0, -1.0, [-0.531187791084243, -0.0009502122675090537]
[-0.531187791084243, -0.0009502122675090537], 0, -1.0, [-0.5330810906525777, -0.0018932995683347614]
[-0.5330810906525777, -0.0018932995683347614], 0, -1.0, [-0.535903282449319, -0.0028221917967413096]
[-0.535903282449319, -0.0028221917967413096], 0, -1.0, [-0.5396332114010242, -0.003729928951705177]
[-0.5396332114010242, -0.003729928951705177], 0, -1.0, [-0.5442429284570095, -0.004609717055985386]
[-0.5442429284570095, -0.004609717055985386], 0, -1.0, [-0.5496979133267241, -0.005454984869714629]
[-0.5496979133267241, -0.005454984869714629], 0, -1.0, [-0.5559573546026421, -0.006259441275917955]
[-0.5559573546026421, -0.006259441275917955], 0, -1.0, [-0.5629744875283396, -0.007017132925697523]
[-0.5629744875283396, -0.007017132925697523], 0, -1.0, [-0.5706969889473817, -0.0077225014190421375]
[-0.5706969889473817, -0.0077225014190421375], 1, -1.0, [-0.5780674279398572, -0.007370438992475513]
[-0.5780674279398572, -0.007370438992475513], 0, -1.0, [-0.5860311676080178, -0.00796373966816055]
[-0.5860311676080178, -0.00796373966816055], 0, -1.0, [-0.594529397216701, -0.00849822960868321]
[-0.594529397216701, -0.00849822960868321], 0, -1.0, [-0.6034996527903436, -0.008970255573642607]
[-0.6034996527903436, -0.008970255573642607], 0, -1.0, [-0.6128763739372887, -0.00937672114694514]
[-0.6128763739372887, -0.00937672114694514], 0, -1.0, [-0.6225914897771191, -0.009715115839830406]
[-0.6225914897771191, -0.009715115839830406], 0, -1.0, [-0.6325750256892828, -0.009983535912163692]
[-0.6325750256892828, -0.009983535912163692], 0, -1.0, [-0.6427557216704604, -0.010180695981177594]
[-0.6427557216704604, -0.010180695981177594], 0, -1.0, [-0.6530616524650622, -0.010305930794601797]
[-0.6530616524650622, -0.010305930794601797], 0, -1.0, [-0.6634208393795893, -0.010359186914527061]
[-0.6634208393795893, -0.010359186914527061], 0, -1.0, [-0.6737618438435999, -0.01034100446401068]
[-0.6737618438435999, -0.01034100446401068], 0, -1.0, [-0.6840143333450298, -0.010252489501429906]
[-0.6840143333450298, -0.010252489501429906], 0, -1.0, [-0.694109611323354, -0.01009527797832426]
[-0.694109611323354, -0.01009527797832426], 0, -1.0, [-0.7039811039008825, -0.009871492577528482]
[-0.7039811039008825, -0.009871492577528482], 0, -1.0, [-0.7135647978980156, -0.009583693997133115]
[-0.7135647978980156, -0.009583693997133115], 0, -1.0, [-0.7227996263242646, -0.009234828426249049]
[-0.7227996263242646, -0.009234828426249049], 0, -1.0, [-0.7316277993667506, -0.008828173042485905]
[-0.7316277993667506, -0.008828173042485905], 0, -1.0, [-0.7399950807149369, -0.008367281348186309]
[-0.7399950807149369, -0.008367281348186309], 0, -1.0, [-0.7478510107746377, -0.00785593005970079]
[-0.7478510107746377, -0.00785593005970079], 0, -1.0, [-0.7551490798587058, -0.007298069084068152]
[-0.7551490798587058, -0.007298069084068152], 0, -1.0, [-0.7618468557358073, -0.00669777587710147]
[-0.7618468557358073, -0.00669777587710147], 0, -1.0, [-0.7679060709306077, -0.006059215194800399]
[-0.7679060709306077, -0.006059215194800399], 2, -1.0, [-0.7712926758756912, -0.003386604945083505]
[-0.7712926758756912, -0.003386604945083505], 2, -1.0, [-0.7719878797073124, -0.0006952038316212893]
[-0.7719878797073124, -0.0006952038316212893], 2, -1.0, [-0.7699878465633505, 0.0020000331439619474]
[-0.7699878465633505, 0.0020000331439619474], 2, -1.0, [-0.7653036316924253, 0.004684214870925154]
[-0.7653036316924253, 0.004684214870925154], 2, -1.0, [-0.7579613638399897, 0.007342267852435596]
[-0.7579613638399897, 0.007342267852435596], 2, -1.0, [-0.748002655324719, 0.009958708515270717]
[-0.748002655324719, 0.009958708515270717], 2, -1.0, [-0.7354851964782877, 0.012517458846431337]
[-0.7354851964782877, 0.012517458846431337], 2, -1.0, [-0.7204834672840968, 0.015001729194190839]
[-0.7204834672840968, 0.015001729194190839], 2, -1.0, [-0.7030894770863139, 0.01739399019778294]
[-0.7030894770863139, 0.01739399019778294], 2, -1.0, [-0.6834134246315771, 0.019676052454736758]
[-0.6834134246315771, 0.019676052454736758], 2, -1.0, [-0.6615841574566458, 0.02182926717493124]
[-0.6615841574566458, 0.02182926717493124], 2, -1.0, [-0.6377493041250288, 0.023834853331616956]
[-0.6377493041250288, 0.023834853331616956], 2, -1.0, [-0.6120749574649226, 0.025674346660106307]
[-0.6120749574649226, 0.025674346660106307], 2, -1.0, [-0.5847448037292373, 0.027330153735685293]
[-0.5847448037292373, 0.027330153735685293], 2, -1.0, [-0.5559586223777885, 0.028786181351448836]
[-0.5559586223777885, 0.028786181351448836], 2, -1.0, [-0.5259301232125739, 0.030028499165214547]
[-0.5259301232125739, 0.030028499165214547], 2, -1.0, [-0.4948841390828041, 0.031045984129769857]
[-0.4948841390828041, 0.031045984129769857], 2, -1.0, [-0.4630532484697067, 0.031830890613097386]
[-0.4630532484697067, 0.031830890613097386], 2, -1.0, [-0.4306739565396717, 0.032379291930034984]
[-0.4306739565396717, 0.032379291930034984], 0, -1.0, [-0.3999826086764519, 0.030691347863219805]
[-0.3999826086764519, 0.030691347863219805], 0, -1.0, [-0.37119727676864056, 0.02878533190781138]
[-0.37119727676864056, 0.02878533190781138], 0, -1.0, [-0.34451554850491584, 0.02668172826372474]
[-0.34451554850491584, 0.02668172826372474], 0, -1.0, [-0.3201132579358371, 0.024402290569078722]
[-0.3201132579358371, 0.024402290569078722], 0, -1.0, [-0.2981440713995939, 0.021969186536243204]
[-0.2981440713995939, 0.021969186536243204], 0, -1.0, [-0.27873978913129566, 0.01940428226829829]
[-0.27873978913129566, 0.01940428226829829], 0, -1.0, [-0.2620111900407867, 0.016728599090508955]
[-0.2620111900407867, 0.016728599090508955], 0, -1.0, [-0.24804923429544912, 0.013961955745337604]
[-0.24804923429544912, 0.013961955745337604], 0, -1.0, [-0.23692644222196363, 0.011122792073485474]
[-0.23692644222196363, 0.011122792073485474], 0, -1.0, [-0.22869828428424538, 0.00822815793771824]
[-0.22869828428424538, 0.00822815793771824], 0, -1.0, [-0.22340444109460147, 0.005293843189643899]
[-0.22340444109460147, 0.005293843189643899], 0, -1.0, [-0.2210698208481508, 0.0023346202464506844]
[-0.2210698208481508, 0.0023346202464506844], 0, -1.0, [-0.2217052515781767, -0.0006354307300258958]
[-0.2217052515781767, -0.0006354307300258958], 0, -1.0, [-0.2253077956890538, -0.0036025441108770923]
[-0.2253077956890538, -0.0036025441108770923], 0, -1.0, [-0.23186066379063458, -0.006552868101580785]
[-0.23186066379063458, -0.006552868101580785], 0, -1.0, [-0.24133273407455877, -0.00947207028392418]
[-0.24133273407455877, -0.00947207028392418], 0, -1.0, [-0.2536777127931589, -0.012344978718600139]
[-0.2536777127931589, -0.012344978718600139], 0, -1.0, [-0.26883300119387477, -0.015155288400715845]
[-0.26883300119387477, -0.015155288400715845], 0, -1.0, [-0.2867183644170819, -0.017885363223207117]
[-0.2867183644170819, -0.017885363223207117], 0, -1.0, [-0.3072345274504157, -0.0205161630333338]
[-0.3072345274504157, -0.0205161630333338], 0, -1.0, [-0.33026185024704274, -0.023027322796627035]
[-0.33026185024704274, -0.023027322796627035], 0, -1.0, [-0.35565925541998616, -0.025397405172943397]
[-0.35565925541998616, -0.025397405172943397], 2, -1.0, [-0.3812635934360611, -0.025604338016074923]
[-0.3812635934360611, -0.025604338016074923], 0, -1.0, [-0.40890329915670404, -0.027639705720642966]
[-0.40890329915670404, -0.027639705720642966], 0, -1.0, [-0.4383863468705953, -0.029483047713891288]
[-0.4383863468705953, -0.029483047713891288], 0, -1.0, [-0.4695015496740321, -0.0311152028034368]
[-0.4695015496740321, -0.0311152028034368], 0, -1.0, [-0.5020207029602277, -0.0325191532861956]
[-0.5020207029602277, -0.0325191532861956], 0, -1.0, [-0.5357015787857357, -0.03368087582550793]
[-0.5357015787857357, -0.03368087582550793], 0, -1.0, [-0.5702917035299392, -0.034590124744203546]
[-0.5702917035299392, -0.034590124744203546], 0, -1.0, [-0.6055327754561801, -0.03524107192624088]
[-0.6055327754561801, -0.03524107192624088], 0, -1.0, [-0.6411655116413718, -0.03563273618519174]
[-0.6411655116413718, -0.03563273618519174], 0, -1.0, [-0.6769346651861778, -0.03576915354480605]
[-0.6769346651861778, -0.03576915354480605], 0, -1.0, [-0.7125939312845657, -0.03565926609838786]
[-0.7125939312845657, -0.03565926609838786], 0, -1.0, [-0.7479104682268828, -0.03531653694231706]
[-0.7479104682268828, -0.03531653694231706], 1, -1.0, [-0.7816687954527629, -0.033758327225880076]
[-0.7816687954527629, -0.033758327225880076], 1, -1.0, [-0.8136792439110723, -0.03201044845830941]
[-0.8136792439110723, -0.03201044845830941], 1, -1.0, [-0.8437784809217174, -0.030099237010645135]
[-0.8437784809217174, -0.030099237010645135], 0, -1.0, [-0.8728289663248066, -0.029050485403089167]
[-0.8728289663248066, -0.029050485403089167], 2, -1.0, [-0.8987137722053616, -0.025884805880555032]
[-0.8987137722053616, -0.025884805880555032], 2, -1.0, [-0.9213425373561354, -0.022628765150773673]
[-0.9213425373561354, -0.022628765150773673], 2, -1.0, [-0.9406473898629331, -0.019304852506797743]
[-0.9406473898629331, -0.019304852506797743], 2, -1.0, [-0.956578879104366, -0.015931489241432967]
[-0.956578879104366, -0.015931489241432967], 2, -1.0, [-0.9691021828988856, -0.012523303794519646]
[-0.9691021828988856, -0.012523303794519646], 2, -1.0, [-0.9781937858959867, -0.009091602997101076]
[-0.9781937858959867, -0.009091602997101076], 2, -1.0, [-0.9838387649663414, -0.005644979070354649]
[-0.9838387649663414, -0.005644979070354649], 2, -1.0, [-0.9860287695086049, -0.0021900045422634925]
[-0.9860287695086049, -0.0021900045422634925], 2, -1.0, [-0.984760749284098, 0.0012680202245069143]
[-0.984760749284098, 0.0012680202245069143], 2, -1.0, [-0.9800364574684944, 0.004724291815603503]
[-0.9800364574684944, 0.004724291815603503], 2, -1.0, [-0.9718627386095517, 0.00817371885894271]
[-0.9718627386095517, 0.00817371885894271], 2, -1.0, [-0.9602525959533109, 0.011610142656240798]
[-0.9602525959533109, 0.011610142656240798], 2, -1.0, [-0.9452270157629962, 0.015025580190314771]
[-0.9452270157629962, 0.015025580190314771], 2, -1.0, [-0.9268175035548833, 0.018409512208112842]
[-0.9268175035548833, 0.018409512208112842], 2, -1.0, [-0.9050692549155406, 0.021748248639342802]
[-0.9050692549155406, 0.021748248639342802], 2, -1.0, [-0.8800448391736031, 0.025024415741937478]
[-0.8800448391736031, 0.025024415741937478], 2, -1.0, [-0.8518282170278476, 0.0282166221457555]
[-0.8518282170278476, 0.0282166221457555], 2, -1.0, [-0.8205288455422141, 0.03129937148563359]
[-0.8205288455422141, 0.03129937148563359], 2, -1.0, [-0.7862855518754989, 0.03424329366671515]
[-0.7862855518754989, 0.03424329366671515], 2, -1.0, [-0.7492697914374871, 0.03701576043801177]
[-0.7492697914374871, 0.03701576043801177], 2, -1.0, [-0.7096878618752201, 0.039581929562266915]
[-0.7096878618752201, 0.039581929562266915], 2, -1.0, [-0.6677816389943797, 0.04190622288084047]
[-0.6677816389943797, 0.04190622288084047], 2, -1.0, [-0.6238274510453886, 0.04395418794899108]
[-0.6238274510453886, 0.04395418794899108], 2, -1.0, [-0.5781328242887336, 0.045694626756655074]
[-0.5781328242887336, 0.045694626756655074], 2, -1.0, [-0.5310310142765984, 0.047101810012135155]
[-0.5310310142765984, 0.047101810012135155], 2, -1.0, [-0.48287346709287304, 0.04815754718372534]
[-0.48287346709287304, 0.04815754718372534], 2, -1.0, [-0.43402060040872287, 0.04885286668415019]
[-0.43402060040872287, 0.04885286668415019], 2, -1.0, [-0.3848315127146031, 0.04918908769411979]
[-0.3848315127146031, 0.04918908769411979], 2, -1.0, [-0.3356533772116233, 0.049178135502979795]
[-0.3356533772116233, 0.049178135502979795], 2, -1.0, [-0.28681132300198703, 0.0488420542096363]
[-0.28681132300198703, 0.0488420542096363], 2, -1.0, [-0.23859954010873624, 0.048211782893250794]
[-0.23859954010873624, 0.048211782893250794], 2, -1.0, [-0.1912741807431727, 0.04732535936556354]
[-0.1912741807431727, 0.04732535936556354], 2, -1.0, [-0.14504840153521403, 0.046225779207958666]
[-0.14504840153521403, 0.046225779207958666], 2, -1.0, [-0.1000896444322754, 0.04495875710293863]
[-0.1000896444322754, 0.04495875710293863], 2, -1.0, [-0.05651902977772601, 0.043570614654549394]
[-0.05651902977772601, 0.043570614654549394], 2, -1.0, [-0.014412564130434465, 0.04210646564729154]
[-0.014412564130434465, 0.04210646564729154], 2, -1.0, [0.02619623802536903, 0.040608802155803495]
[0.02619623802536903, 0.040608802155803495], 2, -1.0, [0.06531275644099967, 0.03911651841563064]
[0.06531275644099967, 0.03911651841563064], 2, -1.0, [0.10297711127525935, 0.037664354834259686]
[0.10297711127525935, 0.037664354834259686], 2, -1.0, [0.13925981852985753, 0.03628270725459819]
[0.13925981852985753, 0.03628270725459819], 2, -1.0, [0.17425754543788943, 0.034997726908031906]
[0.17425754543788943, 0.034997726908031906], 2, -1.0, [0.20808917690130643, 0.03383163146341699]
[0.20808917690130643, 0.03383163146341699], 0, -1.0, [0.2388923296954506, 0.03080315279414417]
[0.2388923296954506, 0.03080315279414417], 2, -1.0, [0.2688105006978372, 0.029918171002386612]
[0.2688105006978372, 0.029918171002386612], 0, -1.0, [0.29599847506362703, 0.02718797436578986]
[0.29599847506362703, 0.02718797436578986], 2, -1.0, [0.3226090282809385, 0.026610553217311487]
[0.3226090282809385, 0.026610553217311487], 0, -1.0, [0.34680185499357014, 0.024192826712631642]
[0.34680185499357014, 0.024192826712631642], 2, -1.0, [0.3707300055695611, 0.023928150575990945]
[0.3707300055695611, 0.023928150575990945], 2, -1.0, [0.3945514090033377, 0.023821403433776568]
[0.3945514090033377, 0.023821403433776568], 0, -1.0, [0.41642895351634157, 0.021877544513003874]
[0.41642895351634157, 0.021877544513003874], 2, -1.0, [0.43851650042802814, 0.022087546911686552]
[0.43851650042802814, 0.022087546911686552], 0, -1.0, [0.45897283672737604, 0.02045633629934792]
[0.45897283672737604, 0.02045633629934792], 2, -1.0, [0.479947509282244, 0.020974672554867974]
[0.479947509282244, 0.020974672554867974], 0, -1.0, [0.4995957322516085, 0.019648222969364533]
[0.4995957322516085, 0.019648222969364533], 2, -1.0, [0.5200640879347117, 0.020468355683103148]
