[-0.5963284671237786, 0.0], 2, -1.0, [-0.5947873121520074, 0.001541154971771176]
[-0.5947873121520074, 0.001541154971771176], 2, -1.0, [-0.5917162925707321, 0.0030710195812752718]
[-0.5917162925707321, 0.0030710195812752718], 2, -1.0, [-0.5871379399265917, 0.004578352644140374]
[-0.5871379399265917, 0.004578352644140374], 2, -1.0, [-0.581085924183305, 0.006052015743286753]
[-0.581085924183305, 0.006052015743286753], 2, -1.0, [-0.5736048889461571, 0.007481035237147845]
[-0.5736048889461571, 0.007481035237147845], 2, -1.0, [-0.5647502130426265, 0.008854675903530647]
[-0.5647502130426265, 0.008854675903530647], 2, -1.0, [-0.5545876847456831, 0.01016252829694343]
[-0.5545876847456831, 0.01016252829694343], 0, -1.0, [-0.5451930742746488, 0.0093946104710343]
[-0.5451930742746488, 0.0093946104710343], 0, -1.0, [-0.5366366198241009, 0.008556454450547894]
[-0.5366366198241009, 0.008556454450547894], 0, -1.0, [-0.5289824064726854, 0.007654213351415546]
[-0.5289824064726854, 0.007654213351415546], 0, -1.0, [-0.5222878176450981, 0.00669458882758723]
[-0.5222878176450981, 0.00669458882758723], 0, -1.0, [-0.5166030609768134, 0.005684756668284752]
[-0.5166030609768134, 0.005684756668284752], 0, -1.0, [-0.5119707683166073, 0.00463229266020618]
[-0.5119707683166073, 0.00463229266020618], 0, -1.0, [-0.5084256680245103, 0.0035451002920969398]
[-0.5084256680245103, 0.0035451002920969398], 2, -1.0, [-0.5039943267447735, 0.004431341279736784]
[-0.5039943267447735, 0.004431341279736784], 0, -1.0, [-0.5007099340811229, 0.003284392663650667]
[-0.5007099340811229, 0.003284392663650667], 0, -1.0, [-0.49859707285692134, 0.0021128612242015373]
[-0.49859707285692134, 0.0021128612242015373], 0, -1.0, [-0.4976715486355592, 0.0009255242213621619]
[-0.4976715486355592, 0.0009255242213621619], 0, -1.0, [-0.49794028260139545, -0.00026873396583624253]
[-0.49794028260139545, -0.00026873396583624253], 0, -1.0, [-0.49940126528059225, -0.001460982679196809]
[-0.49940126528059225, -0.001460982679196809], 0, -1.0, [-0.502043569937878, -0.002642304657285738]
[-0.502043569937878, -0.002642304657285738], 0, -1.0, [-0.5058474259909798, -0.0038038560531017066]
[-0.5058474259909798, -0.0038038560531017066], 0, -1.0, [-0.510784354246664, -0.004936928255684305]
[-0.510784354246664, -0.004936928255684305], 0, -1.0, [-0.5168173669914407, -0.006033012744776602]
[-0.5168173669914407, -0.006033012744776602], 0, -1.0, [-0.5239012367924157, -0.007083869800975119]
[-0.5239012367924157, -0.007083869800975119], 0, -1.0, [-0.5319828381347462, -0.008081601342330531]
[-0.5319828381347462, -0.008081601342330531], 0, -1.0, [-0.5410015656378822, -0.009018727503135949]
[-0.5410015656378822, -0.009018727503135949], 0, -1.0, [-0.5508898315014245, -0.009888265863542318]
[-0.5508898315014245, -0.009888265863542318], 0, -1.0, [-0.5615736430413528, -0.010683811539928397]
[-0.5615736430413528, -0.010683811539928397], 0, -1.0, [-0.5729732587617533, -0.011399615720400465]
[-0.5729732587617533, -0.011399615720400465], 0, -1.0, [-0.5850039185032198, -0.01203065974146644]
[-0.5850039185032198, -0.01203065974146644], 0, -1.0, [-0.5975766400110978, -0.012572721507878038]
[-0.5975766400110978, -0.012572721507878038], 0, -1.0, [-0.6105990710123309, -0.013022431001233117]
[-0.6105990710123309, -0.013022431001233117], 0, -1.0, [-0.6239763828400738, -0.01337731182774293]
[-0.6239763828400738, -0.01337731182774293], 0, -1.0, [-0.6376121890609632, -0.01363580622088934]
[-0.6376121890609632, -0.01363580622088934], 0, -1.0, [-0.6514094706746832, -0.013797281613720019]
[-0.6514094706746832, -0.013797281613720019], 0, -1.0, [-0.6652714884514992, -0.013862017776815934]
[-0.6652714884514992, -0.013862017776815934], 0, -1.0, [-0.6791026629618002, -0.013831174510301053]
[-0.6791026629618002, -0.013831174510301053], 0, -1.0, [-0.6928094038602086, -0.013706740898408365]
[-0.6928094038602086, -0.013706740898408365], 0, -1.0, [-0.7063008719575496, -0.013491468097341006]
[-0.7063008719575496, -0.013491468097341006], 0, -1.0, [-0.719489660410686, -0.013188788453136263]
[-0.719489660410686, -0.013188788453136263], 0, -1.0, [-0.7322923847843681, -0.012802724373682088]
[-0.7322923847843681, -0.012802724373682088], 0, -1.0, [-0.7446301755522846, -0.01233779076791653]
[-0.7446301755522846, -0.01233779076791653], 0, -1.0, [-0.7564290705529104, -0.011798895000625849]
[-0.7564290705529104, -0.011798895000625849], 0, -1.0, [-0.7676203087556001, -0.011191238202689656]
[-0.7676203087556001, -0.011191238202689656], 0, -1.0, [-0.7781405302100417, -0.01052022145444166]
[-0.7781405302100417, -0.01052022145444166], 2, -1.0, [-0.7859318900793638, -0.007791359869322137]
[-0.7859318900793638, -0.007791359869322137], 2, -1.0, [-0.7909526547498386, -0.005020764670474735]
[-0.7909526547498386, -0.005020764670474735], 2, -1.0, [-0.7931764421152568, -0.0022237873654183233]
[-0.7931764421152568, -0.0022237873654183233], 2, -1.0, [-0.7925916969845896, 0.0005847451306671731]
[-0.7925916969845896, 0.0005847451306671731], 2, -1.0, [-0.7892014500175085, 0.0033902469670811244]
[-0.7892014500175085, 0.0033902469670811244], 2, -1.0, [-0.7830233816289325, 0.0061780683885760326]
[-0.7830233816289325, 0.0061780683885760326], 2, -1.0, [-0.7740901852255057, 0.008933196403426834]
[-0.7740901852255057, 0.008933196403426834], 2, -1.0, [-0.7624501970826401, 0.011639988142865654]
[-0.7624501970826401, 0.011639988142865654], 2, -1.0, [-0.7481682333425035, 0.014281963740136551]
[-0.7481682333425035, 0.014281963740136551], 2, -1.0, [-0.7313265485679805, 0.016841684774523004]
[-0.7313265485679805, 0.016841684774523004], 2, -1.0, [-0.7120258061762592, 0.019300742391721352]
[-0.7120258061762592, 0.019300742391721352], 2, -1.0, [-0.6903859307802132, 0.02163987539604605]
[-0.6903859307802132, 0.02163987539604605], 2, -1.0, [-0.6665466985763253, 0.023839232203887877]
[-0.6665466985763253, 0.023839232203887877], 2, -1.0, [-0.6406679174985007, 0.025878781077824594]
[-0.6406679174985007, 0.025878781077824594], 2, -1.0, [-0.612929056970715, 0.027738860527785708]
[-0.612929056970715, 0.027738860527785708], 2, -1.0, [-0.583528210108761, 0.02940084686195404]
[-0.583528210108761, 0.02940084686195404], 2, -1.0, [-0.5526803100138562, 0.03084790009490481]
[-0.5526803100138562, 0.03084790009490481], 2, -1.0, [-0.5206145750025634, 0.03206573501129289]
[-0.5206145750025634, 0.03206573501129289], 2, -1.0, [-0.48757122119676355, 0.033043353805799834]
[-0.48757122119676355, 0.033043353805799834], 2, -1.0, [-0.45379754827002083, 0.03377367292674272]
[-0.45379754827002083, 0.03377367292674272], 2, -1.0, [-0.419543566956686, 0.034253981313334826]
[-0.419543566956686, 0.034253981313334826], 2, -1.0, [-0.38505738643771864, 0.03448618051896735]
[-0.38505738643771864, 0.03448618051896735], 2, -1.0, [-0.35058060851289985, 0.0344767779248188]
[-0.35058060851289985, 0.0344767779248188], 0, -1.0, [-0.3183439790728919, 0.03223662944000796]
[-0.3183439790728919, 0.03223662944000796], 0, -1.0, [-0.28855130634982795, 0.029792672723063983]
[-0.28855130634982795, 0.029792672723063983], 0, -1.0, [-0.26137898933263437, 0.027172317017193595]
[-0.26137898933263437, 0.027172317017193595], 0, -1.0, [-0.23697666736144754, 0.024402321971186823]
[-0.23697666736144754, 0.024402321971186823], 0, -1.0, [-0.2154687337436536, 0.021507933617793927]
[-0.2154687337436536, 0.021507933617793927], 0, -1.0, [-0.19695643405377644, 0.01851229968987715]
[-0.19695643405377644, 0.01851229968987715], 0, -1.0, [-0.18152027616228975, 0.015436157891486706]
[-0.18152027616228975, 0.015436157891486706], 0, -1.0, [-0.16922250547771694, 0.0122977706845728]
[-0.16922250547771694, 0.0122977706845728], 0, -1.0, [-0.16010943678800932, 0.009113068689707625]
[-0.16010943678800932, 0.009113068689707625], 0, -1.0, [-0.15421347626852475, 0.005895960519484583]
[-0.15421347626852475, 0.005895960519484583], 0, -1.0, [-0.1515547086538937, 0.0026587676146310486]
[-0.1515547086538937, 0.0026587676146310486], 0, -1.0, [-0.1521419624929896, -0.0005872538390959137]
[-0.1521419624929896, -0.0005872538390959137], 0, -1.0, [-0.15597330006065632, -0.003831337567666719]
[-0.15597330006065632, -0.003831337567666719], 0, -1.0, [-0.16303590864675016, -0.007062608586093847]
[-0.16303590864675016, -0.007062608586093847], 0, -1.0, [-0.1733053983193198, -0.010269489672569623]
[-0.1733053983193198, -0.010269489672569623], 0, -1.0, [-0.18674454003611685, -0.013439141716797052]
[-0.18674454003611685, -0.013439141716797052], 0, -1.0, [-0.20330150923320525, -0.016556969197088395]
[-0.20330150923320525, -0.016556969197088395], 0, -1.0, [-0.2229077351980039, -0.01960622596479864]
[-0.2229077351980039, -0.01960622596479864], 0, -1.0, [-0.24547549590831594, -0.022567760710312062]
[-0.24547549590831594, -0.022567760710312062], 0, -1.0, [-0.27089544015517125, -0.025419944246855328]
[-0.27089544015517125, -0.025419944246855328], 0, -1.0, [-0.29903426010206174, -0.02813881994689048]
[-0.29903426010206174, -0.02813881994689048], 0, -1.0, [-0.3297327721149184, -0.03069851201285665]
[-0.3297327721149184, -0.03069851201285665], 0, -1.0, [-0.36280468390915416, -0.03307191179423573]
[-0.36280468390915416, -0.03307191179423573], 0, -1.0, [-0.3980363230260907, -0.03523163911693657]
[-0.3980363230260907, -0.03523163911693657], 0, -1.0, [-0.4351875674083676, -0.037151244382276905]
[-0.4351875674083676, -0.037151244382276905], 0, -1.0, [-0.4739941486164451, -0.038806581208077506]
[-0.4739941486164451, -0.038806581208077506], 0, -1.0, [-0.5141713928930525, -0.040177244276607384]
[-0.5141713928930525, -0.040177244276607384], 0, -1.0, [-0.5554193331143588, -0.04124794022130626]
[-0.5554193331143588, -0.04124794022130626], 0, -1.0, [-0.5974289814623491, -0.04200964834799032]
[-0.5974289814623491, -0.04200964834799032], 0, -1.0, [-0.6398894196353353, -0.04246043817298616]
[-0.6398894196353353, -0.04246043817298616], 0, -1.0, [-0.6824952630250414, -0.04260584338970602]
[-0.6824952630250414, -0.04260584338970602], 0, -1.0, [-0.7249540058640298, -0.04245874283898848]
[-0.7249540058640298, -0.04245874283898848], 0, -1.0, [-0.7669927653109038, -0.042038759446874005]
[-0.7669927653109038, -0.042038759446874005], 0, -1.0, [-0.808364011701014, -0.041371246390110215]
[-0.808364011701014, -0.041371246390110215], 0, -1.0, [-0.8488499866916626, -0.04048597499064857]
[-0.8488499866916626, -0.04048597499064857], 0, -1.0, [-0.8882656502623211, -0.03941566357065847]
[-0.8882656502623211, -0.03941566357065847], 2, -1.0, [-0.9244601387221053, -0.03619448845978425]
[-0.9244601387221053, -0.03619448845978425], 2, -1.0, [-0.957322196337152, -0.03286205761504669]
[-0.957322196337152, -0.03286205761504669], 2, -1.0, [-0.9867745775289115, -0.029452381191759483]
[-0.9867745775289115, -0.029452381191759483], 2, -1.0, [-1.0127679194046955, -0.025993341875784053]
[-1.0127679194046955, -0.025993341875784053], 2, -1.0, [-1.0352745851734404, -0.022506665768745004]
[-1.0352745851734404, -0.022506665768745004], 2, -1.0, [-1.0542828500392687, -0.0190082648658282]
[-1.0542828500392687, -0.0190082648658282], 2, -1.0, [-1.0697916796502547, -0.01550882961098596]
[-1.0697916796502547, -0.01550882961098596], 2, -1.0, [-1.081806250127431, -0.012014570477176398]
[-1.081806250127431, -0.012014570477176398], 2, -1.0, [-1.0903342833272016, -0.008528033199770487]
[-1.0903342833272016, -0.008528033199770487], 2, -1.0, [-1.0953832210771497, -0.0050489377499481165]
[-1.0953832210771497, -0.0050489377499481165], 2, -1.0, [-1.0969582342832653, -0.0015750132061156854]
[-1.0969582342832653, -0.0015750132061156854], 2, -1.0, [-1.095061052208601, 0.0018971820746642876]
[-1.095061052208601, 0.0018971820746642876], 2, -1.0, [-1.0896895986726132, 0.005371453535988001]
[-1.0896895986726132, 0.005371453535988001], 2, -1.0, [-1.0808384303530556, 0.008851168319557493]
[-1.0808384303530556, 0.008851168319557493], 2, -1.0, [-1.0684999829541564, 0.012338447398899135]
[-1.0684999829541564, 0.012338447398899135], 2, -1.0, [-1.0526666389959574, 0.01583334395819909]
[-1.0526666389959574, 0.01583334395819909], 2, -1.0, [-1.0333336315280748, 0.019333007467882475]
[-1.0333336315280748, 0.019333007467882475], 2, -1.0, [-1.0105027860915166, 0.022830845436558188]
[-1.0105027860915166, 0.022830845436558188], 2, -1.0, [-0.9841870735533862, 0.026315712538130327]
[-0.9841870735533862, 0.026315712538130327], 2, -1.0, [-0.9544158942728175, 0.02977117928056871]
[-0.9544158942728175, 0.02977117928056871], 2, -1.0, [-0.9212409362458632, 0.03317495802695426]
[-0.9212409362458632, 0.03317495802695426], 2, -1.0, [-0.8847423466034317, 0.036498589642431564]
[-0.8847423466034317, 0.036498589642431564], 2, -1.0, [-0.8450348329463958, 0.03970751365703585]
[-0.8450348329463958, 0.03970751365703585], 2, -1.0, [-0.802273182336358, 0.04276165061003775]
[-0.802273182336358, 0.04276165061003775], 2, -1.0, [-0.7566565745110234, 0.04561660782533459]
[-0.7566565745110234, 0.04561660782533459], 2, -1.0, [-0.7084310035702522, 0.048225570940771206]
[-0.7084310035702522, 0.048225570940771206], 2, -1.0, [-0.6578891439671927, 0.05054185960305959]
[-0.6578891439671927, 0.05054185960305959], 2, -1.0, [-0.6053671313727212, 0.052522012594471416]
[-0.6053671313727212, 0.052522012594471416], 2, -1.0, [-0.5512379881015148, 0.05412914327120649]
[-0.5512379881015148, 0.05412914327120649], 2, -1.0, [-0.49590178819093345, 0.055336199910581335]
[-0.49590178819093345, 0.055336199910581335], 2, -1.0, [-0.43977307673966726, 0.05612871145126617]
[-0.43977307673966726, 0.05612871145126617], 2, -1.0, [-0.38326645245355073, 0.056506624286116545]
[-0.38326645245355073, 0.056506624286116545], 2, -1.0, [-0.3267815045975009, 0.05648494785604987]
[-0.3267815045975009, 0.05648494785604987], 2, -1.0, [-0.2706883977312427, 0.056093106866258194]
[-0.2706883977312427, 0.056093106866258194], 2, -1.0, [-0.21531529379175804, 0.05537310393948467]
[-0.21531529379175804, 0.05537310393948467], 2, -1.0, [-0.16093851672014342, 0.05437677707161461]
[-0.16093851672014342, 0.05437677707161461], 2, -1.0, [-0.10777596776432914, 0.05316254895581428]
[-0.10777596776432914, 0.05316254895581428], 2, -1.0, [-0.055983877099924466, 0.051792090664404676]
[-0.055983877099924466, 0.051792090664404676], 2, -1.0, [-0.005656609552597433, 0.05032726754732703]
[-0.005656609552597433, 0.05032726754732703], 1, -1.0, [0.04217101795494702, 0.047827627507544455]
[0.04217101795494702, 0.047827627507544455], 1, -1.0, [0.087518625732543, 0.04534760777759598]
[0.087518625732543, 0.04534760777759598], 1, -1.0, [0.13045190911999943, 0.04293328338745642]
[0.13045190911999943, 0.04293328338745642], 1, -1.0, [0.17107421056198308, 0.04062230144198364]
[0.17107421056198308, 0.04062230144198364], 0, -1.0, [0.20851859509639717, 0.0374443845344141]
[0.20851859509639717, 0.0374443845344141], 0, -1.0, [0.24293638511627935, 0.0344177900198822]
[0.24293638511627935, 0.0344177900198822], 0, -1.0, [0.2744892551063488, 0.03155286999006944]
[0.2744892551063488, 0.03155286999006944], 0, -1.0, [0.30334292092583914, 0.028853665819490313]
[0.30334292092583914, 0.028853665819490313], 0, -1.0, [0.32966227914304314, 0.026319358217204]
[0.32966227914304314, 0.026319358217204], 0, -1.0, [0.3536077958376175, 0.023945516694574343]
[0.3536077958376175, 0.023945516694574343], 2, -1.0, [0.3773329284581638, 0.023725132620546343]
[0.3773329284581638, 0.023725132620546343], 2, -1.0, [0.4009959330012251, 0.023663004543061295]
[0.4009959330012251, 0.023663004543061295], 0, -1.0, [0.4227600090547985, 0.021764076053573403]
[0.4227600090547985, 0.021764076053573403], 2, -1.0, [0.44477927715487814, 0.022019268100079623]
[0.44477927715487814, 0.022019268100079623], 0, -1.0, [0.4652128923925022, 0.02043361523762405]
[0.4652128923925022, 0.02043361523762405], 2, -1.0, [0.4862108491871476, 0.020997956794645414]
[0.4862108491871476, 0.020997956794645414], 0, -1.0, [0.5059289841224555, 0.019718134935307875]
