[-0.4927407600850969, 0.0], 0, -1.0, [-0.49397186477834276, -0.0012311046932459142]
[-0.49397186477834276, -0.0012311046932459142], 0, -1.0, [-0.4964248788605064, -0.002453014082163622]
[-0.4964248788605064, -0.002453014082163622], 0, -1.0, [-0.5000814715033253, -0.003656592642818852]
[-0.5000814715033253, -0.003656592642818852], 0, -1.0, [-0.5049142976394164, -0.004832826136091129]
[-0.5049142976394164, -0.004832826136091129], 0, -1.0, [-0.5108871839887327, -0.0059728863493162514]
[-0.5108871839887327, -0.0059728863493162514], 0, -1.0, [-0.5179553841693351, -0.0070682001806024325]
[-0.5179553841693351, -0.0070682001806024325], 0, -1.0, [-0.5260659077637214, -0.008110523594386378]
[-0.5260659077637214, -0.008110523594386378], 0, -1.0, [-0.5351579280358056, -0.009092020272084188]
[-0.5351579280358056, -0.009092020272084188], 0, -1.0, [-0.5451632720387912, -0.010005344002985549]
[-0.5451632720387912, -0.010005344002985549], 0, -1.0, [-0.5560069951108124, -0.010843723072021229]
[-0.5560069951108124, -0.010843723072021229], 0, -1.0, [-0.5676080392843526, -0.011601044173540088]
[-0.5676080392843526, -0.011601044173540088], 0, -1.0, [-0.5798799720702431, -0.012271932785890529]
[-0.5798799720702431, -0.012271932785890529], 0, -1.0, [-0.5927317986172775, -0.012851826547034427]
[-0.5927317986172775, -0.012851826547034427], 0, -1.0, [-0.6060688366474468, -0.01333703803016929]
[-0.6060688366474468, -0.01333703803016929], 0, -1.0, [-0.6197936401109818, -0.01372480346353494]
[-0.6197936401109818, -0.01372480346353494], 0, -1.0, [-0.6338069544881433, -0.014013314377161471]
[-0.6338069544881433, -0.014013314377161471], 0, -1.0, [-0.648008684357067, -0.014201729868923785]
[-0.648008684357067, -0.014201729868923785], 0, -1.0, [-0.662298852468919, -0.014290168111851949]
[-0.662298852468919, -0.014290168111851949], 0, -1.0, [-0.6765785292679221, -0.014279676799003087]
[-0.6765785292679221, -0.014279676799003087], 0, -1.0, [-0.690750712618016, -0.014172183350094004]
[-0.690750712618016, -0.014172183350094004], 0, -1.0, [-0.7047211394068398, -0.013970426788823813]
[-0.7047211394068398, -0.013970426788823813], 0, -1.0, [-0.7183990135574451, -0.013677874150605335]
[-0.7183990135574451, -0.013677874150605335], 0, -1.0, [-0.731697638580257, -0.013298625022811972]
[-0.731697638580257, -0.013298625022811972], 0, -1.0, [-0.7445349468835304, -0.012837308303273306]
[-0.7445349468835304, -0.012837308303273306], 0, -1.0, [-0.7568339223489785, -0.012298975465448147]
[-0.7568339223489785, -0.012298975465448147], 0, -1.0, [-0.7685229168954989, -0.011688994546520358]
[-0.7685229168954989, -0.011688994546520358], 0, -1.0, [-0.7795358656537236, -0.01101294875822471]
[-0.7795358656537236, -0.01101294875822471], 0, -1.0, [-0.7898124087620713, -0.010276543108347684]
[-0.7898124087620713, -0.010276543108347684], 0, -1.0, [-0.799297930534883, -0.009485521772811678]
[-0.799297930534883, -0.009485521772811678], 2, -1.0, [-0.8059435287707175, -0.006645598235834544]
[-0.8059435287707175, -0.006645598235834544], 2, -1.0, [-0.8097158275933242, -0.0037722988226066402]
[-0.8097158275933242, -0.0037722988226066402], 2, -1.0, [-0.8105962120019302, -0.0008803844086059985]
[-0.8105962120019302, -0.0008803844086059985], 2, -1.0, [-0.8085803723870788, 0.002015839614851408]
[-0.8085803723870788, 0.002015839614851408], 2, -1.0, [-0.8036781960587247, 0.004902176328354098]
[-0.8036781960587247, 0.004902176328354098], 2, -1.0, [-0.7959140144067505, 0.007764181651974247]
[-0.7959140144067505, 0.007764181651974247], 2, -1.0, [-0.7853271859406752, 0.010586828466075334]
[-0.7853271859406752, 0.010586828466075334], 2, -1.0, [-0.7719729669765135, 0.013354218964161632]
[-0.7719729669765135, 0.013354218964161632], 2, -1.0, [-0.7559235932420371, 0.016049373734476492]
[-0.7559235932420371, 0.016049373734476492], 2, -1.0, [-0.7372694678171376, 0.01865412542489936]
[-0.7372694678171376, 0.01865412542489936], 2, -1.0, [-0.7161203250978301, 0.02114914271930757]
[-0.7161203250978301, 0.02114914271930757], 2, -1.0, [-0.6926062192958018, 0.02351410580202823]
[-0.6926062192958018, 0.02351410580202823], 2, -1.0, [-0.6668781726379599, 0.025728046657841893]
[-0.6668781726379599, 0.025728046657841893], 2, -1.0, [-0.6391083166845136, 0.02776985595344623]
[-0.6391083166845136, 0.02776985595344623], 2, -1.0, [-0.6094893736526115, 0.029618943031902187]
[-0.6094893736526115, 0.029618943031902187], 2, -1.0, [-0.5782333558647614, 0.031256017787850046]
[-0.5782333558647614, 0.031256017787850046], 2, -1.0, [-0.5455694109211328, 0.03266394494362868]
[-0.5455694109211328, 0.03266394494362868], 2, -1.0, [-0.5117408054976369, 0.0338286054234959]
[-0.5117408054976369, 0.0338286054234959], 2, -1.0, [-0.4770011160932105, 0.034739689404426385]
[-0.4770011160932105, 0.034739689404426385], 2, -1.0, [-0.44160977197795837, 0.035391344115252146]
[-0.44160977197795837, 0.035391344115252146], 2, -1.0, [-0.4058271637241159, 0.03578260825384245]
[-0.4058271637241159, 0.03578260825384245], 2, -1.0, [-0.3699095799302291, 0.035917583793886834]
[-0.3699095799302291, 0.035917583793886834], 2, -1.0, [-0.3341042573058226, 0.03580532262440653]
[-0.3341042573058226, 0.03580532262440653], 0, -1.0, [-0.30064482151172967, 0.03345943579409294]
[-0.30064482151172967, 0.03345943579409294], 0, -1.0, [-0.26973561943766217, 0.030909202074067516]
[-0.26973561943766217, 0.030909202074067516], 0, -1.0, [-0.24155159905952017, 0.028184020378141984]
[-0.24155159905952017, 0.028184020378141984], 0, -1.0, [-0.21623939941535308, 0.02531219964416708]
[-0.21623939941535308, 0.02531219964416708], 0, -1.0, [-0.19391934695454588, 0.0223200524608072]
[-0.19391934695454588, 0.0223200524608072], 0, -1.0, [-0.17468803926700346, 0.019231307687542425]
[-0.17468803926700346, 0.019231307687542425], 0, -1.0, [-0.1586212131767747, 0.01606682609022879]
[-0.1586212131767747, 0.01606682609022879], 0, -1.0, [-0.14577663062269777, 0.01284458255407692]
[-0.14577663062269777, 0.01284458255407692], 0, -1.0, [-0.13619676242136228, 0.009579868201335492]
[-0.13619676242136228, 0.009579868201335492], 0, -1.0, [-0.12991109880998786, 0.00628566361137441]
[-0.12991109880998786, 0.00628566361137441], 0, -1.0, [-0.12693796126003584, 0.0029731375499520273]
[-0.12693796126003584, 0.0029731375499520273], 0, -1.0, [-0.1272857298147818, -0.0003477685547459788]
[-0.1272857298147818, -0.0003477685547459788], 0, -1.0, [-0.1309534337816264, -0.0036677039668446083]
[-0.1309534337816264, -0.0036677039668446083], 0, -1.0, [-0.13793068230951444, -0.00697724852788802]
[-0.13793068230951444, -0.00697724852788802], 0, -1.0, [-0.1481969375555144, -0.010266255245999983]
[-0.1481969375555144, -0.010266255245999983], 0, -1.0, [-0.161720159620863, -0.01352322206534859]
[-0.161720159620863, -0.01352322206534859], 0, -1.0, [-0.17845488198903628, -0.016734722368173274]
[-0.17845488198903628, -0.016734722368173274], 0, -1.0, [-0.19833981100872566, -0.0198849290196894]
[-0.19833981100872566, -0.0198849290196894], 0, -1.0, [-0.22129508404416987, -0.022955273035444198]
[-0.22129508404416987, -0.022955273035444198], 0, -1.0, [-0.24721936748311962, -0.025924283438949768]
[-0.24721936748311962, -0.025924283438949768], 0, -1.0, [-0.27598702468623715, -0.028767657203117514]
[-0.27598702468623715, -0.028767657203117514], 0, -1.0, [-0.30744562924845853, -0.031458604562221396]
[-0.30744562924845853, -0.031458604562221396], 0, -1.0, [-0.34141413199181747, -0.033968502743358914]
[-0.34141413199181747, -0.033968502743358914], 0, -1.0, [-0.37768200041694944, -0.03626786842513195]
[-0.37768200041694944, -0.03626786842513195], 0, -1.0, [-0.41600962632265714, -0.038327625905707687]
[-0.41600962632265714, -0.038327625905707687], 0, -1.0, [-0.45613023300877137, -0.04012060668611423]
[-0.45613023300877137, -0.04012060668611423], 0, -1.0, [-0.49775340576749033, -0.04162317275871894]
[-0.49775340576749033, -0.04162317275871894], 0, -1.0, [-0.5405702246352614, -0.04281681886777108]
[-0.5405702246352614, -0.04281681886777108], 0, -1.0, [-0.5842598126213663, -0.04368958798610491]
[-0.5842598126213663, -0.04368958798610491], 0, -1.0, [-0.6284969498789033, -0.04423713725753693]
[-0.6284969498789033, -0.04423713725753693], 0, -1.0, [-0.6729602721109381, -0.0444633222320349]
[-0.6729602721109381, -0.0444633222320349], 0, -1.0, [-0.7173404945396289, -0.04438022242869077]
[-0.7173404945396289, -0.04438022242869077], 0, -1.0, [-0.7613480961604081, -0.044007601620779234]
[-0.7613480961604081, -0.044007601620779234], 0, -1.0, [-0.8047199641341096, -0.04337186797370153]
[-0.8047199641341096, -0.04337186797370153], 0, -1.0, [-0.8472246222116626, -0.04250465807755294]
[-0.8472246222116626, -0.04250465807755294], 0, -1.0, [-0.8886658266179092, -0.041441204406246525]
[-0.8886658266179092, -0.041441204406246525], 0, -1.0, [-0.9288844801034079, -0.04021865348549873]
[-0.9288844801034079, -0.04021865348549873], 0, -1.0, [-0.9677589645489931, -0.038874484445585285]
[-0.9677589645489931, -0.038874484445585285], 0, -1.0, [-1.005204106631408, -0.03744514208241479]
[-1.005204106631408, -0.03744514208241479], 0, -1.0, [-1.0411690612947502, -0.035964954663342354]
[-1.0411690612947502, -0.035964954663342354], 0, -1.0, [-1.0756344248022165, -0.03446536350746639]
[-1.0756344248022165, -0.03446536350746639], 0, -1.0, [-1.1086088801710663, -0.03297445536884974]
[-1.1086088801710663, -0.03297445536884974], 0, -1.0, [-1.1401256433707039, -0.03151676319963768]
[-1.1401256433707039, -0.03151676319963768], 0, -1.0, [-1.170238929820176, -0.030113286449472247]
[-1.170238929820176, -0.030113286449472247], 0, -1.0, [-1.1990206069848004, -0.02878167716462436]
[-1.1990206069848004, -0.02878167716462436], 0, -1.0, [-1.2, 0.0]
[-1.2, 0.0], 2, -1.0, [-1.1967581039591646, 0.003241896040835368]
[-1.1967581039591646, 0.003241896040835368], 2, -1.0, [-1.1902636585360942, 0.006494445423070332]
[-1.1902636585360942, 0.006494445423070332], 2, -1.0, [-1.1804959639787937, 0.009767694557300442]
[-1.1804959639787937, 0.009767694557300442], 2, -1.0, [-1.1674255149588486, 0.013070449019945182]
[-1.1674255149588486, 0.013070449019945182], 2, -1.0, [-1.1510159267200155, 0.016409588238833067]
[-1.1510159267200155, 0.016409588238833067], 2, -1.0, [-1.1312266168239755, 0.019789309896040046]
[-1.1312266168239755, 0.019789309896040046], 2, -1.0, [-1.108016322100852, 0.02321029472312345]
[-1.108016322100852, 0.02321029472312345], 2, -1.0, [-1.081347524946184, 0.02666879715466819]
[-1.081347524946184, 0.02666879715466819], 2, -1.0, [-1.0511918363028878, 0.03015568864329602]
[-1.0511918363028878, 0.03015568864329602], 2, -1.0, [-1.0175363271434712, 0.0336555091594167]
[-1.0175363271434712, 0.0336555091594167], 2, -1.0, [-0.9803907090723114, 0.03714561807115983]
[-0.9803907090723114, 0.03714561807115983], 2, -1.0, [-0.9397951336374217, 0.04059557543488971]
[-0.9397951336374217, 0.04059557543488971], 2, -1.0, [-0.8958282112564235, 0.043966922380998245]
[-0.8958282112564235, 0.043966922380998245], 2, -1.0, [-0.8486146572192776, 0.04721355403714586]
[-0.8486146572192776, 0.04721355403714586], 2, -1.0, [-0.7983317816221248, 0.05028287559715283]
[-0.7983317816221248, 0.05028287559715283], 2, -1.0, [-0.7452138959379592, 0.0531178856841656]
[-0.7452138959379592, 0.0531178856841656], 2, -1.0, [-0.6895536666604415, 0.0556602292775177]
[-0.6895536666604415, 0.0556602292775177], 2, -1.0, [-0.6316995610792892, 0.057854105581152386]
[-0.6316995610792892, 0.057854105581152386], 2, -1.0, [-0.5720488365336812, 0.05965072454560789]
[-0.5720488365336812, 0.05965072454560789], 2, -1.0, [-0.5110360146660762, 0.061012821867605024]
[-0.5110360146660762, 0.061012821867605024], 1, -1.0, [-0.45011739120176025, 0.0609186234643159]
[-0.45011739120176025, 0.0609186234643159], 2, -1.0, [-0.38874542536120976, 0.06137196584055047]
[-0.38874542536120976, 0.06137196584055047], 1, -1.0, [-0.3283574954301735, 0.060387929931036234]
[-0.3283574954301735, 0.060387929931036234], 1, -1.0, [-0.2693515722796203, 0.0590059231505532]
[-0.2693515722796203, 0.0590059231505532], 2, -1.0, [-0.21107291430689964, 0.058278657972720666]
[-0.21107291430689964, 0.058278657972720666], 2, -1.0, [-0.1538095738850918, 0.05726334042180782]
[-0.1538095738850918, 0.05726334042180782], 1, -1.0, [-0.09878477672562308, 0.05502479715946874]
[-0.09878477672562308, 0.05502479715946874], 2, -1.0, [-0.0451509983341562, 0.05363377839146688]
[-0.0451509983341562, 0.05363377839146688], 1, -1.0, [0.006005679405311493, 0.05115667773946769]
[0.006005679405311493, 0.05115667773946769], 1, -1.0, [0.05466276290088544, 0.04865708349557395]
[0.05466276290088544, 0.04865708349557395], 1, -1.0, [0.10085338633038973, 0.0461906234295043]
[0.10085338633038973, 0.0461906234295043], 1, -1.0, [0.14465756780888356, 0.043804181478493825]
[0.14465756780888356, 0.043804181478493825], 1, -1.0, [0.18619349309448435, 0.0415359252856008]
[0.18619349309448435, 0.0415359252856008], 1, -1.0, [0.22560939766271879, 0.03941590456823444]
[0.22560939766271879, 0.03941590456823444], 0, -1.0, [0.26207639419544804, 0.036466996532729244]
[0.26207639419544804, 0.036466996532729244], 0, -1.0, [0.29577709343370484, 0.03370069923825681]
[0.29577709343370484, 0.03370069923825681], 0, -1.0, [0.3268990837483695, 0.03112199031466465]
[0.3268990837483695, 0.03112199031466465], 0, -1.0, [0.3556299656978175, 0.028730881949447996]
[0.3556299656978175, 0.028730881949447996], 0, -1.0, [0.3821537224312361, 0.02652375673341857]
[0.3821537224312361, 0.02652375673341857], 0, -1.0, [0.40664819167661254, 0.02449446924537646]
[0.40664819167661254, 0.02449446924537646], 0, -1.0, [0.429283416433634, 0.02263522475702147]
[0.429283416433634, 0.02263522475702147], 2, -1.0, [0.45222067671823113, 0.02293726028459713]
[0.45222067671823113, 0.02293726028459713], 0, -1.0, [0.47362668306104394, 0.02140600634281281]
[0.47362668306104394, 0.02140600634281281], 2, -1.0, [0.49565930102967204, 0.022032617968628074]
[0.49565930102967204, 0.022032617968628074], 0, -1.0, [0.5164826182148164, 0.02082331718514436]
