[-0.45876062932718775, 0.0], 0, -1.0, [-0.46024385471085877, -0.0014832253836710055]
[-0.46024385471085877, -0.0014832253836710055], 0, -1.0, [-0.4631993863240025, -0.002955531613143695]
[-0.4631993863240025, -0.002955531613143695], 0, -1.0, [-0.46760543857337433, -0.004406052249371853]
[-0.46760543857337433, -0.004406052249371853], 0, -1.0, [-0.47342946866010854, -0.0058240300867342274]
[-0.47342946866010854, -0.0058240300867342274], 0, -1.0, [-0.4806283495733104, -0.00719888091320184]
[-0.4806283495733104, -0.00719888091320184], 0, -1.0, [-0.4891486168135887, -0.008520267240278281]
[-0.4891486168135887, -0.008520267240278281], 0, -1.0, [-0.4989268005238383, -0.009778183710249647]
[-0.4989268005238383, -0.009778183710249647], 0, -1.0, [-0.5098898551410544, -0.010963054617216186]
[-0.5098898551410544, -0.010963054617216186], 0, -1.0, [-0.521955697679886, -0.012065842538831613]
[-0.521955697679886, -0.012065842538831613], 0, -1.0, [-0.5350338632532028, -0.01307816557331673]
[-0.5350338632532028, -0.01307816557331673], 0, -1.0, [-0.5490262824898618, -0.01399241923665903]
[-0.5490262824898618, -0.01399241923665903], 0, -1.0, [-0.5638281803250871, -0.014801897835225205]
[-0.5638281803250871, -0.014801897835225205], 0, -1.0, [-0.5793290895506463, -0.015500909225559214]
[-0.5793290895506463, -0.015500909225559214], 0, -1.0, [-0.5954139659754537, -0.016084876424807416]
[-0.5954139659754537, -0.016084876424807416], 0, -1.0, [-0.6119643856012975, -0.016550419625843818]
[-0.6119643856012975, -0.016550419625843818], 0, -1.0, [-0.6288597984350486, -0.01689541283375111]
[-0.6288597984350486, -0.01689541283375111], 0, -1.0, [-0.6459788089816338, -0.01711901054658524]
[-0.6459788089816338, -0.01711901054658524], 0, -1.0, [-0.6632004505433851, -0.017221641561751204]
[-0.6632004505433851, -0.017221641561751204], 0, -1.0, [-0.6804054194961902, -0.017204968952805072]
[-0.6804054194961902, -0.017204968952805072], 0, -1.0, [-0.6974772368409508, -0.017071817344760636]
[-0.6974772368409508, -0.017071817344760636], 0, -1.0, [-0.7143033074603901, -0.01682607061943927]
[-0.7143033074603901, -0.01682607061943927], 0, -1.0, [-0.7307758523792061, -0.016472544918816036]
[-0.7307758523792061, -0.016472544918816036], 0, -1.0, [-0.7467926955123427, -0.016016843133136616]
[-0.7467926955123427, -0.016016843133136616], 0, -1.0, [-0.7622578933780856, -0.015465197865742873]
[-0.7622578933780856, -0.015465197865742873], 0, -1.0, [-0.7770822035029504, -0.01482431012486484]
[-0.7770822035029504, -0.01482431012486484], 0, -1.0, [-0.7911833942350424, -0.01410119073209192]
[-0.7911833942350424, -0.01410119073209192], 2, -1.0, [-0.8024864049715076, -0.011303010736465176]
[-0.8024864049715076, -0.011303010736465176], 2, -1.0, [-0.8109333867587413, -0.008446981787233637]
[-0.8109333867587413, -0.008446981787233637], 2, -1.0, [-0.8164824975045675, -0.0055491107458261555]
[-0.8164824975045675, -0.0055491107458261555], 2, -1.0, [-0.819106911333567, -0.0026244138289994697]
[-0.819106911333567, -0.0026244138289994697], 2, -1.0, [-0.8187941264660232, 0.00031278486754367316]
[-0.8187941264660232, 0.00031278486754367316], 2, -1.0, [-0.815545626610564, 0.003248499855459266]
[-0.815545626610564, 0.003248499855459266], 2, -1.0, [-0.809376921697899, 0.006168704912664954]
[-0.809376921697899, 0.006168704912664954], 2, -1.0, [-0.800317964884459, 0.009058956813439977]
[-0.800317964884459, 0.009058956813439977], 2, -1.0, [-0.788413913819326, 0.011904051065133061]
[-0.788413913819326, 0.011904051065133061], 2, -1.0, [-0.7737261749354121, 0.014687738883913913]
[-0.7737261749354121, 0.014687738883913913], 2, -1.0, [-0.7563336401508436, 0.017392534784568488]
[-0.7563336401508436, 0.017392534784568488], 2, -1.0, [-0.7363339967484024, 0.019999643402441182]
[-0.7363339967484024, 0.019999643402441182], 2, -1.0, [-0.7138449652184062, 0.022489031529996113]
[-0.7138449652184062, 0.022489031529996113], 2, -1.0, [-0.689005299430058, 0.024839665788348265]
[-0.689005299430058, 0.024839665788348265], 2, -1.0, [-0.6619753724354848, 0.02702992699457314]
[-0.6619753724354848, 0.02702992699457314], 2, -1.0, [-0.6329371736898999, 0.02903819874558484]
[-0.6329371736898999, 0.02903819874558484], 2, -1.0, [-0.6020935632415851, 0.030843610448314736]
[-0.6020935632415851, 0.030843610448314736], 2, -1.0, [-0.5696666677730795, 0.03242689546850561]
[-0.5696666677730795, 0.03242689546850561], 2, -1.0, [-0.5358953619490149, 0.03377130582406462]
[-0.5358953619490149, 0.03377130582406462], 2, -1.0, [-0.501031852643225, 0.034863509305789846]
[-0.501031852643225, 0.034863509305789846], 2, -1.0, [-0.46533746599784764, 0.035694386645377406]
[-0.46533746599784764, 0.035694386645377406], 2, -1.0, [-0.4290778177586887, 0.03625964823915896]
[-0.4290778177586887, 0.03625964823915896], 2, -1.0, [-0.3925176145351654, 0.03656020322352329]
[-0.3925176145351654, 0.03656020322352329], 2, -1.0, [-0.35591537715420823, 0.0366022373809572]
[-0.35591537715420823, 0.0366022373809572], 2, -1.0, [-0.3195183900294399, 0.03639698712476835]
[-0.3195183900294399, 0.03639698712476835], 2, -1.0, [-0.2835581603534739, 0.03596022967596596]
[-0.2835581603534739, 0.03596022967596596], 2, -1.0, [-0.24824662135600234, 0.03531153899747157]
[-0.24824662135600234, 0.03531153899747157], 2, -1.0, [-0.2137732429643712, 0.034473378391631136]
[-0.2137732429643712, 0.034473378391631136], 2, -1.0, [-0.18030313188157895, 0.03347011108279224]
[-0.18030313188157895, 0.03347011108279224], 2, -1.0, [-0.1479761227331216, 0.03232700914845736]
[-0.1479761227331216, 0.03232700914845736], 2, -1.0, [-0.11690679218312573, 0.03106933054999587]
[-0.11690679218312573, 0.03106933054999587], 2, -1.0, [-0.08718527526710305, 0.029721516916022678]
[-0.08718527526710305, 0.029721516916022678], 2, -1.0, [-0.05887873044138439, 0.02830654482571866]
[-0.05887873044138439, 0.02830654482571866], 2, -1.0, [-0.03203328648239467, 0.026845443958989725]
[-0.03203328648239467, 0.026845443958989725], 2, -1.0, [-0.00667630742616793, 0.025356979056226737]
[-0.00667630742616793, 0.025356979056226737], 1, -1.0, [0.016181173060455294, 0.022857480486623224]
[0.016181173060455294, 0.022857480486623224], 1, -1.0, [0.03654159856025811, 0.02036042549980282]
[0.03654159856025811, 0.02036042549980282], 0, -1.0, [0.05341703101684932, 0.0168754324565912]
[0.05341703101684932, 0.0168754324565912], 0, -1.0, [0.0668244953520397, 0.013407464335190387]
[0.0668244953520397, 0.013407464335190387], 0, -1.0, [0.0767820286851632, 0.009957533333123504]
[0.0767820286851632, 0.009957533333123504], 0, -1.0, [0.08330559342615078, 0.006523564740987573]
[0.08330559342615078, 0.006523564740987573], 0, -1.0, [0.08640682564902809, 0.0031012322228773036]
[0.08640682564902809, 0.0031012322228773036], 0, -1.0, [0.08609158266011924, -0.0003152429889088527]
[0.08609158266011924, -0.0003152429889088527], 0, -1.0, [0.08235925950013798, -0.0037323231599812614]
[0.08235925950013798, -0.0037323231599812614], 0, -1.0, [0.07520285820791045, -0.007156401292227528]
[0.07520285820791045, -0.007156401292227528], 0, -1.0, [0.06460981154145023, -0.010593046666460212]
[0.06460981154145023, -0.010593046666460212], 0, -1.0, [0.05056358034057139, -0.014046231200878851]
[0.05056358034057139, -0.014046231200878851], 0, -1.0, [0.033046056630635284, -0.017517523709936103]
[0.033046056630635284, -0.017517523709936103], 0, -1.0, [0.012040808332720629, -0.021005248297914655]
[0.012040808332720629, -0.021005248297914655], 0, -1.0, [-0.012462809105553738, -0.024503617438274367]
[-0.012462809105553738, -0.024503617438274367], 0, -1.0, [-0.04046467937925013, -0.02800187027369639]
[-0.04046467937925013, -0.02800187027369639], 0, -1.0, [-0.07194815162255161, -0.03148347224330148]
[-0.07194815162255161, -0.03148347224330148], 0, -1.0, [-0.10687361357488076, -0.03492546195232915]
[-0.10687361357488076, -0.03492546195232915], 0, -1.0, [-0.14517167537577336, -0.038298061800892604]
[-0.14517167537577336, -0.038298061800892604], 0, -1.0, [-0.18673636938833446, -0.041564694012561104]
[-0.18673636938833446, -0.041564694012561104], 0, -1.0, [-0.23141892344369425, -0.04468255405535978]
[-0.23141892344369425, -0.04468255405535978], 0, -1.0, [-0.2790228011067384, -0.04760387766304412]
[-0.2790228011067384, -0.04760387766304412], 0, -1.0, [-0.3293007861393835, -0.05027798503264511]
[-0.3293007861393835, -0.05027798503264511], 0, -1.0, [-0.3819548770095461, -0.052654090870162616]
[-0.3819548770095461, -0.052654090870162616], 0, -1.0, [-0.4366396142621564, -0.054684737252610305]
[-0.4366396142621564, -0.054684737252610305], 0, -1.0, [-0.49296917262617135, -0.056329558364014924]
[-0.49296917262617135, -0.056329558364014924], 0, -1.0, [-0.5505281298705778, -0.057558957244406454]
[-0.5505281298705778, -0.057558957244406454], 0, -1.0, [-0.6088853365864014, -0.05835720671582363]
[-0.6088853365864014, -0.05835720671582363], 0, -1.0, [-0.667609850304798, -0.05872451371839659]
[-0.667609850304798, -0.05872451371839659], 0, -1.0, [-0.7262875688467691, -0.05867771854197117]
[-0.7262875688467691, -0.05867771854197117], 0, -1.0, [-0.7845370836334001, -0.05824951478663102]
[-0.7845370836334001, -0.05824951478663102], 0, -1.0, [-0.8420234039253001, -0.05748632029189989]
[-0.8420234039253001, -0.05748632029189989], 2, -1.0, [-0.8964685444467242, -0.054445140521424094]
[-0.8964685444467242, -0.054445140521424094], 2, -1.0, [-0.947664950790059, -0.0511964063433348]
[-0.947664950790059, -0.0511964063433348], 0, -1.0, [-0.9974719823136676, -0.04980703152360866]
[-0.9974719823136676, -0.04980703152360866], 0, -1.0, [-1.0458067794016697, -0.0483347970880021]
[-1.0458067794016697, -0.0483347970880021], 0, -1.0, [-1.0926415982499098, -0.04683481884824012]
[-1.0926415982499098, -0.04683481884824012], 0, -1.0, [-1.1379996142013051, -0.04535801595139537]
[-1.1379996142013051, -0.04535801595139537], 0, -1.0, [-1.1819498144008511, -0.04395020019954604]
[-1.1819498144008511, -0.04395020019954604], 0, -1.0, [-1.2, 0.0]
[-1.2, 0.0], 2, -1.0, [-1.1967581039591646, 0.003241896040835368]
[-1.1967581039591646, 0.003241896040835368], 1, -1.0, [-1.1912636585360943, 0.005494445423070333]
[-1.1912636585360943, 0.005494445423070333], 2, -1.0, [-1.1824990952685062, 0.008764563267588198]
[-1.1824990952685062, 0.008764563267588198], 0, -1.0, [-1.1724376680532376, 0.010061427215268499]
[-1.1724376680532376, 0.010061427215268499], 2, -1.0, [-1.15905063199825, 0.013387036054987417]
[-1.15905063199825, 0.013387036054987417], 2, -1.0, [-1.142303030192518, 0.01674760180573206]
[-1.142303030192518, 0.01674760180573206], 2, -1.0, [-1.1221564967967979, 0.020146533395720347]
[-1.1221564967967979, 0.020146533395720347], 2, -1.0, [-1.0985729094556553, 0.023583587341142423]
[-1.0985729094556553, 0.023583587341142423], 2, -1.0, [-1.0715189569391999, 0.027053952516455385]
[-1.0715189569391999, 0.027053952516455385], 2, -1.0, [-1.0409716561921587, 0.03054730074704125]
[-1.0409716561921587, 0.03054730074704125], 1, -1.0, [-1.0079247915023373, 0.03304686468982141]
[-1.0079247915023373, 0.03304686468982141], 1, -1.0, [-0.972395258183925, 0.03552953331841222]
[-0.972395258183925, 0.03552953331841222], 1, -1.0, [-0.934428409203866, 0.03796684898005898]
[-0.934428409203866, 0.03796684898005898], 2, -1.0, [-0.8931032658076997, 0.0413251433961663]
[-0.8931032658076997, 0.0413251433961663], 2, -1.0, [-0.8485405306768468, 0.044562735130853]
[-0.8485405306768468, 0.044562735130853], 2, -1.0, [-0.8009087859960828, 0.0476317446807639]
[-0.8009087859960828, 0.0476317446807639], 2, -1.0, [-0.750428959997405, 0.05047982599867789]
[-0.750428959997405, 0.05047982599867789], 0, -1.0, [-0.6993761980259037, 0.051052761971501284]
[-0.6993761980259037, 0.051052761971501284], 2, -1.0, [-0.646065361538412, 0.053310836487491665]
[-0.646065361538412, 0.053310836487491665], 2, -1.0, [-0.5908565502126194, 0.055208811325792535]
[-0.5908565502126194, 0.055208811325792535], 2, -1.0, [-0.5341467214044795, 0.056709828808139885]
[-0.5341467214044795, 0.056709828808139885], 2, -1.0, [-0.47635779620463276, 0.057788925199846755]
[-0.47635779620463276, 0.057788925199846755], 1, -1.0, [-0.41892199347385983, 0.057435802730772936]
[-0.41892199347385983, 0.057435802730772936], 1, -1.0, [-0.36225842669950176, 0.056663566774358055]
[-0.36225842669950176, 0.056663566774358055], 2, -1.0, [-0.3057582151269629, 0.05650021157253885]
[-0.3057582151269629, 0.05650021157253885], 2, -1.0, [-0.24977796905599575, 0.05598024607096713]
[-0.24977796905599575, 0.05598024607096713], 2, -1.0, [-0.1946280798380651, 0.05514988921793065]
[-0.1946280798380651, 0.05514988921793065], 2, -1.0, [-0.14056400984277773, 0.05406406999528738]
[-0.14056400984277773, 0.05406406999528738], 2, -1.0, [-0.0877809340746014, 0.05278307576817633]
[-0.0877809340746014, 0.05278307576817633], 1, -1.0, [-0.03741167133372704, 0.05036926274087436]
[-0.03741167133372704, 0.05036926274087436], 1, -1.0, [0.010473320758211509, 0.04788499209193855]
[0.010473320758211509, 0.04788499209193855], 1, -1.0, [0.055859546766170116, 0.04538622600795861]
[0.055859546766170116, 0.04538622600795861], 1, -1.0, [0.09878079395262962, 0.04292124718645951]
[0.09878079395262962, 0.04292124718645951], 1, -1.0, [0.1393110136479274, 0.04053021969529778]
[0.1393110136479274, 0.04053021969529778], 1, -1.0, [0.17755640880979984, 0.03824539516187244]
[0.17755640880979984, 0.03824539516187244], 1, -1.0, [0.2136481674328903, 0.03609175862309047]
[0.2136481674328903, 0.03609175862309047], 0, -1.0, [0.24673609768664972, 0.033087930253759404]
[0.24673609768664972, 0.033087930253759404], 0, -1.0, [0.2769782077073626, 0.03024211002071289]
[0.2769782077073626, 0.03024211002071289], 0, -1.0, [0.3045348532838483, 0.02755664557648569]
[0.3045348532838483, 0.02755664557648569], 0, -1.0, [0.329564258972786, 0.02502940568893776]
[0.329564258972786, 0.02502940568893776], 2, -1.0, [0.3542192090019312, 0.02465495002914518]
[0.3542192090019312, 0.02465495002914518], 0, -1.0, [0.376657779124439, 0.022438570122507794]
[0.376657779124439, 0.022438570122507794], 2, -1.0, [0.3990296394424891, 0.022371860318050114]
[0.3990296394424891, 0.022371860318050114], 2, -1.0, [0.4214888261176263, 0.02245918667513717]
[0.4214888261176263, 0.02245918667513717], 0, -1.0, [0.44219410933979986, 0.020705283222173562]
[0.44219410933979986, 0.020705283222173562], 2, -1.0, [0.4632949082599326, 0.021100798920132738]
[0.4632949082599326, 0.021100798920132738], 0, -1.0, [0.4829458912480501, 0.019650982988117544]
[0.4829458912480501, 0.019650982988117544], 2, -1.0, [0.5032927328759631, 0.020346841627913018]
