[-0.4539093280665121, 0.0], 0, -1.0, [-0.4554281996159225, -0.0015188715494104158]
[-0.4554281996159225, -0.0015188715494104158], 0, -1.0, [-0.4584547938841849, -0.003026594268262401]
[-0.4584547938841849, -0.003026594268262401], 0, -1.0, [-0.4629668638415682, -0.004512069957383305]
[-0.4629668638415682, -0.004512069957383305], 0, -1.0, [-0.46893116969344706, -0.005964305851878856]
[-0.46893116969344706, -0.005964305851878856], 0, -1.0, [-0.4763036470717747, -0.007372477378327643]
[-0.4763036470717747, -0.007372477378327643], 0, -1.0, [-0.48502964896130907, -0.008726001889534383]
[-0.48502964896130907, -0.008726001889534383], 0, -1.0, [-0.49504427426869424, -0.010014625307385155]
[-0.49504427426869424, -0.010014625307385155], 0, -1.0, [-0.5062727965075539, -0.011228522238859607]
[-0.5062727965075539, -0.011228522238859607], 0, -1.0, [-0.5186312050853714, -0.012358408577817531]
[-0.5186312050853714, -0.012358408577817531], 0, -1.0, [-0.5320268690629865, -0.013395663977615095]
[-0.5320268690629865, -0.013395663977615095], 0, -1.0, [-0.5463593290744468, -0.014332460011460435]
[-0.5463593290744468, -0.014332460011460435], 0, -1.0, [-0.561521217552, -0.015161888477553126]
[-0.561521217552, -0.015161888477553126], 0, -1.0, [-0.5773993008558894, -0.01587808330388943]
[-0.5773993008558894, -0.01587808330388943], 0, -1.0, [-0.593875629850978, -0.016476328995088572]
[-0.593875629850978, -0.016476328995088572], 0, -1.0, [-0.6108287784863033, -0.016953148635325387]
[-0.6108287784863033, -0.016953148635325387], 0, -1.0, [-0.6281351436430712, -0.017306365156767842]
[-0.6281351436430712, -0.017306365156767842], 0, -1.0, [-0.6456702745167956, -0.017535130873724367]
[-0.6456702745167956, -0.017535130873724367], 0, -1.0, [-0.6633101965874583, -0.017639922070662662]
[-0.6633101965874583, -0.017639922070662662], 0, -1.0, [-0.6809326941445201, -0.01762249755706177]
[-0.6809326941445201, -0.01762249755706177], 0, -1.0, [-0.6984185165049015, -0.01748582236038139]
[-0.6984185165049015, -0.01748582236038139], 0, -1.0, [-0.7156524764055789, -0.017233959900677415]
[-0.7156524764055789, -0.017233959900677415], 0, -1.0, [-0.7325244142760272, -0.01687193787044832]
[-0.7325244142760272, -0.01687193787044832], 0, -1.0, [-0.7489300087418511, -0.01640559446582396]
[-0.7489300087418511, -0.01640559446582396], 0, -1.0, [-0.7647714212173524, -0.01584141247550134]
[-0.7647714212173524, -0.01584141247550134], 0, -1.0, [-0.7799577702144246, -0.015186348997072194]
[-0.7799577702144246, -0.015186348997072194], 0, -1.0, [-0.7944054384639, -0.014447668249475399]
[-0.7944054384639, -0.014447668249475399], 2, -1.0, [-0.8060382226377502, -0.011632784173850174]
[-0.8060382226377502, -0.011632784173850174], 2, -1.0, [-0.8147972371709529, -0.00875901453320269]
[-0.8147972371709529, -0.00875901453320269], 2, -1.0, [-0.8206396457256824, -0.005842408554729473]
[-0.8206396457256824, -0.005842408554729473], 2, -1.0, [-0.8235376096749113, -0.002897963949228902]
[-0.8235376096749113, -0.002897963949228902], 2, -1.0, [-0.8234775415431473, 6.006813176401239e-05]
[-0.8234775415431473, 6.006813176401239e-05], 2, -1.0, [-0.8204597214690533, 0.003017820074093978]
[-0.8204597214690533, 0.003017820074093978], 2, -1.0, [-0.8144983052436512, 0.0059614162254020865]
[-0.8144983052436512, 0.0059614162254020865], 2, -1.0, [-0.8056217233341654, 0.00887658190948577]
[-0.8056217233341654, 0.00887658190948577], 2, -1.0, [-0.7938734411510242, 0.011748282183141199]
[-0.7938734411510242, 0.011748282183141199], 2, -1.0, [-0.7793130212858189, 0.01456041986520526]
[-0.7793130212858189, 0.01456041986520526], 2, -1.0, [-0.7620173985699523, 0.01729562271586656]
[-0.7620173985699523, 0.01729562271586656], 2, -1.0, [-0.7420822493537805, 0.019935149216171757]
[-0.7420822493537805, 0.019935149216171757], 2, -1.0, [-0.7196233091696673, 0.022458940184113155]
[-0.7196233091696673, 0.022458940184113155], 2, -1.0, [-0.6947774708154529, 0.024845838354214368]
[-0.6947774708154529, 0.024845838354214368], 2, -1.0, [-0.667703481741925, 0.027073989073527937]
[-0.667703481741925, 0.027073989073527937], 2, -1.0, [-0.6385820598215344, 0.029121421920390623]
[-0.6385820598215344, 0.029121421920390623], 2, -1.0, [-0.6076152641901412, 0.030966795631393165]
[-0.6076152641901412, 0.030966795631393165], 2, -1.0, [-0.5750249955809338, 0.032590268609207405]
[-0.5750249955809338, 0.032590268609207405], 2, -1.0, [-0.5410505585544777, 0.033974437026456056]
[-0.5410505585544777, 0.033974437026456056], 2, -1.0, [-0.5059452929436278, 0.035105265610849874]
[-0.5059452929436278, 0.035105265610849874], 2, -1.0, [-0.46997236656805746, 0.035972926375570334]
[-0.46997236656805746, 0.035972926375570334], 2, -1.0, [-0.4333999055472246, 0.03657246102083291]
[-0.4333999055472246, 0.03657246102083291], 2, -1.0, [-0.39649571048810717, 0.036904195059117434]
[-0.39649571048810717, 0.036904195059117434], 2, -1.0, [-0.35952185531547187, 0.036973855172635316]
[-0.35952185531547187, 0.036973855172635316], 2, -1.0, [-0.3227294826157094, 0.0367923726997625]
[-0.3227294826157094, 0.0367923726997625], 2, -1.0, [-0.2863540922315855, 0.036375390384123935]
[-0.2863540922315855, 0.036375390384123935], 2, -1.0, [-0.250611571417063, 0.03574252081452251]
[-0.250611571417063, 0.03574252081452251], 2, -1.0, [-0.21569514316686977, 0.034916428250193206]
[-0.21569514316686977, 0.034916428250193206], 1, -1.0, [-0.18277332559978665, 0.03292181756708312]
[-0.18277332559978665, 0.03292181756708312], 2, -1.0, [-0.1509850116457089, 0.03178831395407774]
[-0.1509850116457089, 0.03178831395407774], 2, -1.0, [-0.12044459227768159, 0.03054041936802731]
[-0.12044459227768159, 0.03054041936802731], 2, -1.0, [-0.09124273825001514, 0.02920185402766646]
[-0.09124273825001514, 0.02920185402766646], 2, -1.0, [-0.063447808643831, 0.02779492960618414]
[-0.063447808643831, 0.02779492960618414], 1, -1.0, [-0.03810772733306474, 0.025340081310766253]
[-0.03810772733306474, 0.025340081310766253], 0, -1.0, [-0.016251326570808734, 0.02185640076225601]
[-0.016251326570808734, 0.02185640076225601], 0, -1.0, [0.0021080447911355424, 0.018359371361944276]
[0.0021080447911355424, 0.018359371361944276], 0, -1.0, [0.016967466146257663, 0.01485942135512212]
[0.016967466146257663, 0.01485942135512212], 0, -1.0, [0.02833012561981936, 0.0113626594735617]
[0.02833012561981936, 0.0113626594735617], 0, -1.0, [0.036201808864784836, 0.007871683244965478]
[0.036201808864784836, 0.007871683244965478], 0, -1.0, [0.04058822154658582, 0.004386412681800981]
[0.04058822154658582, 0.004386412681800981], 0, -1.0, [0.04149314463278376, 0.0009049230861979422]
[0.04149314463278376, 0.0009049230861979422], 0, -1.0, [0.03891741163340927, -0.002575732999374492]
[0.03891741163340927, -0.002575732999374492], 0, -1.0, [0.03285869814342998, -0.00605871348997929]
[0.03285869814342998, -0.00605871348997929], 0, -1.0, [0.02331212137870275, -0.00954657676472723]
[0.02331212137870275, -0.00954657676472723], 0, -1.0, [0.010271655991208054, -0.013040465387494697]
[0.010271655991208054, -0.013040465387494697], 0, -1.0, [-0.00626762253739345, -0.016539278528601504]
[-0.00626762253739345, -0.016539278528601504], 0, -1.0, [-0.026306459144227173, -0.020038836606833723]
[-0.026306459144227173, -0.020038836606833723], 0, -1.0, [-0.04983751445581705, -0.023531055311589878]
[-0.04983751445581705, -0.023531055311589878], 0, -1.0, [-0.07684067928007962, -0.027003164824262578]
[-0.07684067928007962, -0.027003164824262578], 0, -1.0, [-0.1072777122279504, -0.030437032947870788]
[-0.1072777122279504, -0.030437032947870788], 0, -1.0, [-0.14108638812582974, -0.03380867589787933]
[-0.14108638812582974, -0.03380867589787933], 0, -1.0, [-0.1781744518608121, -0.037088063734982364]
[-0.1781744518608121, -0.037088063734982364], 0, -1.0, [-0.21841379445686615, -0.040239342596054044]
[-0.21841379445686615, -0.040239342596054044], 0, -1.0, [-0.26163538921313984, -0.0432215947562737]
[-0.26163538921313984, -0.0432215947562737], 0, -1.0, [-0.3076256204422342, -0.04599023122909435]
[-0.3076256204422342, -0.04599023122909435], 0, -1.0, [-0.35612467371454387, -0.048499053272309696]
[-0.35612467371454387, -0.048499053272309696], 0, -1.0, [-0.406827601744841, -0.050702928030297155]
[-0.406827601744841, -0.050702928030297155], 0, -1.0, [-0.45938851053562973, -0.05256090879078873]
[-0.45938851053562973, -0.05256090879078873], 0, -1.0, [-0.5134280235525662, -0.05403951301693649]
[-0.5134280235525662, -0.05403951301693649], 0, -1.0, [-0.5685438053742122, -0.055115781821646045]
[-0.5685438053742122, -0.055115781821646045], 0, -1.0, [-0.624323519948425, -0.055779714574212824]
[-0.624323519948425, -0.055779714574212824], 0, -1.0, [-0.6803592429459149, -0.056035722997489795]
[-0.6803592429459149, -0.056035722997489795], 0, -1.0, [-0.7362621230519496, -0.05590288010603475]
[-0.7362621230519496, -0.05590288010603475], 0, -1.0, [-0.7916760480138876, -0.055413924961938]
[-0.7916760480138876, -0.055413924961938], 0, -1.0, [-0.8462892279901459, -0.05461317997625833]
[-0.8462892279901459, -0.05461317997625833], 0, -1.0, [-0.8998429231689495, -0.0535536951788036]
[-0.8998429231689495, -0.0535536951788036], 0, -1.0, [-0.952136941729717, -0.05229401856076739]
[-0.952136941729717, -0.05229401856076739], 0, -1.0, [-1.0030319340045244, -0.05089499227480732]
[-1.0030319340045244, -0.05089499227480732], 0, -1.0, [-1.0524488384643111, -0.04941690445978685]
[-1.0524488384643111, -0.04941690445978685], 0, -1.0, [-1.100366053147884, -0.04791721468357286]
[-1.100366053147884, -0.04791721468357286], 0, -1.0, [-1.146815002969976, -0.046448949822091974]
[-1.146815002969976, -0.046448949822091974], 0, -1.0, [-1.1918747652617856, -0.04505976229180964]
[-1.1918747652617856, -0.04505976229180964], 0, -1.0, [-1.2, 0.0]
[-1.2, 0.0], 2, -1.0, [-1.1967581039591646, 0.003241896040835368]
[-1.1967581039591646, 0.003241896040835368], 2, -1.0, [-1.1902636585360942, 0.006494445423070332]
[-1.1902636585360942, 0.006494445423070332], 2, -1.0, [-1.1804959639787937, 0.009767694557300442]
[-1.1804959639787937, 0.009767694557300442], 2, -1.0, [-1.1674255149588486, 0.013070449019945182]
[-1.1674255149588486, 0.013070449019945182], 2, -1.0, [-1.1510159267200155, 0.016409588238833067]
[-1.1510159267200155, 0.016409588238833067], 2, -1.0, [-1.1312266168239755, 0.019789309896040046]
[-1.1312266168239755, 0.019789309896040046], 2, -1.0, [-1.108016322100852, 0.02321029472312345]
[-1.108016322100852, 0.02321029472312345], 2, -1.0, [-1.081347524946184, 0.02666879715466819]
[-1.081347524946184, 0.02666879715466819], 2, -1.0, [-1.0511918363028878, 0.03015568864329602]
[-1.0511918363028878, 0.03015568864329602], 1, -1.0, [-1.018536327143471, 0.0326555091594167]
[-1.018536327143471, 0.0326555091594167], 1, -1.0, [-0.9833900537816292, 0.03514627336184187]
[-0.9833900537816292, 0.03514627336184187], 1, -1.0, [-0.9457894439413885, 0.037600609840240704]
[-0.9457894439413885, 0.037600609840240704], 1, -1.0, [-0.9058036351099714, 0.03998580883141713]
[-0.9058036351099714, 0.03998580883141713], 2, -1.0, [-0.8625393867532368, 0.04326424835673457]
[-0.8625393867532368, 0.04326424835673457], 2, -1.0, [-0.8161490374536539, 0.046390349299582974]
[-0.8161490374536539, 0.046390349299582974], 2, -1.0, [-0.7668355882819908, 0.049313449171663075]
[-0.7668355882819908, 0.049313449171663075], 0, -1.0, [-0.7168555045280846, 0.04998008375390624]
[-0.7168555045280846, 0.04998008375390624], 2, -1.0, [-0.6645058415437916, 0.052349662984293006]
[-0.6645058415437916, 0.052349662984293006], 2, -1.0, [-0.610130569469682, 0.054375272074109526]
[-0.610130569469682, 0.054375272074109526], 2, -1.0, [-0.5541135736163083, 0.05601699585337369]
[-0.5541135736163083, 0.05601699585337369], 2, -1.0, [-0.4968680363007384, 0.057245537315569923]
[-0.4968680363007384, 0.057245537315569923], 1, -1.0, [-0.4398227647242061, 0.057045271576532254]
[-0.4398227647242061, 0.057045271576532254], 1, -1.0, [-0.3833992193677012, 0.05642354535650492]
[-0.3833992193677012, 0.05642354535650492], 2, -1.0, [-0.32699644155548824, 0.05640277781221298]
[-0.32699644155548824, 0.05640277781221298], 2, -1.0, [-0.27098416535019926, 0.05601227620528899]
[-0.27098416535019926, 0.05601227620528899], 2, -1.0, [-0.2156902815843597, 0.05529388376583953]
[-0.2156902815843597, 0.05529388376583953], 2, -1.0, [-0.1613910304829515, 0.05429925110140822]
[-0.1613910304829515, 0.05429925110140822], 2, -1.0, [-0.1083044297772511, 0.05308660070570039]
[-0.1083044297772511, 0.05308660070570039], 1, -1.0, [-0.05758702509737674, 0.050717404679874366]
[-0.05758702509737674, 0.050717404679874366], 2, -1.0, [-0.008332405131204229, 0.04925461996617251]
[-0.008332405131204229, 0.04925461996617251], 1, -1.0, [0.03842299587026894, 0.04675540100147317]
[0.03842299587026894, 0.04675540100147317], 1, -1.0, [0.08269498716439506, 0.04427199129412612]
[0.08269498716439506, 0.04427199129412612], 1, -1.0, [0.12454351737639886, 0.0418485302120038]
[0.12454351737639886, 0.0418485302120038], 1, -1.0, [0.16406452673750369, 0.039521009361104815]
[0.16406452673750369, 0.039521009361104815], 1, -1.0, [0.20138229014610587, 0.03731776340860218]
[0.20138229014610587, 0.03731776340860218], 0, -1.0, [0.23564258598972432, 0.03426029584361846]
[0.23564258598972432, 0.03426029584361846], 0, -1.0, [0.2670019796208745, 0.03135939363115019]
[0.2670019796208745, 0.03135939363115019], 0, -1.0, [0.2956214114005361, 0.0286194317796616]
[0.2956214114005361, 0.0286194317796616], 0, -1.0, [0.3216612290725005, 0.026039817671964414]
[0.3216612290725005, 0.026039817671964414], 2, -1.0, [0.34727747102911005, 0.025616241956609553]
[0.34727747102911005, 0.025616241956609553], 0, -1.0, [0.37063211516710115, 0.023354644137991102]
[0.37063211516710115, 0.023354644137991102], 2, -1.0, [0.39387935389494877, 0.023247238727847626]
[0.39387935389494877, 0.023247238727847626], 2, -1.0, [0.4171780682420357, 0.023298714347086892]
[0.4171780682420357, 0.023298714347086892], 0, -1.0, [0.4386921174511773, 0.021514049209141656]
[0.4386921174511773, 0.021514049209141656], 2, -1.0, [0.4605762305895861, 0.021884113138408785]
[0.4605762305895861, 0.021884113138408785], 0, -1.0, [0.4809904856613243, 0.020414255071738246]
[0.4809904856613243, 0.020414255071738246], 0, -1.0, [0.5000860480794396, 0.0190955624181153]
