[-0.5975601766566272, 0.0], 2, -1.0, [-0.596010006597418, 0.001550170059209233]
[-0.596010006597418, 0.001550170059209233], 2, -1.0, [-0.5929210136392575, 0.003088992958160403]
[-0.5929210136392575, 0.003088992958160403], 2, -1.0, [-0.5883158435464537, 0.004605170092803818]
[-0.5883158435464537, 0.004605170092803818], 2, -1.0, [-0.5822283390642197, 0.006087504482234012]
[-0.5822283390642197, 0.006087504482234012], 2, -1.0, [-0.5747033766176226, 0.0075249624465970385]
[-0.5747033766176226, 0.0075249624465970385], 2, -1.0, [-0.5657966294245571, 0.008906747193065525]
[-0.5657966294245571, 0.008906747193065525], 2, -1.0, [-0.5555742429755016, 0.01022238644905553]
[-0.5555742429755016, 0.01022238644905553], 2, -1.0, [-0.5441124081447374, 0.011461834830764257]
[-0.5441124081447374, 0.011461834830764257], 0, -1.0, [-0.5334968181651278, 0.010615589979609494]
[-0.5334968181651278, 0.010615589979609494], 0, -1.0, [-0.5238070037751763, 0.009689814389951505]
[-0.5238070037751763, 0.009689814389951505], 0, -1.0, [-0.5151156276739998, 0.008691376101176514]
[-0.5151156276739998, 0.008691376101176514], 0, -1.0, [-0.5074878683145829, 0.0076277593594168]
[-0.5074878683145829, 0.0076277593594168], 0, -1.0, [-0.5009808937203921, 0.006506974594190778]
[-0.5009808937203921, 0.006506974594190778], 0, -1.0, [-0.4956434231010236, 0.0053374706193685]
[-0.4956434231010236, 0.0053374706193685], 0, -1.0, [-0.4915153719312954, 0.004128051169728196]
[-0.4915153719312954, 0.004128051169728196], 0, -1.0, [-0.4886275749311764, 0.0028877970001189596]
[-0.4886275749311764, 0.0028877970001189596], 0, -1.0, [-0.4870015810467343, 0.001625993884442109]
[-0.4870015810467343, 0.001625993884442109], 0, -1.0, [-0.48664951501668496, 0.0003520660300493515]
[-0.48664951501668496, 0.0003520660300493515], 0, -1.0, [-0.487574001284437, -0.000924486267752062]
[-0.487574001284437, -0.000924486267752062], 0, -1.0, [-0.48976814770224797, -0.002194146417810986]
[-0.48976814770224797, -0.002194146417810986], 0, -1.0, [-0.49321558845875785, -0.0034474407565098716]
[-0.49321558845875785, -0.0034474407565098716], 0, -1.0, [-0.49789058771125677, -0.004674999252498943]
[-0.49789058771125677, -0.004674999252498943], 0, -1.0, [-0.5037582072829995, -0.005867619571742649]
[-0.5037582072829995, -0.005867619571742649], 0, -1.0, [-0.510774543267886, -0.007016335984886469]
[-0.510774543267886, -0.007016335984886469], 0, -1.0, [-0.5188870372697976, -0.008112494001911566]
[-0.5188870372697976, -0.008112494001911566], 0, -1.0, [-0.5280348681324026, -0.009147830862605092]
[-0.5280348681324026, -0.009147830862605092], 0, -1.0, [-0.5381494292830901, -0.010114561150687455]
[-0.5381494292830901, -0.010114561150687455], 0, -1.0, [-0.5491548951855635, -0.011005465902473397]
[-0.5491548951855635, -0.011005465902473397], 0, -1.0, [-0.5609688779107309, -0.011813982725167432]
[-0.5609688779107309, -0.011813982725167432], 0, -1.0, [-0.5735031716176828, -0.012534293706951954]
[-0.5735031716176828, -0.012534293706951954], 0, -1.0, [-0.5866645789871895, -0.01316140736950668]
[-0.5866645789871895, -0.01316140736950668], 0, -1.0, [-0.6003558096376488, -0.013691230650459288]
[-0.6003558096376488, -0.013691230650459288], 0, -1.0, [-0.6144764365926677, -0.014120626955018898]
[-0.6144764365926677, -0.014120626955018898], 0, -1.0, [-0.6289238932937966, -0.014447456701128911]
[-0.6289238932937966, -0.014447456701128911], 0, -1.0, [-0.6435944907801828, -0.014670597486386256]
[-0.6435944907801828, -0.014670597486386256], 0, -1.0, [-0.6583844327595616, -0.014789941979378779]
[-0.6583844327595616, -0.014789941979378779], 0, -1.0, [-0.6731908055641898, -0.01480637280462813]
[-0.6731908055641898, -0.01480637280462813], 1, -1.0, [-0.6869125205130638, -0.013721714948874057]
[-0.6869125205130638, -0.013721714948874057], 1, -1.0, [-0.6994578003698316, -0.012545279856767767]
[-0.6994578003698316, -0.012545279856767767], 1, -1.0, [-0.710744476871714, -0.0112866765018824]
[-0.710744476871714, -0.0112866765018824], 1, -1.0, [-0.7207001452672518, -0.009955668395537744]
[-0.7207001452672518, -0.009955668395537744], 2, -1.0, [-0.72826220319597, -0.00756205792871826]
[-0.72826220319597, -0.00756205792871826], 2, -1.0, [-0.7333839273294156, -0.005121724133445545]
[-0.7333839273294156, -0.005121724133445545], 2, -1.0, [-0.736034091898692, -0.002650164569276397]
[-0.736034091898692, -0.002650164569276397], 2, -1.0, [-0.7361966754934085, -0.00016258359471650347]
[-0.7361966754934085, -0.00016258359471650347], 2, -1.0, [-0.7338706982751917, 0.0023259772182167944]
[-0.7338706982751917, 0.0023259772182167944], 2, -1.0, [-0.7290702117448572, 0.004800486530334484]
[-0.7290702117448572, 0.004800486530334484], 2, -1.0, [-0.7218244424284135, 0.007245769316443733]
[-0.7218244424284135, 0.007245769316443733], 2, -1.0, [-0.7121780700277053, 0.009646372400708177]
[-0.7121780700277053, 0.009646372400708177], 2, -1.0, [-0.7001916004319748, 0.011986469595730471]
[-0.7001916004319748, 0.011986469595730471], 2, -1.0, [-0.6859417753486557, 0.014249825083319075]
[-0.6859417753486557, 0.014249825083319075], 2, -1.0, [-0.6695219442569006, 0.016419831091755134]
[-0.6695219442569006, 0.016419831091755134], 2, -1.0, [-0.6510423122551077, 0.018479632001792867]
[-0.6510423122551077, 0.018479632001792867], 2, -1.0, [-0.6306299707154632, 0.02041234153964443]
[-0.6306299707154632, 0.02041234153964443], 2, -1.0, [-0.608428618070174, 0.02220135264528927]
[-0.608428618070174, 0.02220135264528927], 2, -1.0, [-0.5845978868993669, 0.023830731170807116]
[-0.5845978868993669, 0.023830731170807116], 2, -1.0, [-0.5593122115463973, 0.02528567535296958]
[-0.5593122115463973, 0.02528567535296958], 2, -1.0, [-0.5327591975749765, 0.026553013971420875]
[-0.5327591975749765, 0.026553013971420875], 0, -1.0, [-0.507137489086071, 0.025621708488905402]
[-0.507137489086071, 0.025621708488905402], 0, -1.0, [-0.4826391900706023, 0.024498299015468742]
[-0.4826391900706023, 0.024498299015468742], 0, -1.0, [-0.4594473154593737, 0.02319187461122862]
[-0.4594473154593737, 0.02319187461122862], 0, -1.0, [-0.4377336121873435, 0.021713703272030132]
[-0.4377336121873435, 0.021713703272030132], 0, -1.0, [-0.41765679920734655, 0.02007681297999697]
[-0.41765679920734655, 0.02007681297999697], 0, -1.0, [-0.39936124151184693, 0.018295557695499596]
[-0.39936124151184693, 0.018295557695499596], 0, -1.0, [-0.38297604164561505, 0.01638519986623191]
[-0.38297604164561505, 0.01638519986623191], 0, -1.0, [-0.36861450571674326, 0.014361535928871811]
[-0.36861450571674326, 0.014361535928871811], 0, -1.0, [-0.3563739213408441, 0.012240584375899158]
[-0.3563739213408441, 0.012240584375899158], 0, -1.0, [-0.34633557304697565, 0.010038348293868439]
[-0.34633557304697565, 0.010038348293868439], 0, -1.0, [-0.33856491629556584, 0.007770656751409797]
[-0.33856491629556584, 0.007770656751409797], 0, -1.0, [-0.3331118336156399, 0.0054530826799259625]
[-0.3331118336156399, 0.0054530826799259625], 0, -1.0, [-0.330010904293954, 0.0031009293216858773]
[-0.330010904293954, 0.0031009293216858773], 0, -1.0, [-0.3292816312509405, 0.0007292730430135384]
[-0.3292816312509405, 0.0007292730430135384], 0, -1.0, [-0.3309285839824428, -0.0016469527315023098]
[-0.3309285839824428, -0.0016469527315023098], 0, -1.0, [-0.33494143364786294, -0.0040128496654201345]
[-0.33494143364786294, -0.0040128496654201345], 0, -1.0, [-0.3412948746255222, -0.00635344097765927]
[-0.3412948746255222, -0.00635344097765927], 2, -1.0, [-0.34794844533202884, -0.0066535707065066285]
[-0.34794844533202884, -0.0066535707065066285], 0, -1.0, [-0.35685926676041385, -0.00891082142838499]
[-0.35685926676041385, -0.00891082142838499], 0, -1.0, [-0.36796913144433174, -0.011109864683917905]
[-0.36796913144433174, -0.011109864683917905], 0, -1.0, [-0.38120427205077767, -0.013235140606445952]
[-0.38120427205077767, -0.013235140606445952], 0, -1.0, [-0.3964751853072675, -0.015270913256489814]
[-0.3964751853072675, -0.015270913256489814], 0, -1.0, [-0.4136765813311712, -0.01720139602390368]
[-0.4136765813311712, -0.01720139602390368], 0, -1.0, [-0.4326875328476143, -0.01901095151644308]
[-0.4326875328476143, -0.01901095151644308], 0, -1.0, [-0.4533718971752016, -0.020684364327587308]
[-0.4533718971752016, -0.020684364327587308], 0, -1.0, [-0.4755790753373982, -0.02220717816219656]
[-0.4755790753373982, -0.02220717816219656], 0, -1.0, [-0.49914515685098626, -0.023566081513588077]
[-0.49914515685098626, -0.023566081513588077], 0, -1.0, [-0.5238944760433684, -0.024749319192382106]
[-0.5238944760433684, -0.024749319192382106], 0, -1.0, [-0.5496415774827034, -0.025747101439334962]
[-0.5496415774827034, -0.025747101439334962], 0, -1.0, [-0.5761935565554014, -0.026551979072698]
[-0.5761935565554014, -0.026551979072698], 0, -1.0, [-0.6033527094776528, -0.027159152922251465]
[-0.6033527094776528, -0.027159152922251465], 0, -1.0, [-0.6309193985958446, -0.027566689118191764]
[-0.6309193985958446, -0.027566689118191764], 0, -1.0, [-0.6586950171400793, -0.02777561854423475]
[-0.6586950171400793, -0.02777561854423475], 0, -1.0, [-0.6864849254057158, -0.027789908265636532]
[-0.6864849254057158, -0.027789908265636532], 0, -1.0, [-0.7141012292441931, -0.027616303838477272]
[-0.7141012292441931, -0.027616303838477272], 0, -1.0, [-0.7413652818730756, -0.027264052628882533]
[-0.7413652818730756, -0.027264052628882533], 0, -1.0, [-0.7681098100015258, -0.026744528128450174]
[-0.7681098100015258, -0.026744528128450174], 2, -1.0, [-0.7921805925164833, -0.02407078251495749]
[-0.7921805925164833, -0.02407078251495749], 2, -1.0, [-0.813448007224034, -0.021267414707550638]
[-0.813448007224034, -0.021267414707550638], 2, -1.0, [-0.8318053289303305, -0.01835732170629653]
[-0.8318053289303305, -0.01835732170629653], 2, -1.0, [-0.8471666711274534, -0.01536134219712286]
[-0.8471666711274534, -0.01536134219712286], 2, -1.0, [-0.8594648050676454, -0.012298133940192132]
[-0.8594648050676454, -0.012298133940192132], 2, -1.0, [-0.8686490592062046, -0.00918425413855919]
[-0.8686490592062046, -0.00918425413855919], 2, -1.0, [-0.874683464944897, -0.006034405738692409]
[-0.874683464944897, -0.006034405738692409], 2, -1.0, [-0.8775452762830128, -0.0028618113381157673]
[-0.8775452762830128, -0.0028618113381157673], 2, -1.0, [-0.8772239544033464, 0.0003213218796663301]
[-0.8772239544033464, 0.0003213218796663301], 2, -1.0, [-0.8737206745905747, 0.0035032798127717754]
[-0.8737206745905747, 0.0035032798127717754], 2, -1.0, [-0.8670483819582634, 0.006672292632311333]
[-0.8670483819582634, 0.006672292632311333], 2, -1.0, [-0.8572323930367897, 0.009815988921473725]
[-0.8572323930367897, 0.009815988921473725], 2, -1.0, [-0.8443115106756063, 0.012920882361183349]
[-0.8443115106756063, 0.012920882361183349], 2, -1.0, [-0.8283395883190172, 0.015971922356589095]
[-0.8283395883190172, 0.015971922356589095], 2, -1.0, [-0.8093874454688044, 0.018952142850212808]
[-0.8093874454688044, 0.018952142850212808], 2, -1.0, [-0.7875449990637322, 0.021842446405072113]
[-0.7875449990637322, 0.021842446405072113], 2, -1.0, [-0.7629234371324465, 0.024621561931285705]
[-0.7629234371324465, 0.024621561931285705], 2, -1.0, [-0.7356572248268358, 0.027266212305610635]
[-0.7356572248268358, 0.027266212305610635], 2, -1.0, [-0.7059057041622927, 0.02975152066454308]
[-0.7059057041622927, 0.02975152066454308], 2, -1.0, [-0.6738540343741762, 0.03205166978811644]
[-0.6738540343741762, 0.03205166978811644], 2, -1.0, [-0.639713227217099, 0.0341408071570772]
[-0.639713227217099, 0.0341408071570772], 2, -1.0, [-0.6037190672340526, 0.035994159983046475]
[-0.6037190672340526, 0.035994159983046475], 2, -1.0, [-0.5661297743948985, 0.037589292839154055]
[-0.5661297743948985, 0.037589292839154055], 2, -1.0, [-0.5272223638648992, 0.0389074105299993]
[-0.5272223638648992, 0.0389074105299993], 2, -1.0, [-0.4872877769581625, 0.0399345869067367]
[-0.4872877769581625, 0.0399345869067367], 2, -1.0, [-0.44662498425976527, 0.04066279269839721]
[-0.44662498425976527, 0.04066279269839721], 2, -1.0, [-0.40553437790525804, 0.04109060635450722]
[-0.40553437790525804, 0.04109060635450722], 0, -1.0, [-0.3663108559320297, 0.039223521973228315]
[-0.3663108559320297, 0.039223521973228315], 2, -1.0, [-0.3272237018744642, 0.03908715405756552]
[-0.3272237018744642, 0.03908715405756552], 2, -1.0, [-0.28852563261894215, 0.038698069255522036]
[-0.28852563261894215, 0.038698069255522036], 2, -1.0, [-0.25044806569728806, 0.03807756692165408]
[-0.25044806569728806, 0.03807756692165408], 2, -1.0, [-0.21319742865383176, 0.03725063704345629]
[-0.21319742865383176, 0.03725063704345629], 2, -1.0, [-0.17695263955081608, 0.03624478910301569]
[-0.17695263955081608, 0.03624478910301569], 2, -1.0, [-0.14186378306420439, 0.035088856486611704]
[-0.14186378306420439, 0.035088856486611704], 2, -1.0, [-0.10805191344787902, 0.03381186961632536]
[-0.10805191344787902, 0.03381186961632536], 2, -1.0, [-0.0756098437519988, 0.03244206969588021]
[-0.0756098437519988, 0.03244206969588021], 2, -1.0, [-0.04460373479568423, 0.031006108956314574]
[-0.04460373479568423, 0.031006108956314574], 2, -1.0, [-0.015075277417744632, 0.0295284573779396]
[-0.015075277417744632, 0.0295284573779396], 2, -1.0, [0.012955736244315657, 0.02803101366206029]
[0.012955736244315657, 0.02803101366206029], 2, -1.0, [0.03948863799356322, 0.02653290174924756]
[0.03948863799356322, 0.02653290174924756], 2, -1.0, [0.06453906195191629, 0.02505042395835307]
[0.06453906195191629, 0.02505042395835307], 2, -1.0, [0.08813619922376394, 0.023597137271847646]
[0.08813619922376394, 0.023597137271847646], 2, -1.0, [0.11032021843098756, 0.022184019207223623]
[0.11032021843098756, 0.022184019207223623], 2, -1.0, [0.1311399111047255, 0.02081969267373794]
[0.1311399111047255, 0.02081969267373794], 2, -1.0, [0.15065059500046793, 0.019510683895742426]
[0.15065059500046793, 0.019510683895742426], 2, -1.0, [0.16891228782477058, 0.018261692824302657]
[0.16891228782477058, 0.018261692824302657], 2, -1.0, [0.1859881485307977, 0.01707586070602712]
[0.1859881485307977, 0.01707586070602712], 2, -1.0, [0.20194317270337303, 0.015955024172575317]
[0.20194317270337303, 0.015955024172575317], 2, -1.0, [0.21684312183529353, 0.014899949131920491]
[0.21684312183529353, 0.014899949131920491], 2, -1.0, [0.23075366266167957, 0.013910540826386052]
[0.23075366266167957, 0.013910540826386052], 2, -1.0, [0.24373969138313412, 0.012986028721454539]
[0.24373969138313412, 0.012986028721454539], 2, -1.0, [0.2558648178913491, 0.012125126508214937]
[0.2558648178913491, 0.012125126508214937], 2, -1.0, [0.2671909864585327, 0.011326168567183586]
[0.2671909864585327, 0.011326168567183586], 2, -1.0, [0.2777782113358974, 0.010587224877364744]
[0.2777782113358974, 0.010587224877364744], 2, -1.0, [0.2876844080098786, 0.00990619667398116]
[0.2876844080098786, 0.00990619667398116], 2, -1.0, [0.29696530326493736, 0.009280895255058739]
[0.29696530326493736, 0.009280895255058739], 2, -1.0, [0.30567440955030406, 0.008709106285366709]
[0.30567440955030406, 0.008709106285366709], 2, -1.0, [0.3138630513528743, 0.008188641802570257]
[0.3138630513528743, 0.008188641802570257], 2, -1.0, [0.3215804332889193, 0.007717381936044986]
[0.3215804332889193, 0.007717381936044986], 2, -1.0, [0.3288737414214142, 0.007293308132494893]
[0.3288737414214142, 0.007293308132494893], 2, -1.0, [0.33578827088504715, 0.006914529463632953]
[0.33578827088504715, 0.006914529463632953], 2, -1.0, [0.3423675742669902, 0.006579303381943067]
[0.3423675742669902, 0.006579303381943067], 2, -1.0, [0.34865362636503194, 0.0062860520980417035]
[0.34865362636503194, 0.0062860520980417035], 2, -1.0, [0.35468700194596453, 0.0060333755809325994]
[0.35468700194596453, 0.0060333755809325994], 2, -1.0, [0.36050706397761123, 0.005820062031646698]
[0.36050706397761123, 0.005820062031646698], 2, -1.0, [0.36615216052861405, 0.005645096551002813]
[0.36615216052861405, 0.005645096551002813], 2, -1.0, [0.37165982914082757, 0.005507668612213503]
[0.37165982914082757, 0.005507668612213503], 2, -1.0, [0.3770670079978203, 0.005407178856992693]
[0.3770670079978203, 0.005407178856992693], 2, -1.0, [0.3824102536554821, 0.0053432456576618225]
[0.3824102536554821, 0.0053432456576618225], 2, -1.0, [0.38772596548087995, 0.005315711825397848]
[0.38772596548087995, 0.005315711825397848], 2, -1.0, [0.3930506172750182, 0.00532465179413829]
[0.3930506172750182, 0.00532465179413829], 2, -1.0, [0.39842099684374477, 0.005370379568726574]
[0.39842099684374477, 0.005370379568726574], 2, -1.0, [0.40387445453640075, 0.005453457692655985]
[0.40387445453640075, 0.005453457692655985], 2, -1.0, [0.40944916199965736, 0.005574707463256601]
[0.40944916199965736, 0.005574707463256601], 2, -1.0, [0.4151843825979436, 0.00573522059828626]
[0.4151843825979436, 0.00573522059828626], 2, -1.0, [0.4211207551333038, 0.00593637253536023]
[0.4211207551333038, 0.00593637253536023], 2, -1.0, [0.42730059265517806, 0.006179837521874251]
[0.42730059265517806, 0.006179837521874251], 2, -1.0, [0.43376819828008567, 0.006467605624907597]
[0.43376819828008567, 0.006467605624907597], 2, -1.0, [0.4405702000342257, 0.006802001754140019]
[0.4405702000342257, 0.006802001754140019], 2, -1.0, [0.4477559067753376, 0.0071857067411119045]
[0.4477559067753376, 0.0071857067411119045], 2, -1.0, [0.45537768722410943, 0.007621780448771806]
[0.45537768722410943, 0.007621780448771806], 2, -1.0, [0.4634913740119085, 0.008113686787799031]
[0.4634913740119085, 0.008113686787799031], 2, -1.0, [0.4721566943915891, 0.008665320379680588]
[0.4721566943915891, 0.008665320379680588], 2, -1.0, [0.48143772880819713, 0.009281034416608035]
[0.48143772880819713, 0.009281034416608035], 2, -1.0, [0.4914033978144614, 0.009965669006264282]
[0.4914033978144614, 0.009965669006264282], 2, -1.0, [0.5021279767458334, 0.010724578931372027]
