[-0.4094711831341812, 0.0], 0, -1.0, [-0.4113105144287094, -0.0018393312945282408]
[-0.4113105144287094, -0.0018393312945282408], 0, -1.0, [-0.4149761700182138, -0.0036656555895043727]
[-0.4149761700182138, -0.0036656555895043727], 0, -1.0, [-0.4204421532394217, -0.005465983221207917]
[-0.4204421532394217, -0.005465983221207917], 0, -1.0, [-0.4276695207861813, -0.007227367546759636]
[-0.4276695207861813, -0.007227367546759636], 0, -1.0, [-0.43660646749776855, -0.008936946711587235]
[-0.43660646749776855, -0.008936946711587235], 0, -1.0, [-0.44718847550665586, -0.010582008008887332]
[-0.44718847550665586, -0.010582008008887332], 0, -1.0, [-0.45933855503960896, -0.01215007953295312]
[-0.45933855503960896, -0.01215007953295312], 0, -1.0, [-0.47296760652972314, -0.013629051490114176]
[-0.47296760652972314, -0.013629051490114176], 0, -1.0, [-0.48797493329138814, -0.015007326761664977]
[-0.48797493329138814, -0.015007326761664977], 0, -1.0, [-0.5042489305625446, -0.01627399727115645]
[-0.5042489305625446, -0.01627399727115645], 0, -1.0, [-0.521667970180061, -0.017419039617516358]
[-0.521667970180061, -0.017419039617516358], 0, -1.0, [-0.540101490757236, -0.01843352057717509]
[-0.540101490757236, -0.01843352057717509], 0, -1.0, [-0.5594112915258814, -0.01930980076864541]
[-0.5594112915258814, -0.01930980076864541], 0, -1.0, [-0.5794530148490104, -0.020041723323128938]
[-0.5794530148490104, -0.020041723323128938], 0, -1.0, [-0.6000777889204177, -0.020624774071407403]
[-0.6000777889204177, -0.020624774071407403], 0, -1.0, [-0.6211339896113954, -0.021056200690977706]
[-0.6211339896113954, -0.021056200690977706], 0, -1.0, [-0.6424690700721527, -0.021335080460757223]
[-0.6424690700721527, -0.021335080460757223], 0, -1.0, [-0.6639313996509656, -0.021462329578812857]
[-0.6639313996509656, -0.021462329578812857], 0, -1.0, [-0.685372050739963, -0.02144065108899738]
[-0.685372050739963, -0.02144065108899738], 0, -1.0, [-0.7066464736361063, -0.021274422896143386]
[-0.7066464736361063, -0.021274422896143386], 0, -1.0, [-0.7276160052726566, -0.020969531636550215]
[-0.7276160052726566, -0.020969531636550215], 0, -1.0, [-0.7481491671191068, -0.020533161846450276]
[-0.7481491671191068, -0.020533161846450276], 2, -1.0, [-0.766122719687545, -0.017973552568438092]
[-0.766122719687545, -0.017973552568438092], 0, -1.0, [-0.783433626599951, -0.017310906912406013]
[-0.783433626599951, -0.017310906912406013], 0, -1.0, [-0.7999872157300508, -0.016553589130099817]
[-0.7999872157300508, -0.016553589130099817], 2, -1.0, [-0.8136973853374306, -0.01371016960737982]
[-0.8136973853374306, -0.01371016960737982], 2, -1.0, [-0.8244962557895343, -0.010798870452103686]
[-0.8244962557895343, -0.010798870452103686], 2, -1.0, [-0.8323326319510236, -0.007836376161489265]
[-0.8323326319510236, -0.007836376161489265], 0, -1.0, [-0.8391706497816689, -0.006838017830645296]
[-0.8391706497816689, -0.006838017830645296], 2, -1.0, [-0.8429799159768279, -0.0038092661951590035]
[-0.8429799159768279, -0.0038092661951590035], 2, -1.0, [-0.8437438687419893, -0.0007639527651613917]
[-0.8437438687419893, -0.0007639527651613917], 2, -1.0, [-0.8414592186767982, 0.0022846500651910904]
[-0.8414592186767982, 0.0022846500651910904], 2, -1.0, [-0.8361358349051192, 0.0053233837716789925]
[-0.8361358349051192, 0.0053233837716789925], 2, -1.0, [-0.8277970838860994, 0.008338751019019817]
[-0.8277970838860994, 0.008338751019019817], 2, -1.0, [-0.816480598607344, 0.011316485278755353]
[-0.816480598607344, 0.011316485278755353], 2, -1.0, [-0.8022394255007247, 0.014241173106619341]
[-0.8022394255007247, 0.014241173106619341], 2, -1.0, [-0.785143464922455, 0.017095960578269703]
[-0.785143464922455, 0.017095960578269703], 2, -1.0, [-0.7652810886497768, 0.019862376272678207]
[-0.7652810886497768, 0.019862376272678207], 2, -1.0, [-0.7427607859374418, 0.022520302712335107]
[-0.7427607859374418, 0.022520302712335107], 2, -1.0, [-0.7177126609735106, 0.02504812496393115]
[-0.7177126609735106, 0.02504812496393115], 2, -1.0, [-0.6902895831586142, 0.027423077814896377]
[-0.6902895831586142, 0.027423077814896377], 2, -1.0, [-0.6606677826081461, 0.029621800550468196]
[-0.6606677826081461, 0.029621800550468196], 2, -1.0, [-0.6290466920040065, 0.031621090604139486]
[-0.6290466920040065, 0.031621090604139486], 2, -1.0, [-0.5956478668423144, 0.03339882516169211]
[-0.5956478668423144, 0.03339882516169211], 2, -1.0, [-0.56071287131312, 0.03493499552919442]
[-0.56071287131312, 0.03493499552919442], 2, -1.0, [-0.5245000948438423, 0.036212776469277695]
[-0.5245000948438423, 0.036212776469277695], 2, -1.0, [-0.4872805584884604, 0.03721953635538191]
[-0.4872805584884604, 0.03721953635538191], 2, -1.0, [-0.44933287015897994, 0.0379476883294805]
[-0.44933287015897994, 0.0379476883294805], 2, -1.0, [-0.4109375794536821, 0.03839529070529786]
[-0.4109375794536821, 0.03839529070529786], 2, -1.0, [-0.37237125233351537, 0.038566327120166735]
[-0.37237125233351537, 0.038566327120166735], 2, -1.0, [-0.33390062155476574, 0.038470630778749626]
[-0.33390062155476574, 0.038470630778749626], 2, -1.0, [-0.29577716441195123, 0.03812345714281449]
[-0.29577716441195123, 0.03812345714281449], 2, -1.0, [-0.2582324157799606, 0.037544748631990636]
[-0.2582324157799606, 0.037544748631990636], 2, -1.0, [-0.22147424925350548, 0.036758166526455104]
[-0.22147424925350548, 0.036758166526455104], 2, -1.0, [-0.185684264858967, 0.03578998439453848]
[-0.185684264858967, 0.03578998439453848], 2, -1.0, [-0.15101632282431748, 0.034667942034649527]
[-0.15101632282431748, 0.034667942034649527], 2, -1.0, [-0.11759617259676357, 0.033420150227553916]
[-0.11759617259676357, 0.033420150227553916], 2, -1.0, [-0.08552205458233623, 0.03207411801442733]
[-0.08552205458233623, 0.03207411801442733], 2, -1.0, [-0.054866104196559844, 0.03065595038577639]
[-0.054866104196559844, 0.03065595038577639], 2, -1.0, [-0.0256763644454269, 0.029189739751132943]
[-0.0256763644454269, 0.029189739751132943], 2, -1.0, [0.0020207884906441216, 0.027697152936071022]
[0.0020207884906441216, 0.027697152936071022], 2, -1.0, [0.028217987366918336, 0.026197198876274214]
[0.028217987366918336, 0.026197198876274214], 2, -1.0, [0.05292413876153617, 0.024706151394617834]
[0.05292413876153617, 0.024706151394617834], 2, -1.0, [0.07616173486638972, 0.023237596104853552]
[0.07616173486638972, 0.023237596104853552], 2, -1.0, [0.09796430442852397, 0.021802569562134246]
[0.09796430442852397, 0.021802569562134246], 2, -1.0, [0.11837406541532625, 0.02040976098680228]
[0.11837406541532625, 0.02040976098680228], 2, -1.0, [0.1374398163831754, 0.01906575096784915]
[0.1374398163831754, 0.01906575096784915], 2, -1.0, [0.15521508284453386, 0.017775266461358463]
[0.15521508284453386, 0.017775266461358463], 2, -1.0, [0.1717565192173864, 0.01654143637285254]
[0.1717565192173864, 0.01654143637285254], 2, -1.0, [0.18712255577987932, 0.01536603656249292]
[0.18712255577987932, 0.01536603656249292], 2, -1.0, [0.20137227276031072, 0.014249716980431402]
[0.20137227276031072, 0.014249716980431402], 2, -1.0, [0.21456447949810353, 0.013192206737792802]
[0.21456447949810353, 0.013192206737792802], 2, -1.0, [0.2267569747674368, 0.012192495269333277]
[0.2267569747674368, 0.012192495269333277], 2, -1.0, [0.23800596419950815, 0.011248989432071347]
[0.23800596419950815, 0.011248989432071347], 2, -1.0, [0.2483656117224079, 0.010359647522899751]
[0.2483656117224079, 0.010359647522899751], 2, -1.0, [0.25788770362675434, 0.009522091904346431]
[0.25788770362675434, 0.009522091904346431], 2, -1.0, [0.2666214059357186, 0.008733702308964248]
[0.2666214059357186, 0.008733702308964248], 2, -1.0, [0.2746130979769143, 0.007991692041195708]
[0.2746130979769143, 0.007991692041195708], 2, -1.0, [0.281906267262079, 0.007293169285164704]
[0.281906267262079, 0.007293169285164704], 2, -1.0, [0.288541452877007, 0.006635185614927961]
[0.288541452877007, 0.006635185614927961], 2, -1.0, [0.29455622650970265, 0.00601477363269562]
[0.29455622650970265, 0.00601477363269562], 2, -1.0, [0.2999852019703393, 0.005428975460636666]
[0.2999852019703393, 0.005428975460636666], 2, -1.0, [0.3048600655741194, 0.004874863603780076]
[0.3048600655741194, 0.004874863603780076], 2, -1.0, [0.3092096210727464, 0.004349555498627009]
[0.3092096210727464, 0.004349555498627009], 2, -1.0, [0.31305984394528363, 0.00385022287253723]
[0.31305984394528363, 0.00385022287253723], 2, -1.0, [0.31643394081243176, 0.0033740968671481303]
[0.31643394081243176, 0.0033740968671481303], 2, -1.0, [0.31935241053932717, 0.0029184697268954175]
[0.31935241053932717, 0.0029184697268954175], 2, -1.0, [0.3218331042606799, 0.0024806937213527327]
[0.3218331042606799, 0.0024806937213527327], 2, -1.0, [0.3238912821174912, 0.0020581778568112942]
[0.3238912821174912, 0.0020581778568112942], 2, -1.0, [0.32553966495443865, 0.0016483828369474336]
[0.32553966495443865, 0.0016483828369474336], 0, -1.0, [0.3247884796074402, -0.0007511853469984904]
[0.3247884796074402, -0.0007511853469984904], 0, -1.0, [0.3216330613403996, -0.0031554182670405955]
[0.3216330613403996, -0.0031554182670405955], 0, -1.0, [0.316053893700647, -0.005579167639752554]
[0.316053893700647, -0.005579167639752554], 0, -1.0, [0.3080167825037902, -0.00803711119685679]
[0.3080167825037902, -0.00803711119685679], 0, -1.0, [0.297473189474223, -0.010543593029567222]
[0.297473189474223, -0.010543593029567222], 0, -1.0, [0.2843607714252566, -0.013112418048966398]
[0.2843607714252566, -0.013112418048966398], 0, -1.0, [0.2686041925460448, -0.01575657887921185]
[0.2686041925460448, -0.01575657887921185], 0, -1.0, [0.25011630047833205, -0.018487892067712727]
[0.25011630047833205, -0.018487892067712727], 0, -1.0, [0.22879978091161415, -0.02131651956671791]
[0.22879978091161415, -0.02131651956671791], 0, -1.0, [0.20454942893794484, -0.024250351973669326]
[0.20454942893794484, -0.024250351973669326], 0, -1.0, [0.17725519550694838, -0.02729423343099646]
[0.17725519550694838, -0.02729423343099646], 0, -1.0, [0.14680617916766853, -0.030449016339279857]
[0.14680617916766853, -0.030449016339279857], 0, -1.0, [0.11309572954753691, -0.03371044962013162]
[0.11309572954753691, -0.03371044962013162], 0, -1.0, [0.07602779957893477, -0.03706792996860215]
[0.07602779957893477, -0.03706792996860215], 0, -1.0, [0.03552461573924709, -0.04050318383968768]
[0.03552461573924709, -0.04050318383968768], 0, -1.0, [-0.008464384052113597, -0.043988999791360686]
[-0.008464384052113597, -0.043988999791360686], 2, -1.0, [-0.05395257787156351, -0.045488193819449914]
[-0.05395257787156351, -0.045488193819449914], 2, -1.0, [-0.10090809571404302, -0.04695551784247952]
[-0.10090809571404302, -0.04695551784247952], 0, -1.0, [-0.15124993321425922, -0.050341837500216216]
[-0.15124993321425922, -0.050341837500216216], 0, -1.0, [-0.20483879506944, -0.053588861855180775]
[-0.20483879506944, -0.053588861855180775], 0, -1.0, [-0.2614702878672475, -0.0566314927978075]
[-0.2614702878672475, -0.0566314927978075], 0, -1.0, [-0.3208712920721144, -0.059401004204866874]
[-0.3208712920721144, -0.059401004204866874], 0, -1.0, [-0.38270073818675765, -0.06182944611464326]
[-0.38270073818675765, -0.06182944611464326], 0, -1.0, [-0.44655573163729656, -0.06385499345053891]
[-0.44655573163729656, -0.06385499345053891], 0, -1.0, [-0.5119834170271927, -0.06542768538989618]
[-0.5119834170271927, -0.06542768538989618], 0, -1.0, [-0.5784981999775207, -0.066514782950328]
[-0.5784981999775207, -0.066514782950328], 2, -1.0, [-0.6436030961913413, -0.06510489621382051]
[-0.6436030961913413, -0.06510489621382051], 0, -1.0, [-0.7088272764948282, -0.06522418030348698]
[-0.7088272764948282, -0.06522418030348698], 2, -1.0, [-0.7717326423348493, -0.06290536584002107]
[-0.7717326423348493, -0.06290536584002107], 2, -1.0, [-0.8319441786432442, -0.060211536308394965]
[-0.8319441786432442, -0.060211536308394965], 2, -1.0, [-0.8891591085651762, -0.05721492992193202]
[-0.8891591085651762, -0.05721492992193202], 2, -1.0, [-0.9431497960667647, -0.053990687501588565]
[-0.9431497960667647, -0.053990687501588565], 0, -1.0, [-0.995761289664712, -0.05261149359794724]
[-0.995761289664712, -0.05261149359794724], 0, -1.0, [-1.0469024882510516, -0.0511411985863396]
[-1.0469024882510516, -0.0511411985863396], 0, -1.0, [-1.0965436878168402, -0.049641199565788635]
[-1.0965436878168402, -0.049641199565788635], 0, -1.0, [-1.1447122316031255, -0.04816854378628528]
[-1.1447122316031255, -0.04816854378628528], 0, -1.0, [-1.1914869921366493, -0.04677476053352381]
[-1.1914869921366493, -0.04677476053352381], 0, -1.0, [-1.2, 0.0]
[-1.2, 0.0], 1, -1.0, [-1.1977581039591645, 0.002241896040835368]
[-1.1977581039591645, 0.002241896040835368], 0, -1.0, [-1.194266922003125, 0.003491181956039541]
[-1.194266922003125, 0.003491181956039541], 0, -1.0, [-1.1895151489962634, 0.00475177300686165]
[-1.1895151489962634, 0.00475177300686165], 0, -1.0, [-1.1834877964416843, 0.006027352554579105]
[-1.1834877964416843, 0.006027352554579105], 0, -1.0, [-1.1761665179540624, 0.007321278487621904]
[-1.1761665179540624, 0.007321278487621904], 0, -1.0, [-1.1675300379808318, 0.00863647997323068]
[-1.1675300379808318, 0.00863647997323068], 2, -1.0, [-1.1555546955611493, 0.011975342419682398]
[-1.1555546955611493, 0.011975342419682398], 2, -1.0, [-1.1402102833545102, 0.015344412206639018]
[-1.1402102833545102, 0.015344412206639018], 2, -1.0, [-1.121462569163903, 0.018747714190607143]
[-1.121462569163903, 0.018747714190607143], 2, -1.0, [-1.0992766457869132, 0.022185923376989956]
[-1.0992766457869132, 0.022185923376989956], 2, -1.0, [-1.073621173003492, 0.0256554727834212]
[-1.073621173003492, 0.0256554727834212], 2, -1.0, [-1.0444735509453313, 0.029147622058160665]
[-1.0444735509453313, 0.029147622058160665], 2, -1.0, [-1.0118260123637015, 0.032647538581629824]
[-1.0118260123637015, 0.032647538581629824], 1, -1.0, [-0.9766925359690483, 0.035133476394653224]
[-0.9766925359690483, 0.035133476394653224], 1, -1.0, [-0.9391147746591307, 0.03757776130991754]
[-0.9391147746591307, 0.03757776130991754], 1, -1.0, [-0.8991672871651238, 0.039947487494006936]
[-0.8991672871651238, 0.039947487494006936], 2, -1.0, [-0.8559622955011809, 0.04320499166394294]
[-0.8559622955011809, 0.04320499166394294], 2, -1.0, [-0.8096575652165625, 0.046304730284618324]
[-0.8096575652165625, 0.046304730284618324], 2, -1.0, [-0.760461206186655, 0.04919635902990749]
[-0.760461206186655, 0.04919635902990749], 2, -1.0, [-0.7086341495610772, 0.05182705662557781]
[-0.7086341495610772, 0.05182705662557781], 2, -1.0, [-0.6544895092098104, 0.05414464035126673]
[-0.6544895092098104, 0.05414464035126673], 2, -1.0, [-0.5983882223646773, 0.056101286845133214]
[-0.5983882223646773, 0.056101286845133214], 2, -1.0, [-0.5407307090707701, 0.057657513293907135]
[-0.5407307090707701, 0.057657513293907135], 1, -1.0, [-0.48294476283645754, 0.05778594623431262]
[-0.48294476283645754, 0.05778594623431262], 1, -1.0, [-0.425462966362573, 0.05748179647388453]
[-0.425462966362573, 0.05748179647388453], 1, -1.0, [-0.36870660195036875, 0.05675636441220429]
[-0.36870660195036875, 0.05675636441220429], 1, -1.0, [-0.313070571651747, 0.05563603029862173]
[-0.313070571651747, 0.05563603029862173], 1, -1.0, [-0.25891060242235864, 0.054159969229388386]
[-0.25891060242235864, 0.054159969229388386], 2, -1.0, [-0.20553365366783907, 0.053376948754519565]
[-0.20553365366783907, 0.053376948754519565], 2, -1.0, [-0.15319632669450584, 0.05233732697333322]
[-0.15319632669450584, 0.05233732697333322], 2, -1.0, [-0.10209958695453726, 0.051096739739968575]
[-0.10209958695453726, 0.051096739739968575], 2, -1.0, [-0.05238648756254127, 0.04971309939199599]
[-0.05238648756254127, 0.04971309939199599], 2, -1.0, [-0.0041425777937536615, 0.04824390976878761]
[-0.0041425777937536615, 0.04824390976878761], 1, -1.0, [0.04160152503324538, 0.04574410282699904]
[0.04160152503324538, 0.04574410282699904], 1, -1.0, [0.08486507282816928, 0.043263547794923904]
[0.08486507282816928, 0.043263547794923904], 1, -1.0, [0.12570920732136898, 0.04084413449319969]
[0.12570920732136898, 0.04084413449319969], 1, -1.0, [0.16422902624725894, 0.038519818925889945]
[0.16422902624725894, 0.038519818925889945], 1, -1.0, [0.20054618250834938, 0.03631715626109044]
[0.20054618250834938, 0.03631715626109044], 0, -1.0, [0.2338023154848138, 0.03325613297646444]
[0.2338023154848138, 0.03325613297646444], 0, -1.0, [0.2641486108343013, 0.030346295349487486]
[0.2641486108343013, 0.030346295349487486], 0, -1.0, [0.29173964166621896, 0.027591030831917645]
[0.29173964166621896, 0.027591030831917645], 0, -1.0, [0.3167286004772777, 0.024988958811058712]
[0.3167286004772777, 0.024988958811058712], 2, -1.0, [0.34126372942418937, 0.024535128946911698]
[0.34126372942418937, 0.024535128946911698], 2, -1.0, [0.3654985291314578, 0.024234799707268464]
[0.3654985291314578, 0.024234799707268464], 0, -1.0, [0.3875915376185846, 0.02209300848712679]
[0.3875915376185846, 0.02209300848712679], 2, -1.0, [0.40969256055114556, 0.022101022932560947]
[0.40969256055114556, 0.022101022932560947], 2, -1.0, [0.4319558163348277, 0.02226325578368213]
[0.4319558163348277, 0.02226325578368213], 0, -1.0, [0.45254037590235296, 0.020584559567525227]
[0.45254037590235296, 0.020584559567525227], 0, -1.0, [0.47159602475322226, 0.019055648850869324]
[0.47159602475322226, 0.019055648850869324], 2, -1.0, [0.49126323313963216, 0.019667208386409882]
[0.49126323313963216, 0.019667208386409882], 0, -1.0, [0.5096883051370463, 0.018425071997414146]
