[-0.5790917657821122, 0.0], 2, -1.0, [-0.5776774881958157, 0.0014142775862965849]
[-0.5776774881958157, 0.0014142775862965849], 2, -1.0, [-0.5748593971527879, 0.0028180910430277233]
[-0.5748593971527879, 0.0028180910430277233], 2, -1.0, [-0.5706583649765313, 0.004201032176256531]
[-0.5706583649765313, 0.004201032176256531], 2, -1.0, [-0.5651055571690509, 0.005552807807480424]
[-0.5651055571690509, 0.005552807807480424], 2, -1.0, [-0.5582422523460604, 0.0068633048229904126]
[-0.5582422523460604, 0.0068633048229904126], 2, -1.0, [-0.5501195889482833, 0.008122663397777098]
[-0.5501195889482833, 0.008122663397777098], 2, -1.0, [-0.5407982292359359, 0.009321359712347328]
[-0.5407982292359359, 0.009321359712347328], 0, -1.0, [-0.532347930853272, 0.008450298382663866]
[-0.532347930853272, 0.008450298382663866], 0, -1.0, [-0.5248320213403749, 0.007515909512897199]
[-0.5248320213403749, 0.007515909512897199], 0, -1.0, [-0.518306862505513, 0.006525158834861863]
[-0.518306862505513, 0.006525158834861863], 2, -1.0, [-0.5108213913516568, 0.00748547115385621]
[-0.5108213913516568, 0.00748547115385621], 0, -1.0, [-0.5044317271132498, 0.006389664238407062]
[-0.5044317271132498, 0.006389664238407062], 0, -1.0, [-0.499185736534602, 0.005245990578647776]
[-0.499185736534602, 0.005245990578647776], 0, -1.0, [-0.4951226801043682, 0.0040630564302338275]
[-0.4951226801043682, 0.0040630564302338275], 0, -1.0, [-0.4922729347122124, 0.0028497453921558407]
[-0.4922729347122124, 0.0028497453921558407], 2, -1.0, [-0.48865778745092026, 0.003615147261292133]
[-0.48865778745092026, 0.003615147261292133], 0, -1.0, [-0.4863042179562325, 0.002353569494687751]
[-0.4863042179562325, 0.002353569494687751], 0, -1.0, [-0.48522977444445126, 0.0010744435117812914]
[-0.48522977444445126, 0.0010744435117812914], 0, -1.0, [-0.48544246339371283, -0.0002126889492615866]
[-0.48544246339371283, -0.0002126889492615866], 0, -1.0, [-0.48694070013457325, -0.0014982367408603893]
[-0.48694070013457325, -0.0014982367408603893], 0, -1.0, [-0.4897133185828463, -0.0027726184482730386]
[-0.4897133185828463, -0.0027726184482730386], 0, -1.0, [-0.49373964046870406, -0.004026321885857753]
[-0.49373964046870406, -0.004026321885857753], 0, -1.0, [-0.49898960649687935, -0.005249966028175272]
[-0.49898960649687935, -0.005249966028175272], 0, -1.0, [-0.5054239736736315, -0.0064343671767520885]
[-0.5054239736736315, -0.0064343671767520885], 0, -1.0, [-0.5129945843347756, -0.007570610661144186]
[-0.5129945843347756, -0.007570610661144186], 0, -1.0, [-0.5216447130162448, -0.008650128681469225]
[-0.5216447130162448, -0.008650128681469225], 0, -1.0, [-0.5313094970831398, -0.009664784066894975]
[-0.5313094970831398, -0.009664784066894975], 0, -1.0, [-0.5419164558962407, -0.010606958813100913]
[-0.5419164558962407, -0.010606958813100913], 0, -1.0, [-0.5533861012421715, -0.011469645345930802]
[-0.5533861012421715, -0.011469645345930802], 0, -1.0, [-0.5656326388627801, -0.012246537620608655]
[-0.5656326388627801, -0.012246537620608655], 0, -1.0, [-0.5785647573525361, -0.012932118489755963]
[-0.5785647573525361, -0.012932118489755963], 0, -1.0, [-0.5920864966886191, -0.013521739336082996]
[-0.5920864966886191, -0.013521739336082996], 0, -1.0, [-0.6060981845168472, -0.014011687828228021]
[-0.6060981845168472, -0.014011687828228021], 0, -1.0, [-0.6204974243741347, -0.014399239857287475]
[-0.6204974243741347, -0.014399239857287475], 0, -1.0, [-0.6351801166261527, -0.014682692252018001]
[-0.6351801166261527, -0.014682692252018001], 0, -1.0, [-0.6500414903485046, -0.014861373722351839]
[-0.6500414903485046, -0.014861373722351839], 0, -1.0, [-0.6649771229281806, -0.014935632579675985]
[-0.6649771229281806, -0.014935632579675985], 0, -1.0, [-0.6798839239644753, -0.01490680103629474]
[-0.6798839239644753, -0.01490680103629474], 0, -1.0, [-0.6946610611505055, -0.014777137186030262]
[-0.6946610611505055, -0.014777137186030262], 0, -1.0, [-0.7092108081494275, -0.014549746998922017]
[-0.7092108081494275, -0.014549746998922017], 0, -1.0, [-0.7234392978700978, -0.014228489720670206]
[-0.7234392978700978, -0.014228489720670206], 0, -1.0, [-0.7372571687386663, -0.01381787086856861]
[-0.7372571687386663, -0.01381787086856861], 0, -1.0, [-0.7505800962458441, -0.013322927507177748]
[-0.7505800962458441, -0.013322927507177748], 0, -1.0, [-0.7633292068959815, -0.012749110650137362]
[-0.7633292068959815, -0.012749110650137362], 0, -1.0, [-0.775431376379787, -0.012102169483805523]
[-0.775431376379787, -0.012102169483805523], 2, -1.0, [-0.7848194180660566, -0.009388041686269617]
[-0.7848194180660566, -0.009388041686269617], 2, -1.0, [-0.7914427647229105, -0.006623346656853954]
[-0.7914427647229105, -0.006623346656853954], 2, -1.0, [-0.7952665804879646, -0.0038238157650540843]
[-0.7952665804879646, -0.0038238157650540843], 2, -1.0, [-0.7962710764014965, -0.001004495913531966]
[-0.7962710764014965, -0.001004495913531966], 2, -1.0, [-0.7944510936107735, 0.0018199827907229905]
[-0.7944510936107735, 0.0018199827907229905], 2, -1.0, [-0.7898159912686694, 0.004635102342104087]
[-0.7898159912686694, 0.004635102342104087], 2, -1.0, [-0.7823898488452812, 0.007426142423388209]
[-0.7823898488452812, 0.007426142423388209], 2, -1.0, [-0.7722119652409754, 0.01017788360430578]
[-0.7722119652409754, 0.01017788360430578], 2, -1.0, [-0.7593376098156636, 0.012874355425311807]
[-0.7593376098156636, 0.012874355425311807], 2, -1.0, [-0.7438389535145497, 0.015498656301113896]
[-0.7438389535145497, 0.015498656301113896], 2, -1.0, [-0.7258060824413541, 0.01803287107319549]
[-0.7258060824413541, 0.01803287107319549], 2, -1.0, [-0.7053479729666302, 0.020458109474723978]
[-0.7053479729666302, 0.020458109474723978], 2, -1.0, [-0.6825932889984604, 0.02275468396816978]
[-0.6825932889984604, 0.02275468396816978], 2, -1.0, [-0.6576908512947844, 0.02490243770367591]
[-0.6576908512947844, 0.02490243770367591], 2, -1.0, [-0.6308096289019706, 0.02688122239281386]
[-0.6308096289019706, 0.02688122239281386], 2, -1.0, [-0.6021381169481118, 0.028671511953858735]
[-0.6021381169481118, 0.028671511953858735], 2, -1.0, [-0.5718829950486083, 0.03025512189950349]
[-0.5718829950486083, 0.03025512189950349], 2, -1.0, [-0.5402670065673281, 0.031615988481280194]
[-0.5402670065673281, 0.031615988481280194], 2, -1.0, [-0.5075260584452671, 0.03274094812206095]
[-0.5075260584452671, 0.03274094812206095], 2, -1.0, [-0.4739056089961478, 0.0336204494491193]
[-0.4739056089961478, 0.0336204494491193], 2, -1.0, [-0.4396564793103348, 0.03424912968581301]
[-0.4396564793103348, 0.03424912968581301], 2, -1.0, [-0.40503028372633465, 0.03462619558400017]
[-0.40503028372633465, 0.03462619558400017], 2, -1.0, [-0.3702747175558794, 0.034755566170455256]
[-0.3702747175558794, 0.034755566170455256], 2, -1.0, [-0.3356289593188013, 0.034645758237078036]
[-0.3356289593188013, 0.034645758237078036], 1, -1.0, [-0.30231943715854603, 0.0333095221602553]
[-0.30231943715854603, 0.0333095221602553], 0, -1.0, [-0.2715502758260541, 0.030769161332491923]
[-0.2715502758260541, 0.030769161332491923], 0, -1.0, [-0.24349642062711974, 0.0280538551989344]
[-0.24349642062711974, 0.0280538551989344], 0, -1.0, [-0.21830468552637727, 0.025191735100742477]
[-0.21830468552637727, 0.025191735100742477], 0, -1.0, [-0.19609570112163976, 0.02220898440473751]
[-0.19609570112163976, 0.02220898440473751], 0, -1.0, [-0.17696644783830806, 0.019129253283331694]
[-0.17696644783830806, 0.019129253283331694], 0, -1.0, [-0.1609930747387684, 0.015973373099539667]
[-0.1609930747387684, 0.015973373099539667], 0, -1.0, [-0.1482337397510548, 0.012759334987713587]
[-0.1482337397510548, 0.012759334987713587], 0, -1.0, [-0.13873125285742416, 0.00950248689363064]
[-0.13873125285742416, 0.00950248689363064], 0, -1.0, [-0.1325153518566079, 0.006215901000816246]
[-0.1325153518566079, 0.006215901000816246], 2, -1.0, [-0.12760448543272873, 0.004910866423879167]
[-0.12760448543272873, 0.004910866423879167], 0, -1.0, [-0.1260126624913134, 0.0015918229414153269]
[-0.1260126624913134, 0.0015918229414153269], 0, -1.0, [-0.1277443160455812, -0.0017316535542678093]
[-0.1277443160455812, -0.0017316535542678093], 0, -1.0, [-0.13279462114447235, -0.005050305098891161]
[-0.13279462114447235, -0.005050305098891161], 0, -1.0, [-0.1411491491035972, -0.008354527959124846]
[-0.1411491491035972, -0.008354527959124846], 0, -1.0, [-0.15278287152382872, -0.011633722420231522]
[-0.15278287152382872, -0.011633722420231522], 0, -1.0, [-0.1676585549561272, -0.014875683432298488]
[-0.1676585549561272, -0.014875683432298488], 0, -1.0, [-0.18572461856080874, -0.018066063604681562]
[-0.18572461856080874, -0.018066063604681562], 0, -1.0, [-0.20691256450129025, -0.021187945940481512]
[-0.20691256450129025, -0.021187945940481512], 0, -1.0, [-0.23113413446523431, -0.02422156996394406]
[-0.23113413446523431, -0.02422156996394406], 0, -1.0, [-0.2582783939261865, -0.02714425946095219]
[-0.2582783939261865, -0.02714425946095219], 0, -1.0, [-0.28820899426291574, -0.029930600336729243]
[-0.28820899426291574, -0.029930600336729243], 0, -1.0, [-0.3207619045301106, -0.032552910267194854]
[-0.3207619045301106, -0.032552910267194854], 0, -1.0, [-0.35574392992787807, -0.03498202539776744]
[-0.35574392992787807, -0.03498202539776744], 0, -1.0, [-0.39293233197997823, -0.03718840205210014]
[-0.39293233197997823, -0.03718840205210014], 0, -1.0, [-0.4320758261651902, -0.03914349418521197]
[-0.4320758261651902, -0.03914349418521197], 0, -1.0, [-0.47289715025157486, -0.04082132408638464]
[-0.47289715025157486, -0.04082132408638464], 0, -1.0, [-0.5150972719390721, -0.04220012168749715]
[-0.5150972719390721, -0.04220012168749715], 0, -1.0, [-0.5583611479916648, -0.043263876052592694]
[-0.5583611479916648, -0.043263876052592694], 0, -1.0, [-0.6023647785802704, -0.044003630588605624]
[-0.6023647785802704, -0.044003630588605624], 0, -1.0, [-0.6467831463655687, -0.044418367785298236]
[-0.6467831463655687, -0.044418367785298236], 0, -1.0, [-0.6912985172752456, -0.0445153709096769]
[-0.6912985172752456, -0.0445153709096769], 0, -1.0, [-0.7356085305409067, -0.04431001326566108]
[-0.7356085305409067, -0.04431001326566108], 0, -1.0, [-0.7794335292265963, -0.04382499868568961]
[-0.7794335292265963, -0.04382499868568961], 0, -1.0, [-0.8225226745254468, -0.04308914529885052]
[-0.8225226745254468, -0.04308914529885052], 0, -1.0, [-0.8646585296098929, -0.042135855084446054]
[-0.8646585296098929, -0.042135855084446054], 2, -1.0, [-0.9036599656187891, -0.03900143600889632]
[-0.9036599656187891, -0.03900143600889632], 2, -1.0, [-0.9393896262810488, -0.03572966066225966]
[-0.9393896262810488, -0.03572966066225966], 2, -1.0, [-0.9717489048143935, -0.03235927853334458]
[-0.9717489048143935, -0.03235927853334458], 2, -1.0, [-1.0006719510061683, -0.028923046191774854]
[-1.0006719510061683, -0.028923046191774854], 2, -1.0, [-1.0261193097926817, -0.025447358786513496]
[-1.0261193097926817, -0.025447358786513496], 2, -1.0, [-1.0480716652018245, -0.02195235540914266]
[-1.0480716652018245, -0.02195235540914266], 2, -1.0, [-1.0665240292068092, -0.018452364004984793]
[-1.0665240292068092, -0.018452364004984793], 2, -1.0, [-1.0814805940532584, -0.014956564846449217]
[-1.0814805940532584, -0.014956564846449217], 2, -1.0, [-1.0929503696773673, -0.011469775624108974]
[-1.0929503696773673, -0.011469775624108974], 2, -1.0, [-1.1009436582061323, -0.007993288528765009]
[-1.1009436582061323, -0.007993288528765009], 2, -1.0, [-1.1054693736363617, -0.004525715430229357]
[-1.1054693736363617, -0.004525715430229357], 2, -1.0, [-1.106533192439641, -0.0010638188032793378]
[-1.106533192439641, -0.0010638188032793378], 2, -1.0, [-1.1041365148477706, 0.0023966775918703594]
[-1.1041365148477706, 0.0023966775918703594], 2, -1.0, [-1.0982762216695283, 0.005860293178242378]
[-1.0982762216695283, 0.005860293178242378], 2, -1.0, [-1.0889452226958114, 0.00933099897371703]
[-1.0889452226958114, 0.00933099897371703], 2, -1.0, [-1.0761338053716836, 0.012811417324127754]
[-1.0761338053716836, 0.012811417324127754], 2, -1.0, [-1.0598318018352204, 0.01630200353646327]
[-1.0598318018352204, 0.01630200353646327], 2, -1.0, [-1.0400315938570341, 0.01980020797818625]
[-1.0400315938570341, 0.01980020797818625], 2, -1.0, [-1.0167319635547258, 0.023299630302308253]
[-1.0167319635547258, 0.023299630302308253], 2, -1.0, [-0.9899427676961619, 0.026789195858564027]
[-0.9899427676961619, 0.026789195858564027], 2, -1.0, [-0.9596903599974156, 0.030252407698746316]
[-0.9596903599974156, 0.030252407698746316], 2, -1.0, [-0.9260236056512289, 0.03366675434618674]
[-0.9260236056512289, 0.03366675434618674], 2, -1.0, [-0.8890202253804727, 0.03700338027075628]
[-0.8890202253804727, 0.03700338027075628], 2, -1.0, [-0.8487930784374045, 0.04022714694306816]
[-0.8487930784374045, 0.04022714694306816], 2, -1.0, [-0.8054958593514174, 0.04329721908598704]
[-0.8054958593514174, 0.04329721908598704], 2, -1.0, [-0.7593275659191242, 0.046168293432293235]
[-0.7593275659191242, 0.046168293432293235], 2, -1.0, [-0.7105350288750321, 0.04879253704409213]
[-0.7105350288750321, 0.04879253704409213], 2, -1.0, [-0.6594128137058812, 0.051122215169150796]
[-0.6594128137058812, 0.051122215169150796], 2, -1.0, [-0.6062999431959308, 0.05311287050995042]
[-0.6062999431959308, 0.05311287050995042], 2, -1.0, [-0.5515731577466421, 0.0547267854492888]
[-0.5515731577466421, 0.0547267854492888], 2, -1.0, [-0.49563681062729725, 0.05593634711934484]
[-0.49563681062729725, 0.05593634711934484], 2, -1.0, [-0.43890993237679815, 0.05672687825049911]
[-0.43890993237679815, 0.05672687825049911], 2, -1.0, [-0.3818114091610119, 0.05709852321578624]
[-0.3818114091610119, 0.05709852321578624], 2, -1.0, [-0.32474451254823467, 0.057066896612777265]
[-0.32474451254823467, 0.057066896612777265], 2, -1.0, [-0.26808212166293927, 0.05666239088529538]
[-0.26808212166293927, 0.05666239088529538], 2, -1.0, [-0.21215386648101492, 0.05592825518192435]
[-0.21215386648101492, 0.05592825518192435], 2, -1.0, [-0.1572361209214187, 0.05491774555959621]
[-0.1572361209214187, 0.05491774555959621], 2, -1.0, [-0.10354535859553021, 0.053690762325888486]
[-0.10354535859553021, 0.053690762325888486], 2, -1.0, [-0.051234944611724745, 0.05231041398380547]
[-0.051234944611724745, 0.05231041398380547], 1, -1.0, [-0.0013950572527366353, 0.04983988735898811]
[-0.0013950572527366353, 0.04983988735898811], 1, -1.0, [0.04594485200079782, 0.04733990925353446]
[0.04594485200079782, 0.04733990925353446], 1, -1.0, [0.0908084716364751, 0.04486361963567728]
[0.0908084716364751, 0.04486361963567728], 1, -1.0, [0.13326428845255037, 0.04245581681607528]
[0.13326428845255037, 0.04245581681607528], 1, -1.0, [0.1734172511779446, 0.04015296272539424]
[0.1734172511779446, 0.04015296272539424], 0, -1.0, [0.21040097875122069, 0.036983727573276094]
[0.21040097875122069, 0.036983727573276094], 0, -1.0, [0.2443664107738348, 0.033965432022614137]
[0.2443664107738348, 0.033965432022614137], 0, -1.0, [0.2754740826891002, 0.031107671915265374]
[0.2754740826891002, 0.031107671915265374], 0, -1.0, [0.3038879756780567, 0.02841389298895651]
[0.3038879756780567, 0.02841389298895651], 0, -1.0, [0.32977079060737674, 0.025882814929320045]
[0.32977079060737674, 0.025882814929320045], 0, -1.0, [0.3532804440221033, 0.023509653414726536]
[0.3532804440221033, 0.023509653414726536], 2, -1.0, [0.3765675712104599, 0.02328712718835661]
[0.3765675712104599, 0.02328712718835661], 0, -1.0, [0.39778737675259707, 0.021219805542137135]
[0.39778737675259707, 0.021219805542137135], 2, -1.0, [0.41908584109438146, 0.021298464341784385]
[0.41908584109438146, 0.021298464341784385], 2, -1.0, [0.4406132383345451, 0.021527397240163615]
[0.4406132383345451, 0.021527397240163615], 2, -1.0, [0.4625246533922772, 0.021911415057732152]
[0.4625246533922772, 0.021911415057732152], 0, -1.0, [0.48298057109120135, 0.020455917698924155]
[0.48298057109120135, 0.020455917698924155], 0, -1.0, [0.502132605598443, 0.019152034507241615]
