[-0.48336400444655375, 0.0], 0, -1.0, [-0.48466503301160313, -0.0013010285650493733]
[-0.48466503301160313, -0.0013010285650493733], 0, -1.0, [-0.4872574011555152, -0.002592368143912078]
[-0.4872574011555152, -0.002592368143912078], 0, -1.0, [-0.4911217899748013, -0.003864388819286135]
[-0.4911217899748013, -0.003864388819286135], 0, -1.0, [-0.4962293709975744, -0.005107581022773098]
[-0.4962293709975744, -0.005107581022773098], 0, -1.0, [-0.5025419919851845, -0.00631262098761001]
[-0.5025419919851845, -0.00631262098761001], 0, -1.0, [-0.5100124338371572, -0.007470441851972749]
[-0.5100124338371572, -0.007470441851972749], 0, -1.0, [-0.5185847450409766, -0.00857231120381938]
[-0.5185847450409766, -0.00857231120381938], 0, -1.0, [-0.5281946600558705, -0.009609915014893809]
[-0.5281946600558705, -0.009609915014893809], 0, -1.0, [-0.5387701070294156, -0.010575446973545156]
[-0.5387701070294156, -0.010575446973545156], 0, -1.0, [-0.550231808297874, -0.01146170126845835]
[-0.550231808297874, -0.01146170126845835], 0, -1.0, [-0.5624939742803944, -0.012262165982520425]
[-0.5624939742803944, -0.012262165982520425], 1, -1.0, [-0.5744650877956385, -0.011971113515244117]
[-0.5744650877956385, -0.011971113515244117], 0, -1.0, [-0.5870561828653107, -0.012591095069672171]
[-0.5870561828653107, -0.012591095069672171], 0, -1.0, [-0.600174216921808, -0.01311803405649725]
[-0.600174216921808, -0.01311803405649725], 0, -1.0, [-0.6137229733636854, -0.013548756441877492]
[-0.6137229733636854, -0.013548756441877492], 0, -1.0, [-0.6276040035237106, -0.01388103016002513]
[-0.6276040035237106, -0.01388103016002513], 0, -1.0, [-0.6417175896368696, -0.014113586113159089]
[-0.6417175896368696, -0.014113586113159089], 0, -1.0, [-0.655963708591262, -0.01424611895439234]
[-0.655963708591262, -0.01424611895439234], 0, -1.0, [-0.6702429754572776, -0.014279266866015631]
[-0.6702429754572776, -0.014279266866015631], 0, -1.0, [-0.684457546114659, -0.014214570657381395]
[-0.684457546114659, -0.014214570657381395], 0, -1.0, [-0.6985119597326012, -0.014054413617942083]
[-0.6985119597326012, -0.014054413617942083], 1, -1.0, [-0.7113139043102041, -0.012801944577602923]
[-0.7113139043102041, -0.012801944577602923], 1, -1.0, [-0.7227812276118688, -0.01146732330166466]
[-0.7227812276118688, -0.01146732330166466], 1, -1.0, [-0.7328420096067277, -0.010060781994858959]
[-0.7328420096067277, -0.010060781994858959], 2, -1.0, [-0.7404345196565801, -0.0075925100498523785]
[-0.7404345196565801, -0.0075925100498523785], 2, -1.0, [-0.7455130543884758, -0.00507853473189566]
[-0.7455130543884758, -0.00507853473189566], 2, -1.0, [-0.7480474803382853, -0.0025344259498094545]
[-0.7480474803382853, -0.0025344259498094545], 2, -1.0, [-0.7480228931317474, 2.4587206537895253e-05]
[-0.7480228931317474, 2.4587206537895253e-05], 2, -1.0, [-0.7454394369290123, 0.002583456202735136]
[-0.7454394369290123, 0.002583456202735136], 2, -1.0, [-0.7403123062097516, 0.005127130719260648]
[-0.7403123062097516, 0.005127130719260648], 2, -1.0, [-0.7326719296839006, 0.007640376525850986]
[-0.7326719296839006, 0.007640376525850986], 2, -1.0, [-0.7225643138270486, 0.010107615856852067]
[-0.7225643138270486, 0.010107615856852067], 2, -1.0, [-0.7100515019100805, 0.012512811916968099]
[-0.7100515019100805, 0.012512811916968099], 2, -1.0, [-0.6952120842371775, 0.014839417672902935]
[-0.6952120842371775, 0.014839417672902935], 2, -1.0, [-0.678141677735733, 0.017070406501444528]
[-0.678141677735733, 0.017070406501444528], 2, -1.0, [-0.6589532795132111, 0.01918839822252184]
[-0.6589532795132111, 0.01918839822252184], 2, -1.0, [-0.6377773912568102, 0.021175888256400977]
[-0.6377773912568102, 0.021175888256400977], 2, -1.0, [-0.6147618112531624, 0.023015580003647805]
[-0.6147618112531624, 0.023015580003647805], 2, -1.0, [-0.59007099998442, 0.02469081126874242]
[-0.59007099998442, 0.02469081126874242], 2, -1.0, [-0.5638849447209641, 0.02618605526345595]
[-0.5638849447209641, 0.02618605526345595], 2, -1.0, [-0.5363974782160155, 0.02748746650494864]
[-0.5363974782160155, 0.02748746650494864], 0, -1.0, [-0.5098140450254821, 0.02658343319053331]
[-0.5098140450254821, 0.02658343319053331], 0, -1.0, [-0.48433396784898797, 0.025480077176494142]
[-0.48433396784898797, 0.025480077176494142], 0, -1.0, [-0.4601476961781032, 0.024186271670884774]
[-0.4601476961781032, 0.024186271670884774], 0, -1.0, [-0.43743443891885475, 0.022713257259248422]
[-0.43743443891885475, 0.022713257259248422], 0, -1.0, [-0.4163602414609312, 0.021074197457923525]
[-0.4163602414609312, 0.021074197457923525], 0, -1.0, [-0.397076530521657, 0.019283710939274223]
[-0.397076530521657, 0.019283710939274223], 0, -1.0, [-0.3797191147747364, 0.017357415746920547]
[-0.3797191147747364, 0.017357415746920547], 0, -1.0, [-0.3644075990797661, 0.015311515694970296]
[-0.3644075990797661, 0.015311515694970296], 0, -1.0, [-0.3512451472629645, 0.013162451816801573]
[-0.3512451472629645, 0.013162451816801573], 0, -1.0, [-0.3403185138837392, 0.010926633379225347]
[-0.3403185138837392, 0.010926633379225347], 0, -1.0, [-0.33169825922385643, 0.008620254659882729]
[-0.33169825922385643, 0.008620254659882729], 0, -1.0, [-0.3254390630425475, 0.006259196181308934]
[-0.3254390630425475, 0.006259196181308934], 0, -1.0, [-0.32158006017905594, 0.003859002863491551]
[-0.32158006017905594, 0.003859002863491551], 0, -1.0, [-0.3201451334190605, 0.0014349267599954516]
[-0.3201451334190605, 0.0014349267599954516], 0, -1.0, [-0.3211431147978204, -0.0009979813787599125]
[-0.3211431147978204, -0.0009979813787599125], 0, -1.0, [-0.32456786449947317, -0.003424749701652809]
[-0.32456786449947317, -0.003424749701652809], 0, -1.0, [-0.3303982157505983, -0.005830351251125116]
[-0.3303982157505983, -0.005830351251125116], 0, -1.0, [-0.3385977937845766, -0.008199578033978305]
[-0.3385977937845766, -0.008199578033978305], 0, -1.0, [-0.3491147363273868, -0.010516942542810204]
[-0.3491147363273868, -0.010516942542810204], 0, -1.0, [-0.3618813613333354, -0.012766625005948627]
[-0.3618813613333354, -0.012766625005948627], 0, -1.0, [-0.3768138439378643, -0.014932482604528917]
[-0.3768138439378643, -0.014932482604528917], 0, -1.0, [-0.3938119776413937, -0.016998133703529376]
[-0.3938119776413937, -0.016998133703529376], 0, -1.0, [-0.4127591032446556, -0.018947125603261887]
[-0.4127591032446556, -0.018947125603261887], 0, -1.0, [-0.4335222915843672, -0.02076318833971163]
[-0.4335222915843672, -0.02076318833971163], 0, -1.0, [-0.4559528613462424, -0.022430569761875165]
[-0.4559528613462424, -0.022430569761875165], 0, -1.0, [-0.4798873002402494, -0.023934438894006965]
[-0.4798873002402494, -0.023934438894006965], 0, -1.0, [-0.505148636415832, -0.025261336175582592]
[-0.505148636415832, -0.025261336175582592], 0, -1.0, [-0.5315482779897127, -0.026399641573880767]
[-0.5315482779897127, -0.026399641573880767], 0, -1.0, [-0.5588883039471094, -0.027340025957396666]
[-0.5588883039471094, -0.027340025957396666], 0, -1.0, [-0.5869641525781218, -0.02807584863101241]
[-0.5869641525781218, -0.02807584863101241], 0, -1.0, [-0.6155676179714007, -0.028603465393278904]
[-0.6155676179714007, -0.028603465393278904], 0, -1.0, [-0.6444900351401769, -0.02892241716877614]
[-0.6444900351401769, -0.02892241716877614], 0, -1.0, [-0.6735255139289613, -0.02903547878878442]
[-0.6735255139289613, -0.02903547878878442], 0, -1.0, [-0.7024740736706617, -0.02894855974170038]
[-0.7024740736706617, -0.02894855974170038], 0, -1.0, [-0.7311445357355834, -0.028670462064921586]
[-0.7311445357355834, -0.028670462064921586], 0, -1.0, [-0.7593570488926552, -0.02821251315707184]
[-0.7593570488926552, -0.02821251315707184], 0, -1.0, [-0.7869451503486803, -0.027588101456025114]
[-0.7869451503486803, -0.027588101456025114], 2, -1.0, [-0.8117572997814684, -0.02481214943278805]
[-0.8117572997814684, -0.02481214943278805], 2, -1.0, [-0.8336675617284939, -0.02191026194702551]
[-0.8336675617284939, -0.02191026194702551], 2, -1.0, [-0.8525734654458361, -0.018905903717342215]
[-0.8525734654458361, -0.018905903717342215], 2, -1.0, [-0.8683935334270665, -0.01582006798123034]
[-0.8683935334270665, -0.01582006798123034], 2, -1.0, [-0.8810647317854341, -0.012671198358367606]
[-0.8810647317854341, -0.012671198358367606], 2, -1.0, [-0.8905400570035147, -0.00947532521808056]
[-0.8905400570035147, -0.00947532521808056], 2, -1.0, [-0.8967864303462947, -0.006246373342779953]
[-0.8967864303462947, -0.006246373342779953], 2, -1.0, [-0.8997830288205357, -0.002996598474241023]
[-0.8997830288205357, -0.002996598474241023], 2, -1.0, [-0.8995201428868663, 0.0002628859336694174]
[-0.8995201428868663, 0.0002628859336694174], 2, -1.0, [-0.8959986170491492, 0.0035215258377171207]
[-0.8959986170491492, 0.0035215258377171207], 2, -1.0, [-0.8892298992211816, 0.006768717827967674]
[-0.8892298992211816, 0.006768717827967674], 2, -1.0, [-0.8792366966261606, 0.009993202595021003]
[-0.8792366966261606, 0.009993202595021003], 2, -1.0, [-0.8660542076513772, 0.013182488974783342]
[-0.8660542076513772, 0.013182488974783342], 2, -1.0, [-0.8497318683338291, 0.01632233931754811]
[-0.8497318683338291, 0.01632233931754811], 2, -1.0, [-0.8303355173444136, 0.019396350989415556]
[-0.8303355173444136, 0.019396350989415556], 2, -1.0, [-0.8079498439521441, 0.022385673392269517]
[-0.8079498439521441, 0.022385673392269517], 2, -1.0, [-0.7826809406494925, 0.025268903302651673]
[-0.7826809406494925, 0.025268903302651673], 2, -1.0, [-0.7546587392174775, 0.02802220143201491]
[-0.7546587392174775, 0.02802220143201491], 2, -1.0, [-0.7240390716904497, 0.03061966752702786]
[-0.7240390716904497, 0.03061966752702786], 2, -1.0, [-0.691005073771829, 0.033033997918620765]
[-0.691005073771829, 0.033033997918620765], 2, -1.0, [-0.6557676468034066, 0.03523742696842233]
[-0.6557676468034066, 0.03523742696842233], 2, -1.0, [-0.6185647239581394, 0.03720292284526713]
[-0.6185647239581394, 0.03720292284526713], 2, -1.0, [-0.5796591525737007, 0.038905571384438696]
[-0.5796591525737007, 0.038905571384438696], 2, -1.0, [-0.5393351076378828, 0.0403240449358179]
[-0.5393351076378828, 0.0403240449358179], 2, -1.0, [-0.497893084046127, 0.04144202359175589]
[-0.497893084046127, 0.04144202359175589], 2, -1.0, [-0.4556436621067529, 0.0422494219393741]
[-0.4556436621067529, 0.0422494219393741], 2, -1.0, [-0.41290038048795297, 0.04274328161879992]
[-0.41290038048795297, 0.04274328161879992], 2, -1.0, [-0.3699721599935114, 0.04292822049444158]
[-0.3699721599935114, 0.04292822049444158], 2, -1.0, [-0.3271557803089758, 0.042816379684535597]
[-0.3271557803089758, 0.042816379684535597], 2, -1.0, [-0.2847289089363465, 0.04242687137262928]
[-0.2847289089363465, 0.04242687137262928], 2, -1.0, [-0.2429441174760975, 0.04178479146024899]
[-0.2429441174760975, 0.04178479146024899], 2, -1.0, [-0.2020242074230791, 0.0409199100530184]
[-0.2020242074230791, 0.0409199100530184], 2, -1.0, [-0.1621590262643821, 0.03986518115869699]
[-0.1621590262643821, 0.03986518115869699], 2, -1.0, [-0.1235038085001931, 0.038655217764189016]
[-0.1235038085001931, 0.038655217764189016], 2, -1.0, [-0.08617894644683624, 0.037324862053356854]
[-0.08617894644683624, 0.037324862053356854], 2, -1.0, [-0.050270997127748386, 0.035907949319087855]
[-0.050270997127748386, 0.035907949319087855], 2, -1.0, [-0.015834670956832594, 0.03443632617091579]
[-0.015834670956832594, 0.03443632617091579], 2, -1.0, [0.017104475472714875, 0.03293914642954747]
[0.017104475472714875, 0.03293914642954747], 2, -1.0, [0.04854691251479693, 0.03144243704208206]
[0.04854691251479693, 0.03144243704208206], 2, -1.0, [0.07851581675428902, 0.02996890423949209]
[0.07851581675428902, 0.02996890423949209], 2, -1.0, [0.107053754179648, 0.02853793742535898]
[0.107053754179648, 0.02853793742535898], 2, -1.0, [0.13421951789559394, 0.027165763715945923]
[0.13421951789559394, 0.027165763715945923], 2, -1.0, [0.1600852254848707, 0.025865707589276764]
[0.1600852254848707, 0.025865707589276764], 2, -1.0, [0.18473374100483114, 0.02464851551996045]
[0.18473374100483114, 0.02464851551996045], 2, -1.0, [0.20825645382661975, 0.02352271282178862]
[0.20825645382661975, 0.02352271282178862], 2, -1.0, [0.2307514215386485, 0.02249496771202874]
[0.2307514215386485, 0.02249496771202874], 2, -1.0, [0.2523218664173204, 0.021570444878671893]
[0.2523218664173204, 0.021570444878671893], 2, -1.0, [0.2730750034602718, 0.02075313704295142]
[0.2730750034602718, 0.02075313704295142], 2, -1.0, [0.29312117142126076, 0.020046167960988962]
[0.29312117142126076, 0.020046167960988962], 2, -1.0, [0.3125732354337278, 0.019452064012467022]
[0.3125732354337278, 0.019452064012467022], 2, -1.0, [0.3315462295469156, 0.018972994113187813]
[0.3315462295469156, 0.018972994113187813], 2, -1.0, [0.3501572088923758, 0.01861097934546018]
[0.3501572088923758, 0.01861097934546018], 2, -1.0, [0.3685252835062471, 0.018368074613871303]
[0.3685252835062471, 0.018368074613871303], 2, -1.0, [0.38677180847762965, 0.018246524971382547]
[0.38677180847762965, 0.018246524971382547], 2, -1.0, [0.40502070763269266, 0.018248899155062982]
[0.40502070763269266, 0.018248899155062982], 2, -1.0, [0.42339891004976904, 0.018378202417076373]
[0.42339891004976904, 0.018378202417076373], 2, -1.0, [0.4420368800416975, 0.01863796999192846]
[0.4420368800416975, 0.01863796999192846], 2, -1.0, [0.46106922156932895, 0.01903234152763142]
[0.46106922156932895, 0.01903234152763142], 2, -1.0, [0.48063533708655093, 0.019566115517221986]
[0.48063533708655093, 0.019566115517221986], 2, -1.0, [0.5008801182482716, 0.020244781161720713]
