[-0.5937408284370264, 0.0], 2, -1.0, [-0.5922186367442575, 0.0015221916927689238]
[-0.5922186367442575, 0.0015221916927689238], 2, -1.0, [-0.5891854233784838, 0.0030332133657736244]
[-0.5891854233784838, 0.0030332133657736244], 2, -1.0, [-0.5846634779569659, 0.004521945421517825]
[-0.5846634779569659, 0.004521945421517825], 2, -1.0, [-0.5786861046431345, 0.005977373313831446]
[-0.5786861046431345, 0.005977373313831446], 2, -1.0, [-0.5712974544436307, 0.007388650199503827]
[-0.5712974544436307, 0.007388650199503827], 2, -1.0, [-0.5625522837794804, 0.008745170664150299]
[-0.5625522837794804, 0.008745170664150299], 2, -1.0, [-0.5525156263050695, 0.010036657474411008]
[-0.5525156263050695, 0.010036657474411008], 0, -1.0, [-0.5432623643709401, 0.00925326193412936]
[-0.5432623643709401, 0.00925326193412936], 0, -1.0, [-0.5348617110405461, 0.008400653330393979]
[-0.5348617110405461, 0.008400653330393979], 0, -1.0, [-0.5273766017668013, 0.007485109273744842]
[-0.5273766017668013, 0.007485109273744842], 0, -1.0, [-0.5208631594033554, 0.006513442363445988]
[-0.5208631594033554, 0.006513442363445988], 0, -1.0, [-0.5153702339310594, 0.005492925472295907]
[-0.5153702339310594, 0.005492925472295907], 0, -1.0, [-0.5109390162535721, 0.00443121767748738]
[-0.5109390162535721, 0.00443121767748738], 2, -1.0, [-0.5056027239468658, 0.005336292306706326]
[-0.5056027239468658, 0.005336292306706326], 0, -1.0, [-0.5014013364702657, 0.004201387476600069]
[-0.5014013364702657, 0.004201387476600069], 2, -1.0, [-0.4963663067702062, 0.005035029700059534]
[-0.4963663067702062, 0.005035029700059534], 0, -1.0, [-0.49253529345942637, 0.003831013310779849]
[-0.49253529345942637, 0.003831013310779849], 0, -1.0, [-0.4899369191991499, 0.0025983742602764814]
[-0.4899369191991499, 0.0025983742602764814], 0, -1.0, [-0.4885905799725191, 0.0013463392266307899]
[-0.4885905799725191, 0.0013463392266307899], 0, -1.0, [-0.48850631979654796, 8.426017597114831e-05]
[-0.48850631979654796, 8.426017597114831e-05], 0, -1.0, [-0.4896847671321155, -0.0011784473355675275]
[-0.4896847671321155, -0.0011784473355675275], 0, -1.0, [-0.4921171309347278, -0.0024323638026123003]
[-0.4921171309347278, -0.0024323638026123003], 0, -1.0, [-0.495785256214573, -0.0036681252798451596]
[-0.495785256214573, -0.0036681252798451596], 0, -1.0, [-0.5006617409155343, -0.004876484700961327]
[-0.5006617409155343, -0.004876484700961327], 0, -1.0, [-0.5067101176510954, -0.006048376735561143]
[-0.5067101176510954, -0.006048376735561143], 0, -1.0, [-0.5138851051358712, -0.007174987484775709]
[-0.5138851051358712, -0.007174987484775709], 0, -1.0, [-0.5221329348385093, -0.008247829702638189]
[-0.5221329348385093, -0.008247829702638189], 0, -1.0, [-0.5313917583114125, -0.009258823472903238]
[-0.5313917583114125, -0.009258823472903238], 0, -1.0, [-0.5415921397381359, -0.010200381426723394]
[-0.5415921397381359, -0.010200381426723394], 0, -1.0, [-0.5526576364617265, -0.011065496723590577]
[-0.5526576364617265, -0.011065496723590577], 0, -1.0, [-0.5645054676742999, -0.011847831212573386]
[-0.5645054676742999, -0.011847831212573386], 0, -1.0, [-0.5770472681962128, -0.012541800521912847]
[-0.5770472681962128, -0.012541800521912847], 0, -1.0, [-0.5901899205626168, -0.013142652366403999]
[-0.5901899205626168, -0.013142652366403999], 0, -1.0, [-0.6038364547369988, -0.013646534174381955]
[-0.6038364547369988, -0.013646534174381955], 0, -1.0, [-0.6178870009957269, -0.014050546258728126]
[-0.6178870009957269, -0.014050546258728126], 0, -1.0, [-0.6322397781957184, -0.014352777199991461]
[-0.6322397781957184, -0.014352777199991461], 0, -1.0, [-0.646792097048907, -0.014552318853188638]
[-0.646792097048907, -0.014552318853188638], 0, -1.0, [-0.6614413564287065, -0.01464925937979949]
[-0.6614413564287065, -0.01464925937979949], 0, -1.0, [-0.6760860102909245, -0.014644653862218037]
[-0.6760860102909245, -0.014644653862218037], 0, -1.0, [-0.6906264835710394, -0.014540473280114827]
[-0.6906264835710394, -0.014540473280114827], 0, -1.0, [-0.7049660173815028, -0.014339533810463427]
[-0.7049660173815028, -0.014339533810463427], 0, -1.0, [-0.7190114268362547, -0.014045409454751981]
[-0.7190114268362547, -0.014045409454751981], 0, -1.0, [-0.7326737586512347, -0.01366233181498001]
[-0.7326737586512347, -0.01366233181498001], 0, -1.0, [-0.7458688400288884, -0.013195081377653736]
[-0.7458688400288884, -0.013195081377653736], 0, -1.0, [-0.7585177149254261, -0.012648874896537675]
[-0.7585177149254261, -0.012648874896537675], 0, -1.0, [-0.7705469683216104, -0.012029253396184365]
[-0.7705469683216104, -0.012029253396184365], 0, -1.0, [-0.7818889433040723, -0.011341974982461936]
[-0.7818889433040723, -0.011341974982461936], 2, -1.0, [-0.7904818594010765, -0.00859291609700417]
[-0.7904818594010765, -0.00859291609700417], 2, -1.0, [-0.7962802548043623, -0.005798395403285751]
[-0.7962802548043623, -0.005798395403285751], 2, -1.0, [-0.7992541244416085, -0.002973869637246173]
[-0.7992541244416085, -0.002973869637246173], 2, -1.0, [-0.7993882929880618, -0.00013416854645332665]
[-0.7993882929880618, -0.00013416854645332665], 2, -1.0, [-0.7966820792397733, 0.002706213748288484]
[-0.7966820792397733, 0.002706213748288484], 2, -1.0, [-0.7911492807479434, 0.0055327984918298965]
[-0.7911492807479434, 0.0055327984918298965], 2, -1.0, [-0.7828184800170102, 0.008330800730933237]
[-0.7828184800170102, 0.008330800730933237], 2, -1.0, [-0.7717336459717118, 0.011084834045298315]
[-0.7717336459717118, 0.011084834045298315], 2, -1.0, [-0.7579549768585324, 0.013778669113179424]
[-0.7579549768585324, 0.013778669113179424], 2, -1.0, [-0.7415599036250996, 0.01639507323343284]
[-0.7415599036250996, 0.01639507323343284], 2, -1.0, [-0.7226441470571353, 0.01891575656796434]
[-0.7226441470571353, 0.01891575656796434], 2, -1.0, [-0.7013226992534917, 0.02132144780364368]
[-0.7013226992534917, 0.02132144780364368], 2, -1.0, [-0.6777305828994284, 0.02359211635406326]
[-0.6777305828994284, 0.02359211635406326], 2, -1.0, [-0.6520232334078772, 0.02570734949155132]
[-0.6520232334078772, 0.02570734949155132], 2, -1.0, [-0.6243763527043851, 0.02764688070349206]
[-0.6243763527043851, 0.02764688070349206], 2, -1.0, [-0.594985102141064, 0.02939125056332106]
[-0.594985102141064, 0.02939125056332106], 2, -1.0, [-0.5640625373380043, 0.03092256480305981]
[-0.5640625373380043, 0.03092256480305981], 2, -1.0, [-0.5318372391075398, 0.03222529823046445]
[-0.5318372391075398, 0.03222529823046445], 2, -1.0, [-0.4985501586911511, 0.03328708041638865]
[-0.4985501586911511, 0.03328708041638865], 2, -1.0, [-0.46445076614272196, 0.03409939254842916]
[-0.46445076614272196, 0.03409939254842916], 2, -1.0, [-0.4297926593812792, 0.034658106761442736]
[-0.4297926593812792, 0.034658106761442736], 2, -1.0, [-0.3948288488243803, 0.034963810556898886]
[-0.3948288488243803, 0.034963810556898886], 2, -1.0, [-0.35980697005900486, 0.035021878765375464]
[-0.35980697005900486, 0.035021878765375464], 2, -1.0, [-0.324964688838396, 0.034842281220608826]
[-0.324964688838396, 0.034842281220608826], 2, -1.0, [-0.29052554694715194, 0.0344391418912441]
[-0.29052554694715194, 0.0344391418912441], 0, -1.0, [-0.258695456741076, 0.031830090206075926]
[-0.258695456741076, 0.031830090206075926], 0, -1.0, [-0.22964951768979155, 0.02904593905128448]
[-0.22964951768979155, 0.02904593905128448], 0, -1.0, [-0.20353336582255305, 0.0261161518672385]
[-0.20353336582255305, 0.0261161518672385], 0, -1.0, [-0.18046547419023812, 0.023067891632314937]
[-0.18046547419023812, 0.023067891632314937], 0, -1.0, [-0.1605400572934979, 0.01992541689674022]
[-0.1605400572934979, 0.01992541689674022], 0, -1.0, [-0.14383025439003247, 0.01670980290346544]
[-0.14383025439003247, 0.01670980290346544], 0, -1.0, [-0.13039130969715454, 0.013438944692877928]
[-0.13039130969715454, 0.013438944692877928], 0, -1.0, [-0.12026352027529201, 0.010127789421862526]
[-0.12026352027529201, 0.010127789421862526], 0, -1.0, [-0.1134747759460214, 0.006788744329270615]
[-0.1134747759460214, 0.006788744329270615], 0, -1.0, [-0.11004256429875663, 0.0034322116472647766]
[-0.11004256429875663, 0.0034322116472647766], 0, -1.0, [-0.10997535504604898, 6.720925270764554e-05]
[-0.10997535504604898, 6.720925270764554e-05], 0, -1.0, [-0.11327331154088933, -0.00329795649484035]
[-0.11327331154088933, -0.00329795649484035], 0, -1.0, [-0.11992830478503815, -0.006654993244148804]
[-0.11992830478503815, -0.006654993244148804], 0, -1.0, [-0.12992322945708654, -0.009994924672048402]
[-0.12992322945708654, -0.009994924672048402], 0, -1.0, [-0.14323064562198362, -0.013307416164897083]
[-0.14323064562198362, -0.013307416164897083], 0, -1.0, [-0.1598107971095482, -0.01658015148756459]
[-0.1598107971095482, -0.01658015148756459], 0, -1.0, [-0.17960909082147197, -0.019798293711923754]
[-0.17960909082147197, -0.019798293711923754], 0, -1.0, [-0.2025531621155485, -0.022944071294076513]
[-0.2025531621155485, -0.022944071294076513], 0, -1.0, [-0.22854969984891663, -0.02599653773336814]
[-0.22854969984891663, -0.02599653773336814], 0, -1.0, [-0.2574812581228165, -0.02893155827389987]
[-0.2574812581228165, -0.02893155827389987], 0, -1.0, [-0.28920333472211385, -0.03172207659929732]
[-0.28920333472211385, -0.03172207659929732], 0, -1.0, [-0.32354203993847713, -0.0343387052163633]
[-0.32354203993847713, -0.0343387052163633], 0, -1.0, [-0.36029270251258405, -0.03675066257410693]
[-0.36029270251258405, -0.03675066257410693], 0, -1.0, [-0.39921974940859306, -0.03892704689600898]
[-0.39921974940859306, -0.03892704689600898], 0, -1.0, [-0.440058142384423, -0.040838392975829904]
[-0.440058142384423, -0.040838392975829904], 0, -1.0, [-0.4825165515544045, -0.042458409169981504]
[-0.4825165515544045, -0.042458409169981504], 0, -1.0, [-0.526282297961438, -0.04376574640703355]
[-0.526282297961438, -0.04376574640703355], 0, -1.0, [-0.5710279181681516, -0.044745620206713625]
[-0.5710279181681516, -0.044745620206713625], 0, -1.0, [-0.6164190188870906, -0.04539110071893904]
[-0.6164190188870906, -0.04539110071893904], 0, -1.0, [-0.6621229296114711, -0.04570391072438048]
[-0.6621229296114711, -0.04570391072438048], 0, -1.0, [-0.7078175560017341, -0.045694626390263]
[-0.7078175560017341, -0.045694626390263], 0, -1.0, [-0.7531998074464724, -0.04538225144473829]
[-0.7531998074464724, -0.04538225144473829], 0, -1.0, [-0.797993024844447, -0.044793217397974545]
[-0.797993024844447, -0.044793217397974545], 0, -1.0, [-0.841952958590277, -0.043959933745829995]
[-0.841952958590277, -0.043959933745829995], 0, -1.0, [-0.8848720176668943, -0.042919059076617264]
[-0.8848720176668943, -0.042919059076617264], 0, -1.0, [-0.9265816974590094, -0.04170967979211512]
[-0.9265816974590094, -0.04170967979211512], 0, -1.0, [-0.9669532663048612, -0.04037156884585181]
[-0.9669532663048612, -0.04037156884585181], 0, -1.0, [-1.0058969263693496, -0.0389436600644883]
[-1.0058969263693496, -0.0389436600644883], 0, -1.0, [-1.0433597514901565, -0.037462825120806814]
[-1.0433597514901565, -0.037462825120806814], 0, -1.0, [-1.079322742307082, -0.035962990816925534]
[-1.079322742307082, -0.035962990816925534], 0, -1.0, [-1.1137973344540821, -0.03447459214700016]
[-1.1137973344540821, -0.03447459214700016], 0, -1.0, [-1.1468216605481862, -0.03302432609410413]
[-1.1468216605481862, -0.03302432609410413], 0, -1.0, [-1.178456813813597, -0.03163515326541068]
[-1.178456813813597, -0.03163515326541068], 0, -1.0, [-1.2, 0.0]
[-1.2, 0.0], 2, -1.0, [-1.1967581039591646, 0.003241896040835368]
[-1.1967581039591646, 0.003241896040835368], 2, -1.0, [-1.1902636585360942, 0.006494445423070332]
[-1.1902636585360942, 0.006494445423070332], 2, -1.0, [-1.1804959639787937, 0.009767694557300442]
[-1.1804959639787937, 0.009767694557300442], 2, -1.0, [-1.1674255149588486, 0.013070449019945182]
[-1.1674255149588486, 0.013070449019945182], 2, -1.0, [-1.1510159267200155, 0.016409588238833067]
[-1.1510159267200155, 0.016409588238833067], 2, -1.0, [-1.1312266168239755, 0.019789309896040046]
[-1.1312266168239755, 0.019789309896040046], 2, -1.0, [-1.108016322100852, 0.02321029472312345]
[-1.108016322100852, 0.02321029472312345], 2, -1.0, [-1.081347524946184, 0.02666879715466819]
[-1.081347524946184, 0.02666879715466819], 2, -1.0, [-1.0511918363028878, 0.03015568864329602]
[-1.0511918363028878, 0.03015568864329602], 2, -1.0, [-1.0175363271434712, 0.0336555091594167]
[-1.0175363271434712, 0.0336555091594167], 2, -1.0, [-0.9803907090723114, 0.03714561807115983]
[-0.9803907090723114, 0.03714561807115983], 2, -1.0, [-0.9397951336374217, 0.04059557543488971]
[-0.9397951336374217, 0.04059557543488971], 2, -1.0, [-0.8958282112564235, 0.043966922380998245]
[-0.8958282112564235, 0.043966922380998245], 2, -1.0, [-0.8486146572192776, 0.04721355403714586]
[-0.8486146572192776, 0.04721355403714586], 2, -1.0, [-0.7983317816221248, 0.05028287559715283]
[-0.7983317816221248, 0.05028287559715283], 2, -1.0, [-0.7452138959379592, 0.0531178856841656]
[-0.7452138959379592, 0.0531178856841656], 2, -1.0, [-0.6895536666604415, 0.0556602292775177]
[-0.6895536666604415, 0.0556602292775177], 2, -1.0, [-0.6316995610792892, 0.057854105581152386]
[-0.6316995610792892, 0.057854105581152386], 2, -1.0, [-0.5720488365336812, 0.05965072454560789]
[-0.5720488365336812, 0.05965072454560789], 2, -1.0, [-0.5110360146660762, 0.061012821867605024]
[-0.5110360146660762, 0.061012821867605024], 2, -1.0, [-0.44911739120176025, 0.061918623464315904]
[-0.44911739120176025, 0.061918623464315904], 1, -1.0, [-0.38775274139346727, 0.061364649808292995]
[-0.38775274139346727, 0.061364649808292995], 1, -1.0, [-0.3273789672475157, 0.06037377414595155]
[-0.3273789672475157, 0.06037377414595155], 1, -1.0, [-0.2683933095642128, 0.058985657683302876]
[-0.2683933095642128, 0.058985657683302876], 2, -1.0, [-0.2101401056951295, 0.05825320386908331]
[-0.2101401056951295, 0.05825320386908331], 1, -1.0, [-0.1539063513493868, 0.056233754345742716]
[-0.1539063513493868, 0.056233754345742716], 2, -1.0, [-0.09891081701146393, 0.054995534337922876]
[-0.09891081701146393, 0.054995534337922876], 2, -1.0, [-0.04530602520892278, 0.053604791802541144]
[-0.04530602520892278, 0.053604791802541144], 1, -1.0, [0.005821823219766271, 0.05112784842868905]
[0.005821823219766271, 0.05112784842868905], 1, -1.0, [0.05445005294205064, 0.048628229722284366]
[0.05445005294205064, 0.048628229722284366], 1, -1.0, [0.10061156265688803, 0.046161509714837394]
[0.10061156265688803, 0.046161509714837394], 1, -1.0, [0.14438609063624422, 0.043774527979356194]
[0.14438609063624422, 0.043774527979356194], 1, -1.0, [0.18589150704759883, 0.04150541641135461]
[0.18589150704759883, 0.04150541641135461], 1, -1.0, [0.22527570325580715, 0.039384196208208336]
[0.22527570325580715, 0.039384196208208336], 0, -1.0, [0.2617094249003351, 0.03643372164452795]
[0.2617094249003351, 0.03643372164452795], 0, -1.0, [0.29537490255596593, 0.03366547765563081]
[0.29537490255596593, 0.03366547765563081], 0, -1.0, [0.3264593335290808, 0.031084430973114877]
[0.3264593335290808, 0.031084430973114877], 0, -1.0, [0.35514991698254994, 0.02869058345346912]
[0.35514991698254994, 0.02869058345346912], 0, -1.0, [0.3816302236220275, 0.026480306639477542]
[0.3816302236220275, 0.026480306639477542], 0, -1.0, [0.40607766601109213, 0.024447442389064638]
[0.40607766601109213, 0.024447442389064638], 0, -1.0, [0.42866184690170583, 0.022584180890613707]
[0.42866184690170583, 0.022584180890613707], 2, -1.0, [0.4515435881299955, 0.0228817412282897]
[0.4515435881299955, 0.0228817412282897], 0, -1.0, [0.472889114333089, 0.021345526203093483]
[0.472889114333089, 0.021345526203093483], 2, -1.0, [0.4948557833616413, 0.021966669028552342]
[0.4948557833616413, 0.021966669028552342], 0, -1.0, [0.5156071469949833, 0.020751363633341968]
