[-0.5866874047333042, 0.0], 2, -1.0, [-0.5852170598771195, 0.0014703448561847157]
[-0.5852170598771195, 0.0014703448561847157], 2, -1.0, [-0.5822872053679794, 0.002929854509140114]
[-0.5822872053679794, 0.002929854509140114], 2, -1.0, [-0.5779194582156971, 0.004367747152282276]
[-0.5779194582156971, 0.004367747152282276], 2, -1.0, [-0.5721461067687004, 0.005773351446996783]
[-0.5721461067687004, 0.005773351446996783], 2, -1.0, [-0.5650099361810509, 0.007136170587649462]
[-0.5650099361810509, 0.007136170587649462], 2, -1.0, [-0.5565639801953711, 0.008445955985679716]
[-0.5565639801953711, 0.008445955985679716], 0, -1.0, [-0.548871187991915, 0.007692792203456063]
[-0.548871187991915, 0.007692792203456063], 0, -1.0, [-0.5419890342336124, 0.00688215375830261]
[-0.5419890342336124, 0.00688215375830261], 0, -1.0, [-0.5359690234955671, 0.006020010738045388]
[-0.5359690234955671, 0.006020010738045388], 0, -1.0, [-0.5308562571923204, 0.005112766303246675]
[-0.5308562571923204, 0.005112766303246675], 2, -1.0, [-0.5246890640774315, 0.006167193114888926]
[-0.5246890640774315, 0.006167193114888926], 0, -1.0, [-0.5195136938135297, 0.005175370263901782]
[-0.5195136938135297, 0.005175370263901782], 0, -1.0, [-0.5153689608960912, 0.0041447329174386]
[-0.5153689608960912, 0.0041447329174386], 0, -1.0, [-0.512285945318314, 0.003083015577777221]
[-0.512285945318314, 0.003083015577777221], 0, -1.0, [-0.510287759680628, 0.001998185637685947]
[-0.510287759680628, 0.001998185637685947], 0, -1.0, [-0.5093893801314539, 0.0008983795491741343]
[-0.5093893801314539, 0.0008983795491741343], 0, -1.0, [-0.5095975387752417, -0.00020815864378785544]
[-0.5095975387752417, -0.00020815864378785544], 0, -1.0, [-0.510910675819744, -0.001313137044502299]
[-0.510910675819744, -0.001313137044502299], 0, -1.0, [-0.51331895063466, -0.0024082748149160203]
[-0.51331895063466, -0.0024082748149160203], 0, -1.0, [-0.5168043119163018, -0.003485361281641778]
[-0.5168043119163018, -0.003485361281641778], 0, -1.0, [-0.5213406281469048, -0.004536316230603007]
[-0.5213406281469048, -0.004536316230603007], 0, -1.0, [-0.526893880353852, -0.005553252206947112]
[-0.526893880353852, -0.005553252206947112], 0, -1.0, [-0.5334224196776252, -0.006528539323773229]
[-0.5334224196776252, -0.006528539323773229], 0, -1.0, [-0.5408772923355741, -0.007454872657948922]
[-0.5408772923355741, -0.007454872657948922], 0, -1.0, [-0.5492026341427799, -0.008325341807205771]
[-0.5492026341427799, -0.008325341807205771], 0, -1.0, [-0.5583361357842429, -0.009133501641462944]
[-0.5583361357842429, -0.009133501641462944], 0, -1.0, [-0.5682095785348268, -0.009873442750583841]
[-0.5682095785348268, -0.009873442750583841], 0, -1.0, [-0.5787494381557508, -0.010539859620923998]
[-0.5787494381557508, -0.010539859620923998], 0, -1.0, [-0.58987755236884, -0.011128114213089214]
[-0.58987755236884, -0.011128114213089214], 0, -1.0, [-0.6015118447750005, -0.011634292406160525]
[-0.6015118447750005, -0.011634292406160525], 0, -1.0, [-0.6135670955261222, -0.012055250751121682]
[-0.6135670955261222, -0.012055250751121682], 0, -1.0, [-0.6259557466810197, -0.012388651154897562]
[-0.6259557466810197, -0.012388651154897562], 0, -1.0, [-0.6385887281755237, -0.012632981494503977]
[-0.6385887281755237, -0.012632981494503977], 0, -1.0, [-0.6513762888926643, -0.012787560717140595]
[-0.6513762888926643, -0.012787560717140595], 0, -1.0, [-0.6642288165699693, -0.012852527677305098]
[-0.6642288165699693, -0.012852527677305098], 0, -1.0, [-0.6770576303123085, -0.012828813742339075]
[-0.6770576303123085, -0.012828813742339075], 0, -1.0, [-0.6897757303128439, -0.012718100000535462]
[-0.6897757303128439, -0.012718100000535462], 0, -1.0, [-0.7022984909791968, -0.012522760666352958]
[-0.7022984909791968, -0.012522760666352958], 0, -1.0, [-0.7145442859150279, -0.012245794935831127]
[-0.7145442859150279, -0.012245794935831127], 0, -1.0, [-0.726435035968881, -0.01189075005385306]
[-0.726435035968881, -0.01189075005385306], 0, -1.0, [-0.7378966746502458, -0.01146163868136478]
[-0.7378966746502458, -0.01146163868136478], 0, -1.0, [-0.7488595284315224, -0.010962853781276632]
[-0.7488595284315224, -0.010962853781276632], 0, -1.0, [-0.7592586126125053, -0.010399084180982872]
[-0.7592586126125053, -0.010399084180982872], 0, -1.0, [-0.7690338463500388, -0.009775233737533561]
[-0.7690338463500388, -0.009775233737533561], 0, -1.0, [-0.7781301930106859, -0.009096346660647056]
[-0.7781301930106859, -0.009096346660647056], 2, -1.0, [-0.784497734088853, -0.006367541078167215]
[-0.784497734088853, -0.006367541078167215], 2, -1.0, [-0.7881022899054274, -0.0036045558165743565]
[-0.7881022899054274, -0.0036045558165743565], 2, -1.0, [-0.7889247962985715, -0.0008225063931441012]
[-0.7889247962985715, -0.0008225063931441012], 2, -1.0, [-0.7869609322282846, 0.0019638640702868814]
[-0.7869609322282846, 0.0019638640702868814], 2, -1.0, [-0.7822210328300255, 0.004739899398259013]
[-0.7822210328300255, 0.004739899398259013], 2, -1.0, [-0.7747302958008818, 0.0074907370291437325]
[-0.7747302958008818, 0.0074907370291437325], 2, -1.0, [-0.7645292622962568, 0.010201033504624977]
[-0.7645292622962568, 0.010201033504624977], 2, -1.0, [-0.751674526951897, 0.012854735344359838]
[-0.751674526951897, 0.012854735344359838], 2, -1.0, [-0.736239605623772, 0.015434921328124997]
[-0.736239605623772, 0.015434921328124997], 2, -1.0, [-0.7183158648158897, 0.017923740807882324]
[-0.7183158648158897, 0.017923740807882324], 2, -1.0, [-0.698013395045227, 0.020302469770662704]
[-0.698013395045227, 0.020302469770662704], 2, -1.0, [-0.6754616937716802, 0.0225517012735468]
[-0.6754616937716802, 0.0225517012735468], 2, -1.0, [-0.6508100147660082, 0.024651679005672018]
[-0.6508100147660082, 0.024651679005672018], 2, -1.0, [-0.6242272428868152, 0.026582771879193036]
[-0.6242272428868152, 0.026582771879193036], 2, -1.0, [-0.5959011688237611, 0.02832607406305407]
[-0.5959011688237611, 0.02832607406305407], 2, -1.0, [-0.5660370689889902, 0.02986409983477088]
[-0.5660370689889902, 0.02986409983477088], 2, -1.0, [-0.5348555411142311, 0.031181527874759175]
[-0.5348555411142311, 0.031181527874759175], 2, -1.0, [-0.5025896035441699, 0.03226593757006108]
[-0.5025896035441699, 0.03226593757006108], 2, -1.0, [-0.4694811304624096, 0.03310847308176032]
[-0.4694811304624096, 0.03310847308176032], 2, -1.0, [-0.4357767589943604, 0.033704371468049166]
[-0.4357767589943604, 0.033704371468049166], 2, -1.0, [-0.4017234589182366, 0.034053300076123824]
[-0.4017234589182366, 0.034053300076123824], 0, -1.0, [-0.36956399369040227, 0.03215946522783432]
[-0.36956399369040227, 0.03215946522783432], 0, -1.0, [-0.33951911027970383, 0.03004488341069846]
[-0.33951911027970383, 0.03004488341069846], 0, -1.0, [-0.31178571365938296, 0.027733396620320854]
[-0.31178571365938296, 0.027733396620320854], 0, -1.0, [-0.28653614462208143, 0.025249569037301543]
[-0.28653614462208143, 0.025249569037301543], 0, -1.0, [-0.263918410993834, 0.02261773362824743]
[-0.263918410993834, 0.02261773362824743], 0, -1.0, [-0.24405717085704176, 0.019861240136792246]
[-0.24405717085704176, 0.019861240136792246], 0, -1.0, [-0.22705524204716288, 0.017001928809878886]
[-0.22705524204716288, 0.017001928809878886], 0, -1.0, [-0.21299541121259088, 0.014059830834571997]
[-0.21299541121259088, 0.014059830834571997], 0, -1.0, [-0.20194233228368122, 0.011053078928909664]
[-0.20194233228368122, 0.011053078928909664], 0, -1.0, [-0.1939443319847105, 0.007998000298970725]
[-0.1939443319847105, 0.007998000298970725], 0, -1.0, [-0.1890349734847762, 0.0049093584999343205]
[-0.1890349734847762, 0.0049093584999343205], 0, -1.0, [-0.1872342642910879, 0.001800709193688309]
[-0.1872342642910879, 0.001800709193688309], 0, -1.0, [-0.1885494285550721, -0.0013151642639842114]
[-0.1885494285550721, -0.0013151642639842114], 0, -1.0, [-0.19297519612048075, -0.00442576756540866]
[-0.19297519612048075, -0.00442576756540866], 0, -1.0, [-0.20049359111165987, -0.007518394991179116]
[-0.20049359111165987, -0.007518394991179116], 0, -1.0, [-0.2110732326099504, -0.010579641498290514]
[-0.2110732326099504, -0.010579641498290514], 0, -1.0, [-0.22466819024650192, -0.013594957636551535]
[-0.22466819024650192, -0.013594957636551535], 0, -1.0, [-0.24121646939632946, -0.016548279149827545]
[-0.24121646939632946, -0.016548279149827545], 0, -1.0, [-0.2606382344569675, -0.01942176506063804]
[-0.2606382344569675, -0.01942176506063804], 0, -1.0, [-0.2828339136781672, -0.022195679221199718]
[-0.2828339136781672, -0.022195679221199718], 0, -1.0, [-0.30768236294263723, -0.02484844926447007]
[-0.30768236294263723, -0.02484844926447007], 0, -1.0, [-0.3350392949049692, -0.027356931962331976]
[-0.3350392949049692, -0.027356931962331976], 0, -1.0, [-0.36473619861028234, -0.02969690370531313]
[-0.36473619861028234, -0.02969690370531313], 0, -1.0, [-0.396579976884911, -0.03184377827462863]
[-0.396579976884911, -0.03184377827462863], 0, -1.0, [-0.4303535084095358, -0.03377353152462484]
[-0.4303535084095358, -0.03377353152462484], 0, -1.0, [-0.4658172942581122, -0.03546378584857642]
[-0.4658172942581122, -0.03546378584857642], 0, -1.0, [-0.5027122741812518, -0.036894979923139615]
[-0.5027122741812518, -0.036894979923139615], 0, -1.0, [-0.5407638003790612, -0.03805152619780954]
[-0.5407638003790612, -0.03805152619780954], 0, -1.0, [-0.5796866457800078, -0.0389228454009466]
[-0.5796866457800078, -0.0389228454009466], 0, -1.0, [-0.6191908143412435, -0.039504168561235585]
[-0.6191908143412435, -0.039504168561235585], 0, -1.0, [-0.6589878292085624, -0.03979701486731895]
[-0.6589878292085624, -0.03979701486731895], 0, -1.0, [-0.6987971159957167, -0.03980928678715434]
[-0.6987971159957167, -0.03980928678715434], 0, -1.0, [-0.7383520832778722, -0.03955496728215544]
[-0.7383520832778722, -0.03955496728215544], 0, -1.0, [-0.7774055333635317, -0.03905345008565948]
[-0.7774055333635317, -0.03905345008565948], 0, -1.0, [-0.8157341079113002, -0.03832857454776849]
[-0.8157341079113002, -0.03832857454776849], 0, -1.0, [-0.8531415725017957, -0.037407464590495494]
[-0.8531415725017957, -0.037407464590495494], 0, -1.0, [-0.8894608555815063, -0.036319283079710704]
[-0.8894608555815063, -0.036319283079710704], 0, -1.0, [-0.9245548639293769, -0.03509400834787058]
[-0.9245548639293769, -0.03509400834787058], 2, -1.0, [-0.9563161858055219, -0.03176132187614499]
[-0.9563161858055219, -0.03176132187614499], 2, -1.0, [-0.984669852020068, -0.028353666214546047]
[-0.984669852020068, -0.028353666214546047], 2, -1.0, [-1.0095673736844748, -0.024897521664406754]
[-1.0095673736844748, -0.024897521664406754], 2, -1.0, [-1.0309808087781043, -0.02141343509362957]
[-1.0309808087781043, -0.02141343509362957], 2, -1.0, [-1.0488972018440081, -0.017916393065903806]
[-1.0488972018440081, -0.017916393065903806], 2, -1.0, [-1.0633136274089803, -0.01441642556497203]
[-1.0633136274089803, -0.01441642556497203], 2, -1.0, [-1.0742329743438304, -0.010919346934849973]
[-1.0742329743438304, -0.010919346934849973], 2, -1.0, [-1.0816605395557357, -0.007427565211905268]
[-1.0816605395557357, -0.007427565211905268], 2, -1.0, [-1.085601454467353, -0.0039409149116172906]
[-1.085601454467353, -0.0039409149116172906], 2, -1.0, [-1.08605894320634, -0.0004574887389871816]
[-1.08605894320634, -0.0004574887389871816], 2, -1.0, [-1.0830334025480304, 0.003025540658309685]
[-1.0830334025480304, 0.003025540658309685], 2, -1.0, [-1.0765222953227565, 0.0065111072252738746]
[-1.0765222953227565, 0.0065111072252738746], 2, -1.0, [-1.066520856191532, 0.010001439131224435]
[-1.066520856191532, 0.010001439131224435], 2, -1.0, [-1.0530236165228857, 0.013497239668646247]
[-1.0530236165228857, 0.013497239668646247], 2, -1.0, [-1.0360267587036869, 0.0169968578191989]
[-1.0360267587036869, 0.0169968578191989], 2, -1.0, [-1.0155313046024121, 0.02049545410127483]
[-1.0155313046024121, 0.02049545410127483], 2, -1.0, [-0.9915471229703995, 0.023984181632012613]
[-0.9915471229703995, 0.023984181632012613], 2, -1.0, [-0.9640977014019028, 0.027449421568496696]
[-0.9640977014019028, 0.027449421568496696], 2, -1.0, [-0.9332255661377489, 0.03087213526415384]
[-0.9332255661377489, 0.03087213526415384], 2, -1.0, [-0.8989981459005258, 0.03422742023722302]
[-0.8989981459005258, 0.03422742023722302], 2, -1.0, [-0.8615137668041175, 0.03748437909640838]
[-0.8615137668041175, 0.03748437909640838], 2, -1.0, [-0.8209073434427, 0.04060642336141752]
[-0.8209073434427, 0.04060642336141752], 2, -1.0, [-0.7773552141639807, 0.04355212927871935]
[-0.7773552141639807, 0.04355212927871935], 2, -1.0, [-0.7310784825462422, 0.04627673161773845]
[-0.7310784825462422, 0.04627673161773845], 2, -1.0, [-0.6823442044832575, 0.04873427806298467]
[-0.6823442044832575, 0.04873427806298467], 2, -1.0, [-0.6314638326249632, 0.05088037185829429]
[-0.6314638326249632, 0.05088037185829429], 2, -1.0, [-0.5787885178065104, 0.05267531481845278]
[-0.5787885178065104, 0.05267531481845278], 2, -1.0, [-0.5247011684882061, 0.05408734931830432]
[-0.5247011684882061, 0.05408734931830432], 2, -1.0, [-0.46960555123829917, 0.05509561724990695]
[-0.46960555123829917, 0.05509561724990695], 2, -1.0, [-0.4139131146894474, 0.05569243654885174]
[-0.4139131146894474, 0.05569243654885174], 2, -1.0, [-0.35802855501602815, 0.055884559673419244]
[-0.35802855501602815, 0.055884559673419244], 2, -1.0, [-0.30233533605333285, 0.05569321896269532]
[-0.30233533605333285, 0.05569321896269532], 2, -1.0, [-0.24718238399791048, 0.05515295205542236]
[-0.24718238399791048, 0.05515295205542236], 2, -1.0, [-0.1928729930660648, 0.054309390931845655]
[-0.1928729930660648, 0.054309390931845655], 2, -1.0, [-0.13965664884540124, 0.05321634422066357]
[-0.13965664884540124, 0.05321634422066357], 2, -1.0, [-0.08772407580200478, 0.05193257304339647]
[-0.08772407580200478, 0.05193257304339647], 1, -1.0, [-0.03820542675643332, 0.04951864904557146]
[-0.03820542675643332, 0.04951864904557146], 2, -1.0, [0.009829625434769722, 0.04803505219120304]
[0.009829625434769722, 0.04803505219120304], 1, -1.0, [0.055365764539487015, 0.045536139104717294]
[0.055365764539487015, 0.045536139104717294], 1, -1.0, [0.09843630982295973, 0.04307054528347271]
[0.09843630982295973, 0.04307054528347271], 1, -1.0, [0.13911507441003845, 0.04067876458707871]
[0.13911507441003845, 0.04067876458707871], 1, -1.0, [0.17750841841119502, 0.03839334400115657]
[0.17750841841119502, 0.03839334400115657], 1, -1.0, [0.21374794311201623, 0.0362395247008212]
[0.21374794311201623, 0.0362395247008212], 0, -1.0, [0.24698408699183533, 0.033236143879819116]
[0.24698408699183533, 0.033236143879819116], 0, -1.0, [0.27737566555680404, 0.030391578564968727]
[0.27737566555680404, 0.030391578564968727], 0, -1.0, [0.3050839824790771, 0.02770831692227305]
[0.3050839824790771, 0.02770831692227305], 0, -1.0, [0.3302683222214302, 0.025184339742353148]
[0.3302683222214302, 0.025184339742353148], 2, -1.0, [0.3550826201891749, 0.02481429796774472]
[0.3550826201891749, 0.02481429796774472], 2, -1.0, [0.379686199728985, 0.02460357953981007]
[0.379686199728985, 0.02460357953981007], 0, -1.0, [0.4022436550010438, 0.022557455272058834]
[0.4022436550010438, 0.022557455272058834], 2, -1.0, [0.42491092009575426, 0.022667265094710447]
[0.42491092009575426, 0.022667265094710447], 0, -1.0, [0.44584879191994925, 0.02093787182419501]
[0.44584879191994925, 0.02093787182419501], 2, -1.0, [0.46720881203888415, 0.02136002011893492]
[0.46720881203888415, 0.02136002011893492], 0, -1.0, [0.48714792178839816, 0.01993910974951403]
[0.48714792178839816, 0.01993910974951403], 2, -1.0, [0.5078141946570149, 0.020666272868616827]
