[-0.5117975259715846, 0.0], 2, -1.0, [-0.5108860168549606, 0.0009115091166239417]
[-0.5108860168549606, 0.0009115091166239417], 2, -1.0, [-0.5090698303167613, 0.0018161865381992217]
[-0.5090698303167613, 0.0018161865381992217], 2, -1.0, [-0.5063625763686155, 0.002707253948145837]
[-0.5063625763686155, 0.002707253948145837], 2, -1.0, [-0.5027845363151572, 0.0035780400534582914]
[-0.5027845363151572, 0.0035780400534582914], 0, -1.0, [-0.5003625016302793, 0.002422034684877915]
[-0.5003625016302793, 0.002422034684877915], 0, -1.0, [-0.4991145978938407, 0.0012479037364385693]
[-0.4991145978938407, 0.0012479037364385693], 0, -1.0, [-0.49905016041114597, 6.443748269472629e-05]
[-0.49905016041114597, 6.443748269472629e-05], 0, -1.0, [-0.5001696711567531, -0.0011195107456071583]
[-0.5001696711567531, -0.0011195107456071583], 0, -1.0, [-0.5024647555377131, -0.0022950843809599417]
[-0.5024647555377131, -0.0022950843809599417], 0, -1.0, [-0.505918238896741, -0.0034534833590279994]
[-0.505918238896741, -0.0034534833590279994], 0, -1.0, [-0.5105042641114752, -0.004586025214734208]
[-0.5105042641114752, -0.004586025214734208], 0, -1.0, [-0.516188472905061, -0.0056842087935858225]
[-0.516188472905061, -0.0056842087935858225], 0, -1.0, [-0.5229282543911218, -0.006739781486060782]
[-0.5229282543911218, -0.006739781486060782], 0, -1.0, [-0.5306730647828449, -0.007744810391723125]
[-0.5306730647828449, -0.007744810391723125], 0, -1.0, [-0.5393648219885084, -0.00869175720566352]
[-0.5393648219885084, -0.00869175720566352], 0, -1.0, [-0.5489383779293674, -0.00957355594085898]
[-0.5489383779293674, -0.00957355594085898], 0, -1.0, [-0.5593220698423486, -0.010383691912981169]
[-0.5593220698423486, -0.010383691912981169], 0, -1.0, [-0.5704383496237343, -0.01111627978138574]
[-0.5704383496237343, -0.01111627978138574], 0, -1.0, [-0.5822044875482572, -0.011766137924522902]
[-0.5822044875482572, -0.011766137924522902], 0, -1.0, [-0.5945333436359441, -0.012328856087687011]
[-0.5945333436359441, -0.012328856087687011], 0, -1.0, [-0.607334196758066, -0.012800853122121921]
[-0.607334196758066, -0.012800853122121921], 0, -1.0, [-0.6205136185235759, -0.013179421765509867]
[-0.6205136185235759, -0.013179421765509867], 0, -1.0, [-0.633976376324277, -0.013462757800700997]
[-0.633976376324277, -0.013462757800700997], 0, -1.0, [-0.6476263478772774, -0.013649971553000396]
[-0.6476263478772774, -0.013649971553000396], 0, -1.0, [-0.6613674283799519, -0.013741080502674564]
[-0.6613674283799519, -0.013741080502674564], 0, -1.0, [-0.6751044111140552, -0.013736982734103327]
[-0.6751044111140552, -0.013736982734103327], 0, -1.0, [-0.6887438230518573, -0.013639411937802135]
[-0.6887438230518573, -0.013639411937802135], 0, -1.0, [-0.7021946986947913, -0.013450875642934056]
[-0.7021946986947913, -0.013450875642934056], 0, -1.0, [-0.7153692779018085, -0.013174579207017152]
[-0.7153692779018085, -0.013174579207017152], 0, -1.0, [-0.7281836166625882, -0.012814338760779767]
[-0.7281836166625882, -0.012814338760779767], 0, -1.0, [-0.7405581034166905, -0.012374486754102191]
[-0.7405581034166905, -0.012374486754102191], 0, -1.0, [-0.7524178773688055, -0.011859773952115071]
[-0.7524178773688055, -0.011859773952115071], 0, -1.0, [-0.7636931490601916, -0.011275271691386047]
[-0.7636931490601916, -0.011275271691386047], 0, -1.0, [-0.7743194270089041, -0.010626277948712497]
[-0.7743194270089041, -0.010626277948712497], 0, -1.0, [-0.7842376573485351, -0.009918230339630997]
[-0.7842376573485351, -0.009918230339630997], 2, -1.0, [-0.7913942859490056, -0.007156628600470534]
[-0.7913942859490056, -0.007156628600470534], 2, -1.0, [-0.7957516360700595, -0.004357350121053918]
[-0.7957516360700595, -0.004357350121053918], 2, -1.0, [-0.7972871731435296, -0.001535537073470072]
[-0.7972871731435296, -0.001535537073470072], 2, -1.0, [-0.795993029937491, 0.001294143206038617]
[-0.795993029937491, 0.001294143206038617], 2, -1.0, [-0.7918758343515326, 0.004117195585958336]
[-0.7918758343515326, 0.004117195585958336], 2, -1.0, [-0.7849568547178339, 0.006918979633698721]
[-0.7849568547178339, 0.006918979633698721], 2, -1.0, [-0.775272450072438, 0.009684404645395958]
[-0.775272450072438, 0.009684404645395958], 2, -1.0, [-0.7628747854788762, 0.012397664593561699]
[-0.7628747854788762, 0.012397664593561699], 2, -1.0, [-0.7478327453398439, 0.01504204013903228]
[-0.7478327453398439, 0.01504204013903228], 2, -1.0, [-0.7302329513689254, 0.017599793970918497]
[-0.7302329513689254, 0.017599793970918497], 2, -1.0, [-0.7101807678308663, 0.020052183538059175]
[-0.7101807678308663, 0.020052183538059175], 2, -1.0, [-0.6878011568971975, 0.022379610933668827]
[-0.6878011568971975, 0.022379610933668827], 2, -1.0, [-0.663239234326468, 0.024561922570729467]
[-0.663239234326468, 0.024561922570729467], 2, -1.0, [-0.6366603734143045, 0.026578860912163584]
[-0.6366603734143045, 0.026578860912163584], 2, -1.0, [-0.6082497163980551, 0.02841065701624937]
[-0.6082497163980551, 0.02841065701624937], 2, -1.0, [-0.5782109794938369, 0.03003873690421822]
[-0.5782109794938369, 0.03003873690421822], 2, -1.0, [-0.5467644810083508, 0.0314464984854861]
[-0.5467644810083508, 0.0314464984854861], 2, -1.0, [-0.5141443795570971, 0.032620101451253755]
[-0.5141443795570971, 0.032620101451253755], 2, -1.0, [-0.4805951765693071, 0.033549202987790024]
[-0.4805951765693071, 0.033549202987790024], 2, -1.0, [-0.4463676066401196, 0.03422756992918752]
[-0.4463676066401196, 0.03422756992918752], 2, -1.0, [-0.4117141019773438, 0.03465350466277575]
[-0.4117141019773438, 0.03465350466277575], 2, -1.0, [-0.37688406422347076, 0.03483003775387307]
[-0.37688406422347076, 0.03483003775387307], 2, -1.0, [-0.34211920113517275, 0.034764863088297994]
[-0.34211920113517275, 0.034764863088297994], 0, -1.0, [-0.309649183161683, 0.03247001797348974]
[-0.309649183161683, 0.03247001797348974], 0, -1.0, [-0.2796758584790811, 0.02997332468260191]
[-0.2796758584790811, 0.02997332468260191], 0, -1.0, [-0.2523730003449991, 0.027302858134082023]
[-0.2523730003449991, 0.027302858134082023], 0, -1.0, [-0.22788718666552213, 0.024485813679476973]
[-0.22788718666552213, 0.024485813679476973], 0, -1.0, [-0.20633953585617365, 0.02154765080934847]
[-0.20633953585617365, 0.02154765080934847], 0, -1.0, [-0.1878280057671856, 0.018511530088988027]
[-0.1878280057671856, 0.018511530088988027], 0, -1.0, [-0.1724299739549674, 0.015398031812218209]
[-0.1724299739549674, 0.015398031812218209], 0, -1.0, [-0.16020484858067274, 0.012225125374294658]
[-0.16020484858067274, 0.012225125374294658], 0, -1.0, [-0.15119650063357046, 0.009008347947102282]
[-0.15119650063357046, 0.009008347947102282], 0, -1.0, [-0.14543535267442856, 0.005761147959141901]
[-0.14543535267442856, 0.005761147959141901], 0, -1.0, [-0.1429400019216774, 0.0024953507527511487]
[-0.1429400019216774, 0.0024953507527511487], 0, -1.0, [-0.14371829372364783, -0.0007782918019704171]
[-0.14371829372364783, -0.0007782918019704171], 0, -1.0, [-0.14776779479405516, -0.004049501070407318]
[-0.14776779479405516, -0.004049501070407318], 0, -1.0, [-0.15507564508327287, -0.007307850289217703]
[-0.15507564508327287, -0.007307850289217703], 0, -1.0, [-0.16561779482161906, -0.010542149738346187]
[-0.16561779482161906, -0.010542149738346187], 0, -1.0, [-0.17935766151670698, -0.013739866695087916]
[-0.17935766151670698, -0.013739866695087916], 0, -1.0, [-0.1962442728024139, -0.016886611285706926]
[-0.1962442728024139, -0.016886611285706926], 0, -1.0, [-0.21620999664366478, -0.01996572384125087]
[-0.21620999664366478, -0.01996572384125087], 0, -1.0, [-0.2391680008915743, -0.022958004247909544]
[-0.2391680008915743, -0.022958004247909544], 0, -1.0, [-0.26500962815932116, -0.02584162726774686]
[-0.26500962815932116, -0.02584162726774686], 0, -1.0, [-0.2936019157924964, -0.02859228763317523]
[-0.2936019157924964, -0.02859228763317523], 0, -1.0, [-0.324785528217189, -0.031183612424692576]
[-0.324785528217189, -0.031183612424692576], 0, -1.0, [-0.3583733918755172, -0.03358786365832825]
[-0.3583733918755172, -0.03358786365832825], 0, -1.0, [-0.39415032187011867, -0.0357769299946015]
[-0.39415032187011867, -0.0357769299946015], 0, -1.0, [-0.4318738956270823, -0.03772357375696361]
[-0.4318738956270823, -0.03772357375696361], 0, -1.0, [-0.47127675691071513, -0.03940286128363286]
[-0.47127675691071513, -0.03940286128363286], 0, -1.0, [-0.5120704239086764, -0.04079366699796131]
[-0.5120704239086764, -0.04079366699796131], 0, -1.0, [-0.5539505363086388, -0.04188011239996233]
[-0.5539505363086388, -0.04188011239996233], 0, -1.0, [-0.5966033249334007, -0.04265278862476198]
[-0.5966033249334007, -0.04265278862476198], 0, -1.0, [-0.6397129462114516, -0.04310962127805084]
[-0.6397129462114516, -0.04310962127805084], 0, -1.0, [-0.6829692166444957, -0.04325627043304415]
[-0.6829692166444957, -0.04325627043304415], 0, -1.0, [-0.7260752293121785, -0.04310601266768281]
[-0.7260752293121785, -0.04310601266768281], 0, -1.0, [-0.7687543456034353, -0.04267911629125673]
[-0.7687543456034353, -0.04267911629125673], 0, -1.0, [-0.8107561286386054, -0.04200178303517015]
[-0.8107561286386054, -0.04200178303517015], 0, -1.0, [-0.8518609062538558, -0.041104777615250464]
[-0.8518609062538558, -0.041104777615250464], 0, -1.0, [-0.8918827989305723, -0.040021892676716554]
[-0.8918827989305723, -0.040021892676716554], 0, -1.0, [-0.9306711972549989, -0.03878839832442655]
[-0.9306711972549989, -0.03878839832442655], 2, -1.0, [-0.9661108031584323, -0.03543960590343345]
[-0.9661108031584323, -0.03543960590343345], 2, -1.0, [-0.998124014448436, -0.032013211290003674]
[-0.998124014448436, -0.032013211290003674], 2, -1.0, [-1.026664269225724, -0.028540254777288002]
[-1.026664269225724, -0.028540254777288002], 2, -1.0, [-1.051709265679624, -0.025044996453900195]
[-1.051709265679624, -0.025044996453900195], 0, -1.0, [-1.0752544911301634, -0.02354522545053938]
[-1.0752544911301634, -0.02354522545053938], 0, -1.0, [-1.0973085672620952, -0.022054076131931857]
[-1.0973085672620952, -0.022054076131931857], 0, -1.0, [-1.1178908402615304, -0.02058227299943519]
[-1.1178908402615304, -0.02058227299943519], 0, -1.0, [-1.1370291251841553, -0.019138284922625027]
[-1.1370291251841553, -0.019138284922625027], 0, -1.0, [-1.1547576462396083, -0.017728521055453063]
[-1.1547576462396083, -0.017728521055453063], 0, -1.0, [-1.1711151950915617, -0.016357548851953462]
[-1.1711151950915617, -0.016357548851953462], 0, -1.0, [-1.1861435138775924, -0.015028318786030753]
[-1.1861435138775924, -0.015028318786030753], 0, -1.0, [-1.19988589827011, -0.013742384392517437]
[-1.19988589827011, -0.013742384392517437], 0, -1.0, [-1.2, 0.0]
[-1.2, 0.0], 2, -1.0, [-1.1967581039591646, 0.003241896040835368]
[-1.1967581039591646, 0.003241896040835368], 2, -1.0, [-1.1902636585360942, 0.006494445423070332]
[-1.1902636585360942, 0.006494445423070332], 2, -1.0, [-1.1804959639787937, 0.009767694557300442]
[-1.1804959639787937, 0.009767694557300442], 2, -1.0, [-1.1674255149588486, 0.013070449019945182]
[-1.1674255149588486, 0.013070449019945182], 2, -1.0, [-1.1510159267200155, 0.016409588238833067]
[-1.1510159267200155, 0.016409588238833067], 2, -1.0, [-1.1312266168239755, 0.019789309896040046]
[-1.1312266168239755, 0.019789309896040046], 2, -1.0, [-1.108016322100852, 0.02321029472312345]
[-1.108016322100852, 0.02321029472312345], 2, -1.0, [-1.081347524946184, 0.02666879715466819]
[-1.081347524946184, 0.02666879715466819], 2, -1.0, [-1.0511918363028878, 0.03015568864329602]
[-1.0511918363028878, 0.03015568864329602], 2, -1.0, [-1.0175363271434712, 0.0336555091594167]
[-1.0175363271434712, 0.0336555091594167], 1, -1.0, [-0.9813907090723114, 0.03614561807115984]
[-0.9813907090723114, 0.03614561807115984], 2, -1.0, [-0.9417936515535332, 0.03959705751877813]
[-0.9417936515535332, 0.03959705751877813], 2, -1.0, [-0.8988205433429223, 0.042973108210611004]
[-0.8988205433429223, 0.042973108210611004], 2, -1.0, [-0.8525910494885005, 0.04622949385442177]
[-0.8525910494885005, 0.04622949385442177], 2, -1.0, [-0.8032756472006797, 0.04931540228782079]
[-0.8032756472006797, 0.04931540228782079], 2, -1.0, [-0.7511002555588122, 0.052175391641867415]
[-0.7511002555588122, 0.052175391641867415], 0, -1.0, [-0.6983480178315759, 0.05275223772723638]
[-0.6983480178315759, 0.05275223772723638], 2, -1.0, [-0.6433443753472997, 0.055003642484276166]
[-0.6433443753472997, 0.055003642484276166], 2, -1.0, [-0.5864618332290527, 0.05688254211824702]
[-0.5864618332290527, 0.05688254211824702], 2, -1.0, [-0.5281106079375911, 0.05835122529146156]
[-0.5281106079375911, 0.05835122529146156], 2, -1.0, [-0.4687255449368396, 0.059385063000751526]
[-0.4687255449368396, 0.059385063000751526], 1, -1.0, [-0.40975017487687304, 0.05897537005996658]
[-0.40975017487687304, 0.05897537005996658], 1, -1.0, [-0.3516121648302276, 0.058138010046645455]
[-0.3516121648302276, 0.058138010046645455], 2, -1.0, [-0.29370757967632233, 0.05790458515390527]
[-0.29370757967632233, 0.05790458515390527], 2, -1.0, [-0.23639370803287144, 0.057313871643450885]
[-0.23639370803287144, 0.057313871643450885], 2, -1.0, [-0.17997707487100795, 0.0564166331618635]
[-0.17997707487100795, 0.0564166331618635], 1, -1.0, [-0.12570480180723714, 0.05427227306377081]
[-0.12570480180723714, 0.05427227306377081], 2, -1.0, [-0.07275685647810089, 0.052947945329136256]
[-0.07275685647810089, 0.052947945329136256], 2, -1.0, [-0.02124959465572166, 0.051507261822379226]
[-0.02124959465572166, 0.051507261822379226], 1, -1.0, [0.02776274533086389, 0.04901233998658555]
[0.02776274533086389, 0.04901233998658555], 1, -1.0, [0.0742837514688225, 0.04652100613795861]
[0.0742837514688225, 0.04652100613795861], 1, -1.0, [0.11836657946890919, 0.044082828000086685]
[0.11836657946890919, 0.044082828000086685], 1, -1.0, [0.16010537792887974, 0.04173879845997056]
[0.16010537792887974, 0.04173879845997056], 1, -1.0, [0.19962705415270288, 0.03952167622382313]
[0.19962705415270288, 0.03952167622382313], 0, -1.0, [0.23608381327303, 0.03645675912032712]
[0.23608381327303, 0.03645675912032712], 0, -1.0, [0.2696418211767196, 0.0335580079036896]
[0.2696418211767196, 0.0335580079036896], 0, -1.0, [0.3004741383110887, 0.0308323171343691]
[0.3004741383110887, 0.0308323171343691], 0, -1.0, [0.32875521763567783, 0.028281079324589096]
[0.32875521763567783, 0.028281079324589096], 0, -1.0, [0.35465677686357433, 0.025901559227896515]
[0.35465677686357433, 0.025901559227896515], 0, -1.0, [0.37834482434613587, 0.023688047482561515]
[0.37834482434613587, 0.023688047482561515], 2, -1.0, [0.4019776188753213, 0.023632794529185423]
[0.4019776188753213, 0.023632794529185423], 0, -1.0, [0.42371835901602883, 0.021740740140707517]
[0.42371835901602883, 0.021740740140707517], 2, -1.0, [0.44572115550562547, 0.022002796489596632]
[0.44572115550562547, 0.022002796489596632], 0, -1.0, [0.4661451689818712, 0.020424013476245742]
[0.4661451689818712, 0.020424013476245742], 2, -1.0, [0.4871404107993162, 0.020995241817444988]
[0.4871404107993162, 0.020995241817444988], 0, -1.0, [0.5068627597399906, 0.019722348940674483]
