[-0.5924406738957637, 0.0], 1, -1.0, [-0.5919280222189074, 0.0005126516768563193]
[-0.5919280222189074, 0.0005126516768563193], 1, -1.0, [-0.5909064826508847, 0.0010215395680226386]
[-0.5909064826508847, 0.0010215395680226386], 2, -1.0, [-0.588383558710296, 0.0025229239405886953]
[-0.588383558710296, 0.0025229239405886953], 2, -1.0, [-0.5843778020683574, 0.004005756641938547]
[-0.5843778020683574, 0.004005756641938547], 2, -1.0, [-0.5789187244183045, 0.0054590776500529434]
[-0.5789187244183045, 0.0054590776500529434], 1, -1.0, [-0.5730466491048808, 0.005872075313423725]
[-0.5730466491048808, 0.005872075313423725], 1, -1.0, [-0.5668050734212079, 0.006241575683672921]
[-0.5668050734212079, 0.006241575683672921], 1, -1.0, [-0.560240357131283, 0.006564716289924955]
[-0.560240357131283, 0.006564716289924955], 1, -1.0, [-0.553401382091454, 0.0068389750398289845]
[-0.553401382091454, 0.0068389750398289845], 1, -1.0, [-0.5463391851774614, 0.00706219691399252]
[-0.5463391851774614, 0.00706219691399252], 1, -1.0, [-0.5391065674570423, 0.007232617720419022]
[-0.5391065674570423, 0.007232617720419022], 0, -1.0, [-0.5327576832499477, 0.006348884207094665]
[-0.5327576832499477, 0.006348884207094665], 0, -1.0, [-0.5273401158785185, 0.005417567371429178]
[-0.5273401158785185, 0.005417567371429178], 0, -1.0, [-0.5228944890441451, 0.004445626834373318]
[-0.5228944890441451, 0.004445626834373318], 0, -1.0, [-0.5194541443549979, 0.003440344689147238]
[-0.5194541443549979, 0.003440344689147238], 0, -1.0, [-0.5170448835992227, 0.0024092607557751537]
[-0.5170448835992227, 0.0024092607557751537], 0, -1.0, [-0.5156847738664851, 0.0013601097327376422]
[-0.5156847738664851, 0.0013601097327376422], 0, -1.0, [-0.5153840135706599, 0.0003007602958253052]
[-0.5153840135706599, 0.0003007602958253052], 0, -1.0, [-0.5161448577537807, -0.0007608441831208146]
[-0.5161448577537807, -0.0007608441831208146], 0, -1.0, [-0.5179616016617058, -0.0018167439079251045]
[-0.5179616016617058, -0.0018167439079251045], 0, -1.0, [-0.5208206223588975, -0.0028590206971917196]
[-0.5208206223588975, -0.0028590206971917196], 0, -1.0, [-0.5247004789641612, -0.0038798566052637346]
[-0.5247004789641612, -0.0038798566052637346], 0, -1.0, [-0.5295720728092244, -0.004871593845063178]
[-0.5295720728092244, -0.004871593845063178], 0, -1.0, [-0.5353988693228674, -0.005826796513643027]
[-0.5353988693228674, -0.005826796513643027], 0, -1.0, [-0.5421371836169684, -0.006738314294101022]
[-0.5421371836169684, -0.006738314294101022], 0, -1.0, [-0.549736531515197, -0.007599347898228606]
[-0.549736531515197, -0.007599347898228606], 0, -1.0, [-0.5581400470718807, -0.00840351555668372]
[-0.5581400470718807, -0.00840351555668372], 0, -1.0, [-0.5672849664693371, -0.009144919397456442]
[-0.5672849664693371, -0.009144919397456442], 0, -1.0, [-0.5771031765916533, -0.009818210122316168]
[-0.5771031765916533, -0.009818210122316168], 0, -1.0, [-0.5875218246299809, -0.01041864803832758]
[-0.5875218246299809, -0.01041864803832758], 0, -1.0, [-0.5984639828971654, -0.010942158267184528]
[-0.5984639828971654, -0.010942158267184528], 0, -1.0, [-0.6098493607680777, -0.011385377870912263]
[-0.6098493607680777, -0.011385377870912263], 0, -1.0, [-0.6215950534865926, -0.011745692718514873]
[-0.6215950534865926, -0.011745692718514873], 0, -1.0, [-0.6336163156662618, -0.012021262179669147]
[-0.6336163156662618, -0.012021262179669147], 0, -1.0, [-0.6458273458237128, -0.012211030157451072]
[-0.6458273458237128, -0.012211030157451072], 0, -1.0, [-0.6581420673587359, -0.012314721535023125]
[-0.6581420673587359, -0.012314721535023125], 0, -1.0, [-0.6704748911287159, -0.012332823769980026]
[-0.6704748911287159, -0.012332823769980026], 0, -1.0, [-0.6827414452022772, -0.012266554073561236]
[-0.6827414452022772, -0.012266554073561236], 0, -1.0, [-0.6948592585069242, -0.012117813304647061]
[-0.6948592585069242, -0.012117813304647061], 0, -1.0, [-0.7067483868432749, -0.011889128336350654]
[-0.7067483868432749, -0.011889128336350654], 0, -1.0, [-0.7183319720126113, -0.011583585169336476]
[-0.7183319720126113, -0.011583585169336476], 0, -1.0, [-0.729536727448462, -0.011204755435850606]
[-0.729536727448462, -0.011204755435850606], 0, -1.0, [-0.7402933465902254, -0.010756619141763433]
[-0.7402933465902254, -0.010756619141763433], 0, -1.0, [-0.7505368331165909, -0.01024348652636549]
[-0.7505368331165909, -0.01024348652636549], 2, -1.0, [-0.758206754908183, -0.00766992179159208]
[-0.758206754908183, -0.00766992179159208], 2, -1.0, [-0.7632588325019529, -0.005052077593769956]
[-0.7632588325019529, -0.005052077593769956], 2, -1.0, [-0.7656643660564603, -0.0024055335545073026]
[-0.7656643660564603, -0.0024055335545073026], 2, -1.0, [-0.765409822735368, 0.00025454332109231016]
[-0.765409822735368, 0.00025454332109231016], 2, -1.0, [-0.7624966304479176, 0.0029131922874503597]
[-0.7624966304479176, 0.0029131922874503597], 2, -1.0, [-0.7569411999729113, 0.00555543047500623]
[-0.7569411999729113, 0.00555543047500623], 2, -1.0, [-0.7487751731313206, 0.008166026841590695]
[-0.7487751731313206, 0.008166026841590695], 2, -1.0, [-0.7380458703558564, 0.010729302775464127]
[-0.7380458703558564, 0.010729302775464127], 2, -1.0, [-0.7248168872485901, 0.013228983107266355]
[-0.7248168872485901, 0.013228983107266355], 2, -1.0, [-0.7091687672680584, 0.015648119980531637]
[-0.7091687672680584, 0.015648119980531637], 2, -1.0, [-0.6911996576934929, 0.017969109574565493]
[-0.6911996576934929, 0.017969109574565493], 2, -1.0, [-0.6710258401039505, 0.020173817589542432]
[-0.6710258401039505, 0.020173817589542432], 2, -1.0, [-0.6487820168427986, 0.022243823261151905]
[-0.6487820168427986, 0.022243823261151905], 1, -1.0, [-0.6256212335920437, 0.023160783250754838]
[-0.6256212335920437, 0.023160783250754838], 1, -1.0, [-0.601707172552851, 0.02391406103919264]
[-0.601707172552851, 0.02391406103919264], 1, -1.0, [-0.577212644836196, 0.02449452771665494]
[-0.577212644836196, 0.02449452771665494], 0, -1.0, [-0.5533177445990656, 0.02389490023713043]
[-0.5533177445990656, 0.02389490023713043], 0, -1.0, [-0.5302002472704873, 0.0231174973285783]
[-0.5302002472704873, 0.0231174973285783], 0, -1.0, [-0.5080332421407981, 0.02216700512968912]
[-0.5080332421407981, 0.02216700512968912], 2, -1.0, [-0.4849829360894483, 0.023050306051349816]
[-0.4849829360894483, 0.023050306051349816], 0, -1.0, [-0.46322160145701397, 0.021761334632434324]
[-0.46322160145701397, 0.021761334632434324], 0, -1.0, [-0.44291062357402616, 0.020310977882987802]
[-0.44291062357402616, 0.020310977882987802], 0, -1.0, [-0.42419891419864353, 0.01871170937538266]
[-0.42419891419864353, 0.01871170937538266], 0, -1.0, [-0.40722170413755193, 0.016977210061091576]
[-0.40722170413755193, 0.016977210061091576], 0, -1.0, [-0.3920996979880799, 0.015122006149471987]
[-0.3920996979880799, 0.015122006149471987], 0, -1.0, [-0.3789385520581652, 0.01316114592991472]
[-0.3789385520581652, 0.01316114592991472], 0, -1.0, [-0.3678286205865495, 0.011109931471615654]
[-0.3678286205865495, 0.011109931471615654], 0, -1.0, [-0.35884490598040303, 0.008983714606146494]
[-0.35884490598040303, 0.008983714606146494], 0, -1.0, [-0.35204714577607377, 0.006797760204329258]
[-0.35204714577607377, 0.006797760204329258], 0, -1.0, [-0.3474799717530589, 0.004567174023014847]
[-0.3474799717530589, 0.004567174023014847], 0, -1.0, [-0.3451730841282337, 0.002306887624825152]
[-0.3451730841282337, 0.002306887624825152], 0, -1.0, [-0.34514139494910456, 3.168917912913828e-05]
[-0.34514139494910456, 3.168917912913828e-05], 0, -1.0, [-0.3473851086353769, -0.002243713686272365]
[-0.3473851086353769, -0.002243713686272365], 0, -1.0, [-0.3518897231233855, -0.004504614488008614]
[-0.3518897231233855, -0.004504614488008614], 0, -1.0, [-0.3586259513844822, -0.006736228261096732]
[-0.3586259513844822, -0.006736228261096732], 0, -1.0, [-0.3675495794159985, -0.008923628031516261]
[-0.3675495794159985, -0.008923628031516261], 0, -1.0, [-0.3786012923424951, -0.011051712926496671]
[-0.3786012923424951, -0.011051712926496671], 0, -1.0, [-0.391706514154679, -0.013105221812183895]
[-0.391706514154679, -0.013105221812183895], 0, -1.0, [-0.4067753178924743, -0.015068803737795294]
[-0.4067753178924743, -0.015068803737795294], 0, -1.0, [-0.423702470693213, -0.01692715280073867]
[-0.423702470693213, -0.01692715280073867], 0, -1.0, [-0.44236768099705925, -0.018665210303846283]
[-0.44236768099705925, -0.018665210303846283], 0, -1.0, [-0.4626361123606827, -0.02026843136362346]
[-0.4626361123606827, -0.02026843136362346], 0, -1.0, [-0.4843592191076656, -0.021723106746982936]
[-0.4843592191076656, -0.021723106746982936], 0, -1.0, [-0.5073759432873608, -0.023016724179695202]
[-0.5073759432873608, -0.023016724179695202], 0, -1.0, [-0.5315142906828673, -0.024138347395506493]
[-0.5315142906828673, -0.024138347395506493], 0, -1.0, [-0.5565932772945151, -0.025078986611647897]
[-0.5565932772945151, -0.025078986611647897], 0, -1.0, [-0.58242520903473, -0.025831931740214902]
[-0.58242520903473, -0.025831931740214902], 0, -1.0, [-0.6088182291428627, -0.026393020108132572]
[-0.6088182291428627, -0.026393020108132572], 0, -1.0, [-0.6355790431876391, -0.026760814044776465]
[-0.6355790431876391, -0.026760814044776465], 0, -1.0, [-0.6625157134122209, -0.02693667022458177]
[-0.6625157134122209, -0.02693667022458177], 0, -1.0, [-0.6894404048628945, -0.026924691450673586]
[-0.6894404048628945, -0.026924691450673586], 0, -1.0, [-0.7161719664210976, -0.026731561558203148]
[-0.7161719664210976, -0.026731561558203148], 0, -1.0, [-0.7425382404267216, -0.02636627400562397]
[-0.7425382404267216, -0.02636627400562397], 0, -1.0, [-0.7683780136588364, -0.02583977323211484]
[-0.7683780136588364, -0.02583977323211484], 0, -1.0, [-0.793542547629404, -0.025164533970567605]
[-0.793542547629404, -0.025164533970567605], 0, -1.0, [-0.8178966544580295, -0.0243541068286255]
[-0.8178966544580295, -0.0243541068286255], 0, -1.0, [-0.8413193129530645, -0.02342265849503497]
[-0.8413193129530645, -0.02342265849503497], 2, -1.0, [-0.861703845216508, -0.020384532263443528]
[-0.861703845216508, -0.020384532263443528], 2, -1.0, [-0.8789655798720459, -0.017261734655537975]
[-0.8789655798720459, -0.017261734655537975], 2, -1.0, [-0.8930390106449764, -0.014073430772930412]
[-0.8930390106449764, -0.014073430772930412], 2, -1.0, [-0.9038750646547, -0.010836054009723702]
[-0.9038750646547, -0.010836054009723702], 2, -1.0, [-0.9114386703786097, -0.007563605723909727]
[-0.9114386703786097, -0.007563605723909727], 2, -1.0, [-0.9157067686620095, -0.00426809828339978]
[-0.9157067686620095, -0.00426809828339978], 2, -1.0, [-0.9166668682433402, -0.0009600995813307221]
[-0.9166668682433402, -0.0009600995813307221], 2, -1.0, [-0.9143162113010855, 0.0023506569422546636]
[-0.9143162113010855, 0.0023506569422546636], 2, -1.0, [-0.9086615838821367, 0.005654627418948796]
[-0.9086615838821367, 0.005654627418948796], 2, -1.0, [-0.8997197788344897, 0.008941805047646977]
[-0.8997197788344897, 0.008941805047646977], 2, -1.0, [-0.8875186924370072, 0.012201086397482503]
[-0.8875186924370072, 0.012201086397482503], 2, -1.0, [-0.8720990075393388, 0.015419684897668427]
[-0.8720990075393388, 0.015419684897668427], 2, -1.0, [-0.8535163833173608, 0.018582624221977956]
[-0.8535163833173608, 0.018582624221977956], 2, -1.0, [-0.8318440332712943, 0.02167235004606644]
[-0.8318440332712943, 0.02167235004606644], 2, -1.0, [-0.8071755289392653, 0.02466850433202903]
[-0.8071755289392653, 0.02466850433202903], 2, -1.0, [-0.7796276191970277, 0.027547909742237524]
[-0.7796276191970277, 0.027547909742237524], 2, -1.0, [-0.7493428087920246, 0.030284810405003117]
[-0.7493428087920246, 0.030284810405003117], 2, -1.0, [-0.7164914024514294, 0.03285140634059522]
[-0.7164914024514294, 0.03285140634059522], 0, -1.0, [-0.683272702224308, 0.03321870022712138]
[-0.683272702224308, 0.03321870022712138], 2, -1.0, [-0.6479017238010448, 0.035370978423263165]
[-0.6479017238010448, 0.035370978423263165], 2, -1.0, [-0.6106199306437026, 0.03728179315734227]
[-0.6106199306437026, 0.03728179315734227], 2, -1.0, [-0.571692867165424, 0.03892706347827856]
[-0.571692867165424, 0.03892706347827856], 2, -1.0, [-0.5314063481893115, 0.04028651897611245]
[-0.5314063481893115, 0.04028651897611245], 2, -1.0, [-0.4900612777728939, 0.041345070416417634]
[-0.4900612777728939, 0.041345070416417634], 2, -1.0, [-0.44796731443508275, 0.04209396333781114]
[-0.44796731443508275, 0.04209396333781114], 2, -1.0, [-0.4054357325836715, 0.04253158185141126]
[-0.4054357325836715, 0.04253158185141126], 2, -1.0, [-0.36277192899110955, 0.04266380359256195]
[-0.36277192899110955, 0.04266380359256195], 2, -1.0, [-0.32026807034562693, 0.04250385864548261]
[-0.32026807034562693, 0.04250385864548261], 2, -1.0, [-0.2781963641945927, 0.042071706151034206]
[-0.2781963641945927, 0.042071706151034206], 2, -1.0, [-0.23680336361911625, 0.04139300057547647]
[-0.23680336361911625, 0.04139300057547647], 2, -1.0, [-0.19630559929653835, 0.04049776432257791]
[-0.19630559929653835, 0.04049776432257791], 2, -1.0, [-0.15688669208129552, 0.03941890721524284]
[-0.15688669208129552, 0.03941890721524284], 2, -1.0, [-0.11869595775232879, 0.03819073432896673]
[-0.11869595775232879, 0.03819073432896673], 2, -1.0, [-0.08184839292284668, 0.03684756482948211]
[-0.08184839292284668, 0.03684756482948211], 2, -1.0, [-0.04642584045398629, 0.03542255246886039]
[-0.04642584045398629, 0.03542255246886039], 2, -1.0, [-0.012479079371848667, 0.03394676108213762]
[-0.012479079371848667, 0.03394676108213762], 2, -1.0, [0.0199694334391776, 0.032448512811026266]
[0.0199694334391776, 0.032448512811026266], 2, -1.0, [0.050922431164157116, 0.030952997724979517]
[0.050922431164157116, 0.030952997724979517], 2, -1.0, [0.08040454450580373, 0.029482113341646608]
[0.08040454450580373, 0.029482113341646608], 2, -1.0, [0.10845903590819181, 0.028054491402388086]
[0.10845903590819181, 0.028054491402388086], 2, -1.0, [0.13514470169751694, 0.02668566578932513]
[0.13514470169751694, 0.02668566578932513], 2, -1.0, [0.16053303932429316, 0.025388337626776232]
[0.16053303932429316, 0.025388337626776232], 2, -1.0, [0.18470573857703676, 0.024172699252743592]
[0.18470573857703676, 0.024172699252743592], 2, -1.0, [0.20775252461403457, 0.023046786036997804]
[0.20775252461403457, 0.023046786036997804], 2, -1.0, [0.22976935720922964, 0.022016832595195067]
[0.22976935720922964, 0.022016832595195067], 2, -1.0, [0.25085697413323566, 0.021087616924005993]
[0.25085697413323566, 0.021087616924005993], 2, -1.0, [0.271119756026371, 0.020262781893135327]
[0.271119756026371, 0.020262781893135327], 2, -1.0, [0.29066488423860326, 0.019545128212232272]
[0.29066488423860326, 0.019545128212232272], 2, -1.0, [0.30960176071409756, 0.018936876475494278]
[0.30960176071409756, 0.018936876475494278], 2, -1.0, [0.3280416590269454, 0.0184398983128478]
[0.3280416590269454, 0.0184398983128478], 2, -1.0, [0.3460975772525971, 0.01805591822565173]
[0.3460975772525971, 0.01805591822565173], 2, -1.0, [0.36388426579297306, 0.017786688540375958]
[0.36388426579297306, 0.017786688540375958], 2, -1.0, [0.3815184060303299, 0.01763414023735682]
[0.3815184060303299, 0.01763414023735682], 2, -1.0, [0.3991189183626994, 0.017600512332369506]
[0.3991189183626994, 0.017600512332369506], 2, -1.0, [0.41680738046174404, 0.017688462099044632]
[0.41680738046174404, 0.017688462099044632], 2, -1.0, [0.43470853823921457, 0.017901157777470537]
[0.43470853823921457, 0.017901157777470537], 2, -1.0, [0.4529508927827714, 0.018242354543556806]
[0.4529508927827714, 0.018242354543556806], 2, -1.0, [0.4716673461934263, 0.01871645341065495]
[0.4716673461934263, 0.01871645341065495], 2, -1.0, [0.4909958875630195, 0.01932854136959318]
[0.4909958875630195, 0.01932854136959318], 0, -1.0, [0.5090802969567325, 0.018084409393713075]
