[-0.4033313478474113, 0.0], 0, -1.0, [-0.405213910282837, -0.0018825624354256662]
[-0.405213910282837, -0.0018825624354256662], 0, -1.0, [-0.4089658110118322, -0.0037519007289952473]
[-0.4089658110118322, -0.0037519007289952473], 0, -1.0, [-0.41456061236178426, -0.0055948013499520655]
[-0.41456061236178426, -0.0055948013499520655], 0, -1.0, [-0.42195869338235603, -0.0073980810205717725]
[-0.42195869338235603, -0.0073980810205717725], 0, -1.0, [-0.4311073171573338, -0.009148623774977759]
[-0.4311073171573338, -0.009148623774977759], 0, -1.0, [-0.44194075969333174, -0.010833442535997943]
[-0.44194075969333174, -0.010833442535997943], 0, -1.0, [-0.4543805300978958, -0.012439770404564066]
[-0.4543805300978958, -0.012439770404564066], 0, -1.0, [-0.46833571447359024, -0.013955184375694438]
[-0.46833571447359024, -0.013955184375694438], 0, -1.0, [-0.4837034757111012, -0.015367761237510987]
[-0.4837034757111012, -0.015367761237510987], 0, -1.0, [-0.5003697378482628, -0.016666262137161506]
[-0.5003697378482628, -0.016666262137161506], 0, -1.0, [-0.518210076793996, -0.017840338945733177]
[-0.518210076793996, -0.017840338945733177], 0, -1.0, [-0.5370908292204133, -0.018880752426417263]
[-0.5370908292204133, -0.018880752426417263], 0, -1.0, [-0.5568704188727712, -0.019779589652357966]
[-0.5568704188727712, -0.019779589652357966], 0, -1.0, [-0.5774008853517751, -0.020530466479003927]
[-0.5774008853517751, -0.020530466479003927], 0, -1.0, [-0.5985295857927161, -0.02112870044094096]
[-0.5985295857927161, -0.02112870044094096], 0, -1.0, [-0.6201010261839504, -0.02157144039123429]
[-0.6201010261839504, -0.02157144039123429], 0, -1.0, [-0.6419587677296077, -0.021857741545657314]
[-0.6419587677296077, -0.021857741545657314], 0, -1.0, [-0.6639473458909925, -0.02198857816138475]
[-0.6639473458909925, -0.02198857816138475], 0, -1.0, [-0.6859141364099327, -0.021966790518940273]
[-0.6859141364099327, -0.021966790518940273], 0, -1.0, [-0.7077111041140716, -0.021796967704138887]
[-0.7077111041140716, -0.021796967704138887], 0, -1.0, [-0.7291963764750203, -0.02148527236094878]
[-0.7291963764750203, -0.02148527236094878], 0, -1.0, [-0.7502355940662891, -0.02103921759126883]
[-0.7502355940662891, -0.02103921759126883], 0, -1.0, [-0.7707030031724013, -0.02046740910611215]
[-0.7707030031724013, -0.02046740910611215], 0, -1.0, [-0.7904822705152059, -0.019779267342804694]
[-0.7904822705152059, -0.019779267342804694], 0, -1.0, [-0.8094670150175353, -0.018984744502329357]
[-0.8094670150175353, -0.018984744502329357], 2, -1.0, [-0.8255610654728099, -0.01609405045527471]
[-0.8255610654728099, -0.01609405045527471], 2, -1.0, [-0.8386876842976294, -0.013126618824819478]
[-0.8386876842976294, -0.013126618824819478], 2, -1.0, [-0.8487876702777789, -0.010099985980149506]
[-0.8487876702777789, -0.010099985980149506], 2, -1.0, [-0.8558176068573564, -0.007029936579577542]
[-0.8558176068573564, -0.007029936579577542], 2, -1.0, [-0.8597483939853342, -0.003930787127977767]
[-0.8597483939853342, -0.003930787127977767], 2, -1.0, [-0.8605641665303718, -0.0008157725450376008]
[-0.8605641665303718, -0.0008157725450376008], 2, -1.0, [-0.8582616687163896, 0.0023024978139821743]
[-0.8582616687163896, 0.0023024978139821743], 2, -1.0, [-0.852850122457315, 0.005411546259074695]
[-0.852850122457315, 0.005411546259074695], 2, -1.0, [-0.8443515973585458, 0.00849852509876916]
[-0.8443515973585458, 0.00849852509876916], 2, -1.0, [-0.8328018603773615, 0.01154973698118431]
[-0.8328018603773615, 0.01154973698118431], 2, -1.0, [-0.8182516524403004, 0.014550207937061112]
[-0.8182516524403004, 0.014550207937061112], 2, -1.0, [-0.8007683068050941, 0.01748334563520627]
[-0.8007683068050941, 0.01748334563520627], 2, -1.0, [-0.7804375895591933, 0.020330717245900885]
[-0.7804375895591933, 0.020330717245900885], 2, -1.0, [-0.7573656075510053, 0.023071982008187893]
[-0.7573656075510053, 0.023071982008187893], 2, -1.0, [-0.7316805960021305, 0.025685011548874814]
[-0.7316805960021305, 0.025685011548874814], 2, -1.0, [-0.7035343714449745, 0.02814622455715596]
[-0.7035343714449745, 0.02814622455715596], 2, -1.0, [-0.6731032212326854, 0.030431150212289107]
[-0.6731032212326854, 0.030431150212289107], 2, -1.0, [-0.6405880050392627, 0.032515216193422694]
[-0.6405880050392627, 0.032515216193422694], 2, -1.0, [-0.6062132721789142, 0.03437473286034859]
[-0.6062132721789142, 0.03437473286034859], 2, -1.0, [-0.570225254528523, 0.03598801765039116]
[-0.570225254528523, 0.03598801765039116], 2, -1.0, [-0.532888677553102, 0.03733657697542099]
[-0.532888677553102, 0.03733657697542099], 2, -1.0, [-0.49448243533224134, 0.03840624222086062]
[-0.49448243533224134, 0.03840624222086062], 2, -1.0, [-0.455294288077606, 0.0391881472546353]
[-0.455294288077606, 0.0391881472546353], 2, -1.0, [-0.4156148469072544, 0.03967944117035158]
[-0.4156148469072544, 0.03967944117035158], 2, -1.0, [-0.37573119391172544, 0.03988365299552899]
[-0.37573119391172544, 0.03988365299552899], 2, -1.0, [-0.33592053162445623, 0.039810662287269205]
[-0.33592053162445623, 0.039810662287269205], 2, -1.0, [-0.296444256687441, 0.039476274937015214]
[-0.296444256687441, 0.039476274937015214], 2, -1.0, [-0.25754280768033355, 0.03890144900710744]
[-0.25754280768033355, 0.03890144900710744], 2, -1.0, [-0.21943155480806797, 0.038111252872265564]
[-0.21943155480806797, 0.038111252872265564], 2, -1.0, [-0.18229789356643997, 0.037133661241628]
[-0.18229789356643997, 0.037133661241628], 2, -1.0, [-0.14629959242426438, 0.03599830114217559]
[-0.14629959242426438, 0.03599830114217559], 2, -1.0, [-0.1115643417039694, 0.03473525072029499]
[-0.1115643417039694, 0.03473525072029499], 2, -1.0, [-0.07819036895620592, 0.03337397274776348]
[-0.07819036895620592, 0.03337397274776348], 2, -1.0, [-0.04624793150004265, 0.031942437456163264]
[-0.04624793150004265, 0.031942437456163264], 2, -1.0, [-0.015781470318100455, 0.030466461181942198]
[-0.015781470318100455, 0.030466461181942198], 2, -1.0, [0.013187792207077859, 0.028969262525178313]
[0.013187792207077859, 0.028969262525178313], 2, -1.0, [0.040659011053018945, 0.027471218845941087]
[0.040659011053018945, 0.027471218845941087], 2, -1.0, [0.06664880484713612, 0.02598979379411717]
[0.06664880484713612, 0.02598979379411717], 2, -1.0, [0.0911884055856999, 0.024539600738563785]
[0.0911884055856999, 0.024539600738563785], 2, -1.0, [0.11432097177960404, 0.023132566193904136]
[0.11432097177960404, 0.023132566193904136], 2, -1.0, [0.13609913188651457, 0.02177816010691053]
[0.13609913188651457, 0.02177816010691053], 2, -1.0, [0.15658279657553045, 0.020483664689015878]
[0.15658279657553045, 0.020483664689015878], 2, -1.0, [0.17583725573750975, 0.0192544591619793]
[0.17583725573750975, 0.0192544591619793], 2, -1.0, [0.19393155919223118, 0.018094303454721426]
[0.19393155919223118, 0.018094303454721426], 2, -1.0, [0.21093716820419026, 0.017005609011959077]
[0.21093716820419026, 0.017005609011959077], 2, -1.0, [0.2269268573817949, 0.01598968917760467]
[0.2269268573817949, 0.01598968917760467], 2, -1.0, [0.24197384240040892, 0.015046985018614012]
[0.24197384240040892, 0.015046985018614012], 2, -1.0, [0.25615110740180624, 0.014177265001397314]
[0.25615110740180624, 0.014177265001397314], 2, -1.0, [0.26953090613470326, 0.013379798732897033]
[0.26953090613470326, 0.013379798732897033], 2, -1.0, [0.2821844123029243, 0.012653506168221028]
[0.2821844123029243, 0.012653506168221028], 2, -1.0, [0.2941814967062071, 0.01199708440328276]
[0.2941814967062071, 0.01199708440328276], 2, -1.0, [0.3055906112438416, 0.011409114537634572]
[0.3055906112438416, 0.011409114537634572], 2, -1.0, [0.31647876245683865, 0.010888151212997]
[0.31647876245683865, 0.010888151212997], 2, -1.0, [0.32691155984580716, 0.010432797388968525]
[0.32691155984580716, 0.010432797388968525], 2, -1.0, [0.3369533266171018, 0.01004176677129465]
[0.3369533266171018, 0.01004176677129465], 2, -1.0, [0.34666726272222786, 0.009713936105126051]
[0.34666726272222786, 0.009713936105126051], 2, -1.0, [0.3561156520395803, 0.009448389317352396]
[0.3561156520395803, 0.009448389317352396], 2, -1.0, [0.36536010729865315, 0.009244455259072863]
[0.36536010729865315, 0.009244455259072863], 2, -1.0, [0.3744618478728183, 0.009101740574165138]
[0.3744618478728183, 0.009101740574165138], 2, -1.0, [0.38348200688219103, 0.009020159009372768]
[0.38348200688219103, 0.009020159009372768], 2, -1.0, [0.39248196516980444, 0.0089999582876134]
[0.39248196516980444, 0.0089999582876134], 2, -1.0, [0.401523710658177, 0.009041745488372568]
[0.401523710658177, 0.009041745488372568], 2, -1.0, [0.4106702223718604, 0.009146511713683416]
[0.4106702223718604, 0.009146511713683416], 2, -1.0, [0.41998587903170487, 0.009315656659844481]
[0.41998587903170487, 0.009315656659844481], 2, -1.0, [0.4295368925880082, 0.00955101355630336]
[0.4295368925880082, 0.00955101355630336], 2, -1.0, [0.4393917673525732, 0.009854874764564982]
[0.4393917673525732, 0.009854874764564982], 2, -1.0, [0.44962178549221676, 0.010230018139643582]
[0.44962178549221676, 0.010230018139643582], 2, -1.0, [0.4603015195216911, 0.010679734029474338]
[0.4603015195216911, 0.010679734029474338], 2, -1.0, [0.4715093720266308, 0.011207852504939681]
[0.4715093720266308, 0.011207852504939681], 2, -1.0, [0.4833281420775308, 0.011818770050899959]
[0.4833281420775308, 0.011818770050899959], 2, -1.0, [0.4958456165543458, 0.012517474476815015]
[0.4958456165543458, 0.012517474476815015], 2, -1.0, [0.5091551827409891, 0.01330956618664337]
