[-0.410792453638031, 0.0], 0, -1.0, [-0.412622444009696, -0.0018299903716649647]
[-0.412622444009696, -0.0018299903716649647], 0, -1.0, [-0.41626946585016605, -0.0036470218404700662]
[-0.41626946585016605, -0.0036470218404700662], 0, -1.0, [-0.4217076200672835, -0.005438154217117448]
[-0.4217076200672835, -0.005438154217117448], 0, -1.0, [-0.4288981130121961, -0.007190492944912608]
[-0.4288981130121961, -0.007190492944912608], 0, -1.0, [-0.43778934483244075, -0.008891231820244667]
[-0.43778934483244075, -0.008891231820244667], 0, -1.0, [-0.44831706273257904, -0.010527717900138308]
[-0.44831706273257904, -0.010527717900138308], 0, -1.0, [-0.46040460592891724, -0.012087543196338195]
[-0.46040460592891724, -0.012087543196338195], 0, -1.0, [-0.4739632713767738, -0.013558665447856577]
[-0.4739632713767738, -0.013558665447856577], 0, -1.0, [-0.488892828911368, -0.014929557534594191]
[-0.488892828911368, -0.014929557534594191], 0, -1.0, [-0.5050822110126202, -0.01618938210125215]
[-0.5050822110126202, -0.01618938210125215], 0, -1.0, [-0.5224103959369947, -0.01732818492437445]
[-0.5224103959369947, -0.01732818492437445], 0, -1.0, [-0.5407474936899482, -0.01833709775295354]
[-0.5407474936899482, -0.01833709775295354], 0, -1.0, [-0.5599560327842427, -0.019208539094294416]
[-0.5599560327842427, -0.019208539094294416], 0, -1.0, [-0.5798924327901462, -0.019936400005903555]
[-0.5798924327901462, -0.019936400005903555], 0, -1.0, [-0.6004086344310469, -0.020516201640900678]
[-0.6004086344310469, -0.020516201640900678], 0, -1.0, [-0.6213538466552282, -0.020945212224181373]
[-0.6213538466552282, -0.020945212224181373], 0, -1.0, [-0.6425763599651271, -0.02122251330989892]
[-0.6425763599651271, -0.02122251330989892], 0, -1.0, [-0.6639253683899055, -0.021349008424778368]
[-0.6639253683899055, -0.021349008424778368], 0, -1.0, [-0.6852527396096927, -0.02132737121978727]
[-0.6852527396096927, -0.02132737121978727], 0, -1.0, [-0.7064146742146113, -0.021161934604918664]
[-0.7064146742146113, -0.021161934604918664], 0, -1.0, [-0.727273200763626, -0.020858526549014603]
[-0.727273200763626, -0.020858526549014603], 0, -1.0, [-0.747697462598232, -0.02042426183460598]
[-0.747697462598232, -0.02042426183460598], 0, -1.0, [-0.7675647643055205, -0.0198673017072885]
[-0.7675647643055205, -0.0198673017072885], 0, -1.0, [-0.7867613591408058, -0.01919659483528531]
[-0.7867613591408058, -0.01919659483528531], 0, -1.0, [-0.8051829723888062, -0.018421613248000387]
[-0.8051829723888062, -0.018421613248000387], 2, -1.0, [-0.8207350684473705, -0.015552096058564287]
[-0.8207350684473705, -0.015552096058564287], 2, -1.0, [-0.8333422701531467, -0.012607201705776106]
[-0.8333422701531467, -0.012607201705776106], 2, -1.0, [-0.8429465727074924, -0.009604302554345742]
[-0.8429465727074924, -0.009604302554345742], 2, -1.0, [-0.8495057056448976, -0.006559132937405168]
[-0.8495057056448976, -0.006559132937405168], 2, -1.0, [-0.852991774474357, -0.003486068829459456]
[-0.852991774474357, -0.003486068829459456], 2, -1.0, [-0.8533902797365326, -0.00039850526217553514]
[-0.8533902797365326, -0.00039850526217553514], 2, -1.0, [-0.8506995784577438, 0.0026907012787888065]
[-0.8506995784577438, 0.0026907012787888065], 2, -1.0, [-0.8449308218368122, 0.00576875662093157]
[-0.8449308218368122, 0.00576875662093157], 2, -1.0, [-0.8361083729990201, 0.008822448837792105]
[-0.8361083729990201, 0.008822448837792105], 2, -1.0, [-0.8242706787929831, 0.011837694206036947]
[-0.8242706787929831, 0.011837694206036947], 2, -1.0, [-0.8094715388304757, 0.014799139962507328]
[-0.8094715388304757, 0.014799139962507328], 2, -1.0, [-0.7917816826232748, 0.01768985620720102]
[-0.7917816826232748, 0.01768985620720102], 2, -1.0, [-0.771290531958281, 0.020491150664993716]
[-0.771290531958281, 0.020491150664993716], 2, -1.0, [-0.7481079920205085, 0.023182539937772487]
[-0.7481079920205085, 0.023182539937772487], 2, -1.0, [-0.7223660841693368, 0.02574190785117166]
[-0.7223660841693368, 0.02574190785117166], 2, -1.0, [-0.6942202101507026, 0.02814587401863418]
[-0.6942202101507026, 0.02814587401863418], 2, -1.0, [-0.6638498274861765, 0.030370382664526113]
[-0.6638498274861765, 0.030370382664526113], 2, -1.0, [-0.6314583247330213, 0.032391502753155194]
[-0.6314583247330213, 0.032391502753155194], 2, -1.0, [-0.5972719181849913, 0.03418640654803006]
[-0.5972719181849913, 0.03418640654803006], 2, -1.0, [-0.561537450720802, 0.03573446746418929]
[-0.561537450720802, 0.03573446746418929], 2, -1.0, [-0.5245190571215675, 0.03701839359923445]
[-0.5245190571215675, 0.03701839359923445], 2, -1.0, [-0.4864937614196769, 0.038025295701890685]
[-0.4864937614196769, 0.038025295701890685], 2, -1.0, [-0.44774617896800173, 0.03874758245167514]
[-0.44774617896800173, 0.03874758245167514], 2, -1.0, [-0.40856259388660926, 0.039183585081392455]
[-0.40856259388660926, 0.039183585081392455], 2, -1.0, [-0.36922475586626025, 0.03933783802034901]
[-0.36922475586626025, 0.03933783802034901], 2, -1.0, [-0.33000377651522445, 0.03922097935103581]
[-0.33000377651522445, 0.03922097935103581], 2, -1.0, [-0.2911544981360683, 0.038849278379156145]
[-0.2911544981360683, 0.038849278379156145], 2, -1.0, [-0.25291065834674725, 0.03824383978932106]
[-0.25291065834674725, 0.03824383978932106], 2, -1.0, [-0.2154810910508444, 0.03742956729590284]
[-0.2154810910508444, 0.03742956729590284], 2, -1.0, [-0.1790471018584449, 0.0364339891923995]
[-0.1790471018584449, 0.0364339891923995], 2, -1.0, [-0.14376104999705083, 0.03528605186139408]
[-0.14376104999705083, 0.03528605186139408], 2, -1.0, [-0.1097460733700596, 0.034014976626991246]
[-0.1097460733700596, 0.034014976626991246], 2, -1.0, [-0.0770968190392402, 0.032649254330819395]
[-0.0770968190392402, 0.032649254330819395], 2, -1.0, [-0.04588099318131039, 0.03121582585792981]
[-0.04588099318131039, 0.03121582585792981], 2, -1.0, [-0.016141522701605862, 0.02973947047970453]
[-0.016141522701605862, 0.02973947047970453], 2, -1.0, [0.012100878378853406, 0.028242401080459268]
[0.012100878378853406, 0.028242401080459268], 2, -1.0, [0.03884492663005011, 0.02674404825119671]
[0.03884492663005011, 0.02674404825119671], 2, -1.0, [0.06410593112255038, 0.025261004492500266]
[0.06410593112255038, 0.025261004492500266], 2, -1.0, [0.08791302596037251, 0.02380709483782213]
[0.08791302596037251, 0.02380709483782213], 2, -1.0, [0.11030656584626683, 0.022393539885894327]
[0.11030656584626683, 0.022393539885894327], 2, -1.0, [0.13133574592742908, 0.021029180081162238]
[0.13133574592742908, 0.021029180081162238], 2, -1.0, [0.15105648067736804, 0.01972073474993897]
[0.15105648067736804, 0.01972073474993897], 2, -1.0, [0.16952955546740875, 0.018473074790040695]
[0.16952955546740875, 0.018473074790040695], 2, -1.0, [0.18681904870951488, 0.017289493242106133]
[0.18681904870951488, 0.017289493242106133], 2, -1.0, [0.20299101146967807, 0.016171962760163187]
[0.20299101146967807, 0.016171962760163187], 2, -1.0, [0.21811238447812248, 0.015121373008444412]
[0.21811238447812248, 0.015121373008444412], 2, -1.0, [0.23225012865415318, 0.0141377441760307]
[0.23225012865415318, 0.0141377441760307], 2, -1.0, [0.24547054381998443, 0.013220415165831246]
[0.24547054381998443, 0.013220415165831246], 2, -1.0, [0.25783875050414823, 0.012368206684163803]
[0.25783875050414823, 0.012368206684163803], 2, -1.0, [0.2694183110634588, 0.011579560559310602]
[0.2694183110634588, 0.011579560559310602], 2, -1.0, [0.2802709683428475, 0.010852657279388661]
[0.2802709683428475, 0.010852657279388661], 2, -1.0, [0.29045648241914435, 0.010185514076296889]
[0.29045648241914435, 0.010185514076296889], 2, -1.0, [0.30003254840856275, 0.009576065989418386]
[0.30003254840856275, 0.009576065989418386], 2, -1.0, [0.3090547807050449, 0.009022232296482111]
[0.3090547807050449, 0.009022232296482111], 2, -1.0, [0.31757675126260115, 0.008521970557556276]
[0.31757675126260115, 0.008521970557556276], 2, -1.0, [0.325650071586544, 0.008073320323942885]
[0.325650071586544, 0.008073320323942885], 2, -1.0, [0.3333245099330413, 0.007674438346497282]
[0.3333245099330413, 0.007674438346497282], 2, -1.0, [0.3406481368305765, 0.007323626897535159]
[0.3406481368305765, 0.007323626897535159], 2, -1.0, [0.3476674934401997, 0.007019356609623233]
[0.3476674934401997, 0.007019356609623233], 2, -1.0, [0.35442777848071105, 0.006760285040511324]
[0.35442777848071105, 0.006760285040511324], 2, -1.0, [0.3609730504806124, 0.006545271999901373]
[0.3609730504806124, 0.006545271999901373], 2, -1.0, [0.3673464430024421, 0.006373392521829711]
[0.3673464430024421, 0.006373392521829711], 2, -1.0, [0.373590391238165, 0.0062439482357228735]
[0.373590391238165, 0.0062439482357228735], 2, -1.0, [0.3797468690164079, 0.006156477778242888]
[0.3797468690164079, 0.006156477778242888], 2, -1.0, [0.385857635811263, 0.006110766794855075]
[0.385857635811263, 0.006110766794855075], 2, -1.0, [0.3919644938135634, 0.006106858002300455]
[0.3919644938135634, 0.006106858002300455], 2, -1.0, [0.39810955553189387, 0.006145061718330456]
[0.39810955553189387, 0.006145061718330456], 2, -1.0, [0.4043355227424313, 0.006225967210537395]
[0.4043355227424313, 0.006225967210537395], 2, -1.0, [0.4106859779115581, 0.006350455169126786]
[0.4106859779115581, 0.006350455169126786], 2, -1.0, [0.4172056894776096, 0.0065197115660514966]
[0.4172056894776096, 0.0065197115660514966], 2, -1.0, [0.42394093259935334, 0.006735243121743735]
[0.42394093259935334, 0.006735243121743735], 2, -1.0, [0.43093982715623996, 0.006998894556886612]
[0.43093982715623996, 0.006998894556886612], 2, -1.0, [0.43825269491186236, 0.007312867755622398]
[0.43825269491186236, 0.007312867755622398], 2, -1.0, [0.4459324378144018, 0.007679742902539421]
[0.4459324378144018, 0.007679742902539421], 2, -1.0, [0.45403493938580786, 0.008102501571406096]
[0.45403493938580786, 0.008102501571406096], 2, -1.0, [0.46261949101533933, 0.008584551629531501]
[0.46261949101533933, 0.008584551629531501], 2, -1.0, [0.4717492446809984, 0.009129753665659044]
[0.4717492446809984, 0.009129753665659044], 2, -1.0, [0.48149169311666273, 0.009742448435664344]
[0.48149169311666273, 0.009742448435664344], 2, -1.0, [0.49191917764529086, 0.010427484528628142]
[0.49191917764529086, 0.010427484528628142], 2, -1.0, [0.5031094227051777, 0.011190245059886835]
