[-0.417191547472675, 0.0], 0, -1.0, [-0.4189761166243162, -0.0017845691516412045]
[-0.4189761166243162, -0.0017845691516412045], 0, -1.0, [-0.4225325356497145, -0.0035564190253982563]
[-0.4225325356497145, -0.0035564190253982563], 0, -1.0, [-0.42783539103357654, -0.0053028553838620415]
[-0.42783539103357654, -0.0053028553838620415], 0, -1.0, [-0.43484663262930257, -0.007011241595726038]
[-0.43484663262930257, -0.007011241595726038], 0, -1.0, [-0.44351567830307803, -0.00866904567377549]
[-0.44351567830307803, -0.00866904567377549], 0, -1.0, [-0.45377958589113804, -0.010263907588060006]
[-0.45377958589113804, -0.010263907588060006], 0, -1.0, [-0.4655633168667883, -0.011783730975650296]
[-0.4655633168667883, -0.011783730975650296], 0, -1.0, [-0.4787801180752273, -0.013216801208438985]
[-0.4787801180752273, -0.013216801208438985], 0, -1.0, [-0.49333204731769503, -0.014551929242467725]
[-0.49333204731769503, -0.014551929242467725], 0, -1.0, [-0.5091106652267094, -0.015778617909014362]
[-0.5091106652267094, -0.015778617909014362], 0, -1.0, [-0.5259979097540098, -0.01688724452730043]
[-0.5259979097540098, -0.01688724452730043], 0, -1.0, [-0.5438671609304938, -0.017869251176483938]
[-0.5438671609304938, -0.017869251176483938], 0, -1.0, [-0.5625844928717114, -0.018717331941217656]
[-0.5625844928717114, -0.018717331941217656], 0, -1.0, [-0.5820100980834353, -0.019425605211723845]
[-0.5820100980834353, -0.019425605211723845], 0, -1.0, [-0.6019998569781875, -0.019989758894752175]
[-0.6019998569781875, -0.019989758894752175], 0, -1.0, [-0.6224070142765834, -0.020407157298395893]
[-0.6224070142765834, -0.020407157298395893], 0, -1.0, [-0.6430839147601225, -0.020676900483539123]
[-0.6430839147601225, -0.020676900483539123], 0, -1.0, [-0.6638837446342511, -0.020799829874128626]
[-0.6638837446342511, -0.020799829874128626], 0, -1.0, [-0.6846622222329285, -0.020778477598677344]
[-0.6846622222329285, -0.020778477598677344], 0, -1.0, [-0.7052791832416472, -0.020616961008718678]
[-0.7052791832416472, -0.020616961008718678], 0, -1.0, [-0.7256000108980746, -0.020320827656427398]
[-0.7256000108980746, -0.020320827656427398], 0, -1.0, [-0.745496870204914, -0.01989685930683941]
[-0.745496870204914, -0.01989685930683941], 0, -1.0, [-0.7648497161928655, -0.019352845987951495]
[-0.7648497161928655, -0.019352845987951495], 0, -1.0, [-0.7835470586433338, -0.01869734245046835]
[-0.7835470586433338, -0.01869734245046835], 2, -1.0, [-0.7994864783140873, -0.015939419670753432]
[-0.7994864783140873, -0.015939419670753432], 2, -1.0, [-0.8125850173700007, -0.013098539055913357]
[-0.8125850173700007, -0.013098539055913357], 2, -1.0, [-0.8227776456493552, -0.010192628279354552]
[-0.8227776456493552, -0.010192628279354552], 2, -1.0, [-0.8300157907617958, -0.0072381451124405305]
[-0.8300157907617958, -0.0072381451124405305], 2, -1.0, [-0.8342660667112338, -0.00425027594943808]
[-0.8342660667112338, -0.00425027594943808], 2, -1.0, [-0.8355093048562958, -0.0012432381450619987]
[-0.8355093048562958, -0.0012432381450619987], 2, -1.0, [-0.8337399597687206, 0.0017693450875752577]
[-0.8337399597687206, 0.0017693450875752577], 2, -1.0, [-0.8289659319735035, 0.004774027795217075]
[-0.8289659319735035, 0.004774027795217075], 2, -1.0, [-0.821208819749664, 0.00775711222383954]
[-0.821208819749664, 0.00775711222383954], 2, -1.0, [-0.8105045826445292, 0.010704237105134792]
[-0.8105045826445292, 0.010704237105134792], 2, -1.0, [-0.7969045694387487, 0.013600013205780548]
[-0.7969045694387487, 0.013600013205780548], 2, -1.0, [-0.7804768325750847, 0.016427736863663993]
[-0.7804768325750847, 0.016427736863663993], 2, -1.0, [-0.7613076197696937, 0.01916921280539096]
[-0.7613076197696937, 0.01916921280539096], 2, -1.0, [-0.7395029029035041, 0.021804716866189656]
[-0.7395029029035041, 0.021804716866189656], 2, -1.0, [-0.7151897768170614, 0.024313126086442625]
[-0.7151897768170614, 0.024313126086442625], 2, -1.0, [-0.6885175400228943, 0.026672236794167067]
[-0.6885175400228943, 0.026672236794167067], 2, -1.0, [-0.6596582602715452, 0.028859279751349214]
[-0.6596582602715452, 0.028859279751349214], 2, -1.0, [-0.6288066352955424, 0.03085162497600277]
[-0.6288066352955424, 0.03085162497600277], 2, -1.0, [-0.5961789870503011, 0.03262764824524117]
[-0.5961789870503011, 0.03262764824524117], 2, -1.0, [-0.5620112784080951, 0.03416770864220604]
[-0.5620112784080951, 0.03416770864220604], 2, -1.0, [-0.526556113203914, 0.03545516520418101]
[-0.526556113203914, 0.03545516520418101], 2, -1.0, [-0.4900787682586645, 0.03647734494524956]
[-0.4900787682586645, 0.03647734494524956], 2, -1.0, [-0.452852399876425, 0.037226368382239444]
[-0.452852399876425, 0.037226368382239444], 2, -1.0, [-0.41515265477175967, 0.03769974510466533]
[-0.41515265477175967, 0.03769974510466533], 2, -1.0, [-0.3772519832096488, 0.03790067156211087]
[-0.3772519832096488, 0.03790067156211087], 2, -1.0, [-0.3394139892693514, 0.0378379939402974]
[-0.3394139892693514, 0.0378379939402974], 1, -1.0, [-0.3028881532666445, 0.0365258360027069]
[-0.3028881532666445, 0.0365258360027069], 1, -1.0, [-0.2678993163034343, 0.03498883696321019]
[-0.2678993163034343, 0.03498883696321019], 0, -1.0, [-0.23564560235410498, 0.032253713949329285]
[-0.23564560235410498, 0.032253713949329285], 0, -1.0, [-0.20629277592368245, 0.029352826430422543]
[-0.20629277592368245, 0.029352826430422543], 0, -1.0, [-0.17997627368210872, 0.02631650224157372]
[-0.17997627368210872, 0.02631650224157372], 0, -1.0, [-0.1568041346276674, 0.023172139054441324]
[-0.1568041346276674, 0.023172139054441324], 0, -1.0, [-0.13686044917402698, 0.01994368545364042]
[-0.13686044917402698, 0.01994368545364042], 0, -1.0, [-0.1202089860636546, 0.016651463110372376]
[-0.1202089860636546, 0.016651463110372376], 0, -1.0, [-0.10689671239962431, 0.01331227366403029]
[-0.10689671239962431, 0.01331227366403029], 0, -1.0, [-0.09695698398049232, 0.009939728419131993]
[-0.09695698398049232, 0.009939728419131993], 0, -1.0, [-0.0904122417150032, 0.006544742265489128]
[-0.0904122417150032, 0.006544742265489128], 0, -1.0, [-0.08727610016435614, 0.003136141550647069]
[-0.08727610016435614, 0.003136141550647069], 0, -1.0, [-0.08755475447053283, -0.0002786543061767009]
[-0.08755475447053283, -0.0002786543061767009], 0, -1.0, [-0.09124766282364916, -0.003692908353116318]
[-0.09124766282364916, -0.003692908353116318], 0, -1.0, [-0.09834748561380409, -0.007099822790154937]
[-0.09834748561380409, -0.007099822790154937], 0, -1.0, [-0.1088392828978664, -0.010491797284062314]
[-0.1088392828978664, -0.010491797284062314], 0, -1.0, [-0.12269899261329908, -0.013859709715432687]
[-0.12269899261329908, -0.013859709715432687], 0, -1.0, [-0.1398912368766393, -0.01719224426334021]
[-0.1398912368766393, -0.01719224426334021], 0, -1.0, [-0.16036653598899306, -0.020475299112353778]
[-0.16036653598899306, -0.020475299112353778], 0, -1.0, [-0.18405805162777625, -0.02369151563878319]
[-0.18405805162777625, -0.02369151563878319], 0, -1.0, [-0.21087803252916992, -0.02681998090139366]
[-0.21087803252916992, -0.02681998090139366], 0, -1.0, [-0.24071419553577714, -0.02983616300660722]
[-0.24071419553577714, -0.02983616300660722], 0, -1.0, [-0.2734263365819006, -0.03271214104612342]
[-0.2734263365819006, -0.03271214104612342], 0, -1.0, [-0.308843520587834, -0.0354171840059334]
[-0.308843520587834, -0.0354171840059334], 0, -1.0, [-0.34676223346757024, -0.037918712879736235]
[-0.34676223346757024, -0.037918712879736235], 0, -1.0, [-0.38694587880928644, -0.040183645341716215]
[-0.38694587880928644, -0.040183645341716215], 0, -1.0, [-0.429125952755302, -0.04218007394601559]
[-0.429125952755302, -0.04218007394601559], 0, -1.0, [-0.47300512511432136, -0.04387917235901931]
[-0.47300512511432136, -0.04387917235901931], 0, -1.0, [-0.5182622945929322, -0.04525716947861082]
[-0.5182622945929322, -0.04525716947861082], 0, -1.0, [-0.564559485969415, -0.04629719137648276]
[-0.564559485969415, -0.04629719137648276], 0, -1.0, [-0.6115502445689445, -0.046990758599529475]
[-0.6115502445689445, -0.046990758599529475], 0, -1.0, [-0.6588889944353982, -0.047338749866453686]
[-0.6588889944353982, -0.047338749866453686], 0, -1.0, [-0.7062406972183148, -0.04735170278291669]
[-0.7062406972183148, -0.04735170278291669], 0, -1.0, [-0.7532901055775826, -0.04704940835926779]
[-0.7532901055775826, -0.04704940835926779], 0, -1.0, [-0.7997499571172499, -0.04645985153966738]
[-0.7997499571172499, -0.04645985153966738], 0, -1.0, [-0.8453675915973097, -0.04561763448005971]
[-0.8453675915973097, -0.04561763448005971], 0, -1.0, [-0.8899296676411974, -0.044562076043887705]
[-0.8899296676411974, -0.044562076043887705], 0, -1.0, [-0.9332648687106275, -0.04333520106943012]
[-0.9332648687106275, -0.04333520106943012], 0, -1.0, [-0.9752446859893511, -0.041979817278723595]
[-0.9752446859893511, -0.041979817278723595], 0, -1.0, [-1.0157825211306881, -0.04053783514133693]
[-1.0157825211306881, -0.04053783514133693], 0, -1.0, [-1.0548314507277867, -0.039048929597098644]
[-1.0548314507277867, -0.039048929597098644], 0, -1.0, [-1.0923810359059791, -0.03754958517819229]
[-1.0923810359059791, -0.03754958517819229], 0, -1.0, [-1.128453553345935, -0.03607251743995588]
[-1.128453553345935, -0.03607251743995588], 0, -1.0, [-1.1630999822446806, -0.03464642889874559]
[-1.1630999822446806, -0.03464642889874559], 0, -1.0, [-1.1963960201249133, -0.03329603788023275]
[-1.1963960201249133, -0.03329603788023275], 0, -1.0, [-1.2, 0.0]
[-1.2, 0.0], 2, -1.0, [-1.1967581039591646, 0.003241896040835368]
[-1.1967581039591646, 0.003241896040835368], 2, -1.0, [-1.1902636585360942, 0.006494445423070332]
[-1.1902636585360942, 0.006494445423070332], 2, -1.0, [-1.1804959639787937, 0.009767694557300442]
[-1.1804959639787937, 0.009767694557300442], 2, -1.0, [-1.1674255149588486, 0.013070449019945182]
[-1.1674255149588486, 0.013070449019945182], 2, -1.0, [-1.1510159267200155, 0.016409588238833067]
[-1.1510159267200155, 0.016409588238833067], 2, -1.0, [-1.1312266168239755, 0.019789309896040046]
[-1.1312266168239755, 0.019789309896040046], 2, -1.0, [-1.108016322100852, 0.02321029472312345]
[-1.108016322100852, 0.02321029472312345], 2, -1.0, [-1.081347524946184, 0.02666879715466819]
[-1.081347524946184, 0.02666879715466819], 2, -1.0, [-1.0511918363028878, 0.03015568864329602]
[-1.0511918363028878, 0.03015568864329602], 2, -1.0, [-1.0175363271434712, 0.0336555091594167]
[-1.0175363271434712, 0.0336555091594167], 1, -1.0, [-0.9813907090723114, 0.03614561807115984]
[-0.9813907090723114, 0.03614561807115984], 1, -1.0, [-0.9427936515535332, 0.03859705751877813]
[-0.9427936515535332, 0.03859705751877813], 2, -1.0, [-0.9008182217762223, 0.04197542977731098]
[-0.9008182217762223, 0.04197542977731098], 2, -1.0, [-0.8555799957692884, 0.04523822600693385]
[-0.8555799957692884, 0.04523822600693385], 2, -1.0, [-0.80724358871607, 0.048336407053218414]
[-0.80724358871607, 0.048336407053218414], 2, -1.0, [-0.756027439684666, 0.051216149031404055]
[-0.756027439684666, 0.051216149031404055], 2, -1.0, [-0.7022059418293394, 0.053821497855326667]
[-0.7022059418293394, 0.053821497855326667], 2, -1.0, [-0.6461080750318422, 0.056097866797497196]
[-0.6461080750318422, 0.056097866797497196], 2, -1.0, [-0.5881119344310204, 0.05799614060082177]
[-0.5881119344310204, 0.05799614060082177], 2, -1.0, [-0.5286349601161247, 0.059476974314895695]
[-0.5286349601161247, 0.059476974314895695], 2, -1.0, [-0.46812021585433106, 0.060514744261793624]
[-0.46812021585433106, 0.060514744261793624], 2, -1.0, [-0.4070196424464733, 0.06110057340785772]
[-0.4070196424464733, 0.06110057340785772], 0, -1.0, [-0.34777569682823917, 0.059243945618234144]
[-0.34777569682823917, 0.059243945618234144], 2, -1.0, [-0.2887901216195553, 0.058985575208683874]
[-0.2887901216195553, 0.058985575208683874], 2, -1.0, [-0.2304235377327943, 0.058366583886761005]
[-0.2304235377327943, 0.058366583886761005], 2, -1.0, [-0.1729830453462776, 0.05744049238651672]
[-0.1729830453462776, 0.05744049238651672], 2, -1.0, [-0.1167134050943573, 0.056269640251920286]
[-0.1167134050943573, 0.056269640251920286], 2, -1.0, [-0.06179207640268755, 0.054921328691669755]
[-0.06179207640268755, 0.054921328691669755], 2, -1.0, [-0.008327915148534537, 0.053464161254153014]
[-0.008327915148534537, 0.053464161254153014], 0, -1.0, [0.04163702629945555, 0.04996494144799009]
[0.04163702629945555, 0.04996494144799009], 0, -1.0, [0.08812144587364235, 0.046484419574186794]
[0.08812144587364235, 0.046484419574186794], 0, -1.0, [0.13119271846843472, 0.043071272594792376]
[0.13119271846843472, 0.043071272594792376], 1, -1.0, [0.1719551341416325, 0.04076241567319778]
[0.1719551341416325, 0.04076241567319778], 1, -1.0, [0.21054288442580982, 0.03858775028417732]
[0.21054288442580982, 0.03858775028417732], 1, -1.0, [0.24711296739862576, 0.03657008297281596]
[0.24711296739862576, 0.03657008297281596], 0, -1.0, [0.28083913764263496, 0.033726170244009195]
[0.28083913764263496, 0.033726170244009195], 0, -1.0, [0.3119013425400772, 0.03106220489744223]
[0.3119013425400772, 0.03106220489744223], 0, -1.0, [0.340480417889314, 0.028579075349236836]
[0.340480417889314, 0.028579075349236836], 0, -1.0, [0.36675414997781647, 0.02627373208850247]
[0.36675414997781647, 0.02627373208850247], 0, -1.0, [0.39089447654508375, 0.024140326567267265]
[0.39089447654508375, 0.024140326567267265], 0, -1.0, [0.4130656043295195, 0.02217112778443574]
[0.4130656043295195, 0.02217112778443574], 2, -1.0, [0.4354228425614139, 0.02235723823189442]
[0.4354228425614139, 0.02235723823189442], 0, -1.0, [0.4561264469897338, 0.0207036044283199]
[0.4561264469897338, 0.0207036044283199], 2, -1.0, [0.4773274575300023, 0.02120101054026844]
[0.4773274575300023, 0.02120101054026844], 0, -1.0, [0.49718254663213807, 0.01985508910213578]
[0.49718254663213807, 0.01985508910213578], 0, -1.0, [0.5158397213310156, 0.01865717469887755]
