[-0.46992000091079034, 0.0], 0, -1.0, [-0.4713208539314623, -0.0014008530206719434]
[-0.4713208539314623, -0.0014008530206719434], 0, -1.0, [-0.4741121860013205, -0.002791332069858235]
[-0.4741121860013205, -0.002791332069858235], 0, -1.0, [-0.47827330562054365, -0.004161119619223165]
[-0.47827330562054365, -0.004161119619223165], 0, -1.0, [-0.4837733196712635, -0.0055000140507198685]
[-0.4837733196712635, -0.0055000140507198685], 0, -1.0, [-0.4905713145327628, -0.006797994861499269]
[-0.4905713145327628, -0.006797994861499269], 0, -1.0, [-0.4986166102497685, -0.008045295717005676]
[-0.4986166102497685, -0.008045295717005676], 0, -1.0, [-0.5078490968508254, -0.009232486601056819]
[-0.5078490968508254, -0.009232486601056819], 0, -1.0, [-0.5181996620965093, -0.01035056524568385]
[-0.5181996620965093, -0.01035056524568385], 0, -1.0, [-0.529590718922882, -0.011391056826372804]
[-0.529590718922882, -0.011391056826372804], 0, -1.0, [-0.5419368385945056, -0.012346119671623605]
[-0.5419368385945056, -0.012346119671623605], 0, -1.0, [-0.5551454921597424, -0.01320865356523681]
[-0.5551454921597424, -0.01320865356523681], 0, -1.0, [-0.5691178983880076, -0.013972406228265183]
[-0.5691178983880076, -0.013972406228265183], 0, -1.0, [-0.583749971252382, -0.014632072864374441]
[-0.583749971252382, -0.014632072864374441], 0, -1.0, [-0.5989333545825926, -0.01518338333021047]
[-0.5989333545825926, -0.01518338333021047], 0, -1.0, [-0.6145565261966888, -0.01562317161409622]
[-0.6145565261966888, -0.01562317161409622], 0, -1.0, [-0.6305059490899682, -0.015949422893279382]
[-0.6305059490899682, -0.015949422893279382], 0, -1.0, [-0.6466672435545824, -0.016161294464614232]
[-0.6466672435545824, -0.016161294464614232], 0, -1.0, [-0.662926351783741, -0.01625910822915868]
[-0.662926351783741, -0.01625910822915868], 0, -1.0, [-0.6791706658219063, -0.01624431403816532]
[-0.6791706658219063, -0.01624431403816532], 0, -1.0, [-0.6952900907496554, -0.01611942492774911]
[-0.6952900907496554, -0.01611942492774911], 0, -1.0, [-0.7111780176727045, -0.01588792692304911]
[-0.7111780176727045, -0.01588792692304911], 0, -1.0, [-0.7267321852035011, -0.015554167530796645]
[-0.7267321852035011, -0.015554167530796645], 0, -1.0, [-0.7418554133447228, -0.015123228141221644]
[-0.7418554133447228, -0.015123228141221644], 0, -1.0, [-0.7564561995925001, -0.014600786247777331]
[-0.7564561995925001, -0.014600786247777331], 0, -1.0, [-0.7704491732292772, -0.013992973636777081]
[-0.7704491732292772, -0.013992973636777081], 0, -1.0, [-0.7837554097465547, -0.013306236517277472]
[-0.7837554097465547, -0.013306236517277472], 0, -1.0, [-0.7963026127599504, -0.012547203013395774]
[-0.7963026127599504, -0.012547203013395774], 2, -1.0, [-0.8060251753738381, -0.009722562613887705]
[-0.8060251753738381, -0.009722562613887705], 2, -1.0, [-0.8128740331277337, -0.006848857753895493]
[-0.8128740331277337, -0.006848857753895493], 2, -1.0, [-0.8168155780516707, -0.0039415449239370735]
[-0.8168155780516707, -0.0039415449239370735], 2, -1.0, [-0.8178308327544701, -0.0010152547027993991]
[-0.8178308327544701, -0.0010152547027993991], 2, -1.0, [-0.815914952596835, 0.001915880157635059]
[-0.815914952596835, 0.001915880157635059], 2, -1.0, [-0.8110770948227046, 0.004837857774130323]
[-0.8110770948227046, 0.004837857774130323], 2, -1.0, [-0.8033406646177881, 0.0077364302049165645]
[-0.8033406646177881, 0.0077364302049165645], 2, -1.0, [-0.7927439192670506, 0.01059674535073751]
[-0.7927439192670506, 0.01059674535073751], 2, -1.0, [-0.7793408825958533, 0.013403036671197247]
[-0.7793408825958533, 0.013403036671197247], 2, -1.0, [-0.7632024926505514, 0.01613838994530197]
[-0.7632024926505514, 0.01613838994530197], 2, -1.0, [-0.7444178766481591, 0.018784616002392365]
[-0.7444178766481591, 0.018784616002392365], 2, -1.0, [-0.7230956200224775, 0.021322256625681577]
[-0.7230956200224775, 0.021322256625681577], 2, -1.0, [-0.6993648733619147, 0.023730746660562824]
[-0.6993648733619147, 0.023730746660562824], 2, -1.0, [-0.6733761255828735, 0.025988747779041182]
[-0.6733761255828735, 0.025988747779041182], 2, -1.0, [-0.6453014678452305, 0.02807465773764307]
[-0.6453014678452305, 0.02807465773764307], 2, -1.0, [-0.6153341844839783, 0.029967283361252154]
[-0.6153341844839783, 0.029967283361252154], 2, -1.0, [-0.5836875376004473, 0.03164664688353089]
[-0.5836875376004473, 0.03164664688353089], 2, -1.0, [-0.5505926618397081, 0.03309487576073917]
[-0.5505926618397081, 0.03309487576073917], 2, -1.0, [-0.5162955531429733, 0.03429710869673488]
[-0.5162955531429733, 0.03429710869673488], 2, -1.0, [-0.481053214232519, 0.03524233891045427]
[-0.481053214232519, 0.03524233891045427], 2, -1.0, [-0.4451291013440373, 0.03592411288848168]
[-0.4451291013440373, 0.03592411288848168], 2, -1.0, [-0.40878809032187263, 0.03634101102216469]
[-0.40878809032187263, 0.03634101102216469], 2, -1.0, [-0.3722912346607443, 0.036496855661128313]
[-0.3722912346607443, 0.036496855661128313], 2, -1.0, [-0.33589061473212095, 0.03640061992862339]
[-0.33589061473212095, 0.03640061992862339], 2, -1.0, [-0.29982457189010464, 0.03606604284201629]
[-0.29982457189010464, 0.03606604284201629], 2, -1.0, [-0.26431358438519814, 0.035510987504906485]
[-0.26431358438519814, 0.035510987504906485], 2, -1.0, [-0.2295569801342929, 0.03475660425090523]
[-0.2295569801342929, 0.03475660425090523], 2, -1.0, [-0.1957306042069748, 0.03382637592731811]
[-0.1957306042069748, 0.03382637592731811], 2, -1.0, [-0.1629854776963749, 0.032745126510599916]
[-0.1629854776963749, 0.032745126510599916], 2, -1.0, [-0.1314474099549775, 0.031538067741397405]
[-0.1314474099549775, 0.031538067741397405], 2, -1.0, [-0.10121746591359669, 0.03022994404138081]
[-0.10121746591359669, 0.03022994404138081], 2, -1.0, [-0.0723731487774621, 0.028844317136134588]
[-0.0723731487774621, 0.028844317136134588], 2, -1.0, [-0.0449701366958451, 0.027403012081617013]
[-0.0449701366958451, 0.027403012081617013], 2, -1.0, [-0.019044408077133215, 0.025925728618711882]
[-0.019044408077133215, 0.025925728618711882], 2, -1.0, [0.005385399688438652, 0.024429807765571868]
[0.005385399688438652, 0.024429807765571868], 1, -1.0, [0.027315533725373705, 0.021930134036935053]
[0.027315533725373705, 0.021930134036935053], 0, -1.0, [0.04575405712281951, 0.018438523397445807]
[0.04575405712281951, 0.018438523397445807], 0, -1.0, [0.06071609469604412, 0.014962037573224611]
[0.06071609469604412, 0.014962037573224611], 0, -1.0, [0.07221949022821784, 0.011503395532173721]
[0.07221949022821784, 0.011503395532173721], 0, -1.0, [0.08028133270960434, 0.008061842481386505]
[0.08028133270960434, 0.008061842481386505], 0, -1.0, [0.0849153326701259, 0.004633999960521554]
[0.0849153326701259, 0.004633999960521554], 0, -1.0, [0.086130014292377, 0.001214681622251101]
[0.086130014292377, 0.001214681622251101], 0, -1.0, [0.08392768937913152, -0.00220232491324549]
[0.08392768937913152, -0.00220232491324549], 0, -1.0, [0.07830419010693385, -0.005623499272197664]
[0.07830419010693385, -0.005623499272197664], 0, -1.0, [0.06924935409722813, -0.009054836009705712]
[0.06924935409722813, -0.009054836009705712], 0, -1.0, [0.05674827340469514, -0.012501080692532985]
[0.05674827340469514, -0.012501080692532985], 0, -1.0, [0.04078333441687568, -0.015964938987819463]
[0.04078333441687568, -0.015964938987819463], 0, -1.0, [0.0213370840024628, -0.019446250414412877]
[0.0213370840024628, -0.019446250414412877], 0, -1.0, [-0.0016040463600878012, -0.0229411303625506]
[-0.0016040463600878012, -0.0229411303625506], 1, -1.0, [-0.0270451477768411, -0.0254411014167533]
[-0.0270451477768411, -0.0254411014167533], 1, -1.0, [-0.0549780250064989, -0.027932877229657798]
[-0.0549780250064989, -0.027932877229657798], 1, -1.0, [-0.085376975189993, -0.0303989501834941]
[-0.085376975189993, -0.0303989501834941], 2, -1.0, [-0.11719436888886159, -0.031817393698868594]
[-0.11719436888886159, -0.031817393698868594], 2, -1.0, [-0.15035883431805253, -0.03316446542919094]
[-0.15035883431805253, -0.03316446542919094], 2, -1.0, [-0.1847732455947817, -0.03441441127672919]
[-0.1847732455947817, -0.03441441127672919], 2, -1.0, [-0.2203133036308532, -0.0355400580360715]
[-0.2203133036308532, -0.0355400580360715], 0, -1.0, [-0.2588269006854803, -0.03851359705462715]
[-0.2588269006854803, -0.03851359705462715], 2, -1.0, [-0.2981239581906739, -0.03929705750519357]
[-0.2981239581906739, -0.03929705750519357], 0, -1.0, [-0.33998603760118074, -0.04186207941050686]
[-0.33998603760118074, -0.04186207941050686], 0, -1.0, [-0.38415662111970916, -0.04417058351852843]
[-0.38415662111970916, -0.04417058351852843], 0, -1.0, [-0.4303427841258191, -0.04618616300610997]
[-0.4303427841258191, -0.04618616300610997], 0, -1.0, [-0.4782192787611272, -0.047876494635308076]
[-0.4782192787611272, -0.047876494635308076], 0, -1.0, [-0.5274350692846896, -0.04921579052356243]
[-0.5274350692846896, -0.04921579052356243], 0, -1.0, [-0.5776220882407671, -0.050187018956077495]
[-0.5776220882407671, -0.050187018956077495], 0, -1.0, [-0.6284057037892419, -0.05078361554847475]
[-0.6284057037892419, -0.05078361554847475], 0, -1.0, [-0.6794161550793232, -0.05101045129008128]
[-0.6794161550793232, -0.05101045129008128], 0, -1.0, [-0.7303000733061726, -0.050883918226849435]
[-0.7303000733061726, -0.050883918226849435], 0, -1.0, [-0.7807311922485809, -0.05043111894240823]
[-0.7807311922485809, -0.05043111894240823], 0, -1.0, [-0.8304194670424544, -0.04968827479387348]
[-0.8304194670424544, -0.04968827479387348], 0, -1.0, [-0.8791180381637395, -0.048698571121285075]
[-0.8791180381637395, -0.048698571121285075], 0, -1.0, [-0.9266277527322315, -0.04750971456849202]
[-0.9266277527322315, -0.04750971456849202], 0, -1.0, [-0.9727992340990747, -0.04617148136684316]
[-0.9727992340990747, -0.04617148136684316], 0, -1.0, [-1.0175327273742583, -0.0447334932751837]
[-1.0175327273742583, -0.0447334932751837], 0, -1.0, [-1.06077611413708, -0.04324338676282174]
[-1.06077611413708, -0.04324338676282174], 0, -1.0, [-1.1025215748585142, -0.04174546072143436]
[-1.1025215748585142, -0.04174546072143436], 0, -1.0, [-1.1428013900189435, -0.04027981516042929]
[-1.1428013900189435, -0.04027981516042929], 0, -1.0, [-1.1816833282869363, -0.03888193826799283]
[-1.1816833282869363, -0.03888193826799283], 0, -1.0, [-1.2, 0.0]
[-1.2, 0.0], 2, -1.0, [-1.1967581039591646, 0.003241896040835368]
[-1.1967581039591646, 0.003241896040835368], 2, -1.0, [-1.1902636585360942, 0.006494445423070332]
[-1.1902636585360942, 0.006494445423070332], 2, -1.0, [-1.1804959639787937, 0.009767694557300442]
[-1.1804959639787937, 0.009767694557300442], 2, -1.0, [-1.1674255149588486, 0.013070449019945182]
[-1.1674255149588486, 0.013070449019945182], 2, -1.0, [-1.1510159267200155, 0.016409588238833067]
[-1.1510159267200155, 0.016409588238833067], 2, -1.0, [-1.1312266168239755, 0.019789309896040046]
[-1.1312266168239755, 0.019789309896040046], 2, -1.0, [-1.108016322100852, 0.02321029472312345]
[-1.108016322100852, 0.02321029472312345], 2, -1.0, [-1.081347524946184, 0.02666879715466819]
[-1.081347524946184, 0.02666879715466819], 2, -1.0, [-1.0511918363028878, 0.03015568864329602]
[-1.0511918363028878, 0.03015568864329602], 1, -1.0, [-1.018536327143471, 0.0326555091594167]
[-1.018536327143471, 0.0326555091594167], 1, -1.0, [-0.9833900537816292, 0.03514627336184187]
[-0.9833900537816292, 0.03514627336184187], 1, -1.0, [-0.9457894439413885, 0.037600609840240704]
[-0.9457894439413885, 0.037600609840240704], 2, -1.0, [-0.9048036351099714, 0.04098580883141713]
[-0.9048036351099714, 0.04098580883141713], 2, -1.0, [-0.8605424838154625, 0.044261151294508874]
[-0.8605424838154625, 0.044261151294508874], 2, -1.0, [-0.8131631485343497, 0.047379335281112836]
[-0.8131631485343497, 0.047379335281112836], 0, -1.0, [-0.7648750993210731, 0.04828804921327658]
[-0.7648750993210731, 0.04828804921327658], 2, -1.0, [-0.7139314039233503, 0.05094369539772276]
[-0.7139314039233503, 0.05094369539772276], 2, -1.0, [-0.6606365287749967, 0.05329487514835363]
[-0.6606365287749967, 0.05329487514835363], 2, -1.0, [-0.6053425784409875, 0.055293950334009155]
[-0.6053425784409875, 0.055293950334009155], 2, -1.0, [-0.548441676066122, 0.056900902374865475]
[-0.548441676066122, 0.056900902374865475], 2, -1.0, [-0.4903546243780618, 0.05808705168806024]
[-0.4903546243780618, 0.05808705168806024], 1, -1.0, [-0.4325164906983889, 0.05783813367967295]
[-0.4325164906983889, 0.05783813367967295], 1, -1.0, [-0.3753530051419814, 0.05716348555640748]
[-0.3753530051419814, 0.05716348555640748], 1, -1.0, [-0.319265071485303, 0.0560879336566784]
[-0.319265071485303, 0.0560879336566784], 2, -1.0, [-0.2636154496595603, 0.05564962182574268]
[-0.2636154496595603, 0.05564962182574268], 2, -1.0, [-0.20872393747599985, 0.05489151218356045]
[-0.20872393747599985, 0.05489151218356045], 2, -1.0, [-0.15485811763899304, 0.05386581983700682]
[-0.15485811763899304, 0.05386581983700682], 2, -1.0, [-0.10222732868820897, 0.05263078895078408]
[-0.10222732868820897, 0.05263078895078408], 2, -1.0, [-0.05097989102396714, 0.05124743766424183]
[-0.05097989102396714, 0.05124743766424183], 1, -1.0, [-0.002203272127218721, 0.04877661889674842]
[-0.002203272127218721, 0.04877661889674842], 1, -1.0, [0.044073401381421615, 0.046276673508640336]
[0.044073401381421615, 0.046276673508640336], 1, -1.0, [0.08787189580047358, 0.04379849441905197]
[0.08787189580047358, 0.04379849441905197], 1, -1.0, [0.12925675486864663, 0.04138485906817304]
[0.12925675486864663, 0.04138485906817304], 1, -1.0, [0.16832722773800207, 0.039070472869355444]
[0.16832722773800207, 0.039070472869355444], 1, -1.0, [0.20520974226716568, 0.03688251452916361]
[0.20520974226716568, 0.03688251452916361], 0, -1.0, [0.23905123117765895, 0.03384148891049326]
[0.23905123117765895, 0.03384148891049326], 0, -1.0, [0.2700085213578955, 0.030957290180236564]
[0.2700085213578955, 0.030957290180236564], 0, -1.0, [0.2982421117456427, 0.028233590387747184]
[0.2982421117456427, 0.028233590387747184], 0, -1.0, [0.3239113713616437, 0.025669259616001004]
[0.3239113713616437, 0.025669259616001004], 2, -1.0, [0.34917096038771267, 0.02525958902606894]
[0.34917096038771267, 0.02525958902606894], 0, -1.0, [0.3721812321853199, 0.02301027179760724]
[0.3721812321853199, 0.02301027179760724], 2, -1.0, [0.3950945268379147, 0.0229132946525948]
[0.3950945268379147, 0.0229132946525948], 2, -1.0, [0.4180677357409907, 0.022973208903076]
[0.4180677357409907, 0.022973208903076], 0, -1.0, [0.4392626176197033, 0.021194881878712588]
[0.4392626176197033, 0.021194881878712588], 2, -1.0, [0.4608317050408938, 0.021569087421190507]
[0.4608317050408938, 0.021569087421190507], 0, -1.0, [0.48093281644724867, 0.02010111140635483]
[0.48093281644724867, 0.02010111140635483], 2, -1.0, [0.5017148062143455, 0.02078198976709686]
