[-0.4862358882236898, 0.0], 0, -1.0, [-0.4875155234695096, -0.0012796352458197924]
[-0.4875155234695096, -0.0012796352458197924], 0, -1.0, [-0.49006525488599917, -0.0025497314164895724]
[-0.49006525488599917, -0.0025497314164895724], 0, -1.0, [-0.49386606370357605, -0.003800808817576892]
[-0.49386606370357605, -0.003800808817576892], 0, -1.0, [-0.49888957227473146, -0.0050235085711553855]
[-0.49888957227473146, -0.0050235085711553855], 0, -1.0, [-0.505098230199106, -0.006208657924374579]
[-0.505098230199106, -0.006208657924374579], 0, -1.0, [-0.5124455709878645, -0.00734734078875846]
[-0.5124455709878645, -0.00734734078875846], 0, -1.0, [-0.5208765452039212, -0.008430974216056764]
[-0.5208765452039212, -0.008430974216056764], 0, -1.0, [-0.5303279359209881, -0.009451390717066936]
[-0.5303279359209881, -0.009451390717066936], 0, -1.0, [-0.5407288613635204, -0.010400925442532207]
[-0.5407288613635204, -0.010400925442532207], 0, -1.0, [-0.5520013677051546, -0.011272506341634202]
[-0.5520013677051546, -0.011272506341634202], 0, -1.0, [-0.5640611122789169, -0.012059744573762235]
[-0.5640611122789169, -0.012059744573762235], 0, -1.0, [-0.576818134034569, -0.012757021755652236]
[-0.576818134034569, -0.012757021755652236], 0, -1.0, [-0.590177704190412, -0.013359570155843043]
[-0.590177704190412, -0.013359570155843043], 0, -1.0, [-0.6040412459551238, -0.01386354176471169]
[-0.6040412459551238, -0.01386354176471169], 0, -1.0, [-0.6183073082663078, -0.014266062311183941]
[-0.6183073082663078, -0.014266062311183941], 0, -1.0, [-0.6328725750428563, -0.014565266776548522]
[-0.6328725750428563, -0.014565266776548522], 0, -1.0, [-0.6476328887904149, -0.01476031374755857]
[-0.6476328887904149, -0.01476031374755857], 0, -1.0, [-0.6624842657878273, -0.014851376997412319]
[-0.6624842657878273, -0.014851376997412319], 0, -1.0, [-0.6773238796857673, -0.014839613897940092]
[-0.6773238796857673, -0.014839613897940092], 0, -1.0, [-0.692050991229744, -0.014727111543976698]
[-0.692050991229744, -0.014727111543976698], 0, -1.0, [-0.7065678039292052, -0.01451681269946115]
[-0.7065678039292052, -0.01451681269946115], 0, -1.0, [-0.7207802286783997, -0.014212424749194624]
[-0.7207802286783997, -0.014212424749194624], 0, -1.0, [-0.7345985443529804, -0.013818315674580748]
[-0.7345985443529804, -0.013818315674580748], 0, -1.0, [-0.7479379459616801, -0.013339401608699656]
[-0.7479379459616801, -0.013339401608699656], 0, -1.0, [-0.760718976703219, -0.012781030741538912]
[-0.760718976703219, -0.012781030741538912], 0, -1.0, [-0.7728678449521711, -0.01214886824895215]
[-0.7728678449521711, -0.01214886824895215], 0, -1.0, [-0.7843166314984171, -0.011448786546246046]
[-0.7843166314984171, -0.011448786546246046], 2, -1.0, [-0.79300339607567, -0.008686764577252933]
[-0.79300339607567, -0.008686764577252933], 2, -1.0, [-0.7988825244530773, -0.005879128377407271]
[-0.7988825244530773, -0.005879128377407271], 2, -1.0, [-0.8019238399921639, -0.0030413155390866223]
[-0.8019238399921639, -0.0030413155390866223], 2, -1.0, [-0.8021119558769592, -0.00018811588479531035]
[-0.8021119558769592, -0.00018811588479531035], 2, -1.0, [-0.7994459254328029, 0.00266603044415625]
[-0.7994459254328029, 0.00266603044415625], 2, -1.0, [-0.7939392201725332, 0.0055067052602697265]
[-0.7939392201725332, 0.0055067052602697265], 2, -1.0, [-0.7856200374010411, 0.008319182771492028]
[-0.7856200374010411, 0.008319182771492028], 0, -1.0, [-0.7765319114036827, 0.009088125997358419]
[-0.7765319114036827, 0.009088125997358419], 2, -1.0, [-0.7647236586161562, 0.011808252787526462]
[-0.7647236586161562, 0.011808252787526462], 2, -1.0, [-0.7502606108460521, 0.01446304777010413]
[-0.7502606108460521, 0.01446304777010413], 2, -1.0, [-0.7332256086919134, 0.01703500215413863]
[-0.7332256086919134, 0.01703500215413863], 2, -1.0, [-0.7137200070338439, 0.019505601658069596]
[-0.7137200070338439, 0.019505601658069596], 2, -1.0, [-0.6918645598567015, 0.021855447177142377]
[-0.6918645598567015, 0.021855447177142377], 2, -1.0, [-0.6678000374827773, 0.024064522373924202]
[-0.6678000374827773, 0.024064522373924202], 2, -1.0, [-0.6416874247623412, 0.026112612720436034]
[-0.6416874247623412, 0.026112612720436034], 2, -1.0, [-0.6137075570671692, 0.02797986769517201]
[-0.6137075570671692, 0.02797986769517201], 2, -1.0, [-0.5840600745126947, 0.029647482554474493]
[-0.5840600745126947, 0.029647482554474493], 2, -1.0, [-0.5529616146091265, 0.03109845990356814]
[-0.5529616146091265, 0.03109845990356814], 2, -1.0, [-0.5206432181068731, 0.03231839650225344]
[-0.5206432181068731, 0.03231839650225344], 2, -1.0, [-0.4873469879953569, 0.03329623011151619]
[-0.4873469879953569, 0.03329623011151619], 2, -1.0, [-0.4533221106373425, 0.034024877358014426]
[-0.4533221106373425, 0.034024877358014426], 2, -1.0, [-0.41882041225083877, 0.034501698386503715]
[-0.41882041225083877, 0.034501698386503715], 2, -1.0, [-0.38409167438635616, 0.03472873786448263]
[-0.38409167438635616, 0.03472873786448263], 2, -1.0, [-0.34937896108803007, 0.03471271329832609]
[-0.34937896108803007, 0.03471271329832609], 0, -1.0, [-0.316914213524955, 0.03246474756307503]
[-0.316914213524955, 0.03246474756307503], 0, -1.0, [-0.28690216309627464, 0.030012050428680395]
[-0.28690216309627464, 0.030012050428680395], 0, -1.0, [-0.25951986741192096, 0.02738229568435369]
[-0.25951986741192096, 0.02738229568435369], 0, -1.0, [-0.23491738623327416, 0.024602481178646794]
[-0.23491738623327416, 0.024602481178646794], 0, -1.0, [-0.2132193353994178, 0.021698050833856355]
[-0.2132193353994178, 0.021698050833856355], 0, -1.0, [-0.1945270344358445, 0.018692300963573293]
[-0.1945270344358445, 0.018692300963573293], 0, -1.0, [-0.17892097037291765, 0.015606064062926826]
[-0.17892097037291765, 0.015606064062926826], 0, -1.0, [-0.1664633275312611, 0.012457642841656548]
[-0.1664633275312611, 0.012457642841656548], 0, -1.0, [-0.15720037183088512, 0.009262955700376]
[-0.15720037183088512, 0.009262955700376], 0, -1.0, [-0.15116452118665472, 0.006035850644230413]
[-0.15116452118665472, 0.006035850644230413], 0, -1.0, [-0.14837597561926738, 0.0027885455673873323]
[-0.14837597561926738, 0.0027885455673873323], 0, -1.0, [-0.1488438190290963, -0.0004678434098289194]
[-0.1488438190290963, -0.0004678434098289194], 0, -1.0, [-0.15256653838744677, -0.0037227193583504693]
[-0.15256653838744677, -0.0037227193583504693], 0, -1.0, [-0.15953193618896672, -0.006965397801519958]
[-0.15953193618896672, -0.006965397801519958], 0, -1.0, [-0.16971644017663895, -0.010184503987672233]
[-0.16971644017663895, -0.010184503987672233], 0, -1.0, [-0.18308384284974658, -0.013367402673107634]
[-0.18308384284974658, -0.013367402673107634], 0, -1.0, [-0.19958353427209258, -0.016499691422346002]
[-0.19958353427209258, -0.016499691422346002], 0, -1.0, [-0.2191483267776151, -0.01956479250552251]
[-0.2191483267776151, -0.01956479250552251], 0, -1.0, [-0.24169200972520058, -0.022543682947585502]
[-0.24169200972520058, -0.022543682947585502], 0, -1.0, [-0.26710681517819074, -0.025414805452990175]
[-0.26710681517819074, -0.025414805452990175], 0, -1.0, [-0.29526101781266817, -0.028154202634477418]
[-0.29526101781266817, -0.028154202634477418], 0, -1.0, [-0.3259969286736482, -0.030735910860980042]
[-0.3259969286736482, -0.030735910860980042], 0, -1.0, [-0.35912956470522006, -0.033132636031571856]
[-0.35912956470522006, -0.033132636031571856], 0, -1.0, [-0.3944462752772751, -0.03531671057205506]
[-0.3944462752772751, -0.03531671057205506], 0, -1.0, [-0.43170757487042316, -0.037261299593148056]
[-0.43170757487042316, -0.037261299593148056], 0, -1.0, [-0.4706493623811111, -0.03894178751068793]
[-0.4706493623811111, -0.03894178751068793], 0, -1.0, [-0.5109866025216836, -0.0403372401405725]
[-0.5109866025216836, -0.0403372401405725], 0, -1.0, [-0.552418411392428, -0.04143180887074439]
[-0.552418411392428, -0.04143180887074439], 0, -1.0, [-0.5946343421826972, -0.04221593079026921]
[-0.5946343421826972, -0.04221593079026921], 0, -1.0, [-0.6373215296295248, -0.04268718744682768]
[-0.6373215296295248, -0.04268718744682768], 0, -1.0, [-0.6801722464542224, -0.0428507168246976]
[-0.6801722464542224, -0.0428507168246976], 0, -1.0, [-0.7228913707879372, -0.04271912433371485]
[-0.7228913707879372, -0.04271912433371485], 0, -1.0, [-0.7652032709615493, -0.04231190017361208]
[-0.7652032709615493, -0.04231190017361208], 0, -1.0, [-0.806857681571222, -0.04165441060967269]
[-0.806857681571222, -0.04165441060967269], 0, -1.0, [-0.8476342596208856, -0.04077657804966362]
[-0.8476342596208856, -0.04077657804966362], 0, -1.0, [-0.8873456510236541, -0.039711391402768595]
[-0.8873456510236541, -0.039711391402768595], 2, -1.0, [-0.9238390424177394, -0.03649339139408524]
[-0.9238390424177394, -0.03649339139408524], 2, -1.0, [-0.9570016837331793, -0.03316264131543991]
[-0.9570016837331793, -0.03316264131543991], 2, -1.0, [-0.9867552900537157, -0.029753606320536394]
[-0.9867552900537157, -0.029753606320536394], 2, -1.0, [-1.0130498831406771, -0.0262945930869615]
[-1.0130498831406771, -0.0262945930869615], 2, -1.0, [-1.0358575829705319, -0.022807699829854703]
[-1.0358575829705319, -0.022807699829854703], 2, -1.0, [-1.055166729353257, -0.019309146382725052]
[-1.055166729353257, -0.019309146382725052], 2, -1.0, [-1.0709765901647077, -0.015809860811450773]
[-1.0709765901647077, -0.015809860811450773], 2, -1.0, [-1.083292809509243, -0.012316219344535221]
[-1.083292809509243, -0.012316219344535221], 2, -1.0, [-1.0921236717983385, -0.00883086228909552]
[-1.0921236717983385, -0.00883086228909552], 2, -1.0, [-1.097477206244385, -0.005353534446046509]
[-1.097477206244385, -0.005353534446046509], 2, -1.0, [-1.0993591272989638, -0.0018819210545787872]
[-1.0993591272989638, -0.0018819210545787872], 2, -1.0, [-1.0977715952801428, 0.0015875320188209873]
[-1.0977715952801428, 0.0015875320188209873], 2, -1.0, [-1.092712782612278, 0.005058812667864707]
[-1.092712782612278, 0.005058812667864707], 2, -1.0, [-1.0841772396641585, 0.008535542948119644]
[-1.0841772396641585, 0.008535542948119644], 2, -1.0, [-1.0721570652892625, 0.012020174374896076]
[-1.0721570652892625, 0.012020174374896076], 2, -1.0, [-1.0566438961354951, 0.015513169153767294]
[-1.0566438961354951, 0.015513169153767294], 2, -1.0, [-1.037631730790663, 0.019012165344832053]
[-1.037631730790663, 0.019012165344832053], 2, -1.0, [-1.0151205948055348, 0.022511135985128137]
[-1.0151205948055348, 0.022511135985128137], 2, -1.0, [-0.9891210253656157, 0.02599956943991906]
[-0.9891210253656157, 0.02599956943991906], 2, -1.0, [-0.9596593049670044, 0.029461720398611335]
[-0.9596593049670044, 0.029461720398611335], 2, -1.0, [-0.9267832983761394, 0.03287600659086498]
[-0.9267832983761394, 0.03287600659086498], 2, -1.0, [-0.8905686460120635, 0.0362146523640758]
[-0.8905686460120635, 0.0362146523640758], 2, -1.0, [-0.8511249446793716, 0.03944370133269187]
[-0.8511249446793716, 0.03944370133269187], 2, -1.0, [-0.8086014161099057, 0.04252352856946595]
[-0.8086014161099057, 0.04252352856946595], 2, -1.0, [-0.763191447254518, 0.045409968855387665]
[-0.763191447254518, 0.045409968855387665], 2, -1.0, [-0.7151353146877792, 0.04805613256673881]
[-0.7151353146877792, 0.04805613256673881], 2, -1.0, [-0.6647204142633685, 0.05041490042441079]
[-0.6647204142633685, 0.05041490042441079], 2, -1.0, [-0.6122784373230138, 0.052441976940354684]
[-0.6122784373230138, 0.052441976940354684], 2, -1.0, [-0.5581791807741466, 0.054099256548867145]
[-0.5581791807741466, 0.054099256548867145], 2, -1.0, [-0.5028210361394594, 0.05535814463468725]
[-0.5028210361394594, 0.05535814463468725], 2, -1.0, [-0.4466186236572479, 0.05620241248221146]
[-0.4466186236572479, 0.05620241248221146], 2, -1.0, [-0.38998844395706905, 0.05663017970017888]
[-0.38998844395706905, 0.05663017970017888], 2, -1.0, [-0.3333337232688254, 0.0566547206882437]
[-0.3333337232688254, 0.0566547206882437], 2, -1.0, [-0.2770297558843556, 0.05630396738446979]
[-0.2770297558843556, 0.05630396738446979], 2, -1.0, [-0.2214109673876011, 0.05561878849675448]
[-0.2214109673876011, 0.05561878849675448], 2, -1.0, [-0.16676065363655126, 0.05465031375104984]
[-0.16676065363655126, 0.05465031375104984], 2, -1.0, [-0.11330395825486748, 0.05345669538168378]
[-0.11330395825486748, 0.05345669538168378], 2, -1.0, [-0.06120422299942386, 0.052099735255443626]
[-0.06120422299942386, 0.052099735255443626], 2, -1.0, [-0.01056246399236694, 0.05064175900705692]
[-0.01056246399236694, 0.05064175900705692], 1, -1.0, [0.03758055002318572, 0.04814301401555266]
[0.03758055002318572, 0.04814301401555266], 1, -1.0, [0.08323943556613253, 0.0456588855429468]
[0.08323943556613253, 0.0456588855429468], 1, -1.0, [0.1264758659208151, 0.04323643035468257]
[0.1264758659208151, 0.04323643035468257], 1, -1.0, [0.16739010427765838, 0.04091423835684327]
[0.16739010427765838, 0.04091423835684327], 1, -1.0, [0.20611299265327893, 0.03872288837562056]
[0.20611299265327893, 0.03872288837562056], 0, -1.0, [0.24179877491469, 0.03568578226141109]
[0.24179877491469, 0.03568578226141109], 0, -1.0, [0.2746139658105916, 0.03281519089590157]
[0.2746139658105916, 0.03281519089590157], 0, -1.0, [0.30473063872632816, 0.030116672915736546]
[0.30473063872632816, 0.030116672915736546], 0, -1.0, [0.33232123455888996, 0.027590595832561807]
[0.33232123455888996, 0.027590595832561807], 0, -1.0, [0.35755469347482066, 0.025233458915930693]
[0.35755469347482066, 0.025233458915930693], 0, -1.0, [0.3805936884024929, 0.02303899492767226]
[0.3805936884024929, 0.02303899492767226], 2, -1.0, [0.4035927445627586, 0.022999056160265697]
[0.4035927445627586, 0.022999056160265697], 2, -1.0, [0.4267110728067782, 0.023118328244019583]
[0.4267110728067782, 0.023118328244019583], 0, -1.0, [0.44811293209647635, 0.02140185928969813]
[0.44811293209647635, 0.02140185928969813], 2, -1.0, [0.46995347409419125, 0.021840541997714888]
[0.46995347409419125, 0.021840541997714888], 0, -1.0, [0.4903934108739717, 0.02043993677978043]
[0.4903934108739717, 0.02043993677978043], 0, -1.0, [0.5095847191002463, 0.019191308226274566]
