[-0.4721315785471095, 0.0], 0, -1.0, [-0.47351605063922153, -0.0013844720921120262]
[-0.47351605063922153, -0.0013844720921120262], 0, -1.0, [-0.47627473152135846, -0.002758680882136908]
[-0.47627473152135846, -0.002758680882136908], 0, -1.0, [-0.4803871516007383, -0.0041124200793798155]
[-0.4803871516007383, -0.0041124200793798155], 0, -1.0, [-0.4858227518975382, -0.005435600296799922]
[-0.4858227518975382, -0.005435600296799922], 0, -1.0, [-0.4925410663026941, -0.006718314405155906]
[-0.4925410663026941, -0.006718314405155906], 0, -1.0, [-0.5004919766498606, -0.007950910347166445]
[-0.5004919766498606, -0.007950910347166445], 0, -1.0, [-0.5096160492281047, -0.00912407257824412]
[-0.5096160492281047, -0.00912407257824412], 0, -1.0, [-0.5198449615009553, -0.010228912272850577]
[-0.5198449615009553, -0.010228912272850577], 0, -1.0, [-0.5311020267844659, -0.01125706528351066]
[-0.5311020267844659, -0.01125706528351066], 0, -1.0, [-0.5433028224362285, -0.012200795651762611]
[-0.5433028224362285, -0.012200795651762611], 0, -1.0, [-0.5563559237851343, -0.013053101348905822]
[-0.5563559237851343, -0.013053101348905822], 0, -1.0, [-0.570163741762803, -0.013807817977668772]
[-0.570163741762803, -0.013807817977668772], 0, -1.0, [-0.584623457261067, -0.014459715498263994]
[-0.584623457261067, -0.014459715498263994], 0, -1.0, [-0.5996280400029717, -0.01500458274190469]
[-0.5996280400029717, -0.01500458274190469], 0, -1.0, [-0.6150673346039306, -0.015439294600958978]
[-0.6150673346039306, -0.015439294600958978], 0, -1.0, [-0.630829191960846, -0.01576185735691538]
[-0.630829191960846, -0.01576185735691538], 0, -1.0, [-0.6468006205589998, -0.015971428598153804]
[-0.6468006205589998, -0.015971428598153804], 0, -1.0, [-0.6628689300740935, -0.01606830951509375]
[-0.6628689300740935, -0.01606830951509375], 0, -1.0, [-0.6789228390001564, -0.016053908926062864]
[-0.6789228390001564, -0.016053908926062864], 0, -1.0, [-0.6948535190413039, -0.015930680041147557]
[-0.6948535190413039, -0.015930680041147557], 0, -1.0, [-0.7105555516027583, -0.015702032561454457]
[-0.7105555516027583, -0.015702032561454457], 0, -1.0, [-0.7259277756979469, -0.015372224095188541]
[-0.7259277756979469, -0.015372224095188541], 0, -1.0, [-0.7408740116323529, -0.014946235934406074]
[-0.7408740116323529, -0.014946235934406074], 0, -1.0, [-0.755303650534351, -0.014429638901998087]
[-0.755303650534351, -0.014429638901998087], 0, -1.0, [-0.7691321057530186, -0.013828455218667554]
[-0.7691321057530186, -0.013828455218667554], 0, -1.0, [-0.7822811279243816, -0.013149022171363033]
[-0.7822811279243816, -0.013149022171363033], 0, -1.0, [-0.7946789907677951, -0.012397862843413538]
[-0.7946789907677951, -0.012397862843413538], 2, -1.0, [-0.8042605591429363, -0.009581568375141167]
[-0.8042605591429363, -0.009581568375141167], 2, -1.0, [-0.8109772105198371, -0.00671665137690077]
[-0.8109772105198371, -0.00671665137690077], 2, -1.0, [-0.8147957769293127, -0.003818566409475693]
[-0.8147957769293127, -0.003818566409475693], 2, -1.0, [-0.8156977443922111, -0.0009019674628983998]
[-0.8156977443922111, -0.0009019674628983998], 2, -1.0, [-0.8136787764315395, 0.002018967960671608]
[-0.8136787764315395, 0.002018967960671608], 2, -1.0, [-0.8087485992833826, 0.004930177148156889]
[-0.8087485992833826, 0.004930177148156889], 2, -1.0, [-0.8009312576574009, 0.00781734162598164]
[-0.8009312576574009, 0.00781734162598164], 2, -1.0, [-0.7902657212161065, 0.010665536441294426]
[-0.7902657212161065, 0.010665536441294426], 2, -1.0, [-0.7768067930899604, 0.013458928126146092]
[-0.7768067930899604, 0.013458928126146092], 2, -1.0, [-0.7606262427234948, 0.0161805503664656]
[-0.7606262427234948, 0.0161805503664656], 2, -1.0, [-0.7418140567546362, 0.018812185968858596]
[-0.7418140567546362, 0.018812185968858596], 2, -1.0, [-0.7204796749307033, 0.02133438182393285]
[-0.7204796749307033, 0.02133438182393285], 2, -1.0, [-0.6967530557270684, 0.023726619203634954]
[-0.6967530557270684, 0.023726619203634954], 2, -1.0, [-0.6707854017515188, 0.025967653975549544]
[-0.6707854017515188, 0.025967653975549544], 2, -1.0, [-0.6427493721536638, 0.028036029597855002]
[-0.6427493721536638, 0.028036029597855002], 2, -1.0, [-0.6128386219803723, 0.029910750173291506]
[-0.6128386219803723, 0.029910750173291506], 2, -1.0, [-0.5812665395490201, 0.03157208243135223]
[-0.5812665395490201, 0.03157208243135223], 2, -1.0, [-0.5482641031668537, 0.03300243638216634]
[-0.5482641031668537, 0.03300243638216634], 2, -1.0, [-0.514076845597549, 0.03418725756930479]
[-0.514076845597549, 0.03418725756930479], 2, -1.0, [-0.47896099279122556, 0.03511585280632338]
[-0.47896099279122556, 0.03511585280632338], 2, -1.0, [-0.44317892365305317, 0.0357820691381724]
[-0.44317892365305317, 0.0357820691381724], 2, -1.0, [-0.4069941692447883, 0.036184754408264845]
[-0.4069941692447883, 0.036184754408264845], 2, -1.0, [-0.3706662221070717, 0.03632794713771664]
[-0.3706662221070717, 0.03632794713771664], 2, -1.0, [-0.33444545103685375, 0.0362207710702179]
[-0.33444545103685375, 0.0362207710702179], 2, -1.0, [-0.29856840961568865, 0.03587704142116508]
[-0.29856840961568865, 0.03587704142116508], 2, -1.0, [-0.26325378928186294, 0.035314620333825715]
[-0.26325378928186294, 0.035314620333825715], 2, -1.0, [-0.2286992059698924, 0.03455458331197053]
[-0.2286992059698924, 0.03455458331197053], 2, -1.0, [-0.19507893302668813, 0.03362027294320427]
[-0.19507893302668813, 0.03362027294320427], 2, -1.0, [-0.16254261333900338, 0.03253631968768475]
[-0.16254261333900338, 0.03253631968768475], 2, -1.0, [-0.13121491058871004, 0.03132770275029334]
[-0.13121491058871004, 0.03132770275029334], 2, -1.0, [-0.10119600092556705, 0.030018909663143002]
[-0.10119600092556705, 0.030018909663143002], 2, -1.0, [-0.0725627662991665, 0.02863323462640055]
[-0.0725627662991665, 0.02863323462640055], 2, -1.0, [-0.04537052998017416, 0.02719223631899234]
[-0.04537052998017416, 0.02719223631899234], 2, -1.0, [-0.019655171435693865, 0.02571535854448029]
[-0.019655171435693865, 0.02571535854448029], 2, -1.0, [0.004564532014502645, 0.02421970345019651]
[0.004564532014502645, 0.02421970345019651], 2, -1.0, [0.027284469854252254, 0.02271993783974961]
[0.027284469854252254, 0.02271993783974961], 2, -1.0, [0.04851277799485269, 0.021228308140600435]
[0.04851277799485269, 0.021228308140600435], 1, -1.0, [0.06726751619217912, 0.018754738197326426]
[0.06726751619217912, 0.018754738197326426], 0, -1.0, [0.08257298720273269, 0.015305471010553573]
[0.08257298720273269, 0.015305471010553573], 0, -1.0, [0.09445477261713608, 0.011881785414403392]
[0.09445477261713608, 0.011881785414403392], 0, -1.0, [0.10293625739926363, 0.00848148478212754]
[0.10293625739926363, 0.00848148478212754], 0, -1.0, [0.1080360014602988, 0.005099744061035184]
[0.1080360014602988, 0.005099744061035184], 0, -1.0, [0.10976590759280119, 0.0017299061325023943]
[0.10976590759280119, 0.0017299061325023943], 0, -1.0, [0.10813013952966238, -0.001635768063138803]
[0.10813013952966238, -0.001635768063138803], 0, -1.0, [0.1031247584789374, -0.005005381050724978]
[0.1031247584789374, -0.005005381050724978], 0, -1.0, [0.09473806676290959, -0.008386691716027808]
[0.09473806676290959, -0.008386691716027808], 0, -1.0, [0.08295166932240124, -0.011786397440508361]
[0.08295166932240124, -0.011786397440508361], 0, -1.0, [0.06774228422667868, -0.015209385095722566]
[0.06774228422667868, -0.015209385095722566], 0, -1.0, [0.04908434813149175, -0.018657936095186928]
[0.04908434813149175, -0.018657936095186928], 0, -1.0, [0.02695346741925316, -0.02213088071223859]
[0.02695346741925316, -0.02213088071223859], 0, -1.0, [0.0013307552606000202, -0.025622712158653138]
[0.0013307552606000202, -0.025622712158653138], 0, -1.0, [-0.02779193697534699, -0.02912269223594701]
[-0.02779193697534699, -0.02912269223594701], 1, -1.0, [-0.05940594483653823, -0.03161400786119124]
[-0.05940594483653823, -0.03161400786119124], 0, -1.0, [-0.0944803556740979, -0.03507441083755968]
[-0.0944803556740979, -0.03507441083755968], 2, -1.0, [-0.13095501349161615, -0.036474657817518234]
[-0.13095501349161615, -0.036474657817518234], 2, -1.0, [-0.1687392113344209, -0.037784197842804755]
[-0.1687392113344209, -0.037784197842804755], 2, -1.0, [-0.20770987099072663, -0.03897065965630574]
[-0.20770987099072663, -0.03897065965630574], 0, -1.0, [-0.24971067079378592, -0.04200079980305929]
[-0.24971067079378592, -0.04200079980305929], 0, -1.0, [-0.294542171214784, -0.04483150042099809]
[-0.294542171214784, -0.04483150042099809], 0, -1.0, [-0.34195955129950806, -0.04741738008472406]
[-0.34195955129950806, -0.04741738008472406], 0, -1.0, [-0.39167280060571874, -0.04971324930621071]
[-0.39167280060571874, -0.04971324930621071], 0, -1.0, [-0.4433498651478818, -0.0516770645421631]
[-0.4433498651478818, -0.0516770645421631], 0, -1.0, [-0.4966229994115594, -0.05327313426367761]
[-0.4966229994115594, -0.05327313426367761], 0, -1.0, [-0.5510982312306545, -0.054475231819095034]
[-0.5510982312306545, -0.054475231819095034], 0, -1.0, [-0.6063674510038564, -0.05526921977320188]
[-0.6063674510038564, -0.05526921977320188], 0, -1.0, [-0.6620222650449827, -0.0556548140411264]
[-0.6620222650449827, -0.0556548140411264], 0, -1.0, [-0.7176684855220404, -0.05564622047705773]
[-0.7176684855220404, -0.05564622047705773], 0, -1.0, [-0.7729400298676388, -0.05527154434559832]
[-0.7729400298676388, -0.05527154434559832], 0, -1.0, [-0.8275110956154004, -0.054571065747761584]
[-0.8275110956154004, -0.054571065747761584], 2, -1.0, [-0.8791057398631009, -0.05159464424770059]
[-0.8791057398631009, -0.05159464424770059], 0, -1.0, [-0.9295115721230875, -0.05040583225998657]
[-0.9295115721230875, -0.05040583225998657], 0, -1.0, [-0.9785716049768517, -0.04906003285376413]
[-0.9785716049768517, -0.04906003285376413], 0, -1.0, [-1.0261844330601477, -0.04761282808329609]
[-1.0261844330601477, -0.04761282808329609], 0, -1.0, [-1.0723022269488798, -0.046117793888731946]
[-1.0723022269488798, -0.046117793888731946], 0, -1.0, [-1.1169271077401761, -0.04462488079129641]
[-1.1169271077401761, -0.04462488079129641], 0, -1.0, [-1.1601064892248343, -0.043179381484658164]
[-1.1601064892248343, -0.043179381484658164], 0, -1.0, [-1.2, 0.0]
[-1.2, 0.0], 2, -1.0, [-1.1967581039591646, 0.003241896040835368]
[-1.1967581039591646, 0.003241896040835368], 2, -1.0, [-1.1902636585360942, 0.006494445423070332]
[-1.1902636585360942, 0.006494445423070332], 2, -1.0, [-1.1804959639787937, 0.009767694557300442]
[-1.1804959639787937, 0.009767694557300442], 2, -1.0, [-1.1674255149588486, 0.013070449019945182]
[-1.1674255149588486, 0.013070449019945182], 2, -1.0, [-1.1510159267200155, 0.016409588238833067]
[-1.1510159267200155, 0.016409588238833067], 2, -1.0, [-1.1312266168239755, 0.019789309896040046]
[-1.1312266168239755, 0.019789309896040046], 2, -1.0, [-1.108016322100852, 0.02321029472312345]
[-1.108016322100852, 0.02321029472312345], 2, -1.0, [-1.081347524946184, 0.02666879715466819]
[-1.081347524946184, 0.02666879715466819], 2, -1.0, [-1.0511918363028878, 0.03015568864329602]
[-1.0511918363028878, 0.03015568864329602], 2, -1.0, [-1.0175363271434712, 0.0336555091594167]
[-1.0175363271434712, 0.0336555091594167], 2, -1.0, [-0.9803907090723114, 0.03714561807115983]
[-0.9803907090723114, 0.03714561807115983], 2, -1.0, [-0.9397951336374217, 0.04059557543488971]
[-0.9397951336374217, 0.04059557543488971], 2, -1.0, [-0.8958282112564235, 0.043966922380998245]
[-0.8958282112564235, 0.043966922380998245], 2, -1.0, [-0.8486146572192776, 0.04721355403714586]
[-0.8486146572192776, 0.04721355403714586], 2, -1.0, [-0.7983317816221248, 0.05028287559715283]
[-0.7983317816221248, 0.05028287559715283], 2, -1.0, [-0.7452138959379592, 0.0531178856841656]
[-0.7452138959379592, 0.0531178856841656], 2, -1.0, [-0.6895536666604415, 0.0556602292775177]
[-0.6895536666604415, 0.0556602292775177], 2, -1.0, [-0.6316995610792892, 0.057854105581152386]
[-0.6316995610792892, 0.057854105581152386], 2, -1.0, [-0.5720488365336812, 0.05965072454560789]
[-0.5720488365336812, 0.05965072454560789], 2, -1.0, [-0.5110360146660762, 0.061012821867605024]
[-0.5110360146660762, 0.061012821867605024], 2, -1.0, [-0.44911739120176025, 0.061918623464315904]
[-0.44911739120176025, 0.061918623464315904], 1, -1.0, [-0.38775274139346727, 0.061364649808292995]
[-0.38775274139346727, 0.061364649808292995], 1, -1.0, [-0.3273789672475157, 0.06037377414595155]
[-0.3273789672475157, 0.06037377414595155], 1, -1.0, [-0.2683933095642128, 0.058985657683302876]
[-0.2683933095642128, 0.058985657683302876], 2, -1.0, [-0.2101401056951295, 0.05825320386908331]
[-0.2101401056951295, 0.05825320386908331], 2, -1.0, [-0.1529063513493868, 0.05723375434574272]
[-0.1529063513493868, 0.05723375434574272], 1, -1.0, [-0.09791414809306656, 0.05499220325632024]
[-0.09791414809306656, 0.05499220325632024], 2, -1.0, [-0.044314862354798534, 0.05359928573826803]
[-0.044314862354798534, 0.05359928573826803], 1, -1.0, [0.006806483692131354, 0.05112134604692989]
[0.006806483692131354, 0.05112134604692989], 1, -1.0, [0.05542835091342988, 0.04862186722129853]
[0.05542835091342988, 0.04862186722129853], 1, -1.0, [0.10158470196465257, 0.046156351051222684]
[0.10158470196465257, 0.046156351051222684], 1, -1.0, [0.14535625110574477, 0.0437715491410922]
[0.14535625110574477, 0.0437715491410922], 1, -1.0, [0.18686175239510694, 0.04150550128936218]
[0.18686175239510694, 0.04150550128936218], 1, -1.0, [0.2262498934709975, 0.03938814107589055]
[0.2262498934709975, 0.03938814107589055], 0, -1.0, [0.2626921387894108, 0.036442245318413266]
[0.2626921387894108, 0.036442245318413266], 0, -1.0, [0.2963713580164178, 0.033679219227007014]
[0.2963713580164178, 0.033679219227007014], 0, -1.0, [0.327475326724653, 0.031103968708235223]
[0.327475326724653, 0.031103968708235223], 0, -1.0, [0.3561917800842799, 0.028716453359626873]
[0.3561917800842799, 0.028716453359626873], 0, -1.0, [0.3827047998098789, 0.02651301972559904]
[0.3827047998098789, 0.02651301972559904], 0, -1.0, [0.4071922999807669, 0.024487500170887962]
[0.4071922999807669, 0.024487500170887962], 0, -1.0, [0.42982438901677483, 0.022632089036007958]
[0.42982438901677483, 0.022632089036007958], 2, -1.0, [0.452762410462417, 0.022938021445642182]
[0.452762410462417, 0.022938021445642182], 0, -1.0, [0.4741731488731532, 0.021410738410736232]
[0.4741731488731532, 0.021410738410736232], 2, -1.0, [0.49621455193284214, 0.022041403059688935]
[0.49621455193284214, 0.022041403059688935], 0, -1.0, [0.5170508042593505, 0.020836252326508355]
