[-0.4550267516617005, 0.0], 0, -1.0, [-0.45653742212576426, -0.0015106704640638026]
[-0.45653742212576426, -0.0015106704640638026], 0, -1.0, [-0.4595476667130737, -0.00301024458730942]
[-0.4595476667130737, -0.00301024458730942], 0, -1.0, [-0.4640353438788482, -0.004487677165774523]
[-0.4640353438788482, -0.004487677165774523], 0, -1.0, [-0.4699673732331208, -0.005932029354272637]
[-0.4699673732331208, -0.005932029354272637], 0, -1.0, [-0.4772999049084994, -0.007332531675378586]
[-0.4772999049084994, -0.007332531675378586], 0, -1.0, [-0.4859785626777345, -0.008678657769235112]
[-0.4859785626777345, -0.008678657769235112], 0, -1.0, [-0.4959387734397918, -0.009960210762057305]
[-0.4959387734397918, -0.009960210762057305], 0, -1.0, [-0.5071061962275335, -0.01116742278774166]
[-0.5071061962275335, -0.01116742278774166], 0, -1.0, [-0.5193972628984801, -0.01229106667094655]
[-0.5193972628984801, -0.01229106667094655], 0, -1.0, [-0.532719840080291, -0.013322577181810909]
[-0.532719840080291, -0.013322577181810909], 0, -1.0, [-0.5469740178148493, -0.014254177734558319]
[-0.5469740178148493, -0.014254177734558319], 0, -1.0, [-0.5620530248855838, -0.015079007070734517]
[-0.5620530248855838, -0.015079007070734517], 0, -1.0, [-0.5778442643746428, -0.01579123948905897]
[-0.5778442643746428, -0.01579123948905897], 0, -1.0, [-0.5942304560613119, -0.016386191686669074]
[-0.5942304560613119, -0.016386191686669074], 0, -1.0, [-0.6110908654142526, -0.016860409352940708]
[-0.6110908654142526, -0.016860409352940708], 0, -1.0, [-0.6283025927591257, -0.01721172734487314]
[-0.6283025927591257, -0.01721172734487314], 0, -1.0, [-0.6457418913031916, -0.017439298544065843]
[-0.6457418913031916, -0.017439298544065843], 0, -1.0, [-0.6632854795560187, -0.017543588252827137]
[-0.6632854795560187, -0.017543588252827137], 0, -1.0, [-0.6808118126297795, -0.01752633307376089]
[-0.6808118126297795, -0.01752633307376089], 0, -1.0, [-0.6982022780640004, -0.01739046543422083]
[-0.6982022780640004, -0.01739046543422083], 0, -1.0, [-0.7153422851134522, -0.01714000704945184]
[-0.7153422851134522, -0.01714000704945184], 0, -1.0, [-0.7321222215778737, -0.016779936464421465]
[-0.7321222215778737, -0.016779936464421465], 0, -1.0, [-0.7484382587903262, -0.016316037212452568]
[-0.7484382587903262, -0.016316037212452568], 0, -1.0, [-0.7641929927664664, -0.015754733976140106]
[-0.7641929927664664, -0.015754733976140106], 2, -1.0, [-0.7772959171646953, -0.013102924398228931]
[-0.7772959171646953, -0.013102924398228931], 2, -1.0, [-0.7876745612165387, -0.010378644051843456]
[-0.7876745612165387, -0.010378644051843456], 2, -1.0, [-0.7952734072090393, -0.007598845992500591]
[-0.7952734072090393, -0.007598845992500591], 2, -1.0, [-0.8000528982337849, -0.00477949102474563]
[-0.8000528982337849, -0.00477949102474563], 2, -1.0, [-0.8019886370118224, -0.0019357387780375192]
[-0.8019886370118224, -0.0019357387780375192], 2, -1.0, [-0.8010708499842971, 0.000917787027525368]
[-0.8010708499842971, 0.000917787027525368], 2, -1.0, [-0.7973041632920383, 0.0037666866922587746]
[-0.7973041632920383, 0.0037666866922587746], 2, -1.0, [-0.7907077094891406, 0.006596453802897713]
[-0.7907077094891406, 0.006596453802897713], 2, -1.0, [-0.7813155560591483, 0.009392153429992283]
[-0.7813155560591483, 0.009392153429992283], 2, -1.0, [-0.7691774190188284, 0.012138137040319887]
[-0.7691774190188284, 0.012138137040319887], 2, -1.0, [-0.7543595972008749, 0.014817821817953547]
[-0.7543595972008749, 0.014817821817953547], 2, -1.0, [-0.7369460357216339, 0.017413561479241033]
[-0.7369460357216339, 0.017413561479241033], 2, -1.0, [-0.7170394018606461, 0.019906633860987767]
[-0.7170394018606461, 0.019906633860987767], 2, -1.0, [-0.6947620351297055, 0.02227736673094055]
[-0.6947620351297055, 0.02227736673094055], 2, -1.0, [-0.6702566185158692, 0.024505416613836276]
[-0.6702566185158692, 0.024505416613836276], 2, -1.0, [-0.6436864131145035, 0.026570205401365666]
[-0.6436864131145035, 0.026570205401365666], 2, -1.0, [-0.6152349070128471, 0.02845150610165637]
[-0.6152349070128471, 0.02845150610165637], 2, -1.0, [-0.5851047539808689, 0.030130153031978153]
[-0.5851047539808689, 0.030130153031978153], 2, -1.0, [-0.5535159192660043, 0.031588834714864594]
[-0.5535159192660043, 0.031588834714864594], 2, -1.0, [-0.5207030070925094, 0.03281291217349492]
[-0.5207030070925094, 0.03281291217349492], 2, -1.0, [-0.486911812909632, 0.03379119418287741]
[-0.486911812909632, 0.03379119418287741], 2, -1.0, [-0.4523952157784999, 0.03451659713113207]
[-0.4523952157784999, 0.03451659713113207], 1, -1.0, [-0.41840859337102404, 0.03398662240747587]
[-0.41840859337102404, 0.03398662240747587], 0, -1.0, [-0.38619786819977564, 0.03221072517124842]
[-0.38619786819977564, 0.03221072517124842], 0, -1.0, [-0.35598871433282814, 0.03020915386694751]
[-0.35598871433282814, 0.03020915386694751], 0, -1.0, [-0.3279843288037592, 0.0280043855290689]
[-0.3279843288037592, 0.0280043855290689], 0, -1.0, [-0.3023642814208308, 0.025620047382928366]
[-0.3023642814208308, 0.025620047382928366], 0, -1.0, [-0.279284329945481, 0.0230799514753498]
[-0.279284329945481, 0.0230799514753498], 2, -1.0, [-0.2568770285765675, 0.022407301368913488]
[-0.2568770285765675, 0.022407301368913488], 0, -1.0, [-0.23726340522181458, 0.01961362335475295]
[-0.23726340522181458, 0.01961362335475295], 0, -1.0, [-0.22054276621296057, 0.01672063900885402]
[-0.22054276621296057, 0.01672063900885402], 0, -1.0, [-0.20679460932242583, 0.01374815689053475]
[-0.20679460932242583, 0.01374815689053475], 0, -1.0, [-0.19608059087981994, 0.010714018442605881]
[-0.19608059087981994, 0.010714018442605881], 0, -1.0, [-0.1884463664457128, 0.007634224434107144]
[-0.1884463664457128, 0.007634224434107144], 0, -1.0, [-0.18392315949340465, 0.00452320695230814]
[-0.18392315949340465, 0.00452320695230814], 0, -1.0, [-0.18252894830131858, 0.0013942111920860769]
[-0.18252894830131858, 0.0013942111920860769], 0, -1.0, [-0.1842691955190479, -0.0017402472177293414]
[-0.1842691955190479, -0.0017402472177293414], 0, -1.0, [-0.18913707692258178, -0.00486788140353386]
[-0.18913707692258178, -0.00486788140353386], 0, -1.0, [-0.19711319616449838, -0.007976119241916596]
[-0.19711319616449838, -0.007976119241916596], 0, -1.0, [-0.20816480200376059, -0.011051605839262199]
[-0.20816480200376059, -0.011051605839262199], 0, -1.0, [-0.22224455493678602, -0.014079752933025432]
[-0.22224455493678602, -0.014079752933025432], 0, -1.0, [-0.23928892244327205, -0.017044367506486014]
[-0.23928892244327205, -0.017044367506486014], 0, -1.0, [-0.2592163165457203, -0.01992739410244828]
[-0.2592163165457203, -0.01992739410244828], 0, -1.0, [-0.28192512319081475, -0.022708806645094448]
[-0.28192512319081475, -0.022708806645094448], 0, -1.0, [-0.3072918076583757, -0.025366684467560983]
[-0.3072918076583757, -0.025366684467560983], 0, -1.0, [-0.33516930963234276, -0.02787750197396702]
[-0.33516930963234276, -0.02787750197396702], 0, -1.0, [-0.3653859600346062, -0.030216650402263446]
[-0.3653859600346062, -0.030216650402263446], 0, -1.0, [-0.39774515266328975, -0.03235919262868353]
[-0.39774515266328975, -0.03235919262868353], 0, -1.0, [-0.43202598087549166, -0.03428082821220193]
[-0.43202598087549166, -0.03428082821220193], 0, -1.0, [-0.4679849988177423, -0.035959017942250635]
[-0.4679849988177423, -0.035959017942250635], 0, -1.0, [-0.5053591876939002, -0.03737418887615792]
[-0.5053591876939002, -0.03737418887615792], 0, -1.0, [-0.5438701052246397, -0.038510917530739534]
[-0.5438701052246397, -0.038510917530739534], 0, -1.0, [-0.5832290814787222, -0.03935897625408241]
[-0.5832290814787222, -0.03935897625408241], 0, -1.0, [-0.6231432119831616, -0.039914130504439344]
[-0.6231432119831616, -0.039914130504439344], 0, -1.0, [-0.6633218067839983, -0.04017859480083669]
[-0.6633218067839983, -0.04017859480083669], 0, -1.0, [-0.7034828975325765, -0.04016109074857819]
[-0.7034828975325765, -0.04016109074857819], 0, -1.0, [-0.7433593938018455, -0.03987649626926888]
[-0.7433593938018455, -0.03987649626926888], 0, -1.0, [-0.7827045166595111, -0.03934512285766566]
[-0.7827045166595111, -0.03934512285766566], 0, -1.0, [-0.8212962153464817, -0.03859169868697056]
[-0.8212962153464817, -0.03859169868697056], 0, -1.0, [-0.8589403781034521, -0.0376441627569705]
[-0.8589403781034521, -0.0376441627569705], 0, -1.0, [-0.8954727635840014, -0.03653238548054921]
[-0.8954727635840014, -0.03653238548054921], 0, -1.0, [-0.9307596880929802, -0.035286924508978794]
[-0.9307596880929802, -0.035286924508978794], 0, -1.0, [-0.9646975929513291, -0.033937904858348855]
[-0.9646975929513291, -0.033937904858348855], 2, -1.0, [-0.9952116779751727, -0.030514085023843635]
[-0.9952116779751727, -0.030514085023843635], 2, -1.0, [-1.0222561048981234, -0.02704442692295056]
[-1.0222561048981234, -0.02704442692295056], 2, -1.0, [-1.0458075269086684, -0.023551422010544946]
[-1.0458075269086684, -0.023551422010544946], 2, -1.0, [-1.0658589706560664, -0.02005144374739806]
[-1.0658589706560664, -0.02005144374739806], 2, -1.0, [-1.0824143311767789, -0.0165553605207124]
[-1.0824143311767789, -0.0165553605207124], 2, -1.0, [-1.0954836312170937, -0.013069300040314875]
[-1.0954836312170937, -0.013069300040314875], 2, -1.0, [-1.1050791153094892, -0.009595484092395423]
[-1.1050791153094892, -0.009595484092395423], 2, -1.0, [-1.1112121953905751, -0.0061330800810859756]
[-1.1112121953905751, -0.0061330800810859756], 2, -1.0, [-1.1138912350484165, -0.002679039657841414]
[-1.1138912350484165, -0.002679039657841414], 2, -1.0, [-1.1131201485258484, 0.0007710865225680221]
[-1.1131201485258484, 0.0007710865225680221], 2, -1.0, [-1.108897792985702, 0.004222355540146298]
[-1.108897792985702, 0.004222355540146298], 2, -1.0, [-1.101218143151651, 0.007679649834050969]
[-1.101218143151651, 0.007679649834050969], 2, -1.0, [-1.0900712515504405, 0.0111468916012106]
[-1.0900712515504405, 0.0111468916012106], 2, -1.0, [-1.075445010690778, 0.014626240859662468]
[-1.075445010690778, 0.014626240859662468], 2, -1.0, [-1.0573277410488473, 0.01811726964193073]
[-1.0573277410488473, 0.01811726964193073], 2, -1.0, [-1.0357116258014614, 0.021616115247385975]
[-1.0357116258014614, 0.021616115247385975], 2, -1.0, [-1.0105969945801545, 0.02511463122130689]
[-1.0105969945801545, 0.02511463122130689], 2, -1.0, [-0.9819974187319602, 0.02859957584819425]
[-0.9819974187319602, 0.02859957584819425], 2, -1.0, [-0.9499455149942375, 0.032051903737722695]
[-0.9499455149942375, 0.032051903737722695], 2, -1.0, [-0.9144992606689274, 0.0354462543253101]
[-0.9144992606689274, 0.0354462543253101], 2, -1.0, [-0.8757485033086108, 0.03875075736031665]
[-0.8757485033086108, 0.03875075736031665], 2, -1.0, [-0.8338212107200355, 0.041927292588575284]
[-0.8338212107200355, 0.041927292588575284], 2, -1.0, [-0.7888888713809632, 0.04493233933907229]
[-0.7888888713809632, 0.04493233933907229], 2, -1.0, [-0.7411703500831663, 0.04771852129779686]
[-0.7411703500831663, 0.04771852129779686], 2, -1.0, [-0.6909334654843334, 0.050236884598832944]
[-0.6909334654843334, 0.050236884598832944], 2, -1.0, [-0.6384936226073635, 0.05243984287696989]
[-0.6384936226073635, 0.05243984287696989], 2, -1.0, [-0.5842090302560702, 0.05428459235129337]
[-0.5842090302560702, 0.05428459235129337], 2, -1.0, [-0.5284723617598232, 0.05573666849624699]
[-0.5284723617598232, 0.05573666849624699], 2, -1.0, [-0.4716991426696131, 0.05677321909021004]
[-0.4716991426696131, 0.05677321909021004], 2, -1.0, [-0.4143136000333785, 0.05738554263623458]
[-0.4143136000333785, 0.05738554263623458], 2, -1.0, [-0.3567330912028935, 0.05758050883048506]
[-0.3567330912028935, 0.05758050883048506], 2, -1.0, [-0.29935245591387544, 0.05738063528901804]
[-0.29935245591387544, 0.05738063528901804], 2, -1.0, [-0.2425296469011457, 0.056822809012729736]
[-0.2425296469011457, 0.056822809012729736], 2, -1.0, [-0.18657378813115266, 0.055955858769993025]
[-0.18657378813115266, 0.055955858769993025], 2, -1.0, [-0.1317364370749357, 0.05483735105621694]
[-0.1317364370749357, 0.05483735105621694], 2, -1.0, [-0.07820637601739777, 0.05353006105753794]
[-0.07820637601739777, 0.05353006105753794], 2, -1.0, [-0.0261078223452443, 0.05209855367215347]
[-0.0261078223452443, 0.05209855367215347], 2, -1.0, [0.02449839561447821, 0.05060621795972251]
[0.02449839561447821, 0.05060621795972251], 0, -1.0, [0.07161136246362378, 0.047112966849145566]
[0.07161136246362378, 0.047112966849145566], 0, -1.0, [0.11528179986829792, 0.04367043740467414]
[0.11528179986829792, 0.04367043740467414], 1, -1.0, [0.15660026426044776, 0.04131846439214983]
[0.15660026426044776, 0.04131846439214983], 1, -1.0, [0.19568958243079326, 0.03908931817034551]
[0.19568958243079326, 0.03908931817034551], 1, -1.0, [0.23269748074688817, 0.037007898316094905]
[0.23269748074688817, 0.037007898316094905], 0, -1.0, [0.2667902048693763, 0.03409272412248815]
[0.2667902048693763, 0.03409272412248815], 0, -1.0, [0.298141826994718, 0.03135162212534166]
[0.298141826994718, 0.03135162212534166], 0, -1.0, [0.32692853172484276, 0.02878670473012478]
[0.32692853172484276, 0.02878670473012478], 0, -1.0, [0.3533243116044159, 0.026395779879573124]
[0.3533243116044159, 0.026395779879573124], 0, -1.0, [0.37749785225362525, 0.02417354064920934]
[0.37749785225362525, 0.02417354064920934], 2, -1.0, [0.4016103847011086, 0.024112532447483345]
[0.4016103847011086, 0.024112532447483345], 0, -1.0, [0.4238282903515364, 0.022217905650427784]
[0.4238282903515364, 0.022217905650427784], 2, -1.0, [0.44630904013895023, 0.022480749787413844]
[0.44630904013895023, 0.022480749787413844], 0, -1.0, [0.46721529715725885, 0.020906257018308633]
[0.46721529715725885, 0.020906257018308633], 0, -1.0, [0.4867006917502946, 0.019485394593035762]
[0.4867006917502946, 0.019485394593035762], 2, -1.0, [0.5069099155186262, 0.02020922376833158]
