[-0.4088353123856192, 0.0], 0, -1.0, [-0.41067913437377507, -0.0018438219881558606]
[-0.41067913437377507, -0.0018438219881558606], 0, -1.0, [-0.414353748374716, -0.0036746140009409458]
[-0.414353748374716, -0.0036746140009409458], 0, -1.0, [-0.4198331111017474, -0.005479362727031449]
[-0.4198331111017474, -0.005479362727031449], 0, -1.0, [-0.4270782077036631, -0.007245096601915663]
[-0.4270782077036631, -0.007245096601915663], 0, -1.0, [-0.43603713481280754, -0.008958927109144395]
[-0.43603713481280754, -0.008958927109144395], 0, -1.0, [-0.4466452476824781, -0.01060811286967058]
[-0.4466452476824781, -0.01060811286967058], 0, -1.0, [-0.4588253989533641, -0.01218015127088603]
[-0.4588253989533641, -0.01218015127088603], 0, -1.0, [-0.47248829898747274, -0.013662900034108645]
[-0.47248829898747274, -0.013662900034108645], 0, -1.0, [-0.4875330273180411, -0.015044728330568372]
[-0.4875330273180411, -0.015044728330568372], 0, -1.0, [-0.5038477213084557, -0.016314693990414544]
[-0.5038477213084557, -0.016314693990414544], 0, -1.0, [-0.5213104615403675, -0.01746274023191188]
[-0.5213104615403675, -0.01746274023191188], 0, -1.0, [-0.5397903639929112, -0.018479902452543728]
[-0.5397903639929112, -0.018479902452543728], 0, -1.0, [-0.559148877282086, -0.019358513289174657]
[-0.559148877282086, -0.019358513289174657], 0, -1.0, [-0.5792412699676049, -0.020092392685518993]
[-0.5792412699676049, -0.020092392685518993], 0, -1.0, [-0.5999182793295835, -0.020677009361978593]
[-0.5999182793295835, -0.020677009361978593], 0, -1.0, [-0.6210278803480028, -0.0211096010184193]
[-0.6210278803480028, -0.0211096010184193], 0, -1.0, [-0.642417123166319, -0.021389242818316268]
[-0.642417123166319, -0.021389242818316268], 0, -1.0, [-0.6639339802034188, -0.021516857037099667]
[-0.6639339802034188, -0.021516857037099667], 0, -1.0, [-0.6854291410865632, -0.02149516088314438]
[-0.6854291410865632, -0.02149516088314438], 0, -1.0, [-0.7067576950598272, -0.02132855397326404]
[-0.7067576950598272, -0.02132855397326404], 0, -1.0, [-0.7277806463303618, -0.021022951270534565]
[-0.7277806463303618, -0.021022951270534565], 0, -1.0, [-0.748366217331627, -0.02058557100126524]
[-0.748366217331627, -0.02058557100126524], 0, -1.0, [-0.7683909071200886, -0.020024689788461572]
[-0.7683909071200886, -0.020024689788461572], 0, -1.0, [-0.7877402858695794, -0.019349378749490886]
[-0.7877402858695794, -0.019349378749490886], 0, -1.0, [-0.8063095204251947, -0.01856923455561526]
[-0.8063095204251947, -0.01856923455561526], 2, -1.0, [-0.8220036389766717, -0.015694118551477034]
[-0.8220036389766717, -0.015694118551477034], 2, -1.0, [-0.8347468992947169, -0.01274326031804515]
[-0.8347468992947169, -0.01274326031804515], 2, -1.0, [-0.8444809737532231, -0.0097340744585062]
[-0.8444809737532231, -0.0097340744585062], 2, -1.0, [-0.8511632817808467, -0.0066823080276235645]
[-0.8511632817808467, -0.0066823080276235645], 2, -1.0, [-0.8547656030419851, -0.003602321261138421]
[-0.8547656030419851, -0.003602321261138421], 2, -1.0, [-0.8552730704736863, -0.0005074674317011164]
[-0.8552730704736863, -0.0005074674317011164], 2, -1.0, [-0.8526836093386502, 0.002589461135036085]
[-0.8526836093386502, 0.002589461135036085], 2, -1.0, [-0.8470078571979398, 0.0056757521407103245]
[-0.8470078571979398, 0.0056757521407103245], 2, -1.0, [-0.8382695696736869, 0.008738287524252833]
[-0.8382695696736869, 0.008738287524252833], 2, -1.0, [-0.826506487028112, 0.011763082645574895]
[-0.826506487028112, 0.011763082645574895], 2, -1.0, [-0.8117716058190309, 0.014734881209081199]
[-0.8117716058190309, 0.014734881209081199], 2, -1.0, [-0.7941347674870987, 0.017636838331932244]
[-0.7941347674870987, 0.017636838331932244], 2, -1.0, [-0.7736844418195628, 0.020450325667535952]
[-0.7736844418195628, 0.020450325667535952], 2, -1.0, [-0.750529549200596, 0.02315489261896678]
[-0.750529549200596, 0.02315489261896678], 2, -1.0, [-0.7248011342975579, 0.02572841490303815]
[-0.7248011342975579, 0.02572841490303815], 2, -1.0, [-0.6966536797894411, 0.02814745450811675]
[-0.6966536797894411, 0.02814745450811675], 2, -1.0, [-0.6662658375659724, 0.030387842223468787]
[-0.6662658375659724, 0.030387842223468787], 2, -1.0, [-0.6338403625491735, 0.0324254750167988]
[-0.6338403625491735, 0.0324254750167988], 2, -1.0, [-0.5996030660381648, 0.034237296511008736]
[-0.5996030660381648, 0.034237296511008736], 2, -1.0, [-0.5638006638414441, 0.035802402196720755]
[-0.5638006638414441, 0.035802402196720755], 2, -1.0, [-0.5266974779085509, 0.03710318593289318]
[-0.5266974779085509, 0.03710318593289318], 2, -1.0, [-0.48857105204305745, 0.03812642586549348]
[-0.48857105204305745, 0.03812642586549348], 2, -1.0, [-0.449706850880251, 0.03886420116280649]
[-0.449706850880251, 0.03886420116280649], 2, -1.0, [-0.4103923114664943, 0.0393145394137567]
[-0.4103923114664943, 0.0393145394137567], 2, -1.0, [-0.3709105926737368, 0.03948171879275747]
[-0.3709105926737368, 0.03948171879275747], 2, -1.0, [-0.3315344064075666, 0.03937618626617025]
[-0.3315344064075666, 0.03937618626617025], 2, -1.0, [-0.29252030926654815, 0.039014097141018424]
[-0.29252030926654815, 0.039014097141018424], 2, -1.0, [-0.25410378496272834, 0.03841652430381981]
[-0.25410378496272834, 0.03841652430381981], 2, -1.0, [-0.21649536499401323, 0.03760841996871512]
[-0.21649536499401323, 0.03760841996871512], 2, -1.0, [-0.17987793177965777, 0.03661743321435546]
[-0.17987793177965777, 0.03661743321435546], 2, -1.0, [-0.14440524082241302, 0.03547269095724475]
[-0.14440524082241302, 0.03547269095724475], 2, -1.0, [-0.11020160114375638, 0.03420363967865664]
[-0.11020160114375638, 0.03420363967865664], 2, -1.0, [-0.07736257693554924, 0.032839024208207133]
[-0.07736257693554924, 0.032839024208207133], 2, -1.0, [-0.0459565235216719, 0.03140605341387734]
[-0.0459565235216719, 0.03140605341387734], 2, -1.0, [-0.01602674769676, 0.029929775824911898]
[-0.01602674769676, 0.029929775824911898], 2, -1.0, [0.012405917208747431, 0.028432664905507433]
[0.012405917208747431, 0.028432664905507433], 2, -1.0, [0.03934031336569766, 0.02693439615695023]
[0.03934031336569766, 0.02693439615695023], 2, -1.0, [0.06479210049996474, 0.02545178713426708]
[0.06479210049996474, 0.02545178713426708], 2, -1.0, [0.0887909668076686, 0.02399886630770385]
[0.0887909668076686, 0.02399886630770385], 2, -1.0, [0.11137800307507392, 0.02258703626740532]
[0.11137800307507392, 0.02258703626740532], 2, -1.0, [0.13260330267613005, 0.021225299601056128]
[0.13260330267613005, 0.021225299601056128], 2, -1.0, [0.15252382316125812, 0.019920520485128067]
[0.15252382316125812, 0.019920520485128067], 2, -1.0, [0.17120152365728383, 0.018677700496025712]
[0.17120152365728383, 0.018677700496025712], 2, -1.0, [0.18870177622287398, 0.017500252565590145]
[0.18870177622287398, 0.017500252565590145], 2, -1.0, [0.20509203810307872, 0.01639026188020474]
[0.20509203810307872, 0.01639026188020474], 2, -1.0, [0.22044076471012353, 0.01534872660704482]
[0.22044076471012353, 0.01534872660704482], 2, -1.0, [0.23481653926645957, 0.01437577455633603]
[0.23481653926645957, 0.01437577455633603], 2, -1.0, [0.24828739356610727, 0.013470854299647698]
[0.24828739356610727, 0.013470854299647698], 2, -1.0, [0.26092029453325166, 0.012632900967144369]
[0.26092029453325166, 0.012632900967144369], 2, -1.0, [0.2727807726043842, 0.011860478071132576]
[0.2727807726043842, 0.011860478071132576], 2, -1.0, [0.2839326699834934, 0.01115189737910919]
[0.2839326699834934, 0.01115189737910919], 2, -1.0, [0.2944379891872047, 0.010505319203711273]
[0.2944379891872047, 0.010505319203711273], 2, -1.0, [0.30435682477462717, 0.009918835587422448]
[0.30435682477462717, 0.009918835587422448], 2, -1.0, [0.3137473635890524, 0.009390538814425241]
[0.3137473635890524, 0.009390538814425241], 2, -1.0, [0.32266594112880453, 0.00891857753975214]
[0.32266594112880453, 0.00891857753975214], 2, -1.0, [0.3311671437588563, 0.00850120263005179]
[0.3311671437588563, 0.00850120263005179], 2, -1.0, [0.3393039483499522, 0.008136804591095899]
[0.3393039483499522, 0.008136804591095899], 2, -1.0, [0.34712789258479076, 0.007823944234838549]
[0.34712789258479076, 0.007823944234838549], 2, -1.0, [0.35468927061094546, 0.007561378026154695]
[0.35468927061094546, 0.007561378026154695], 2, -1.0, [0.36203734996461745, 0.007348079353671976]
[0.36203734996461745, 0.007348079353671976], 2, -1.0, [0.3692206067585376, 0.0071832567939201335]
[0.3692206067585376, 0.0071832567939201335], 2, -1.0, [0.3762869770428603, 0.007066370284322727]
[0.3762869770428603, 0.007066370284322727], 2, -1.0, [0.38328412303046194, 0.006997145987601647]
[0.38328412303046194, 0.006997145987601647], 2, -1.0, [0.3902597135465585, 0.006975590516096521]
[0.3902597135465585, 0.006975590516096521], 2, -1.0, [0.39726171863328413, 0.007002005086725644]
[0.39726171863328413, 0.007002005086725644], 2, -1.0, [0.40433871872600385, 0.007077000092719695]
[0.40433871872600385, 0.007077000092719695], 2, -1.0, [0.4115402292292931, 0.007201510503289286]
[0.4115402292292931, 0.007201510503289286], 2, -1.0, [0.41891704166230537, 0.007376812433012235]
[0.41891704166230537, 0.007376812433012235], 2, -1.0, [0.42652158281661384, 0.007604541154308481]
[0.42652158281661384, 0.007604541154308481], 2, -1.0, [0.43440829357005023, 0.007886710753436402]
[0.43440829357005023, 0.007886710753436402], 2, -1.0, [0.44263402911640676, 0.008225735546356522]
[0.44263402911640676, 0.008225735546356522], 2, -1.0, [0.45125848238373234, 0.008624453267325609]
[0.45125848238373234, 0.008624453267325609], 2, -1.0, [0.4603446322935232, 0.00908614990979086]
[0.4603446322935232, 0.00908614990979086], 2, -1.0, [0.46995921821626685, 0.00961458592274368]
[0.46995921821626685, 0.00961458592274368], 2, -1.0, [0.4801732414453485, 0.010214023229081666]
[0.4801732414453485, 0.010214023229081666], 2, -1.0, [0.4910624936591426, 0.010889252213794122]
[0.4910624936591426, 0.010889252213794122], 2, -1.0, [0.5027081110600916, 0.011645617400948945]
