[-0.49197472154089317, 0.0], 0, -1.0, [-0.4932115463070594, -0.0012368247661662358]
[-0.4932115463070594, -0.0012368247661662358], 0, -1.0, [-0.495675959759486, -0.0024644134524265697]
[-0.495675959759486, -0.0024644134524265697], 0, -1.0, [-0.49934954949329086, -0.0036735897338048724]
[-0.49934954949329086, -0.0036735897338048724], 0, -1.0, [-0.504204848049884, -0.00485529855659312]
[-0.504204848049884, -0.00485529855659312], 0, -1.0, [-0.5102055190135178, -0.0060006709636338945]
[-0.5102055190135178, -0.0060006709636338945], 0, -1.0, [-0.5173066123758948, -0.007101093362376919]
[-0.5173066123758948, -0.007101093362376919], 0, -1.0, [-0.5254548941599455, -0.008148281784050734]
[-0.5254548941599455, -0.008148281784050734], 0, -1.0, [-0.5345892551267236, -0.009134360966778145]
[-0.5345892551267236, -0.009134360966778145], 0, -1.0, [-0.5446412024311312, -0.010051947304407597]
[-0.5446412024311312, -0.010051947304407597], 0, -1.0, [-0.5555354363324061, -0.010894233901274877]
[-0.5555354363324061, -0.010894233901274877], 0, -1.0, [-0.5671905115653421, -0.011655075232935954]
[-0.5671905115653421, -0.011655075232935954], 0, -1.0, [-0.5795195798727641, -0.012329068307422125]
[-0.5795195798727641, -0.012329068307422125], 0, -1.0, [-0.5924312066913343, -0.012911626818570205]
[-0.5924312066913343, -0.012911626818570205], 0, -1.0, [-0.6058302513284002, -0.013399044637065882]
[-0.6058302513284002, -0.013399044637065882], 0, -1.0, [-0.6196187964583059, -0.013788545129905651]
[-0.6196187964583059, -0.013788545129905651], 0, -1.0, [-0.6336971097005885, -0.014078313242282599]
[-0.6336971097005885, -0.014078313242282599], 0, -1.0, [-0.64796461769546, -0.014267507994871562]
[-0.64796461769546, -0.014267507994871562], 0, -1.0, [-0.6623208716877732, -0.01435625399231322]
[-0.6623208716877732, -0.01435625399231322], 0, -1.0, [-0.6766664833166931, -0.014345611628919841]
[-0.6766664833166931, -0.014345611628919841], 0, -1.0, [-0.6909040101391186, -0.014237526822425503]
[-0.6909040101391186, -0.014237526822425503], 2, -1.0, [-0.7029387723466886, -0.012034762207569969]
[-0.7029387723466886, -0.012034762207569969], 2, -1.0, [-0.7126924427707888, -0.009753670424100223]
[-0.7126924427707888, -0.009753670424100223], 2, -1.0, [-0.7201027608715271, -0.0074103181007383724]
[-0.7201027608715271, -0.0074103181007383724], 2, -1.0, [-0.7251231904199974, -0.005020429548470257]
[-0.7251231904199974, -0.005020429548470257], 2, -1.0, [-0.7277225924255792, -0.0025994020055818477]
[-0.7277225924255792, -0.0025994020055818477], 2, -1.0, [-0.7278849704258443, -0.0001623780002651268]
[-0.7278849704258443, -0.0001623780002651268], 2, -1.0, [-0.7256093280525561, 0.0022756423732882935]
[-0.7256093280525561, 0.0022756423732882935], 2, -1.0, [-0.7209096598948134, 0.004699668157742734]
[-0.7209096598948134, 0.004699668157742734], 2, -1.0, [-0.7138150769801388, 0.007094582914674557]
[-0.7138150769801388, 0.007094582914674557], 2, -1.0, [-0.7043700484451759, 0.00944502853496286]
[-0.7043700484451759, 0.00944502853496286], 2, -1.0, [-0.6926347219205807, 0.011735326524595142]
[-0.6926347219205807, 0.011735326524595142], 2, -1.0, [-0.6786852676683763, 0.013949454252204393]
[-0.6786852676683763, 0.013949454252204393], 2, -1.0, [-0.6626141766367224, 0.016071091031653932]
[-0.6626141766367224, 0.016071091031653932], 2, -1.0, [-0.6445304316078745, 0.018083745028847915]
[-0.6445304316078745, 0.018083745028847915], 2, -1.0, [-0.6245594649399901, 0.019970966667884334]
[-0.6245594649399901, 0.019970966667884334], 2, -1.0, [-0.6028428174714636, 0.021716647468526504]
[-0.6028428174714636, 0.021716647468526504], 2, -1.0, [-0.5795374221416241, 0.02330539532983956]
[-0.5795374221416241, 0.02330539532983956], 2, -1.0, [-0.5548144533851901, 0.02472296875643397]
[-0.5548144533851901, 0.02472296875643397], 2, -1.0, [-0.5288577090881088, 0.025956744297081263]
[-0.5288577090881088, 0.025956744297081263], 2, -1.0, [-0.5018615244260681, 0.026996184662040658]
[-0.5018615244260681, 0.026996184662040658], 2, -1.0, [-0.474028253623332, 0.027833270802736138]
[-0.474028253623332, 0.027833270802736138], 2, -1.0, [-0.4455653929266921, 0.02846286069663989]
[-0.4455653929266921, 0.02846286069663989], 2, -1.0, [-0.4166824516610509, 0.028882941265641223]
[-0.4166824516610509, 0.028882941265641223], 2, -1.0, [-0.38758770395263736, 0.02909474770841355]
[-0.38758770395263736, 0.02909474770841355], 2, -1.0, [-0.3584849681908571, 0.029102735761780258]
[-0.3584849681908571, 0.029102735761780258], 2, -1.0, [-0.32957056259020334, 0.028914405600653784]
[-0.32957056259020334, 0.028914405600653784], 2, -1.0, [-0.30103057315813075, 0.028539989432072616]
[-0.30103057315813075, 0.028539989432072616], 0, -1.0, [-0.2750385466614813, 0.025992026496649435]
[-0.2750385466614813, 0.025992026496649435], 2, -1.0, [-0.24974270020981407, 0.025295846451667235]
[-0.24974270020981407, 0.025295846451667235], 2, -1.0, [-0.22527739077657383, 0.024465309433240233]
[-0.22527739077657383, 0.024465309433240233], 2, -1.0, [-0.20176254798986507, 0.02351484278670875]
[-0.20176254798986507, 0.02351484278670875], 2, -1.0, [-0.17930355135972317, 0.022458996630141892]
[-0.17930355135972317, 0.022458996630141892], 0, -1.0, [-0.15999150727061515, 0.019312044089108027]
[-0.15999150727061515, 0.019312044089108027], 0, -1.0, [-0.1438969799009774, 0.016094527369637745]
[-0.1438969799009774, 0.016094527369637745], 0, -1.0, [-0.13107310139915923, 0.01282387850181818]
[-0.13107310139915923, 0.01282387850181818], 0, -1.0, [-0.12155842371477461, 0.009514677684384618]
[-0.12155842371477461, 0.009514677684384618], 0, -1.0, [-0.11537934508950859, 0.006179078625266024]
[-0.11537934508950859, 0.006179078625266024], 0, -1.0, [-0.11255199137308862, 0.002827353716419974]
[-0.11255199137308862, 0.002827353716419974], 0, -1.0, [-0.11308347209973345, -0.0005314807266448307]
[-0.11308347209973345, -0.0005314807266448307], 0, -1.0, [-0.1169724637692237, -0.003888991669490243]
[-0.1169724637692237, -0.003888991669490243], 0, -1.0, [-0.12420909980404472, -0.007236636034821031]
[-0.12420909980404472, -0.007236636034821031], 0, -1.0, [-0.1347741709811159, -0.010565071177071193]
[-0.1347741709811159, -0.010565071177071193], 0, -1.0, [-0.14863766498025405, -0.013863493999138141]
[-0.14863766498025405, -0.013863493999138141], 0, -1.0, [-0.16575670218787686, -0.017119037207622805]
[-0.16575670218787686, -0.017119037207622805], 0, -1.0, [-0.1860729595727138, -0.020316257384836944]
[-0.1860729595727138, -0.020316257384836944], 0, -1.0, [-0.20950971664165619, -0.023436757068942396]
[-0.20950971664165619, -0.023436757068942396], 0, -1.0, [-0.23596870665451847, -0.026458990012862282]
[-0.23596870665451847, -0.026458990012862282], 0, -1.0, [-0.26532700935302644, -0.029358302698507966]
[-0.26532700935302644, -0.029358302698507966], 0, -1.0, [-0.2974342723238943, -0.03210726297086785]
[-0.2974342723238943, -0.03210726297086785], 0, -1.0, [-0.33211058755794287, -0.03467631523404858]
[-0.33211058755794287, -0.03467631523404858], 0, -1.0, [-0.3691453662396931, -0.037034778681750195]
[-0.3691453662396931, -0.037034778681750195], 0, -1.0, [-0.4082975362607503, -0.03915217002105724]
[-0.4082975362607503, -0.03915217002105724], 0, -1.0, [-0.4492973237964729, -0.04099978753572261]
[-0.4492973237964729, -0.04099978753572261], 0, -1.0, [-0.49184976896148275, -0.04255244516500983]
[-0.49184976896148275, -0.04255244516500983], 0, -1.0, [-0.5356399718060156, -0.04379020284453283]
[-0.5356399718060156, -0.04379020284453283], 0, -1.0, [-0.5803398853186108, -0.0446999135125952]
[-0.5803398853186108, -0.0446999135125952], 0, -1.0, [-0.6256162926945432, -0.04527640737593238]
[-0.6256162926945432, -0.04527640737593238], 0, -1.0, [-0.6711394576166729, -0.04552316492212976]
[-0.6711394576166729, -0.04552316492212976], 0, -1.0, [-0.716591846792092, -0.045452389175419015]
[-0.716591846792092, -0.045452389175419015], 0, -1.0, [-0.7616763114632469, -0.045084464671154886]
[-0.7616763114632469, -0.045084464671154886], 0, -1.0, [-0.806123181707172, -0.044446870243925136]
[-0.806123181707172, -0.044446870243925136], 0, -1.0, [-0.8496958605524372, -0.04357267884526521]
[-0.8496958605524372, -0.04357267884526521], 0, -1.0, [-0.8921946785253526, -0.042498817972915465]
[-0.8921946785253526, -0.042498817972915465], 0, -1.0, [-0.9334589522456189, -0.0412642737202663]
[-0.9334589522456189, -0.0412642737202663], 0, -1.0, [-0.9733673546751374, -0.039908402429518444]
[-0.9733673546751374, -0.039908402429518444], 0, -1.0, [-1.0118368294184057, -0.03846947474326832]
[-1.0118368294184057, -0.03846947474326832], 0, -1.0, [-1.0488203577572497, -0.036983528338844086]
[-1.0488203577572497, -0.036983528338844086], 2, -1.0, [-1.082303915722923, -0.033483557965673316]
[-1.082303915722923, -0.033483557965673316], 0, -1.0, [-1.114301326016535, -0.03199741029361209]
[-1.114301326016535, -0.03199741029361209], 0, -1.0, [-1.144849223271858, -0.03054789725532285]
[-1.144849223271858, -0.03054789725532285], 0, -1.0, [-1.1740036337783561, -0.029154410506498255]
[-1.1740036337783561, -0.029154410506498255], 0, -1.0, [-1.2, 0.0]
[-1.2, 0.0], 2, -1.0, [-1.1967581039591646, 0.003241896040835368]
[-1.1967581039591646, 0.003241896040835368], 2, -1.0, [-1.1902636585360942, 0.006494445423070332]
[-1.1902636585360942, 0.006494445423070332], 2, -1.0, [-1.1804959639787937, 0.009767694557300442]
[-1.1804959639787937, 0.009767694557300442], 2, -1.0, [-1.1674255149588486, 0.013070449019945182]
[-1.1674255149588486, 0.013070449019945182], 2, -1.0, [-1.1510159267200155, 0.016409588238833067]
[-1.1510159267200155, 0.016409588238833067], 2, -1.0, [-1.1312266168239755, 0.019789309896040046]
[-1.1312266168239755, 0.019789309896040046], 2, -1.0, [-1.108016322100852, 0.02321029472312345]
[-1.108016322100852, 0.02321029472312345], 2, -1.0, [-1.081347524946184, 0.02666879715466819]
[-1.081347524946184, 0.02666879715466819], 2, -1.0, [-1.0511918363028878, 0.03015568864329602]
[-1.0511918363028878, 0.03015568864329602], 2, -1.0, [-1.0175363271434712, 0.0336555091594167]
[-1.0175363271434712, 0.0336555091594167], 2, -1.0, [-0.9803907090723114, 0.03714561807115983]
[-0.9803907090723114, 0.03714561807115983], 2, -1.0, [-0.9397951336374217, 0.04059557543488971]
[-0.9397951336374217, 0.04059557543488971], 2, -1.0, [-0.8958282112564235, 0.043966922380998245]
[-0.8958282112564235, 0.043966922380998245], 2, -1.0, [-0.8486146572192776, 0.04721355403714586]
[-0.8486146572192776, 0.04721355403714586], 2, -1.0, [-0.7983317816221248, 0.05028287559715283]
[-0.7983317816221248, 0.05028287559715283], 2, -1.0, [-0.7452138959379592, 0.0531178856841656]
[-0.7452138959379592, 0.0531178856841656], 2, -1.0, [-0.6895536666604415, 0.0556602292775177]
[-0.6895536666604415, 0.0556602292775177], 2, -1.0, [-0.6316995610792892, 0.057854105581152386]
[-0.6316995610792892, 0.057854105581152386], 2, -1.0, [-0.5720488365336812, 0.05965072454560789]
[-0.5720488365336812, 0.05965072454560789], 2, -1.0, [-0.5110360146660762, 0.061012821867605024]
[-0.5110360146660762, 0.061012821867605024], 2, -1.0, [-0.44911739120176025, 0.061918623464315904]
[-0.44911739120176025, 0.061918623464315904], 2, -1.0, [-0.38675274139346727, 0.06236464980829299]
[-0.38675274139346727, 0.06236464980829299], 2, -1.0, [-0.3243858485235833, 0.06236689286988392]
[-0.3243858485235833, 0.06236689286988392], 2, -1.0, [-0.2624256859117381, 0.061960162611845254]
[-0.2624256859117381, 0.061960162611845254], 2, -1.0, [-0.20122996568717166, 0.061195720224566416]
[-0.20122996568717166, 0.061195720224566416], 2, -1.0, [-0.14109236178367496, 0.06013760390349669]
[-0.14109236178367496, 0.06013760390349669], 2, -1.0, [-0.08223412731502394, 0.05885823446865101]
[-0.08223412731502394, 0.05885823446865101], 2, -1.0, [-0.024800200336085113, 0.05743392697893883]
[-0.024800200336085113, 0.05743392697893883], 2, -1.0, [0.03114064276343887, 0.05594084309952398]
[0.03114064276343887, 0.05594084309952398], 2, -1.0, [0.08559238750154527, 0.0544517447381064]
[0.08559238750154527, 0.0544517447381064], 2, -1.0, [0.13862609852276647, 0.05303371102122119]
[0.13862609852276647, 0.05303371102122119], 2, -1.0, [0.19037290492486428, 0.0517468064020978]
[0.19037290492486428, 0.0517468064020978], 2, -1.0, [0.24101646944167865, 0.050643564516814364]
[0.24101646944167865, 0.050643564516814364], 2, -1.0, [0.29078555519931315, 0.04976908575763451]
[0.29078555519931315, 0.04976908575763451], 2, -1.0, [0.33994708223056147, 0.04916152703124832]
[0.33994708223056147, 0.04916152703124832], 2, -1.0, [0.388799856212751, 0.04885277398218953]
[0.388799856212751, 0.04885277398218953], 2, -1.0, [0.4376689695757199, 0.0488691133629689]
[0.4376689695757199, 0.0488691133629689], 2, -1.0, [0.4869007238355066, 0.04923175425978669]
[0.4869007238355066, 0.04923175425978669], 2, -1.0, [0.5368577983788596, 0.04995707454335301]
