[-0.41789548568122775, 0.0], 0, -1.0, [-0.4196750402729206, -0.0017795545916928406]
[-0.4196750402729206, -0.0017795545916928406], 0, -1.0, [-0.42322145720451687, -0.0035464169315962846]
[-0.42322145720451687, -0.0035464169315962846], 0, -1.0, [-0.4285093776740903, -0.0052879204695734545]
[-0.4285093776740903, -0.0052879204695734545], 0, -1.0, [-0.43550083518481314, -0.006991457510722821]
[-0.43550083518481314, -0.006991457510722821], 0, -1.0, [-0.4441453618832247, -0.008644526698411554]
[-0.4441453618832247, -0.008644526698411554], 0, -1.0, [-0.4543801624504543, -0.010234800567229653]
[-0.4543801624504543, -0.010234800567229653], 0, -1.0, [-0.4661303796869339, -0.011750217236479574]
[-0.4661303796869339, -0.011750217236479574], 0, -1.0, [-0.47930947785796374, -0.013179098171029855]
[-0.47930947785796374, -0.013179098171029855], 0, -1.0, [-0.4938197692771109, -0.014510291419147149]
[-0.4938197692771109, -0.014510291419147149], 0, -1.0, [-0.5095531062755542, -0.015733336998443218]
[-0.5095531062755542, -0.015733336998443218], 0, -1.0, [-0.5263917546235961, -0.016838648348041992]
[-0.5263917546235961, -0.016838648348041992], 0, -1.0, [-0.5442094558740544, -0.01781770125045831]
[-0.5442094558740544, -0.01781770125045831], 0, -1.0, [-0.5628726755020912, -0.01866321962803671]
[-0.5628726755020912, -0.01866321962803671], 0, -1.0, [-0.5822420219060166, -0.019369346403925354]
[-0.5822420219060166, -0.019369346403925354], 2, -1.0, [-0.600173809307935, -0.01793178740191839]
[-0.600173809307935, -0.01793178740191839], 0, -1.0, [-0.6185363220720241, -0.01836251276408916]
[-0.6185363220720241, -0.01836251276408916], 0, -1.0, [-0.6371963907271164, -0.018660068655092274]
[-0.6371963907271164, -0.018660068655092274], 0, -1.0, [-0.6560208732673737, -0.018824482540257266]
[-0.6560208732673737, -0.018824482540257266], 0, -1.0, [-0.674878108358946, -0.01885723509157228]
[-0.674878108358946, -0.01885723509157228], 0, -1.0, [-0.6936392978592902, -0.018761189500344236]
[-0.6936392978592902, -0.018761189500344236], 0, -1.0, [-0.7121797790095906, -0.018540481150300388]
[-0.7121797790095906, -0.018540481150300388], 0, -1.0, [-0.7303801521445534, -0.018200373134962824]
[-0.7303801521445534, -0.018200373134962824], 0, -1.0, [-0.7481272372649501, -0.01774708512039667]
[-0.7481272372649501, -0.01774708512039667], 0, -1.0, [-0.7653148416551461, -0.01718760439019592]
[-0.7653148416551461, -0.01718760439019592], 0, -1.0, [-0.7818443301412775, -0.016529488486131397]
[-0.7818443301412775, -0.016529488486131397], 0, -1.0, [-0.7976249988322964, -0.01578066869101893]
[-0.7976249988322964, -0.01578066869101893], 2, -1.0, [-0.8105742616191463, -0.012949262786849797]
[-0.8105742616191463, -0.012949262786849797], 2, -1.0, [-0.8206274076721859, -0.010053146053039596]
[-0.8206274076721859, -0.010053146053039596], 2, -1.0, [-0.8277361668117655, -0.007108759139579621]
[-0.8277361668117655, -0.007108759139579621], 2, -1.0, [-0.8318674711946497, -0.0041313043828841295]
[-0.8318674711946497, -0.0041313043828841295], 2, -1.0, [-0.8330025154662681, -0.0011350442716184408]
[-0.8330025154662681, -0.0011350442716184408], 2, -1.0, [-0.8311361865747342, 0.0018663288915339808]
[-0.8311361865747342, 0.0018663288915339808], 2, -1.0, [-0.826276904065443, 0.004859282509291258]
[-0.826276904065443, 0.004859282509291258], 2, -1.0, [-0.8184468819869445, 0.007830022078498429]
[-0.8184468819869445, 0.007830022078498429], 2, -1.0, [-0.807682794086191, 0.010764087900753505]
[-0.807682794086191, 0.010764087900753505], 2, -1.0, [-0.7940367941419882, 0.013645999944202805]
[-0.7940367941419882, 0.013645999944202805], 2, -1.0, [-0.7775778127275872, 0.016458981414401056]
[-0.7775778127275872, 0.016458981414401056], 2, -1.0, [-0.7583930207137637, 0.01918479201382351]
[-0.7583930207137637, 0.01918479201382351], 2, -1.0, [-0.736589319724392, 0.02180370098937168]
[-0.736589319724392, 0.02180370098937168], 2, -1.0, [-0.7122946930439656, 0.024294626680426316]
[-0.7122946930439656, 0.024294626680426316], 2, -1.0, [-0.6856592308577879, 0.02663546218617778]
[-0.6856592308577879, 0.02663546218617778], 2, -1.0, [-0.6568556357751364, 0.028803595082651554]
[-0.6568556357751364, 0.028803595082651554], 2, -1.0, [-0.6260790231356406, 0.030776612639495826]
[-0.6260790231356406, 0.030776612639495826], 2, -1.0, [-0.5935458595627854, 0.03253316357285523]
[-0.5935458595627854, 0.03253316357285523], 2, -1.0, [-0.5594919343982696, 0.03405392516451575]
[-0.5594919343982696, 0.03405392516451575], 2, -1.0, [-0.5241693304618643, 0.03532260393640533]
[-0.5241693304618643, 0.03532260393640533], 2, -1.0, [-0.48784244736607174, 0.03632688309579256]
[-0.48784244736607174, 0.03632688309579256], 2, -1.0, [-0.4507832227340535, 0.03705922463201823]
[-0.4507832227340535, 0.03705922463201823], 2, -1.0, [-0.4132657817482689, 0.03751744098578463]
[-0.4132657817482689, 0.03751744098578463], 2, -1.0, [-0.3755608106259663, 0.03770497112230258]
[-0.3755608106259663, 0.03770497112230258], 2, -1.0, [-0.3379299842624464, 0.03763082636351991]
[-0.3379299842624464, 0.03763082636351991], 1, -1.0, [-0.3016207765404194, 0.03630920772202698]
[-0.3016207765404194, 0.03630920772202698], 0, -1.0, [-0.2678560534222136, 0.033764723118205844]
[-0.2678560534222136, 0.033764723118205844], 0, -1.0, [-0.23682668689932965, 0.03102936652288394]
[-0.23682668689932965, 0.03102936652288394], 0, -1.0, [-0.20869244254855085, 0.0281342443507788]
[-0.20869244254855085, 0.0281342443507788], 0, -1.0, [-0.18358402896663112, 0.025108413581919727]
[-0.18358402896663112, 0.025108413581919727], 0, -1.0, [-0.16160594332163697, 0.021978085644994157]
[-0.16160594332163697, 0.021978085644994157], 0, -1.0, [-0.1428397573356975, 0.018766185985939453]
[-0.1428397573356975, 0.018766185985939453], 0, -1.0, [-0.12734752641285108, 0.015492230922846437]
[-0.12734752641285108, 0.015492230922846437], 0, -1.0, [-0.11517505815100279, 0.012172468261848278]
[-0.11517505815100279, 0.012172468261848278], 0, -1.0, [-0.10635483416560834, 0.008820223985394449]
[-0.10635483416560834, 0.008820223985394449], 0, -1.0, [-0.10090843337748202, 0.00544640078812632]
[-0.10090843337748202, 0.00544640078812632], 0, -1.0, [-0.09884835149210515, 0.002060081885376881]
[-0.09884835149210515, 0.002060081885376881], 0, -1.0, [-0.10017914908562137, -0.0013307975935162209]
[-0.10017914908562137, -0.0013307975935162209], 0, -1.0, [-0.10489789049072404, -0.004718741405102666]
[-0.10489789049072404, -0.004718741405102666], 0, -1.0, [-0.1129938599956419, -0.00809596950491786]
[-0.1129938599956419, -0.00809596950491786], 0, -1.0, [-0.12444756401679875, -0.011453704021156846]
[-0.12444756401679875, -0.011453704021156846], 0, -1.0, [-0.13922905146323156, -0.0147814874464328]
[-0.13922905146323156, -0.0147814874464328], 0, -1.0, [-0.15729561287034888, -0.01806656140711731]
[-0.15729561287034888, -0.01806656140711731], 0, -1.0, [-0.178588954723242, -0.02129334185289311]
[-0.178588954723242, -0.02129334185289311], 0, -1.0, [-0.20303199006997016, -0.024443035346728176]
[-0.20303199006997016, -0.024443035346728176], 0, -1.0, [-0.23052543934691797, -0.027493449276947808]
[-0.23052543934691797, -0.027493449276947808], 0, -1.0, [-0.26094449280431853, -0.030419053457400574]
[-0.26094449280431853, -0.030419053457400574], 0, -1.0, [-0.2941358411612388, -0.033191348356920294]
[-0.2941358411612388, -0.033191348356920294], 0, -1.0, [-0.3299154238369673, -0.035779582675728505]
[-0.3299154238369673, -0.035779582675728505], 0, -1.0, [-0.36806726142901053, -0.038151837592043235]
[-0.36806726142901053, -0.038151837592043235], 0, -1.0, [-0.40834371768917965, -0.04027645626016914]
[-0.40834371768917965, -0.04027645626016914], 0, -1.0, [-0.45046746561030826, -0.042123747921128635]
[-0.45046746561030826, -0.042123747921128635], 0, -1.0, [-0.4941353088335235, -0.04366784322321527]
[-0.4941353088335235, -0.04366784322321527], 0, -1.0, [-0.5390238404273267, -0.044888531593803155]
[-0.5390238404273267, -0.044888531593803155], 0, -1.0, [-0.5847967253194108, -0.04577288489208424]
[-0.5847967253194108, -0.04577288489208424], 0, -1.0, [-0.6311131997227519, -0.04631647440334108]
[-0.6311131997227519, -0.04631647440334108], 0, -1.0, [-0.677637224863884, -0.04652402514113206]
[-0.677637224863884, -0.04652402514113206], 0, -1.0, [-0.7240466435676105, -0.04640941870372649]
[-0.7240466435676105, -0.04640941870372649], 0, -1.0, [-0.7700416850524556, -0.04599504148484514]
[-0.7700416850524556, -0.04599504148484514], 0, -1.0, [-0.8153522464204315, -0.04531056136797579]
[-0.8153522464204315, -0.04531056136797579], 0, -1.0, [-0.8597435317889534, -0.04439128536852184]
[-0.8597435317889534, -0.04439128536852184], 0, -1.0, [-0.9030198220177221, -0.04327629022876874]
[-0.9030198220177221, -0.04327629022876874], 0, -1.0, [-0.9450263451903649, -0.042006523172642786]
[-0.9450263451903649, -0.042006523172642786], 0, -1.0, [-0.9856493900356824, -0.04062304484531759]
[-0.9856493900356824, -0.04062304484531759], 0, -1.0, [-1.0248149309196446, -0.039165540883962145]
[-1.0248149309196446, -0.039165540883962145], 0, -1.0, [-1.0624861057302766, -0.03767117481063195]
[-1.0624861057302766, -0.03767117481063195], 0, -1.0, [-1.0986599096538356, -0.03617380392355898]
[-1.0986599096538356, -0.03617380392355898], 0, -1.0, [-1.1333634486560273, -0.03470353900219176]
[-1.1333634486560273, -0.03470353900219176], 0, -1.0, [-1.1666500499044052, -0.03328660124837788]
[-1.1666500499044052, -0.03328660124837788], 0, -1.0, [-1.1985954657208537, -0.03194541581644859]
[-1.1985954657208537, -0.03194541581644859], 0, -1.0, [-1.2, 0.0]
[-1.2, 0.0], 2, -1.0, [-1.1967581039591646, 0.003241896040835368]
[-1.1967581039591646, 0.003241896040835368], 0, -1.0, [-1.1922636585360942, 0.004494445423070332]
[-1.1922636585360942, 0.004494445423070332], 0, -1.0, [-1.1865022469892634, 0.005761411546830676]
[-1.1865022469892634, 0.005761411546830676], 0, -1.0, [-1.179455991677601, 0.007046255311662343]
[-1.179455991677601, 0.007046255311662343], 0, -1.0, [-1.1711039564860422, 0.008352035191558898]
[-1.1711039564860422, 0.008352035191558898], 2, -1.0, [-1.1594226606117775, 0.011681295874264655]
[-1.1594226606117775, 0.011681295874264655], 2, -1.0, [-1.1443817192668524, 0.015040941344925082]
[-1.1443817192668524, 0.015040941344925082], 2, -1.0, [-1.1259462809748153, 0.01843543829203709]
[-1.1259462809748153, 0.01843543829203709], 2, -1.0, [-1.1040802841332502, 0.021865996841565014]
[-1.1040802841332502, 0.021865996841565014], 2, -1.0, [-1.0787506000515166, 0.025329684081733594]
[-1.0787506000515166, 0.025329684081733594], 2, -1.0, [-1.0499321080514885, 0.02881849200002812]
[-1.0499321080514885, 0.02881849200002812], 2, -1.0, [-1.017613700176252, 0.03231840787523651]
[-1.017613700176252, 0.03231840787523651], 1, -1.0, [-0.9828051318874486, 0.034808568288803424]
[-0.9828051318874486, 0.034808568288803424], 1, -1.0, [-0.9455430655334972, 0.03726206635395132]
[-0.9455430655334972, 0.03726206635395132], 2, -1.0, [-0.904896354365677, 0.04064671116782022]
[-0.904896354365677, 0.04064671116782022], 2, -1.0, [-0.8609740127157002, 0.0439223416499768]
[-0.8609740127157002, 0.0439223416499768], 2, -1.0, [-0.8139317697835416, 0.04704224293215848]
[-0.8139317697835416, 0.04704224293215848], 2, -1.0, [-0.7639770950363748, 0.04995467474716687]
[-0.7639770950363748, 0.04995467474716687], 0, -1.0, [-0.7133718265010465, 0.050605268535328346]
[-0.7133718265010465, 0.050605268535328346], 2, -1.0, [-0.6604189111714547, 0.05295291532959173]
[-0.6604189111714547, 0.05295291532959173], 2, -1.0, [-0.6054684170060844, 0.054950494165370276]
[-0.6054684170060844, 0.054950494165370276], 2, -1.0, [-0.5489100552909625, 0.05655836171512191]
[-0.5489100552909625, 0.05655836171512191], 2, -1.0, [-0.49116204135495944, 0.057748013936003054]
[-0.49116204135495944, 0.057748013936003054], 2, -1.0, [-0.432656919167054, 0.05850512218790541]
[-0.432656919167054, 0.05850512218790541], 1, -1.0, [-0.37482543090351383, 0.05783148826354015]
[-0.37482543090351383, 0.05783148826354015], 1, -1.0, [-0.31807306509438343, 0.056752365809130415]
[-0.31807306509438343, 0.056752365809130415], 2, -1.0, [-0.26176631419361673, 0.056306750900766686]
[-0.26176631419361673, 0.056306750900766686], 0, -1.0, [-0.20822750563639514, 0.05353880855722161]
[-0.20822750563639514, 0.05353880855722161], 2, -1.0, [-0.15571656917197857, 0.05251093646441657]
[-0.15571656917197857, 0.05251093646441657], 2, -1.0, [-0.10443777151556283, 0.051278797656415735]
[-0.10443777151556283, 0.051278797656415735], 2, -1.0, [-0.054537267831991566, 0.04990050368357126]
[-0.054537267831991566, 0.04990050368357126], 2, -1.0, [-0.0061033776967370085, 0.04843389013525456]
[-0.0061033776967370085, 0.04843389013525456], 1, -1.0, [0.03983093150302658, 0.04593430919976359]
[0.03983093150302658, 0.04593430919976359], 1, -1.0, [0.08328306763569907, 0.04345213613267248]
[0.08328306763569907, 0.04345213613267248], 1, -1.0, [0.12431282947214176, 0.0410297618364427]
[0.12431282947214176, 0.0410297618364427], 1, -1.0, [0.16301443951060934, 0.0387016100384676]
[0.16301443951060934, 0.0387016100384676], 1, -1.0, [0.19950909281449142, 0.03649465330388206]
[0.19950909281449142, 0.03649465330388206], 0, -1.0, [0.2329383304165917, 0.03342923760210029]
[0.2329383304165917, 0.03342923760210029], 0, -1.0, [0.2634535553844692, 0.03051522496787749]
[0.2634535553844692, 0.03051522496787749], 0, -1.0, [0.2912098076786033, 0.027756252294134136]
[0.2912098076786033, 0.027756252294134136], 0, -1.0, [0.31636093938967, 0.02515113171106672]
[0.31636093938967, 0.02515113171106672], 2, -1.0, [0.3410559988641895, 0.024695059474519505]
[0.3410559988641895, 0.024695059474519505], 2, -1.0, [0.3654493987033193, 0.02439339983912973]
[0.3654493987033193, 0.02439339983912973], 0, -1.0, [0.38770067953196086, 0.022251280828641584]
[0.38770067953196086, 0.022251280828641584], 2, -1.0, [0.40996072622562824, 0.022260046693667362]
[0.40996072622562824, 0.022260046693667362], 0, -1.0, [0.4303849009940906, 0.020424174768462387]
[0.4303849009940906, 0.020424174768462387], 2, -1.0, [0.4511190477339505, 0.02073414673985992]
[0.4511190477339505, 0.02073414673985992], 0, -1.0, [0.4703138699336556, 0.019194822199705107]
[0.4703138699336556, 0.019194822199705107], 2, -1.0, [0.4901107551893958, 0.01979688525574018]
[0.4901107551893958, 0.01979688525574018], 0, -1.0, [0.5086569025733008, 0.018546147383905]
