[-0.4113371023757209, 0.0], 0, -1.0, [-0.41316323846616615, -0.0018261360904452324]
[-0.41316323846616615, -0.0018261360904452324], 0, -1.0, [-0.41680257170946683, -0.0036393332433006945]
[-0.41680257170946683, -0.0036393332433006945], 0, -1.0, [-0.42222924350479696, -0.005426671795330153]
[-0.42222924350479696, -0.005426671795330153], 0, -1.0, [-0.429404522283362, -0.0071752787785650494]
[-0.429404522283362, -0.0071752787785650494], 0, -1.0, [-0.4382768933108272, -0.008872371027465204]
[-0.4382768933108272, -0.008872371027465204], 0, -1.0, [-0.4487822136180634, -0.010505320307236197]
[-0.4487822136180634, -0.010505320307236197], 0, -1.0, [-0.46084395863898314, -0.012061745020919697]
[-0.46084395863898314, -0.012061745020919697], 0, -1.0, [-0.4743735893969284, -0.013529630757945254]
[-0.4743735893969284, -0.013529630757945254], 0, -1.0, [-0.48927106863089775, -0.014897479233969361]
[-0.48927106863089775, -0.014897479233969361], 0, -1.0, [-0.5054255508292639, -0.016154482198366137]
[-0.5054255508292639, -0.016154482198366137], 0, -1.0, [-0.5227162647009318, -0.017290713871667897]
[-0.5227162647009318, -0.017290713871667897], 0, -1.0, [-0.5410135973965976, -0.01829733269566578]
[-0.5410135973965976, -0.01829733269566578], 0, -1.0, [-0.5601803783375182, -0.019166780940920607]
[-0.5601803783375182, -0.019166780940920607], 0, -1.0, [-0.5800733476588459, -0.01989296932132765]
[-0.5800733476588459, -0.01989296932132765], 0, -1.0, [-0.6005447811190419, -0.020471433460196004]
[-0.6005447811190419, -0.020471433460196004], 0, -1.0, [-0.6214442310993537, -0.02089944998031175]
[-0.6214442310993537, -0.02089944998031175], 1, -1.0, [-0.6416203332508065, -0.02017610215145287]
[-0.6416203332508065, -0.02017610215145287], 0, -1.0, [-0.6619296523842494, -0.020309319133442888]
[-0.6619296523842494, -0.020309319133442888], 0, -1.0, [-0.6822310135519551, -0.02030136116770571]
[-0.6822310135519551, -0.02030136116770571], 0, -1.0, [-0.7023870354588856, -0.020156021906930496]
[-0.7023870354588856, -0.020156021906930496], 0, -1.0, [-0.7222655207625575, -0.01987848530367186]
[-0.7222655207625575, -0.01987848530367186], 0, -1.0, [-0.7417406640224891, -0.019475143259931646]
[-0.7417406640224891, -0.019475143259931646], 0, -1.0, [-0.7606940481126205, -0.018953384090131437]
[-0.7606940481126205, -0.018953384090131437], 2, -1.0, [-0.7770154113354772, -0.01632136322285676]
[-0.7770154113354772, -0.01632136322285676], 2, -1.0, [-0.7906140181449787, -0.013598606809501475]
[-0.7906140181449787, -0.013598606809501475], 2, -1.0, [-0.8014174142944834, -0.010803396149504754]
[-0.8014174142944834, -0.010803396149504754], 2, -1.0, [-0.8093701622595376, -0.007952747965054232]
[-0.8093701622595376, -0.007952747965054232], 2, -1.0, [-0.8144326915023286, -0.005062529242790955]
[-0.8144326915023286, -0.005062529242790955], 2, -1.0, [-0.816580371403083, -0.002147679900754499]
[-0.816580371403083, -0.002147679900754499], 2, -1.0, [-0.8158028860037906, 0.0007774853992924108]
[-0.8158028860037906, 0.0007774853992924108], 2, -1.0, [-0.8121039605960609, 0.003698925407729683]
[-0.8121039605960609, 0.003698925407729683], 2, -1.0, [-0.8055014612580347, 0.006602499338026288]
[-0.8055014612580347, 0.006602499338026288], 2, -1.0, [-0.796027859709491, 0.009473601548543665]
[-0.796027859709491, 0.009473601548543665], 2, -1.0, [-0.783731027041549, 0.012296832667941971]
[-0.783731027041549, 0.012296832667941971], 2, -1.0, [-0.7686752908189463, 0.01505573622260268]
[-0.7686752908189463, 0.01505573622260268], 2, -1.0, [-0.7509426610413418, 0.017732629777604487]
[-0.7509426610413418, 0.017732629777604487], 2, -1.0, [-0.7306341025493476, 0.02030855849199418]
[-0.7306341025493476, 0.02030855849199418], 2, -1.0, [-0.7078707067098923, 0.02276339583945526]
[-0.7078707067098923, 0.02276339583945526], 2, -1.0, [-0.6827945966541527, 0.02507611005573963]
[-0.6827945966541527, 0.02507611005573963], 2, -1.0, [-0.6555693917838079, 0.027225204870344785]
[-0.6555693917838079, 0.027225204870344785], 2, -1.0, [-0.6263800627589663, 0.029189329024841563]
[-0.6263800627589663, 0.029189329024841563], 2, -1.0, [-0.5954320311778727, 0.030948031581093657]
[-0.5954320311778727, 0.030948031581093657], 2, -1.0, [-0.5629494104419209, 0.032482620735951775]
[-0.5629494104419209, 0.032482620735951775], 2, -1.0, [-0.5291723449675976, 0.03377706547432338]
[-0.5291723449675976, 0.03377706547432338], 2, -1.0, [-0.4943534796708149, 0.03481886529678271]
[-0.4943534796708149, 0.03481886529678271], 2, -1.0, [-0.45875367280404683, 0.035599806866768065]
[-0.45875367280404683, 0.035599806866768065], 2, -1.0, [-0.42263714251085344, 0.0361165302931934]
[-0.42263714251085344, 0.0361165302931934], 2, -1.0, [-0.38626629977420335, 0.0363708427366501]
[-0.38626629977420335, 0.0363708427366501], 1, -1.0, [-0.35089655807236414, 0.035369741701839194]
[-0.35089655807236414, 0.035369741701839194], 0, -1.0, [-0.3177649067830744, 0.03313165128928976]
[-0.3177649067830744, 0.03313165128928976], 0, -1.0, [-0.2870807553951881, 0.030684151387886292]
[-0.2870807553951881, 0.030684151387886292], 0, -1.0, [-0.2590253428142703, 0.0280554125809178]
[-0.2590253428142703, 0.0280554125809178], 0, -1.0, [-0.23375234739606782, 0.025272995418202493]
[-0.23375234739606782, 0.025272995418202493], 0, -1.0, [-0.21138943141387023, 0.022362915982197577]
[-0.21138943141387023, 0.022362915982197577], 0, -1.0, [-0.19204042734948046, 0.019349004064389785]
[-0.19204042734948046, 0.019349004064389785], 1, -1.0, [-0.17478787824212388, 0.017252549107356574]
[-0.17478787824212388, 0.017252549107356574], 0, -1.0, [-0.16069943593712022, 0.014088442305003664]
[-0.16069943593712022, 0.014088442305003664], 0, -1.0, [-0.1498260536720336, 0.010873382265086615]
[-0.1498260536720336, 0.010873382265086615], 0, -1.0, [-0.14220435631122622, 0.007621697360807398]
[-0.14220435631122622, 0.007621697360807398], 0, -1.0, [-0.1378585900657726, 0.0043457662454536115]
[-0.1378585900657726, 0.0043457662454536115], 0, -1.0, [-0.13680204788854577, 0.0010565421772268345]
[-0.13680204788854577, 0.0010565421772268345], 0, -1.0, [-0.1390379028476356, -0.002235854959089827]
[-0.1390379028476356, -0.002235854959089827], 0, -1.0, [-0.14455941293389524, -0.005521510086259644]
[-0.14455941293389524, -0.005521510086259644], 0, -1.0, [-0.15334948865485362, -0.008790075720958385]
[-0.15334948865485362, -0.008790075720958385], 0, -1.0, [-0.16537964182606182, -0.012030153171208193]
[-0.16537964182606182, -0.012030153171208193], 0, -1.0, [-0.180608362781211, -0.015228720955149195]
[-0.180608362781211, -0.015228720955149195], 0, -1.0, [-0.19897900601083135, -0.018370643229620353]
[-0.19897900601083135, -0.018370643229620353], 0, -1.0, [-0.22041730231628048, -0.021438296305449123]
[-0.22041730231628048, -0.021438296305449123], 0, -1.0, [-0.24482865874019097, -0.024411356423910485]
[-0.24482865874019097, -0.024411356423910485], 0, -1.0, [-0.2720954535469212, -0.02726679480673024]
[-0.2720954535469212, -0.02726679480673024], 0, -1.0, [-0.30207457762536727, -0.029979124078446058]
[-0.30207457762536727, -0.029979124078446058], 0, -1.0, [-0.3345955085622084, -0.03252093093684112]
[-0.3345955085622084, -0.03252093093684112], 0, -1.0, [-0.36945921997060266, -0.0348637114083943]
[-0.36945921997060266, -0.0348637114083943], 0, -1.0, [-0.4064382165260404, -0.03697899655543774]
[-0.4064382165260404, -0.03697899655543774], 0, -1.0, [-0.44527793627572715, -0.03883971974968676]
[-0.44527793627572715, -0.03883971974968676], 0, -1.0, [-0.4856996723592512, -0.04042173608352407]
[-0.4856996723592512, -0.04042173608352407], 0, -1.0, [-0.5274050397069364, -0.04170536734768518]
[-0.5274050397069364, -0.04170536734768518], 0, -1.0, [-0.5700818606941707, -0.0426768209872342]
[-0.5700818606941707, -0.0426768209872342], 0, -1.0, [-0.6134111873381931, -0.043329326644022496]
[-0.6134111873381931, -0.043329326644022496], 0, -1.0, [-0.6570750414368076, -0.04366385409861447]
[-0.6570750414368076, -0.04366385409861447], 0, -1.0, [-0.7007643623975177, -0.04368932096071004]
[-0.7007643623975177, -0.04368932096071004], 0, -1.0, [-0.7441866228834636, -0.043422260485945906]
[-0.7441866228834636, -0.043422260485945906], 0, -1.0, [-0.7870726106639192, -0.04288598778045566]
[-0.7870726106639192, -0.04288598778045566], 0, -1.0, [-0.8291819737349646, -0.042109363071045354]
[-0.8291819737349646, -0.042109363071045354], 0, -1.0, [-0.8703072661573501, -0.04112529242238554]
[-0.8703072661573501, -0.04112529242238554], 0, -1.0, [-0.9102763892378372, -0.039969123080487085]
[-0.9102763892378372, -0.039969123080487085], 0, -1.0, [-0.9489534717609384, -0.0386770825231012]
[-0.9489534717609384, -0.0386770825231012], 0, -1.0, [-0.9862383543915021, -0.037284882630563745]
[-0.9862383543915021, -0.037284882630563745], 0, -1.0, [-1.0220649259062022, -0.035826571514700145]
[-1.0220649259062022, -0.035826571514700145], 0, -1.0, [-1.0563986001047516, -0.03433367419854928]
[-1.0563986001047516, -0.03433367419854928], 0, -1.0, [-1.0892332266599656, -0.03283462655521396]
[-1.0892332266599656, -0.03283462655521396], 0, -1.0, [-1.1205877056125177, -0.03135447895255211]
[-1.1205877056125177, -0.03135447895255211], 0, -1.0, [-1.1505025339775155, -0.02991482836499761]
[-1.1505025339775155, -0.02991482836499761], 0, -1.0, [-1.1790364635620536, -0.028533929584538157]
[-1.1790364635620536, -0.028533929584538157], 0, -1.0, [-1.2, 0.0]
[-1.2, 0.0], 2, -1.0, [-1.1967581039591646, 0.003241896040835368]
[-1.1967581039591646, 0.003241896040835368], 2, -1.0, [-1.1902636585360942, 0.006494445423070332]
[-1.1902636585360942, 0.006494445423070332], 2, -1.0, [-1.1804959639787937, 0.009767694557300442]
[-1.1804959639787937, 0.009767694557300442], 2, -1.0, [-1.1674255149588486, 0.013070449019945182]
[-1.1674255149588486, 0.013070449019945182], 2, -1.0, [-1.1510159267200155, 0.016409588238833067]
[-1.1510159267200155, 0.016409588238833067], 2, -1.0, [-1.1312266168239755, 0.019789309896040046]
[-1.1312266168239755, 0.019789309896040046], 2, -1.0, [-1.108016322100852, 0.02321029472312345]
[-1.108016322100852, 0.02321029472312345], 2, -1.0, [-1.081347524946184, 0.02666879715466819]
[-1.081347524946184, 0.02666879715466819], 2, -1.0, [-1.0511918363028878, 0.03015568864329602]
[-1.0511918363028878, 0.03015568864329602], 2, -1.0, [-1.0175363271434712, 0.0336555091594167]
[-1.0175363271434712, 0.0336555091594167], 2, -1.0, [-0.9803907090723114, 0.03714561807115983]
[-0.9803907090723114, 0.03714561807115983], 2, -1.0, [-0.9397951336374217, 0.04059557543488971]
[-0.9397951336374217, 0.04059557543488971], 2, -1.0, [-0.8958282112564235, 0.043966922380998245]
[-0.8958282112564235, 0.043966922380998245], 2, -1.0, [-0.8486146572192776, 0.04721355403714586]
[-0.8486146572192776, 0.04721355403714586], 2, -1.0, [-0.7983317816221248, 0.05028287559715283]
[-0.7983317816221248, 0.05028287559715283], 0, -1.0, [-0.7472138959379592, 0.0511178856841656]
[-0.7472138959379592, 0.0511178856841656], 2, -1.0, [-0.6935418893104172, 0.053672006627542054]
[-0.6935418893104172, 0.053672006627542054], 2, -1.0, [-0.6376498119374032, 0.055892077373013944]
[-0.6376498119374032, 0.055892077373013944], 2, -1.0, [-0.5799189441365358, 0.05773086780086746]
[-0.5799189441365358, 0.05773086780086746], 2, -1.0, [-0.5207676819656303, 0.05915126217090548]
[-0.5207676819656303, 0.05915126217090548], 2, -1.0, [-0.46063765274169166, 0.06013002922393862]
[-0.46063765274169166, 0.06013002922393862], 1, -1.0, [-0.4009770291194281, 0.059660623622263514]
[-0.4009770291194281, 0.059660623622263514], 2, -1.0, [-0.3412154662817896, 0.05976156283763852]
[-0.3412154662817896, 0.05976156283763852], 0, -1.0, [-0.2837545418267462, 0.057460924455043416]
[-0.2837545418267462, 0.057460924455043416], 2, -1.0, [-0.2269412005771056, 0.0568133412496406]
[-0.2269412005771056, 0.0568133412496406], 2, -1.0, [-0.17107049577762695, 0.05587070479947866]
[-0.17107049577762695, 0.05587070479947866], 2, -1.0, [-0.1163777215649205, 0.05469277421270645]
[-0.1163777215649205, 0.05469277421270645], 2, -1.0, [-0.0630341213417436, 0.0533436002231769]
[-0.0630341213417436, 0.0533436002231769], 1, -1.0, [-0.01214595453358594, 0.050888166808157664]
[-0.01214595453358594, 0.050888166808157664], 1, -1.0, [0.036243871738330956, 0.048389826271916896]
[0.036243871738330956, 0.048389826271916896], 1, -1.0, [0.08214846166147857, 0.04590458992314762]
[0.08214846166147857, 0.04590458992314762], 1, -1.0, [0.12562858727350146, 0.04348012561202288]
[0.12562858727350146, 0.04348012561202288], 1, -1.0, [0.16678417472281698, 0.04115558744931552]
[0.16678417472281698, 0.04115558744931552], 1, -1.0, [0.20574622842644624, 0.038962053703629256]
[0.20574622842644624, 0.038962053703629256], 1, -1.0, [0.24266958269829206, 0.03692335427184582]
[0.24266958269829206, 0.03692335427184582], 0, -1.0, [0.2767266848962394, 0.03405710219794737]
[0.2767266848962394, 0.03405710219794737], 0, -1.0, [0.3080969298913642, 0.031370244995124794]
[0.3080969298913642, 0.031370244995124794], 0, -1.0, [0.336961172808811, 0.028864242917446752]
[0.336961172808811, 0.028864242917446752], 0, -1.0, [0.3634976349203918, 0.0265364621115808]
[0.3634976349203918, 0.0265364621115808], 0, -1.0, [0.3878789763117628, 0.024381341391371075]
[0.3878789763117628, 0.024381341391371075], 0, -1.0, [0.4102703113333256, 0.022391335021562764]
[0.4102703113333256, 0.022391335021562764], 2, -1.0, [0.4328279630521521, 0.02255765171882652]
[0.4328279630521521, 0.02255765171882652], 0, -1.0, [0.4537132163168713, 0.020885253264719163]
[0.4537132163168713, 0.020885253264719163], 0, -1.0, [0.4730781593118777, 0.019364942995006414]
[0.4730781593118777, 0.019364942995006414], 2, -1.0, [0.49306564665548824, 0.01998748734361057]
[0.49306564665548824, 0.01998748734361057], 0, -1.0, [0.5118244556309852, 0.018758808975496942]
