[-0.4484074612914436, 0.0], 0, -1.0, [-0.44996662579527114, -0.0015591645038275136]
[-0.44996662579527114, -0.0015591645038275136], 0, -1.0, [-0.4530735512440198, -0.0031069254487486797]
[-0.4530735512440198, -0.0031069254487486797], 0, -1.0, [-0.45770547843626597, -0.004631927192246132]
[-0.45770547843626597, -0.004631927192246132], 0, -1.0, [-0.46382839297179945, -0.0061229145355334745]
[-0.46382839297179945, -0.0061229145355334745], 0, -1.0, [-0.47139718702780564, -0.007568794056006212]
[-0.47139718702780564, -0.007568794056006212], 0, -1.0, [-0.4803558946509427, -0.008958707623137068]
[-0.4803558946509427, -0.008958707623137068], 0, -1.0, [-0.4906380149501618, -0.010282120299219117]
[-0.4906380149501618, -0.010282120299219117], 0, -1.0, [-0.5021669383003731, -0.011528923350211252]
[-0.5021669383003731, -0.011528923350211252], 0, -1.0, [-0.5148564897065229, -0.012689551406149802]
[-0.5148564897065229, -0.012689551406149802], 0, -1.0, [-0.528611600740414, -0.013755111033891109]
[-0.528611600740414, -0.013755111033891109], 0, -1.0, [-0.5433291170028223, -0.014717516262408215]
[-0.5433291170028223, -0.014717516262408215], 0, -1.0, [-0.5588987420980324, -0.015569625095210118]
[-0.5588987420980324, -0.015569625095210118], 0, -1.0, [-0.5752041120191679, -0.0163053699211355]
[-0.5752041120191679, -0.0163053699211355], 0, -1.0, [-0.5921239861610309, -0.016919874141863037]
[-0.5921239861610309, -0.016919874141863037], 0, -1.0, [-0.6095335335412069, -0.017409547380175926]
[-0.6095335335412069, -0.017409547380175926], 0, -1.0, [-0.627305685906106, -0.017772152364899187]
[-0.627305685906106, -0.017772152364899187], 0, -1.0, [-0.6453125238852087, -0.01800683797910262]
[-0.6453125238852087, -0.01800683797910262], 0, -1.0, [-0.6634266587865701, -0.018114134901361535]
[-0.6634266587865701, -0.018114134901361535], 0, -1.0, [-0.6815225713758049, -0.018095912589234694]
[-0.6815225713758049, -0.018095912589234694], 0, -1.0, [-0.6994778702000963, -0.017955298824291463]
[-0.6994778702000963, -0.017955298824291463], 1, -1.0, [-0.7161744356148574, -0.016696565414761024]
[-0.7161744356148574, -0.016696565414761024], 1, -1.0, [-0.7315056979635607, -0.015331262348703264]
[-0.7315056979635607, -0.015331262348703264], 2, -1.0, [-0.7443768118528151, -0.01287111388925443]
[-0.7443768118528151, -0.01287111388925443], 2, -1.0, [-0.7547105279722177, -0.010333716119402626]
[-0.7547105279722177, -0.010333716119402626], 2, -1.0, [-0.7624464792395712, -0.007735951267353528]
[-0.7624464792395712, -0.007735951267353528], 2, -1.0, [-0.7675404759362031, -0.0050939966966319465]
[-0.7675404759362031, -0.0050939966966319465], 2, -1.0, [-0.769963901277493, -0.0024234253412899385]
[-0.769963901277493, -0.0024234253412899385], 1, -1.0, [-0.7707032776182712, -0.0007393763407781116]
[-0.7707032776182712, -0.0007393763407781116], 2, -1.0, [-0.7687545106775433, 0.001948766940727913]
[-0.7687545106775433, 0.001948766940727913], 2, -1.0, [-0.7641284095626887, 0.0046261011148545856]
[-0.7641284095626887, 0.0046261011148545856], 2, -1.0, [-0.7568508624861565, 0.007277547076532175]
[-0.7568508624861565, 0.007277547076532175], 2, -1.0, [-0.7469632372946838, 0.009887625191472717]
[-0.7469632372946838, 0.009887625191472717], 2, -1.0, [-0.734522964149249, 0.012440273145434876]
[-0.734522964149249, 0.012440273145434876], 2, -1.0, [-0.7196042340038735, 0.014918730145375519]
[-0.7196042340038735, 0.014918730145375519], 2, -1.0, [-0.702298724721263, 0.017305509282610522]
[-0.702298724721263, 0.017305509282610522], 2, -1.0, [-0.682716248201007, 0.01958247652025598]
[-0.682716248201007, 0.01958247652025598], 2, -1.0, [-0.6609851987611025, 0.02173104943990449]
[-0.6609851987611025, 0.02173104943990449], 1, -1.0, [-0.6382526775506759, 0.02273252121042662]
[-0.6382526775506759, 0.02273252121042662], 2, -1.0, [-0.6136771078852602, 0.02457556966541579]
[-0.6136771078852602, 0.02457556966541579], 2, -1.0, [-0.5874341434387017, 0.02624296444655849]
[-0.5874341434387017, 0.02624296444655849], 2, -1.0, [-0.5597153347915059, 0.027718808647195774]
[-0.5597153347915059, 0.027718808647195774], 2, -1.0, [-0.5307261816341743, 0.02898915315733167]
[-0.5307261816341743, 0.02898915315733167], 2, -1.0, [-0.5006835770047863, 0.03004260462938797]
[-0.5006835770047863, 0.03004260462938797], 2, -1.0, [-0.4698127010265315, 0.03087087597825477]
[-0.4698127010265315, 0.03087087597825477], 0, -1.0, [-0.4403434723851713, 0.029469228641360225]
[-0.4403434723851713, 0.029469228641360225], 0, -1.0, [-0.4124921865923604, 0.027851285792810897]
[-0.4124921865923604, 0.027851285792810897], 0, -1.0, [-0.3864588554925044, 0.026033331099856]
[-0.3864588554925044, 0.026033331099856], 0, -1.0, [-0.36242530193653655, 0.024033553555967847]
[-0.36242530193653655, 0.024033553555967847], 0, -1.0, [-0.3405539956384083, 0.021871306298128244]
[-0.3405539956384083, 0.021871306298128244], 0, -1.0, [-0.3209875619320303, 0.019566433706378]
[-0.3209875619320303, 0.019566433706378], 0, -1.0, [-0.30384885438906045, 0.01713870754296989]
[-0.30384885438906045, 0.01713870754296989], 0, -1.0, [-0.2892414568425289, 0.01460739754653158]
[-0.2892414568425289, 0.01460739754653158], 0, -1.0, [-0.27725046980995105, 0.011990987032577826]
[-0.27725046980995105, 0.011990987032577826], 0, -1.0, [-0.2679434385416271, 0.009307031268323924]
[-0.2679434385416271, 0.009307031268323924], 0, -1.0, [-0.2613712920358677, 0.006572146505759437]
[-0.2613712920358677, 0.006572146505759437], 0, -1.0, [-0.25756918134520784, 0.003802110690659837]
[-0.25756918134520784, 0.003802110690659837], 0, -1.0, [-0.25655712871373354, 0.0010120526314742946]
[-0.25655712871373354, 0.0010120526314742946], 0, -1.0, [-0.2583404245585875, -0.0017832958448539648]
[-0.2583404245585875, -0.0017832958448539648], 0, -1.0, [-0.2629097357743449, -0.004569311215757358]
[-0.2629097357743449, -0.004569311215757358], 0, -1.0, [-0.27024091563715513, -0.007331179862810246]
[-0.27024091563715513, -0.007331179862810246], 0, -1.0, [-0.2802945324414523, -0.010053616804297172]
[-0.2802945324414523, -0.010053616804297172], 0, -1.0, [-0.2930151607474986, -0.012720628306046321]
[-0.2930151607474986, -0.012720628306046321], 0, -1.0, [-0.3083305053979891, -0.015315344650490498]
[-0.3083305053979891, -0.015315344650490498], 0, -1.0, [-0.32615045346773985, -0.017819948069750756]
[-0.32615045346773985, -0.017819948069750756], 0, -1.0, [-0.34636617158603045, -0.02021571811829058]
[-0.34636617158603045, -0.02021571811829058], 0, -1.0, [-0.3688493834446072, -0.022483211858576765]
[-0.3688493834446072, -0.022483211858576765], 0, -1.0, [-0.3934519719998924, -0.024602588555285212]
[-0.3934519719998924, -0.024602588555285212], 0, -1.0, [-0.4200060498506115, -0.026554077850719116]
[-0.4200060498506115, -0.026554077850719116], 0, -1.0, [-0.44832462677211793, -0.028318576921506404]
[-0.44832462677211793, -0.028318576921506404], 0, -1.0, [-0.4782029737000379, -0.029878346927919974]
[-0.4782029737000379, -0.029878346927919974], 0, -1.0, [-0.5094207376722901, -0.031217763972252222]
[-0.5094207376722901, -0.031217763972252222], 0, -1.0, [-0.5417448048691261, -0.032324067196836045]
[-0.5417448048691261, -0.032324067196836045], 0, -1.0, [-0.5749328440562911, -0.033188039187165]
[-0.5749328440562911, -0.033188039187165], 0, -1.0, [-0.6087373977684338, -0.03380455371214271]
[-0.6087373977684338, -0.03380455371214271], 0, -1.0, [-0.6429103319666553, -0.034172934198221414]
[-0.6429103319666553, -0.034172934198221414], 0, -1.0, [-0.6772074147981364, -0.03429708283148114]
[-0.6772074147981364, -0.03429708283148114], 0, -1.0, [-0.7113927775771379, -0.03418536277900157]
[-0.7113927775771379, -0.03418536277900157], 0, -1.0, [-0.745243018915059, -0.033850241337921076]
[-0.745243018915059, -0.033850241337921076], 0, -1.0, [-0.7785507447644783, -0.03330772584941935]
[-0.7785507447644783, -0.03330772584941935], 0, -1.0, [-0.8111273879999328, -0.03257664323545456]
[-0.8111273879999328, -0.03257664323545456], 0, -1.0, [-0.8428052134243424, -0.031677825424409646]
[-0.8428052134243424, -0.031677825424409646], 2, -1.0, [-0.8714384791566573, -0.028633265732314832]
[-0.8714384791566573, -0.028633265732314832], 2, -1.0, [-0.8969112940674328, -0.02547281491077544]
[-0.8969112940674328, -0.02547281491077544], 2, -1.0, [-0.9191339258921862, -0.022222631824753515]
[-0.9191339258921862, -0.022222631824753515], 2, -1.0, [-0.9380388027089284, -0.018904876816742106]
[-0.9380388027089284, -0.018904876816742106], 2, -1.0, [-0.9535765366884362, -0.015537733979507858]
[-0.9535765366884362, -0.015537733979507858], 2, -1.0, [-0.965712229234271, -0.012135692545834846]
[-0.965712229234271, -0.012135692545834846], 2, -1.0, [-0.9744222489293213, -0.008710019695050197]
[-0.9744222489293213, -0.008710019695050197], 2, -1.0, [-0.9796916150784498, -0.0052693661491285525]
[-0.9796916150784498, -0.0052693661491285525], 2, -1.0, [-0.9815120730761443, -0.0018204579976944476]
[-0.9815120730761443, -0.0018204579976944476], 2, -1.0, [-0.9798809132556302, 0.0016311598205140609]
[-0.9798809132556302, 0.0016311598205140609], 0, -1.0, [-0.9768005601180508, 0.003080353137579371]
[-0.9768005601180508, 0.003080353137579371], 2, -1.0, [-0.9702757521029876, 0.006524808015063225]
[-0.9702757521029876, 0.006524808015063225], 2, -1.0, [-0.9603172150468171, 0.009958537056170402]
[-0.9603172150468171, 0.009958537056170402], 2, -1.0, [-0.9469431155186492, 0.013374099528167918]
[-0.9469431155186492, 0.013374099528167918], 2, -1.0, [-0.9301812393950122, 0.016761876123637026]
[-0.9301812393950122, 0.016761876123637026], 2, -1.0, [-0.9100718319751671, 0.020109407419845134]
[-0.9100718319751671, 0.020109407419845134], 2, -1.0, [-0.8866709970417961, 0.023400834933371018]
[-0.8866709970417961, 0.023400834933371018], 2, -1.0, [-0.8600545012054791, 0.026616495836316936]
[-0.8600545012054791, 0.026616495836316936], 2, -1.0, [-0.8303217676159498, 0.029732733589529325]
[-0.8303217676159498, 0.029732733589529325], 2, -1.0, [-0.7975997740819795, 0.03272199353397027]
[-0.7975997740819795, 0.03272199353397027], 2, -1.0, [-0.762046503427726, 0.035553270654253524]
[-0.762046503427726, 0.035553270654253524], 2, -1.0, [-0.7238535414894302, 0.0381929619382958]
[-0.7238535414894302, 0.0381929619382958], 2, -1.0, [-0.6832473967748702, 0.04060614471455995]
[-0.6832473967748702, 0.04060614471455995], 2, -1.0, [-0.6404891422966796, 0.042758254478190566]
[-0.6404891422966796, 0.042758254478190566], 2, -1.0, [-0.5958720674602173, 0.04461707483646242]
[-0.5958720674602173, 0.04461707483646242], 2, -1.0, [-0.5497171799999813, 0.04615488746023599]
[-0.5497171799999813, 0.04615488746023599], 2, -1.0, [-0.5023666048889274, 0.047350575111053915]
[-0.5023666048889274, 0.047350575111053915], 2, -1.0, [-0.45417516339987035, 0.048191441489057005]
[-0.45417516339987035, 0.048191441489057005], 2, -1.0, [-0.40550064294524923, 0.048674520454621145]
[-0.40550064294524923, 0.048674520454621145], 2, -1.0, [-0.3566934441743442, 0.04880719877090506]
[-0.3566934441743442, 0.04880719877090506], 2, -1.0, [-0.3080863798028134, 0.04860706437153081]
[-0.3080863798028134, 0.04860706437153081], 2, -1.0, [-0.25998538066581567, 0.048100999136997696]
[-0.25998538066581567, 0.048100999136997696], 2, -1.0, [-0.21266174248321573, 0.04732363818259994]
[-0.21266174248321573, 0.04732363818259994], 2, -1.0, [-0.16634634765580636, 0.04631539482740938]
[-0.16634634765580636, 0.04631539482740938], 2, -1.0, [-0.12122605998831121, 0.04512028766749515]
[-0.12122605998831121, 0.04512028766749515], 2, -1.0, [-0.07744225924007103, 0.043783800748240176]
[-0.07744225924007103, 0.043783800748240176], 2, -1.0, [-0.03509129175882868, 0.042350967481242355]
[-0.03509129175882868, 0.042350967481242355], 2, -1.0, [0.0057735161690155995, 0.04086480792784428]
[0.0057735161690155995, 0.04086480792784428], 2, -1.0, [0.045138699089235616, 0.03936518292022002]
[0.045138699089235616, 0.03936518292022002], 2, -1.0, [0.08302676890254393, 0.037888069813308306]
[0.08302676890254393, 0.037888069813308306], 2, -1.0, [0.11949198984667712, 0.036465220944133195]
[0.11949198984667712, 0.036465220944133195], 2, -1.0, [0.1546161292577031, 0.03512413941102597]
[0.1546161292577031, 0.03512413941102597], 2, -1.0, [0.18850442521378974, 0.03388829595608664]
[0.18850442521378974, 0.03388829595608664], 2, -1.0, [0.2212819369866643, 0.03277751177287456]
[0.2212819369866643, 0.03277751177287456], 2, -1.0, [0.25309037760025915, 0.03180844061359488]
[0.25309037760025915, 0.03180844061359488], 1, -1.0, [0.2830854733378365, 0.02999509573757734]
[0.2830854733378365, 0.02999509573757734], 2, -1.0, [0.3124292150742864, 0.029343741736449887]
[0.3124292150742864, 0.029343741736449887], 1, -1.0, [0.340293016218432, 0.027863801144145633]
[0.340293016218432, 0.027863801144145633], 0, -1.0, [0.3658502756007579, 0.025557259382325913]
[0.3658502756007579, 0.025557259382325913], 2, -1.0, [0.39126809128311557, 0.025417815682357663]
[0.39126809128311557, 0.025417815682357663], 0, -1.0, [0.41471929176021105, 0.02345120047709548]
[0.41471929176021105, 0.02345120047709548], 2, -1.0, [0.4383683396464712, 0.02364904788626014]
[0.4383683396464712, 0.02364904788626014], 0, -1.0, [0.4603851017788713, 0.022016762132400135]
[0.4603851017788713, 0.022016762132400135], 2, -1.0, [0.48293059800035376, 0.022545496221482428]
[0.48293059800035376, 0.022545496221482428], 0, -1.0, [0.5041718390145514, 0.021241241014197675]
