[-0.48954397550335127, 0.0], 0, -1.0, [-0.4907989424244087, -0.0012549669210574221]
[-0.4907989424244087, -0.0012549669210574221], 0, -1.0, [-0.49329951130751, -0.002500568883101304]
[-0.49329951130751, -0.002500568883101304], 0, -1.0, [-0.4970270118709121, -0.00372750056340208]
[-0.4970270118709121, -0.00372750056340208], 0, -1.0, [-0.5019535896655608, -0.004926577794648775]
[-0.5019535896655608, -0.004926577794648775], 0, -1.0, [-0.5080423922916706, -0.00608880262610977]
[-0.5080423922916706, -0.00608880262610977], 0, -1.0, [-0.5152478254447527, -0.007205433153082105]
[-0.5152478254447527, -0.007205433153082105], 0, -1.0, [-0.5235158841723986, -0.00826805872764587]
[-0.5235158841723986, -0.00826805872764587], 0, -1.0, [-0.5327845645857323, -0.009268680413333716]
[-0.5327845645857323, -0.009268680413333716], 0, -1.0, [-0.5429843603010367, -0.010199795715304376]
[-0.5429843603010367, -0.010199795715304376], 0, -1.0, [-0.5540388460748126, -0.011054485773775831]
[-0.5540388460748126, -0.011054485773775831], 0, -1.0, [-0.565865348501913, -0.011826502427100358]
[-0.565865348501913, -0.011826502427100358], 0, -1.0, [-0.5783757004109684, -0.012510351909055514]
[-0.5783757004109684, -0.012510351909055514], 0, -1.0, [-0.5914770719253232, -0.013101371514354806]
[-0.5914770719253232, -0.013101371514354806], 0, -1.0, [-0.605072867330415, -0.01359579540509184]
[-0.605072867330415, -0.01359579540509184], 0, -1.0, [-0.6190636732056427, -0.013990805875227726]
[-0.6190636732056427, -0.013990805875227726], 0, -1.0, [-0.6333482400542937, -0.014284566848650933]
[-0.6333482400542937, -0.014284566848650933], 0, -1.0, [-0.6478244771898589, -0.014476237135565251]
[-0.6478244771898589, -0.014476237135565251], 0, -1.0, [-0.6623904391475645, -0.014565961957705589]
[-0.6623904391475645, -0.014565961957705589], 0, -1.0, [-0.6769452815421795, -0.014554842394615004]
[-0.6769452815421795, -0.014554842394615004], 0, -1.0, [-0.691390165145118, -0.0144448836029385]
[-0.691390165145118, -0.0144448836029385], 0, -1.0, [-0.70562908895952, -0.01423892381440204]
[-0.70562908895952, -0.01423892381440204], 0, -1.0, [-0.7195696360877722, -0.013940547128252205]
[-0.7195696360877722, -0.013940547128252205], 0, -1.0, [-0.7331236199883239, -0.013553983900551604]
[-0.7331236199883239, -0.013553983900551604], 0, -1.0, [-0.7462076230304663, -0.013084003042142456]
[-0.7462076230304663, -0.013084003042142456], 0, -1.0, [-0.7587434237766163, -0.012535800746150011]
[-0.7587434237766163, -0.012535800746150011], 0, -1.0, [-0.770658313858564, -0.011914890081947642]
[-0.770658313858564, -0.011914890081947642], 2, -1.0, [-0.779885309407893, -0.00922699554932906]
[-0.779885309407893, -0.00922699554932906], 2, -1.0, [-0.7863740147526272, -0.006488705344734215]
[-0.7863740147526272, -0.006488705344734215], 2, -1.0, [-0.7900897854938398, -0.0037157707412124943]
[-0.7900897854938398, -0.0037157707412124943], 2, -1.0, [-0.7910130841161536, -0.0009232986223137729]
[-0.7910130841161536, -0.0009232986223137729], 2, -1.0, [-0.7891390903723055, 0.0018739937438481255]
[-0.7891390903723055, 0.0018739937438481255], 2, -1.0, [-0.7844776021553842, 0.004661488216921278]
[-0.7844776021553842, 0.004661488216921278], 2, -1.0, [-0.7770532357338005, 0.007424366421583752]
[-0.7770532357338005, 0.007424366421583752], 2, -1.0, [-0.7669059073351553, 0.010147328398645156]
[-0.7669059073351553, 0.010147328398645156], 2, -1.0, [-0.7540915512898437, 0.012814356045311592]
[-0.7540915512898437, 0.012814356045311592], 2, -1.0, [-0.7386830036442532, 0.015408547645590555]
[-0.7386830036442532, 0.015408547645590555], 2, -1.0, [-0.7207709551507764, 0.017912048493476874]
[-0.7207709551507764, 0.017912048493476874], 2, -1.0, [-0.7004648553165312, 0.02030609983424518]
[-0.7004648553165312, 0.02030609983424518], 2, -1.0, [-0.6778936319430763, 0.02257122337345495]
[-0.6778936319430763, 0.02257122337345495], 2, -1.0, [-0.6532060811154169, 0.024687550827659385]
[-0.6532060811154169, 0.024687550827659385], 2, -1.0, [-0.6265707839590269, 0.02663529715639001]
[-0.6265707839590269, 0.02663529715639001], 2, -1.0, [-0.5981754214233361, 0.028395362535690697]
[-0.5981754214233361, 0.028395362535690697], 2, -1.0, [-0.5682253885550007, 0.029950032868335443]
[-0.5682253885550007, 0.029950032868335443], 2, -1.0, [-0.5369416550425519, 0.03128373351244887]
[-0.5369416550425519, 0.03128373351244887], 2, -1.0, [-0.5045578766561145, 0.032383778386437315]
[-0.5045578766561145, 0.032383778386437315], 2, -1.0, [-0.47131682736128744, 0.03324104929482706]
[-0.47131682736128744, 0.03324104929482706], 0, -1.0, [-0.43946628694425194, 0.03185054041703552]
[-0.43946628694425194, 0.03185054041703552], 0, -1.0, [-0.4092400619786198, 0.030226224965632178]
[-0.4092400619786198, 0.030226224965632178], 0, -1.0, [-0.3808548009026888, 0.028385261075930986]
[-0.3808548009026888, 0.028385261075930986], 0, -1.0, [-0.354507697404834, 0.026347103497854768]
[-0.354507697404834, 0.026347103497854768], 0, -1.0, [-0.33037508307055324, 0.024132614334280746]
[-0.33037508307055324, 0.024132614334280746], 0, -1.0, [-0.3086118406758604, 0.02176324239469287]
[-0.3086118406758604, 0.02176324239469287], 0, -1.0, [-0.28935151607404486, 0.01926032460181551]
[-0.28935151607404486, 0.01926032460181551], 0, -1.0, [-0.2727069722000485, 0.01664454387399634]
[-0.2727069722000485, 0.01664454387399634], 0, -1.0, [-0.2587714130411146, 0.013935559158933925]
[-0.2587714130411146, 0.013935559158933925], 0, -1.0, [-0.24761960593992205, 0.011151807101192564]
[-0.24761960593992205, 0.011151807101192564], 0, -1.0, [-0.23930914353214833, 0.008310462407773719]
[-0.23930914353214833, 0.008310462407773719], 0, -1.0, [-0.2338816079592549, 0.005427535572893446]
[-0.2338816079592549, 0.005427535572893446], 0, -1.0, [-0.23136352620763295, 0.0025180817516219293]
[-0.23136352620763295, 0.0025180817516219293], 0, -1.0, [-0.23176703386679043, -0.00040350765915747296]
[-0.23176703386679043, -0.00040350765915747296], 0, -1.0, [-0.23509019364069184, -0.003323159773901413]
[-0.23509019364069184, -0.003323159773901413], 0, -1.0, [-0.2413169438603251, -0.006226750219633268]
[-0.2413169438603251, -0.006226750219633268], 0, -1.0, [-0.2504166809565722, -0.009099737096247108]
[-0.2504166809565722, -0.009099737096247108], 0, -1.0, [-0.2623435086022018, -0.01192682764562955]
[-0.2623435086022018, -0.01192682764562955], 0, -1.0, [-0.27703521521055546, -0.014691706608353654]
[-0.27703521521055546, -0.014691706608353654], 0, -1.0, [-0.2944120704617564, -0.01737685525120091]
[-0.2944120704617564, -0.01737685525120091], 0, -1.0, [-0.31437555955835206, -0.01996348909659569]
[-0.31437555955835206, -0.01996348909659569], 0, -1.0, [-0.33680719908379025, -0.022431639525438186]
[-0.33680719908379025, -0.022431639525438186], 0, -1.0, [-0.36156759773957664, -0.02476039865578638]
[-0.36156759773957664, -0.02476039865578638], 0, -1.0, [-0.38849593515103076, -0.02692833741145413]
[-0.38849593515103076, -0.02692833741145413], 0, -1.0, [-0.4174100283232816, -0.028914093172250858]
[-0.4174100283232816, -0.028914093172250858], 0, -1.0, [-0.4481071346548337, -0.03069710633155208]
[-0.4481071346548337, -0.03069710633155208], 0, -1.0, [-0.48036560064893946, -0.03225846599410575]
[-0.48036560064893946, -0.03225846599410575], 0, -1.0, [-0.513947407135699, -0.033581806486759486]
[-0.513947407135699, -0.033581806486759486], 0, -1.0, [-0.5486015887724389, -0.034654181636739986]
[-0.5486015887724389, -0.034654181636739986], 0, -1.0, [-0.5840684251015102, -0.035466836329071334]
[-0.5840684251015102, -0.035466836329071334], 0, -1.0, [-0.6200842224796494, -0.03601579737813915]
[-0.6200842224796494, -0.03601579737813915], 0, -1.0, [-0.6563864417962298, -0.03630221931658042]
[-0.6563864417962298, -0.03630221931658042], 0, -1.0, [-0.692718886005152, -0.03633244420892216]
[-0.692718886005152, -0.03633244420892216], 0, -1.0, [-0.7288366507331822, -0.03611776472803021]
[-0.7288366507331822, -0.03611776472803021], 0, -1.0, [-0.7645105623471969, -0.03567391161401475]
[-0.7645105623471969, -0.03567391161401475], 0, -1.0, [-0.7995308773059849, -0.03502031495878801]
[-0.7995308773059849, -0.03502031495878801], 0, -1.0, [-0.833710086364118, -0.034179209058133084]
[-0.833710086364118, -0.034179209058133084], 0, -1.0, [-0.8668847465915995, -0.03317466022748149]
[-0.8668847465915995, -0.03317466022748149], 0, -1.0, [-0.8989163422404325, -0.032031595648833004]
[-0.8989163422404325, -0.032031595648833004], 0, -1.0, [-0.929691242973248, -0.030774900732815472]
[-0.929691242973248, -0.030774900732815472], 2, -1.0, [-0.9571198787064019, -0.027428635733153958]
[-0.9571198787064019, -0.027428635733153958], 2, -1.0, [-0.981139242646764, -0.02401936394036209]
[-0.981139242646764, -0.02401936394036209], 2, -1.0, [-1.0017075377579008, -0.02056829511113669]
[-1.0017075377579008, -0.02056829511113669], 2, -1.0, [-1.018799076850501, -0.0170915390926002]
[-1.018799076850501, -0.0170915390926002], 2, -1.0, [-1.0323996832818185, -0.01360060643131736]
[-1.0323996832818185, -0.01360060643131736], 2, -1.0, [-1.0425027527986437, -0.010103069516825144]
[-1.0425027527986437, -0.010103069516825144], 2, -1.0, [-1.0491060702741049, -0.006603317475461108]
[-1.0491060702741049, -0.006603317475461108], 2, -1.0, [-1.052209428726961, -0.0031033584528561927]
[-1.052209428726961, -0.0031033584528561927], 2, -1.0, [-1.0518130697623027, 0.00039635896465822426]
[-1.0518130697623027, 0.00039635896465822426], 2, -1.0, [-1.0479169504526962, 0.0038961193096064503]
[-1.0479169504526962, 0.0038961193096064503], 2, -1.0, [-1.0405208369653596, 0.0073961134873367015]
[-1.0405208369653596, 0.0073961134873367015], 2, -1.0, [-1.0296252249695261, 0.010895611995833434]
[-1.0296252249695261, 0.010895611995833434], 2, -1.0, [-1.01523308601906, 0.014392138950466147]
[-1.01523308601906, 0.014392138950466147], 2, -1.0, [-0.9973524326922999, 0.01788065332676001]
[-0.9973524326922999, 0.01788065332676001], 2, -1.0, [-0.9759996783485327, 0.021352754343767124]
[-0.9759996783485327, 0.021352754343767124], 2, -1.0, [-0.9512037353152911, 0.024795943033241657]
[-0.9512037353152911, 0.024795943033241657], 2, -1.0, [-0.9230107444509218, 0.028192990864369334]
[-0.9230107444509218, 0.028192990864369334], 2, -1.0, [-0.8914892575788125, 0.031521486872109324]
[-0.8914892575788125, 0.031521486872109324], 2, -1.0, [-0.8567356039480923, 0.0347536536307201]
[-0.8567356039480923, 0.0347536536307201], 2, -1.0, [-0.8188790695115675, 0.03785653443652478]
[-0.8188790695115675, 0.03785653443652478], 2, -1.0, [-0.7780864169874566, 0.04079265252411087]
[-0.7780864169874566, 0.04079265252411087], 2, -1.0, [-0.7345651960595511, 0.04352122092790553]
[-0.7345651960595511, 0.04352122092790553], 2, -1.0, [-0.6885652627278407, 0.04599993333171041]
[-0.6885652627278407, 0.04599993333171041], 2, -1.0, [-0.6403779714510349, 0.04818729127680577]
[-0.6403779714510349, 0.04818729127680577], 2, -1.0, [-0.5903326429031027, 0.0500453285479322]
[-0.5903326429031027, 0.0500453285479322], 2, -1.0, [-0.5387901470800336, 0.051542495823069134]
[-0.5387901470800336, 0.051542495823069134], 2, -1.0, [-0.4861337554073522, 0.052656391672681394]
[-0.4861337554073522, 0.052656391672681394], 2, -1.0, [-0.4327577601565739, 0.053375995250778276]
[-0.4327577601565739, 0.053375995250778276], 2, -1.0, [-0.3790546704651788, 0.05370308969139509]
[-0.3790546704651788, 0.05370308969139509], 2, -1.0, [-0.32540200501234573, 0.05365266545283312]
[-0.32540200501234573, 0.05365266545283312], 2, -1.0, [-0.2721497631214285, 0.05325224189091719]
[-0.2721497631214285, 0.05325224189091719], 2, -1.0, [-0.21960955370186963, 0.052540209419558885]
[-0.21960955370186963, 0.052540209419558885], 2, -1.0, [-0.16804611892481153, 0.05156343477705812]
[-0.16804611892481153, 0.05156343477705812], 2, -1.0, [-0.1176716616950049, 0.05037445722980663]
[-0.1176716616950049, 0.05037445722980663], 2, -1.0, [-0.06864304099802154, 0.04902862069698335]
[-0.06864304099802154, 0.04902862069698335], 2, -1.0, [-0.0210615988585904, 0.04758144213943114]
[-0.0210615988585904, 0.04758144213943114], 2, -1.0, [0.025024832018937994, 0.046086430877528395]
[0.025024832018937994, 0.046086430877528395], 2, -1.0, [0.06961830481302275, 0.044593472794084765]
[0.06961830481302275, 0.044593472794084765], 2, -1.0, [0.1127661051623923, 0.04314780034936954]
[0.1127661051623923, 0.04314780034936954], 0, -1.0, [0.15255560353652897, 0.03978949837413667]
[0.15255560353652897, 0.03978949837413667], 1, -1.0, [0.19010238722904857, 0.03754678369251959]
[0.19010238722904857, 0.03754678369251959], 1, -1.0, [0.2255448329686722, 0.03544244573962363]
[0.2255448329686722, 0.03544244573962363], 0, -1.0, [0.2580380674214364, 0.032493234452764225]
[0.2580380674214364, 0.032493234452764225], 0, -1.0, [0.2877437004726775, 0.029705633051241097]
[0.2877437004726775, 0.029705633051241097], 0, -1.0, [0.3148243700226207, 0.027080669549943204]
[0.3148243700226207, 0.027080669549943204], 2, -1.0, [0.34143961497164393, 0.026615244949023228]
[0.34143961497164393, 0.026615244949023228], 0, -1.0, [0.36575565752246453, 0.02431604255082059]
[0.36575565752246453, 0.02431604255082059], 2, -1.0, [0.38993162477702675, 0.024175967254562235]
[0.38993162477702675, 0.024175967254562235], 0, -1.0, [0.41213174066738634, 0.02220011589035959]
[0.41213174066738634, 0.02220011589035959], 2, -1.0, [0.43451134778739875, 0.022379607120012416]
[0.43451134778739875, 0.022379607120012416], 0, -1.0, [0.4552307251352935, 0.02071937734789474]
[0.4552307251352935, 0.02071937734789474], 2, -1.0, [0.47644092965978335, 0.02121020452448983]
[0.47644092965978335, 0.02121020452448983], 0, -1.0, [0.4962986289759325, 0.019857699316149155]
[0.4962986289759325, 0.019857699316149155], 0, -1.0, [0.5149518060165358, 0.01865317704060329]
