[-0.5088150520943183, 0.0], 0, -1.0, [-0.5099258936742064, -0.0011108415798880974]
[-0.5099258936742064, -0.0011108415798880974], 0, -1.0, [-0.5121392531146637, -0.0022133594404572755]
[-0.5121392531146637, -0.0022133594404572755], 0, -1.0, [-0.5154385420449386, -0.003299288930274912]
[-0.5154385420449386, -0.003299288930274912], 0, -1.0, [-0.5197990266139639, -0.00436048456902534]
[-0.5197990266139639, -0.00436048456902534], 0, -1.0, [-0.5251880086831882, -0.005388982069224186]
[-0.5251880086831882, -0.005388982069224186], 0, -1.0, [-0.5315650715494316, -0.0063770628662434495]
[-0.5315650715494316, -0.0063770628662434495], 0, -1.0, [-0.5388823928833846, -0.007317321333953067]
[-0.5388823928833846, -0.007317321333953067], 0, -1.0, [-0.5470851272469255, -0.008202734363540893]
[-0.5470851272469255, -0.008202734363540893], 0, -1.0, [-0.5561118596837856, -0.009026732436860132]
[-0.5561118596837856, -0.009026732436860132], 0, -1.0, [-0.5658951304641361, -0.009783270780350498]
[-0.5658951304641361, -0.009783270780350498], 0, -1.0, [-0.5763620291562305, -0.01046689869209433]
[-0.5763620291562305, -0.01046689869209433], 0, -1.0, [-0.5874348538995322, -0.011072824743301702]
[-0.5874348538995322, -0.011072824743301702], 0, -1.0, [-0.5990318292111527, -0.01159697531162048]
[-0.5990318292111527, -0.01159697531162048], 0, -1.0, [-0.6110678730532144, -0.012036043842061668]
[-0.6110678730532144, -0.012036043842061668], 0, -1.0, [-0.6234554014253681, -0.012387528372153766]
[-0.6234554014253681, -0.012387528372153766], 0, -1.0, [-0.6361051566285204, -0.012649755203152268]
[-0.6361051566285204, -0.012649755203152268], 0, -1.0, [-0.6489270437595068, -0.012821887130986403]
[-0.6489270437595068, -0.012821887130986403], 0, -1.0, [-0.6618309590919852, -0.012903915332478417]
[-0.6618309590919852, -0.012903915332478417], 0, -1.0, [-0.6747275938739149, -0.01289663478192974]
[-0.6747275938739149, -0.01289663478192974], 0, -1.0, [-0.6875291977618135, -0.012801603887898682]
[-0.6875291977618135, -0.012801603887898682], 0, -1.0, [-0.7001502875857727, -0.012621089823959205]
[-0.7001502875857727, -0.012621089823959205], 0, -1.0, [-0.7125082893041569, -0.012358001718384193]
[-0.7125082893041569, -0.012358001718384193], 0, -1.0, [-0.7245241037187026, -0.012015814414545689]
[-0.7245241037187026, -0.012015814414545689], 0, -1.0, [-0.7361225895991959, -0.011598485880493305]
[-0.7361225895991959, -0.011598485880493305], 0, -1.0, [-0.7472329611144068, -0.011110371515210963]
[-0.7472329611144068, -0.011110371515210963], 0, -1.0, [-0.7577890996861488, -0.010556138571741936]
[-0.7577890996861488, -0.010556138571741936], 0, -1.0, [-0.7677297833978524, -0.009940683711703507]
[-0.7677297833978524, -0.009940683711703507], 2, -1.0, [-0.774998839750434, -0.007269056352581674]
[-0.774998839750434, -0.007269056352581674], 2, -1.0, [-0.7795561311718691, -0.004557291421435002]
[-0.7795561311718691, -0.004557291421435002], 2, -1.0, [-0.781376907599078, -0.0018207764272089224]
[-0.781376907599078, -0.0018207764272089224], 2, -1.0, [-0.7804513711193427, 0.0009255364797352951]
[-0.7804513711193427, 0.0009255364797352951], 2, -1.0, [-0.7767844957115104, 0.0036668754078322922]
[-0.7767844957115104, 0.0036668754078322922], 2, -1.0, [-0.7703961193250854, 0.006388376386424992]
[-0.7703961193250854, 0.006388376386424992], 2, -1.0, [-0.7613212995323946, 0.009074819792690834]
[-0.7613212995323946, 0.009074819792690834], 2, -1.0, [-0.7496108980831766, 0.011710401449218005]
[-0.7496108980831766, 0.011710401449218005], 2, -1.0, [-0.7353323342698673, 0.014278563813309244]
[-0.7353323342698673, 0.014278563813309244], 2, -1.0, [-0.718570422804082, 0.016761911465785352]
[-0.718570422804082, 0.016761911465785352], 2, -1.0, [-0.6994281901729689, 0.019142232631113178]
[-0.6994281901729689, 0.019142232631113178], 2, -1.0, [-0.678027546072542, 0.021400644100426906]
[-0.678027546072542, 0.021400644100426906], 2, -1.0, [-0.6545096759422642, 0.023517870130277885]
[-0.6545096759422642, 0.023517870130277885], 2, -1.0, [-0.6290350195810797, 0.025474656361184466]
[-0.6290350195810797, 0.025474656361184466], 2, -1.0, [-0.6017827118620296, 0.027252307719050115]
[-0.6017827118620296, 0.027252307719050115], 2, -1.0, [-0.5729493864185731, 0.028833325443456553]
[-0.5729493864185731, 0.028833325443456553], 2, -1.0, [-0.5427472820791441, 0.030202104339428944]
[-0.5427472820791441, 0.030202104339428944], 2, -1.0, [-0.5114016429153719, 0.03134563916377219]
[-0.5114016429153719, 0.03134563916377219], 2, -1.0, [-0.47914746183419843, 0.03225418108117349]
[-0.47914746183419843, 0.03225418108117349], 0, -1.0, [-0.44822567837213095, 0.030921783462067455]
[-0.44822567837213095, 0.030921783462067455], 0, -1.0, [-0.41886438816276567, 0.02936129020936529]
[-0.41886438816276567, 0.02936129020936529], 0, -1.0, [-0.3912757448097886, 0.027588643352977078]
[-0.3912757448097886, 0.027588643352977078], 0, -1.0, [-0.3656536637245844, 0.025622081085204217]
[-0.3656536637245844, 0.025622081085204217], 0, -1.0, [-0.34217233866358293, 0.023481325061001476]
[-0.34217233866358293, 0.023481325061001476], 0, -1.0, [-0.3209855177898989, 0.021186820873684013]
[-0.3209855177898989, 0.021186820873684013], 0, -1.0, [-0.30222643566467094, 0.01875908212522799]
[-0.30222643566467094, 0.01875908212522799], 0, -1.0, [-0.2860082636902741, 0.01621817197439687]
[-0.2860082636902741, 0.01621817197439687], 0, -1.0, [-0.27242492444553246, 0.013583339244741668]
[-0.27242492444553246, 0.013583339244741668], 0, -1.0, [-0.26155211322467076, 0.01087281122086171]
[-0.26155211322467076, 0.01087281122086171], 0, -1.0, [-0.25344837984171514, 0.008103733382955608]
[-0.25344837984171514, 0.008103733382955608], 0, -1.0, [-0.24815614194264327, 0.005292237899071865]
[-0.24815614194264327, 0.005292237899071865], 0, -1.0, [-0.24570252452059865, 0.0024536174220446093]
[-0.24570252452059865, 0.0024536174220446093], 0, -1.0, [-0.24609994658638557, -0.00039742206578690775]
[-0.24609994658638557, -0.00039742206578690775], 0, -1.0, [-0.24934640337314135, -0.0032464567867557786]
[-0.24934640337314135, -0.0032464567867557786], 0, -1.0, [-0.2554254201894964, -0.006079016816355059]
[-0.2554254201894964, -0.006079016816355059], 0, -1.0, [-0.26430568178711283, -0.008880261597616432]
[-0.26430568178711283, -0.008880261597616432], 0, -1.0, [-0.27594036886300644, -0.011634687075893579]
[-0.27594036886300644, -0.011634687075893579], 0, -1.0, [-0.29026626101537445, -0.014325892152368003]
[-0.29026626101537445, -0.014325892152368003], 0, -1.0, [-0.3072026926892204, -0.01693643167384597]
[-0.3072026926892204, -0.01693643167384597], 0, -1.0, [-0.32665047432401517, -0.019447781634794763]
[-0.32665047432401517, -0.019447781634794763], 0, -1.0, [-0.34849091318181735, -0.021840438857802194]
[-0.34849091318181735, -0.021840438857802194], 0, -1.0, [-0.37258508450517547, -0.024094171323358136]
[-0.37258508450517547, -0.024094171323358136], 0, -1.0, [-0.3987735104390494, -0.026188425933873938]
[-0.3987735104390494, -0.026188425933873938], 0, -1.0, [-0.4268763981291256, -0.028102887690076208]
[-0.4268763981291256, -0.028102887690076208], 0, -1.0, [-0.4566945667559923, -0.02981816862686673]
[-0.4566945667559923, -0.02981816862686673], 0, -1.0, [-0.48801115463718825, -0.031316587881195956]
[-0.48801115463718825, -0.031316587881195956], 0, -1.0, [-0.5205941429161183, -0.03258298827893005]
[-0.5205941429161183, -0.03258298827893005], 0, -1.0, [-0.5541996656350066, -0.033605522718888295]
[-0.5541996656350066, -0.033605522718888295], 0, -1.0, [-0.5885760039128622, -0.03437633827785574]
[-0.5885760039128622, -0.03437633827785574], 0, -1.0, [-0.6234680934052591, -0.034892089492396895]
[-0.6234680934052591, -0.034892089492396895], 0, -1.0, [-0.6586223187787619, -0.03515422537350275]
[-0.6586223187787619, -0.03515422537350275], 0, -1.0, [-0.6937913349643428, -0.035169016185580895]
[-0.6937913349643428, -0.035169016185580895], 0, -1.0, [-0.7287386478229564, -0.03494731285861364]
[-0.7287386478229564, -0.03494731285861364], 0, -1.0, [-0.763242707673476, -0.03450405985051959]
[-0.763242707673476, -0.03450405985051959], 0, -1.0, [-0.7971003144884752, -0.03385760681499911]
[-0.7971003144884752, -0.03385760681499911], 0, -1.0, [-0.83012919631143, -0.0330288818229548]
[-0.83012919631143, -0.0330288818229548], 0, -1.0, [-0.8621696933045117, -0.0320404969930816]
[-0.8621696933045117, -0.0320404969930816], 0, -1.0, [-0.8930855493008107, -0.03091585599629906]
[-0.8930855493008107, -0.03091585599629906], 2, -1.0, [-0.9207638728263035, -0.027678323525492758]
[-0.9207638728263035, -0.027678323525492758], 2, -1.0, [-0.9451198871790718, -0.024356014352768407]
[-0.9451198871790718, -0.024356014352768407], 2, -1.0, [-0.9660922116105627, -0.02097232443149093]
[-0.9660922116105627, -0.02097232443149093], 2, -1.0, [-0.9836381750182368, -0.01754596340767412]
[-0.9836381750182368, -0.01754596340767412], 2, -1.0, [-0.9977294485790862, -0.014091273560849365]
[-0.9977294485790862, -0.014091273560849365], 2, -1.0, [-1.008348201449264, -0.010618752870177744]
[-1.008348201449264, -0.010618752870177744], 2, -1.0, [-1.0154839144180723, -0.007135712968808394]
[-1.0154839144180723, -0.007135712968808394], 2, -1.0, [-1.019130933595589, -0.00364701917751657]
[-1.019130933595589, -0.00364701917751657], 2, -1.0, [-1.0192868095576657, -0.0001558759620767106]
[-1.0192868095576657, -0.0001558759620767106], 2, -1.0, [-1.015951444257455, 0.00333536530021071]
[-1.015951444257455, 0.00333536530021071], 2, -1.0, [-1.0091270545079687, 0.006824389749486407]
[-1.0091270545079687, 0.006824389749486407], 2, -1.0, [-0.9988189523725123, 0.010308102135456389]
[-0.9988189523725123, 0.010308102135456389], 2, -1.0, [-0.9850371345490893, 0.013781817823423016]
[-0.9850371345490893, 0.013781817823423016], 2, -1.0, [-0.9677986599716488, 0.017238474577440398]
[-0.9677986599716488, 0.017238474577440398], 2, -1.0, [-0.9471307727676203, 0.020667887204028533]
[-0.9471307727676203, 0.020667887204028533], 2, -1.0, [-0.9230746923965173, 0.024056080371102934]
[-0.9230746923965173, 0.024056080371102934], 2, -1.0, [-0.8956899414819646, 0.02738475091455277]
[-0.8956899414819646, 0.02738475091455277], 2, -1.0, [-0.8650590140061226, 0.030630927475841948]
[-0.8650590140061226, 0.030630927475841948], 2, -1.0, [-0.8312921051413825, 0.03376690886474006]
[-0.8312921051413825, 0.03376690886474006], 2, -1.0, [-0.7945315368701091, 0.036760568271273365]
[-0.7945315368701091, 0.036760568271273365], 2, -1.0, [-0.7549554342277525, 0.039576102642356656]
[-0.7549554342277525, 0.039576102642356656], 2, -1.0, [-0.7127801544498373, 0.042175279777915145]
[-0.7127801544498373, 0.042175279777915145], 2, -1.0, [-0.6682609675977932, 0.04451918685204416]
[-0.6682609675977932, 0.04451918685204416], 2, -1.0, [-0.6216905528926073, 0.046570414705185845]
[-0.6216905528926073, 0.046570414705185845], 2, -1.0, [-0.5733950221628282, 0.048295530729779136]
[-0.5733950221628282, 0.048295530729779136], 2, -1.0, [-0.523727407162846, 0.04966761499998213]
[-0.523727407162846, 0.04966761499998213], 2, -1.0, [-0.47305882742615374, 0.05066857973669229]
[-0.47305882742615374, 0.05066857973669229], 2, -1.0, [-0.4217678466672783, 0.05129098075887544]
[-0.4217678466672783, 0.05129098075887544], 2, -1.0, [-0.370228773863177, 0.05153907280410133]
[-0.370228773863177, 0.05153907280410133], 2, -1.0, [-0.31879981774587113, 0.05142895611730586]
[-0.31879981774587113, 0.05142895611730586], 2, -1.0, [-0.2678120261278505, 0.05098779161802065]
[-0.2678120261278505, 0.05098779161802065], 2, -1.0, [-0.21755982878373864, 0.05025219734411186]
[-0.21755982878373864, 0.05025219734411186], 2, -1.0, [-0.1682937798245685, 0.04926604895917014]
[-0.1682937798245685, 0.04926604895917014], 2, -1.0, [-0.12021581055817385, 0.04807796926639466]
[-0.12021581055817385, 0.04807796926639466], 2, -1.0, [-0.0734770126768998, 0.04673879788127406]
[-0.0734770126768998, 0.04673879788127406], 2, -1.0, [-0.028177723029147506, 0.04529928964775229]
[-0.028177723029147506, 0.04529928964775229], 2, -1.0, [0.015630493621626183, 0.04380821665077369]
[0.015630493621626183, 0.04380821665077369], 2, -1.0, [0.057941458282537064, 0.04231096466091088]
[0.057941458282537064, 0.04231096466091088], 2, -1.0, [0.09879009658277023, 0.040848638300233164]
[0.09879009658277023, 0.040848638300233164], 1, -1.0, [0.13724772776720598, 0.03845763118443575]
[0.13724772776720598, 0.03845763118443575], 1, -1.0, [0.1734142975000857, 0.0361665697328797]
[0.1734142975000857, 0.0361665697328797], 1, -1.0, [0.20741162106891398, 0.033997323568828286]
[0.20741162106891398, 0.033997323568828286], 0, -1.0, [0.23837749990989718, 0.030965878840983205]
[0.23837749990989718, 0.030965878840983205], 0, -1.0, [0.2664558628372478, 0.028078362927350612]
[0.2664558628372478, 0.028078362927350612], 2, -1.0, [0.2937913251790283, 0.027335462341780487]
[0.2937913251790283, 0.027335462341780487], 0, -1.0, [0.3185365586039162, 0.024745233424887943]
[0.3185365586039162, 0.024745233424887943], 2, -1.0, [0.3428390146193012, 0.024302456015385006]
[0.3428390146193012, 0.024302456015385006], 2, -1.0, [0.36685124659663254, 0.024012231977331298]
[0.36685124659663254, 0.024012231977331298], 0, -1.0, [0.38873072218663407, 0.02187947559000154]
[0.38873072218663407, 0.02187947559000154], 2, -1.0, [0.41062606049605027, 0.021895338309416177]
[0.41062606049605027, 0.021895338309416177], 2, -1.0, [0.4326902313714113, 0.022064170875361038]
[0.4326902313714113, 0.022064170875361038], 0, -1.0, [0.45308100892650993, 0.020390777555098605]
[0.45308100892650993, 0.020390777555098605], 2, -1.0, [0.4739468394236329, 0.020865830497122963]
[0.4739468394236329, 0.020865830497122963], 0, -1.0, [0.49344165595860323, 0.019494816534970323]
[0.49344165595860323, 0.019494816534970323], 0, -1.0, [0.5117106025175742, 0.018268946558970954]
