[-0.5506481111471262, 0.0], 2, -1.0, [-0.5494454637070229, 0.001202647440103311]
[-0.5494454637070229, 0.001202647440103311], 2, -1.0, [-0.5470491603004894, 0.002396303406533357]
[-0.5470491603004894, 0.002396303406533357], 2, -1.0, [-0.5434771240510854, 0.0035720362494040796]
[-0.5434771240510854, 0.0035720362494040796], 2, -1.0, [-0.5387560885402467, 0.004721035510838666]
[-0.5387560885402467, 0.004721035510838666], 2, -1.0, [-0.5329214123542108, 0.00583467618603597]
[-0.5329214123542108, 0.00583467618603597], 2, -1.0, [-0.5260168255074037, 0.006904586846807045]
[-0.5260168255074037, 0.006904586846807045], 0, -1.0, [-0.5200941034453334, 0.005922722062070392]
[-0.5200941034453334, 0.005922722062070392], 0, -1.0, [-0.5151976659401349, 0.004896437505198447]
[-0.5151976659401349, 0.004896437505198447], 0, -1.0, [-0.5113642300870217, 0.0038334358531132507]
[-0.5113642300870217, 0.0038334358531132507], 0, -1.0, [-0.5086225327243147, 0.0027416973627070254]
[-0.5086225327243147, 0.0027416973627070254], 0, -1.0, [-0.5069931193983465, 0.0016294133259682397]
[-0.5069931193983465, 0.0016294133259682397], 0, -1.0, [-0.5064881969868181, 0.0005049224115282836]
[-0.5064881969868181, 0.0005049224115282836], 0, -1.0, [-0.5071115475654634, -0.0006233505786452749]
[-0.5071115475654634, -0.0006233505786452749], 0, -1.0, [-0.5088585019413794, -0.001746954375915954]
[-0.5088585019413794, -0.001746954375915954], 0, -1.0, [-0.5117159723428384, -0.0028574704014590513]
[-0.5117159723428384, -0.0028574704014590513], 0, -1.0, [-0.5156625448939444, -0.0039465725511059375]
[-0.5156625448939444, -0.0039465725511059375], 0, -1.0, [-0.520668633552139, -0.0050060886581946105]
[-0.520668633552139, -0.0050060886581946105], 0, -1.0, [-0.52669669799266, -0.006028064440520978]
[-0.52669669799266, -0.006028064440520978], 0, -1.0, [-0.5337015283496971, -0.007004830357037181]
[-0.5337015283496971, -0.007004830357037181], 0, -1.0, [-0.5416305996609321, -0.007929071311235016]
[-0.5416305996609321, -0.007929071311235016], 0, -1.0, [-0.550424498240659, -0.008793898579726884]
[-0.550424498240659, -0.008793898579726884], 0, -1.0, [-0.560017421003743, -0.009592922763083954]
[-0.560017421003743, -0.009592922763083954], 0, -1.0, [-0.5703377470073718, -0.01032032600362885]
[-0.5703377470073718, -0.01032032600362885], 0, -1.0, [-0.5813086782527574, -0.010970931245385665]
[-0.5813086782527574, -0.010970931245385665], 0, -1.0, [-0.5928489442282706, -0.011540265975513216]
[-0.5928489442282706, -0.011540265975513216], 0, -1.0, [-0.6048735619550519, -0.012024617726781268]
[-0.6048735619550519, -0.012024617726781268], 0, -1.0, [-0.6172946406211276, -0.012421078666075688]
[-0.6172946406211276, -0.012421078666075688], 0, -1.0, [-0.6300222174770336, -0.012727576855905998]
[-0.6300222174770336, -0.012727576855905998], 0, -1.0, [-0.6429651097224738, -0.012942892245440242]
[-0.6429651097224738, -0.012942892245440242], 0, -1.0, [-0.6560317658174576, -0.01306665609498379]
[-0.6560317658174576, -0.01306665609498379], 0, -1.0, [-0.6691310991323136, -0.013099333314856016]
[-0.6691310991323136, -0.013099333314856016], 0, -1.0, [-0.6821732871767098, -0.013042188044396132]
[-0.6821732871767098, -0.013042188044396132], 0, -1.0, [-0.6950705208171364, -0.012897233640426654]
[-0.6950705208171364, -0.012897233640426654], 0, -1.0, [-0.7077376898358086, -0.012667169018672314]
[-0.7077376898358086, -0.012667169018672314], 0, -1.0, [-0.7200929937721401, -0.012355303936331398]
[-0.7200929937721401, -0.012355303936331398], 0, -1.0, [-0.7320584700457846, -0.011965476273644523]
[-0.7320584700457846, -0.011965476273644523], 0, -1.0, [-0.7435604346856727, -0.01150196463988805]
[-0.7435604346856727, -0.01150196463988805], 0, -1.0, [-0.7545298343734397, -0.010969399687766985]
[-0.7545298343734397, -0.010969399687766985], 2, -1.0, [-0.762902511755072, -0.008372677381632268]
[-0.762902511755072, -0.008372677381632268], 2, -1.0, [-0.7686306569636773, -0.0057281452086053505]
[-0.7686306569636773, -0.0057281452086053505], 2, -1.0, [-0.7716821569115264, -0.003051499947849116]
[-0.7716821569115264, -0.003051499947849116], 2, -1.0, [-0.7720401058349192, -0.00035794892339280435]
[-0.7720401058349192, -0.00035794892339280435], 2, -1.0, [-0.7697025299170133, 0.0023375759179059645]
[-0.7697025299170133, 0.0023375759179059645], 2, -1.0, [-0.7646823543202771, 0.00502017559673615]
[-0.7646823543202771, 0.00502017559673615], 2, -1.0, [-0.7570076159590643, 0.007674738361212817]
[-0.7570076159590643, 0.007674738361212817], 2, -1.0, [-0.7467219002888807, 0.010285715670183503]
[-0.7467219002888807, 0.010285715670183503], 2, -1.0, [-0.7338849557053871, 0.012836944583493572]
[-0.7338849557053871, 0.012836944583493572], 2, -1.0, [-0.7185734154595764, 0.015311540245810686]
[-0.7185734154595764, 0.015311540245810686], 2, -1.0, [-0.7008815353348414, 0.01769188012473494]
[-0.7008815353348414, 0.01769188012473494], 2, -1.0, [-0.680921837247151, 0.019959698087690332]
[-0.680921837247151, 0.019959698087690332], 2, -1.0, [-0.6588255364869096, 0.022096300760241525]
[-0.6588255364869096, 0.022096300760241525], 2, -1.0, [-0.6347426259302216, 0.02408291055668799]
[-0.6347426259302216, 0.02408291055668799], 2, -1.0, [-0.6088414966068331, 0.025901129323388478]
[-0.6088414966068331, 0.025901129323388478], 2, -1.0, [-0.5813079923876138, 0.027533504219219254]
[-0.5813079923876138, 0.027533504219219254], 2, -1.0, [-0.5523438279656112, 0.02896416442200253]
[-0.5523438279656112, 0.02896416442200253], 2, -1.0, [-0.5221643427548293, 0.030179485210781898]
[-0.5221643427548293, 0.030179485210781898], 0, -1.0, [-0.4929956157571692, 0.029168726997660058]
[-0.4929956157571692, 0.029168726997660058], 0, -1.0, [-0.4650560901523851, 0.027939525604784157]
[-0.4650560901523851, 0.027939525604784157], 0, -1.0, [-0.4385533809649953, 0.02650270918738979]
[-0.4385533809649953, 0.02650270918738979], 0, -1.0, [-0.41368161474374626, 0.024871766221249043]
[-0.41368161474374626, 0.024871766221249043], 0, -1.0, [-0.39061936829842925, 0.023062246445317028]
[-0.39061936829842925, 0.023062246445317028], 0, -1.0, [-0.36952822225458737, 0.021091146043841883]
[-0.36952822225458737, 0.021091146043841883], 0, -1.0, [-0.35055189816842586, 0.018976324086161532]
[-0.35055189816842586, 0.018976324086161532], 0, -1.0, [-0.33381590952895906, 0.016735988639466803]
[-0.33381590952895906, 0.016735988639466803], 0, -1.0, [-0.3194276296856907, 0.014388279843268372]
[-0.3194276296856907, 0.014388279843268372], 0, -1.0, [-0.3074766642991335, 0.011950965386557186]
[-0.3074766642991335, 0.011950965386557186], 0, -1.0, [-0.298035411571621, 0.009441252727512485]
[-0.298035411571621, 0.009441252727512485], 0, -1.0, [-0.2911596985697406, 0.006875713001880403]
[-0.2911596985697406, 0.006875713001880403], 0, -1.0, [-0.2868893942592563, 0.004270304310484317]
[-0.2868893942592563, 0.004270304310484317], 0, -1.0, [-0.28524891731178864, 0.0016404769474676877]
[-0.28524891731178864, 0.0016404769474676877], 0, -1.0, [-0.28624757748815305, -0.0009986601763644276]
[-0.28624757748815305, -0.0009986601763644276], 0, -1.0, [-0.28987971207227614, -0.0036321345841230776]
[-0.28987971207227614, -0.0036321345841230776], 0, -1.0, [-0.29612460246609995, -0.006244890393823829]
[-0.29612460246609995, -0.006244890393823829], 0, -1.0, [-0.30494618001518115, -0.00882157754908117]
[-0.30494618001518115, -0.00882157754908117], 0, -1.0, [-0.316292553900769, -0.011346373885587829]
[-0.316292553900769, -0.011346373885587829], 0, -1.0, [-0.3300954169120784, -0.013802863011309414]
[-0.3300954169120784, -0.013802863011309414], 0, -1.0, [-0.34626940623602104, -0.016173989323942633]
[-0.34626940623602104, -0.016173989323942633], 0, -1.0, [-0.36471151479673997, -0.01844210856071894]
[-0.36471151479673997, -0.01844210856071894], 0, -1.0, [-0.3853006624225127, -0.02058914762577275]
[-0.3853006624225127, -0.02058914762577275], 0, -1.0, [-0.40789754313956605, -0.02259688071705332]
[-0.40789754313956605, -0.02259688071705332], 0, -1.0, [-0.4323448630201103, -0.024447319880544258]
[-0.4323448630201103, -0.024447319880544258], 0, -1.0, [-0.4584680703863411, -0.026123207366230736]
[-0.4584680703863411, -0.026123207366230736], 0, -1.0, [-0.4860766557630395, -0.027608585376698427]
[-0.4860766557630395, -0.027608585376698427], 0, -1.0, [-0.5149660631027545, -0.02888940733971503]
[-0.5149660631027545, -0.02888940733971503], 0, -1.0, [-0.5449202085488325, -0.029954145446078037]
[-0.5449202085488325, -0.029954145446078037], 0, -1.0, [-0.5757145522694551, -0.030794343720622643]
[-0.5757145522694551, -0.030794343720622643], 0, -1.0, [-0.6071196181491915, -0.03140506587973633]
[-0.6071196181491915, -0.03140506587973633], 0, -1.0, [-0.6389048116286475, -0.03178519347945611]
[-0.6389048116286475, -0.03178519347945611], 0, -1.0, [-0.6708423537491612, -0.03193754212051373]
[-0.6708423537491612, -0.03193754212051373], 0, -1.0, [-0.7027111340916236, -0.031868780342462356]
[-0.7027111340916236, -0.031868780342462356], 0, -1.0, [-0.7343002890391788, -0.031589154947555244]
[-0.7343002890391788, -0.031589154947555244], 0, -1.0, [-0.7654123340405516, -0.03111204500137292]
[-0.7654123340405516, -0.03111204500137292], 0, -1.0, [-0.7958657159831962, -0.03045338194264462]
[-0.7958657159831962, -0.03045338194264462], 0, -1.0, [-0.8254966990652078, -0.029630983082011585]
[-0.8254966990652078, -0.029630983082011585], 0, -1.0, [-0.854160548403143, -0.028663849337935147]
[-0.854160548403143, -0.028663849337935147], 2, -1.0, [-0.8797320239710595, -0.02557147556791655]
[-0.8797320239710595, -0.02557147556791655], 2, -1.0, [-0.9021124218882584, -0.022380397917198792]
[-0.9021124218882584, -0.022380397917198792], 2, -1.0, [-0.9212259138314618, -0.019113491943203463]
[-0.9212259138314618, -0.019113491943203463], 2, -1.0, [-0.9370158157294805, -0.015789901898018703]
[-0.9370158157294805, -0.015789901898018703], 2, -1.0, [-0.9494410537960036, -0.012425238066523214]
[-0.9494410537960036, -0.012425238066523214], 2, -1.0, [-0.9584730322700246, -0.009031978474020923]
[-0.9584730322700246, -0.009031978474020923], 2, -1.0, [-0.9640930495666085, -0.0056200172965838804]
[-0.9640930495666085, -0.0056200172965838804], 2, -1.0, [-0.9662903617757094, -0.0021973122091009213]
[-0.9662903617757094, -0.0021973122091009213], 2, -1.0, [-0.9650609553487833, 0.0012294064269260572]
[-0.9650609553487833, 0.0012294064269260572], 2, -1.0, [-0.9604070629015413, 0.004653892447242019]
[-0.9604070629015413, 0.004653892447242019], 2, -1.0, [-0.9523374344166373, 0.008069628484904022]
[-0.9523374344166373, 0.008069628484904022], 2, -1.0, [-0.9408683570422788, 0.011469077374358537]
[-0.9408683570422788, 0.011469077374358537], 2, -1.0, [-0.9260253961572888, 0.01484296088498992]
[-0.9260253961572888, 0.01484296088498992], 2, -1.0, [-0.9078458045729115, 0.01817959158437727]
[-0.9078458045729115, 0.01817959158437727], 2, -1.0, [-0.8863815124650566, 0.02146429210785499]
[-0.8863815124650566, 0.02146429210785499], 2, -1.0, [-0.8617025659151253, 0.024678946549931323]
[-0.8617025659151253, 0.024678946549931323], 2, -1.0, [-0.8339008268252711, 0.027801739089854186]
[-0.8339008268252711, 0.027801739089854186], 2, -1.0, [-0.8030936843825109, 0.03080714244276022]
[-0.8030936843825109, 0.03080714244276022], 2, -1.0, [-0.7694274647481083, 0.03366621963440265]
[-0.7694274647481083, 0.03366621963440265], 2, -1.0, [-0.7330801718068662, 0.036347292941242115]
[-0.7330801718068662, 0.036347292941242115], 2, -1.0, [-0.6942631615980378, 0.03881701020882839]
[-0.6942631615980378, 0.03881701020882839], 2, -1.0, [-0.6532213619048532, 0.04104179969318453]
[-0.6532213619048532, 0.04104179969318453], 2, -1.0, [-0.6102317098326219, 0.04298965207223139]
[-0.6102317098326219, 0.04298965207223139], 2, -1.0, [-0.5655996008740848, 0.044632108958537114]
[-0.5655996008740848, 0.044632108958537114], 2, -1.0, [-0.5196533186036737, 0.045946282270411046]
[-0.5196533186036737, 0.045946282270411046], 2, -1.0, [-0.4727366265697806, 0.046916692033893086]
[-0.4727366265697806, 0.046916692033893086], 2, -1.0, [-0.42519992212050384, 0.047536704449276754]
[-0.42519992212050384, 0.047536704449276754], 2, -1.0, [-0.3773905374561013, 0.047809384664402564]
[-0.3773905374561013, 0.047809384664402564], 2, -1.0, [-0.3296428897185367, 0.047747647737564576]
[-0.3296428897185367, 0.047747647737564576], 2, -1.0, [-0.2822692049958435, 0.04737368472269323]
[-0.2822692049958435, 0.04737368472269323], 2, -1.0, [-0.2355514656608233, 0.04671773933502023]
[-0.2355514656608233, 0.04671773933502023], 2, -1.0, [-0.1897350723377097, 0.045816393323113616]
[-0.1897350723377097, 0.045816393323113616], 2, -1.0, [-0.14502450301355266, 0.04471056932415704]
[-0.14502450301355266, 0.04471056932415704], 2, -1.0, [-0.10158103134533278, 0.04344347166821988]
[-0.10158103134533278, 0.04344347166821988], 2, -1.0, [-0.05952236984760607, 0.04205866149772671]
[-0.05952236984760607, 0.04205866149772671], 2, -1.0, [-0.01892395638104475, 0.04059841346656132]
[-0.01892395638104475, 0.04059841346656132], 2, -1.0, [0.02017848480995492, 0.03910244119099967]
[0.02017848480995492, 0.03910244119099967], 2, -1.0, [0.05778550527883939, 0.03760702046888447]
[0.05778550527883939, 0.03760702046888447], 2, -1.0, [0.0939299973655981, 0.036144492086758705]
[0.0939299973655981, 0.036144492086758705], 2, -1.0, [0.1286730913910987, 0.034743094025500604]
[0.1286730913910987, 0.034743094025500604], 2, -1.0, [0.16210014753265872, 0.03342705614156001]
[0.16210014753265872, 0.03342705614156001], 2, -1.0, [0.19431703386419394, 0.032216886331535216]
[0.19431703386419394, 0.032216886331535216], 2, -1.0, [0.22544681585678966, 0.031129781992595716]
[0.22544681585678966, 0.031129781992595716], 0, -1.0, [0.25362692632961925, 0.028180110472829575]
[0.25362692632961925, 0.028180110472829575], 2, -1.0, [0.28099646444711895, 0.02736953811749971]
[0.28099646444711895, 0.02736953811749971], 0, -1.0, [0.3057029180256365, 0.024706453578517543]
[0.3057029180256365, 0.024706453578517543], 2, -1.0, [0.3298890768509949, 0.024186158825358416]
[0.3298890768509949, 0.024186158825358416], 2, -1.0, [0.353702815591105, 0.02381373874011012]
[0.353702815591105, 0.02381373874011012], 2, -1.0, [0.3772967922759361, 0.02359397668483112]
[0.3772967922759361, 0.02359397668483112], 0, -1.0, [0.3988283955438587, 0.021531603267922597]
[0.3988283955438587, 0.021531603267922597], 2, -1.0, [0.4204459201795187, 0.021617524635660038]
[0.4204459201795187, 0.021617524635660038], 0, -1.0, [0.4403020873996172, 0.019856167220098447]
[0.4403020873996172, 0.019856167220098447], 2, -1.0, [0.46054001101976255, 0.020237923620145388]
[0.46054001101976255, 0.020237923620145388], 0, -1.0, [0.47930780977001236, 0.018767798750249826]
[0.47930780977001236, 0.018767798750249826], 2, -1.0, [0.49874440287175786, 0.019436593101745503]
[0.49874440287175786, 0.019436593101745503], 0, -1.0, [0.5169947608573291, 0.018250357985571182]
