[-0.5022418253445817, 0.0], 0, -1.0, [-0.5034018929041518, -0.0011600675595700982]
[-0.5034018929041518, -0.0011600675595700982], 0, -1.0, [-0.5057133444167726, -0.0023114515126208286]
[-0.5057133444167726, -0.0023114515126208286], 0, -1.0, [-0.5091588723073726, -0.0034455278905998906]
[-0.5091588723073726, -0.0034455278905998906], 0, -1.0, [-0.5137126656034787, -0.004553793296106183]
[-0.5137126656034787, -0.004553793296106183], 0, -1.0, [-0.5193405938550418, -0.005627928251563092]
[-0.5193405938550418, -0.005627928251563092], 0, -1.0, [-0.5260004576010758, -0.006659863746034051]
[-0.5260004576010758, -0.006659863746034051], 0, -1.0, [-0.5336423088879358, -0.00764185128686003]
[-0.5336423088879358, -0.00764185128686003], 0, -1.0, [-0.5422088450721716, -0.008566536184235791]
[-0.5422088450721716, -0.008566536184235791], 0, -1.0, [-0.5516358782338199, -0.009427033161648243]
[-0.5516358782338199, -0.009427033161648243], 0, -1.0, [-0.5618528809810474, -0.010217002747227531]
[-0.5618528809810474, -0.010217002747227531], 0, -1.0, [-0.5727836073001349, -0.010930726319087505]
[-0.5727836073001349, -0.010930726319087505], 0, -1.0, [-0.5843467845104313, -0.011563177210296408]
[-0.5843467845104313, -0.011563177210296408], 0, -1.0, [-0.5964568694898316, -0.012110084979400247]
[-0.5964568694898316, -0.012110084979400247], 0, -1.0, [-0.609024859352031, -0.012567989862199393]
[-0.609024859352031, -0.012567989862199393], 0, -1.0, [-0.6219591439166041, -0.012934284564573162]
[-0.6219591439166041, -0.012934284564573162], 0, -1.0, [-0.6351663848547725, -0.01320724093816834]
[-0.6351663848547725, -0.01320724093816834], 0, -1.0, [-0.6485524045358341, -0.013386019681061548]
[-0.6485524045358341, -0.013386019681061548], 0, -1.0, [-0.6620230665177428, -0.013470661981908685]
[-0.6620230665177428, -0.013470661981908685], 0, -1.0, [-0.6754851294354354, -0.013462062917692618]
[-0.6754851294354354, -0.013462062917692618], 0, -1.0, [-0.6888470567841505, -0.013361927348715146]
[-0.6888470567841505, -0.013361927348715146], 0, -1.0, [-0.7020197667367085, -0.013172709952557995]
[-0.7020197667367085, -0.013172709952557995], 0, -1.0, [-0.7149173085653252, -0.01289754182861672]
[-0.7149173085653252, -0.01289754182861672], 0, -1.0, [-0.7274574552917423, -0.012540146726417171]
[-0.7274574552917423, -0.012540146726417171], 0, -1.0, [-0.7395622056546556, -0.012104750362913226]
[-0.7395622056546556, -0.012104750362913226], 0, -1.0, [-0.7511581921316646, -0.011595986477009027]
[-0.7511581921316646, -0.011595986477009027], 0, -1.0, [-0.7621769953582226, -0.011018803226557967]
[-0.7621769953582226, -0.011018803226557967], 2, -1.0, [-0.7705553686448363, -0.008378373286613757]
[-0.7705553686448363, -0.008378373286613757], 2, -1.0, [-0.7762464170288498, -0.005691048384013494]
[-0.7762464170288498, -0.005691048384013494], 2, -1.0, [-0.7792188930478482, -0.0029724760189984182]
[-0.7792188930478482, -0.0029724760189984182], 2, -1.0, [-0.7794566745049762, -0.00023778145712801237]
[-0.7794566745049762, -0.00023778145712801237], 2, -1.0, [-0.7769584776564313, 0.0024981968485449147]
[-0.7769584776564313, 0.0024981968485449147], 2, -1.0, [-0.7717378338529894, 0.005220643803441926]
[-0.7717378338529894, 0.005220643803441926], 2, -1.0, [-0.7638233318806692, 0.007914501972320243]
[-0.7638233318806692, 0.007914501972320243], 2, -1.0, [-0.7532591024323295, 0.010564229448339726]
[-0.7532591024323295, 0.010564229448339726], 2, -1.0, [-0.740105495641138, 0.013153606791191493]
[-0.740105495641138, 0.013153606791191493], 2, -1.0, [-0.7244398779916161, 0.015665617649521863]
[-0.7244398779916161, 0.015665617649521863], 2, -1.0, [-0.7063574522198259, 0.01808242577179017]
[-0.7063574522198259, 0.01808242577179017], 2, -1.0, [-0.6859719846327587, 0.02038546758706723]
[-0.6859719846327587, 0.02038546758706723], 2, -1.0, [-0.6634163108163168, 0.022555673816441815]
[-0.6634163108163168, 0.022555673816441815], 2, -1.0, [-0.6388424855691988, 0.024573825247117997]
[-0.6388424855691988, 0.024573825247117997], 2, -1.0, [-0.6124214487340599, 0.026421036835138814]
[-0.6124214487340599, 0.026421036835138814], 2, -1.0, [-0.5843420974990612, 0.02807935123499875]
[-0.5843420974990612, 0.02807935123499875], 2, -1.0, [-0.5548096886036509, 0.02953240889541033]
[-0.5548096886036509, 0.02953240889541033], 2, -1.0, [-0.5240435397468955, 0.030766148856755302]
[-0.5240435397468955, 0.030766148856755302], 2, -1.0, [-0.49227405516001554, 0.03176948458687999]
[-0.49227405516001554, 0.03176948458687999], 2, -1.0, [-0.4597391603377204, 0.03253489482229515]
[-0.4597391603377204, 0.03253489482229515], 2, -1.0, [-0.42668028824589344, 0.03305887209182694]
[-0.42668028824589344, 0.03305887209182694], 0, -1.0, [-0.39533810630488087, 0.03134218194101258]
[-0.39533810630488087, 0.03134218194101258], 0, -1.0, [-0.3659343170965453, 0.02940378920833559]
[-0.3659343170965453, 0.02940378920833559], 0, -1.0, [-0.3386694105158907, 0.02726490658065458]
[-0.3386694105158907, 0.02726490658065458], 0, -1.0, [-0.313721411911314, 0.024947998604576735]
[-0.313721411911314, 0.024947998604576735], 0, -1.0, [-0.29124553190057034, 0.022475880010743625]
[-0.29124553190057034, 0.022475880010743625], 0, -1.0, [-0.2713745670500486, 0.019870964850521766]
[-0.2713745670500486, 0.019870964850521766], 0, -1.0, [-0.2542198667873797, 0.01715470026266891]
[-0.2542198667873797, 0.01715470026266891], 0, -1.0, [-0.2398726695087688, 0.014347197278610876]
[-0.2398726695087688, 0.014347197278610876], 0, -1.0, [-0.2284056161141743, 0.011467053394594511]
[-0.2284056161141743, 0.011467053394594511], 0, -1.0, [-0.21987426730655796, 0.008531348807616322]
[-0.21987426730655796, 0.008531348807616322], 0, -1.0, [-0.21431847710342175, 0.0055557902031361985]
[-0.21431847710342175, 0.0055557902031361985], 0, -1.0, [-0.21176350511870556, 0.0025549719847161984]
[-0.21176350511870556, 0.0025549719847161984], 0, -1.0, [-0.2122207814723028, -0.00045727635359722957]
[-0.2122207814723028, -0.00045727635359722957], 0, -1.0, [-0.21568826912398883, -0.0034674876516860337]
[-0.21568826912398883, -0.0034674876516860337], 0, -1.0, [-0.22215039853918742, -0.006462129415198581]
[-0.22215039853918742, -0.006462129415198581], 0, -1.0, [-0.23157757916269256, -0.009427180623505133]
[-0.23157757916269256, -0.009427180623505133], 0, -1.0, [-0.24392532184964882, -0.012347742686956254]
[-0.24392532184964882, -0.012347742686956254], 0, -1.0, [-0.2591330367623809, -0.015207714912732095]
[-0.2591330367623809, -0.015207714912732095], 0, -1.0, [-0.2771226023841767, -0.01798956562179579]
[-0.2771226023841767, -0.01798956562179579], 0, -1.0, [-0.29779683245914074, -0.020674230074964037]
[-0.29779683245914074, -0.020674230074964037], 0, -1.0, [-0.3210379969196262, -0.023241164460485454]
[-0.3210379969196262, -0.023241164460485454], 2, -1.0, [-0.34470657701643664, -0.023668580096810457]
[-0.34470657701643664, -0.023668580096810457], 0, -1.0, [-0.3706533637255028, -0.02594678670906614]
[-0.3706533637255028, -0.02594678670906614], 0, -1.0, [-0.39870741296604456, -0.028054049240541765]
[-0.39870741296604456, -0.028054049240541765], 0, -1.0, [-0.4286763853214433, -0.029968972355398728]
[-0.4286763853214433, -0.029968972355398728], 0, -1.0, [-0.46034769269296977, -0.031671307371526465]
[-0.46034769269296977, -0.031671307371526465], 0, -1.0, [-0.4934905415105552, -0.03314284881758544]
[-0.4934905415105552, -0.03314284881758544], 0, -1.0, [-0.5278588951595427, -0.03436835364898742]
[-0.5278588951595427, -0.03436835364898742], 0, -1.0, [-0.5631952987816106, -0.03533640362206795]
[-0.5631952987816106, -0.03533640362206795], 0, -1.0, [-0.5992354264184766, -0.03604012763686602]
[-0.5992354264184766, -0.03604012763686602], 0, -1.0, [-0.6357131346441768, -0.03647770822570022]
[-0.6357131346441768, -0.03647770822570022], 0, -1.0, [-0.6723657496477223, -0.036652615003545545]
[-0.6723657496477223, -0.036652615003545545], 0, -1.0, [-0.7089392852964616, -0.036573535648739275]
[-0.7089392852964616, -0.036573535648739275], 0, -1.0, [-0.745193292887348, -0.036254007590886525]
[-0.745193292887348, -0.036254007590886525], 0, -1.0, [-0.7809050784992195, -0.03571178561187148]
[-0.7809050784992195, -0.03571178561187148], 0, -1.0, [-0.8158730852082017, -0.0349680067089821]
[-0.8158730852082017, -0.0349680067089821], 0, -1.0, [-0.84991931512233, -0.034046229914128326]
[-0.84991931512233, -0.034046229914128326], 0, -1.0, [-0.8828907487339773, -0.03297143361164735]
[-0.8828907487339773, -0.03297143361164735], 0, -1.0, [-0.9146597956490381, -0.03176904691506077]
[-0.9146597956490381, -0.03176904691506077], 0, -1.0, [-0.9451238730454512, -0.030464077396413124]
[-0.9451238730454512, -0.030464077396413124], 0, -1.0, [-0.9742042515086426, -0.02908037846319146]
[-0.9742042515086426, -0.02908037846319146], 0, -1.0, [-1.0018443310774028, -0.027640079568760197]
[-1.0018443310774028, -0.027640079568760197], 0, -1.0, [-1.0280075152589567, -0.026163184181553892]
[-1.0280075152589567, -0.026163184181553892], 0, -1.0, [-1.0526748411930396, -0.02466732593408278]
[-1.0526748411930396, -0.02466732593408278], 0, -1.0, [-1.0758425046274676, -0.023167663434427922]
[-1.0758425046274676, -0.023167663434427922], 0, -1.0, [-1.097519393382803, -0.021676888755335272]
[-1.097519393382803, -0.021676888755335272], 0, -1.0, [-1.1177247163116732, -0.020205322928870298]
[-1.1177247163116732, -0.020205322928870298], 0, -1.0, [-1.1364857892070173, -0.018761072895343955]
[-1.1364857892070173, -0.018761072895343955], 0, -1.0, [-1.1538360164856178, -0.017350227278600593]
[-1.1538360164856178, -0.017350227278600593], 0, -1.0, [-1.1698130886934277, -0.015977072207809907]
[-1.1698130886934277, -0.015977072207809907], 0, -1.0, [-1.1844574011974318, -0.014644312504004175]
[-1.1844574011974318, -0.014644312504004175], 2, -1.0, [-1.1958106886369548, -0.01135328743952298]
[-1.1958106886369548, -0.01135328743952298], 2, -1.0, [-1.2, 0.0]
[-1.2, 0.0], 2, -1.0, [-1.1967581039591646, 0.003241896040835368]
[-1.1967581039591646, 0.003241896040835368], 2, -1.0, [-1.1902636585360942, 0.006494445423070332]
[-1.1902636585360942, 0.006494445423070332], 2, -1.0, [-1.1804959639787937, 0.009767694557300442]
[-1.1804959639787937, 0.009767694557300442], 2, -1.0, [-1.1674255149588486, 0.013070449019945182]
[-1.1674255149588486, 0.013070449019945182], 2, -1.0, [-1.1510159267200155, 0.016409588238833067]
[-1.1510159267200155, 0.016409588238833067], 2, -1.0, [-1.1312266168239755, 0.019789309896040046]
[-1.1312266168239755, 0.019789309896040046], 2, -1.0, [-1.108016322100852, 0.02321029472312345]
[-1.108016322100852, 0.02321029472312345], 2, -1.0, [-1.081347524946184, 0.02666879715466819]
[-1.081347524946184, 0.02666879715466819], 2, -1.0, [-1.0511918363028878, 0.03015568864329602]
[-1.0511918363028878, 0.03015568864329602], 2, -1.0, [-1.0175363271434712, 0.0336555091594167]
[-1.0175363271434712, 0.0336555091594167], 2, -1.0, [-0.9803907090723114, 0.03714561807115983]
[-0.9803907090723114, 0.03714561807115983], 2, -1.0, [-0.9397951336374217, 0.04059557543488971]
[-0.9397951336374217, 0.04059557543488971], 2, -1.0, [-0.8958282112564235, 0.043966922380998245]
[-0.8958282112564235, 0.043966922380998245], 2, -1.0, [-0.8486146572192776, 0.04721355403714586]
[-0.8486146572192776, 0.04721355403714586], 2, -1.0, [-0.7983317816221248, 0.05028287559715283]
[-0.7983317816221248, 0.05028287559715283], 2, -1.0, [-0.7452138959379592, 0.0531178856841656]
[-0.7452138959379592, 0.0531178856841656], 2, -1.0, [-0.6895536666604415, 0.0556602292775177]
[-0.6895536666604415, 0.0556602292775177], 2, -1.0, [-0.6316995610792892, 0.057854105581152386]
[-0.6316995610792892, 0.057854105581152386], 2, -1.0, [-0.5720488365336812, 0.05965072454560789]
[-0.5720488365336812, 0.05965072454560789], 2, -1.0, [-0.5110360146660762, 0.061012821867605024]
[-0.5110360146660762, 0.061012821867605024], 2, -1.0, [-0.44911739120176025, 0.061918623464315904]
[-0.44911739120176025, 0.061918623464315904], 2, -1.0, [-0.38675274139346727, 0.06236464980829299]
[-0.38675274139346727, 0.06236464980829299], 2, -1.0, [-0.3243858485235833, 0.06236689286988392]
[-0.3243858485235833, 0.06236689286988392], 0, -1.0, [-0.2644256859117381, 0.05996016261184525]
[-0.2644256859117381, 0.05996016261184525], 2, -1.0, [-0.2052193074793949, 0.05920637843234319]
[-0.2052193074793949, 0.05920637843234319], 2, -1.0, [-0.1470539132375403, 0.05816539424185461]
[-0.1470539132375403, 0.05816539424185461], 2, -1.0, [-0.09014915955067435, 0.056904753686865955]
[-0.09014915955067435, 0.056904753686865955], 2, -1.0, [-0.03465353447194531, 0.05549562507872904]
[-0.03465353447194531, 0.05549562507872904], 2, -1.0, [0.019355588202422364, 0.05400912267436767]
[0.019355588202422364, 0.05400912267436767], 0, -1.0, [0.06986892437912429, 0.05051333617670192]
[0.06986892437912429, 0.05051333617670192], 0, -1.0, [0.11693697852797805, 0.04706805414885376]
[0.11693697852797805, 0.04706805414885376], 0, -1.0, [0.1606572968369052, 0.04372031830892714]
[0.1606572968369052, 0.04372031830892714], 0, -1.0, [0.20116240859352902, 0.040505111756623816]
[0.20116240859352902, 0.040505111756623816], 0, -1.0, [0.23860911643823252, 0.03744670784470349]
[0.23860911643823252, 0.03744670784470349], 0, -1.0, [0.27316944788738656, 0.03456033144915404]
[0.27316944788738656, 0.03456033144915404], 0, -1.0, [0.30502332784329333, 0.031853879955906744]
[0.30502332784329333, 0.031853879955906744], 0, -1.0, [0.3343528700301708, 0.029329542186877416]
[0.3343528700301708, 0.029329542186877416], 0, -1.0, [0.36133809708967785, 0.02698522705950708]
[0.36133809708967785, 0.02698522705950708], 0, -1.0, [0.386153863797822, 0.024815766708144144]
[0.386153863797822, 0.024815766708144144], 0, -1.0, [0.4089677568207551, 0.022813893022933098]
[0.4089677568207551, 0.022813893022933098], 2, -1.0, [0.4319387629618195, 0.022971006141064416]
[0.4319387629618195, 0.022971006141064416], 2, -1.0, [0.45523094979067624, 0.023292186828856774]
[0.45523094979067624, 0.023292186828856774], 0, -1.0, [0.4770139654457274, 0.021783015655051148]
[0.4770139654457274, 0.021783015655051148], 0, -1.0, [0.49744873124190303, 0.02043476579617566]
[0.49744873124190303, 0.02043476579617566], 2, -1.0, [0.518687572816565, 0.021238841574661976]
