[-0.5868986684269352, 0.0], 2, -1.0, [-0.5854267674822488, 0.0014719009446864464]
[-0.5854267674822488, 0.0014719009446864464], 2, -1.0, [-0.5824938109646148, 0.0029329565176338807]
[-0.5824938109646148, 0.0029329565176338807], 2, -1.0, [-0.5781214363012119, 0.00437237466340294]
[-0.5781214363012119, 0.00437237466340294], 2, -1.0, [-0.5723419626519938, 0.005779473649218135]
[-0.5723419626519938, 0.005779473649218135], 2, -1.0, [-0.5651982165572477, 0.007143746094746095]
[-0.5651982165572477, 0.007143746094746095], 2, -1.0, [-0.5567432838943016, 0.008454932662946016]
[-0.5567432838943016, 0.008454932662946016], 2, -1.0, [-0.547040176842448, 0.009703107051853618]
[-0.547040176842448, 0.009703107051853618], 2, -1.0, [-0.5361614041570602, 0.01087877268538781]
[-0.5361614041570602, 0.01087877268538781], 0, -1.0, [-0.5261884340604792, 0.009972970096580974]
[-0.5261884340604792, 0.009972970096580974], 0, -1.0, [-0.5171960417208112, 0.008992392339667966]
[-0.5171960417208112, 0.008992392339667966], 0, -1.0, [-0.509251666932378, 0.007944374788433262]
[-0.509251666932378, 0.007944374788433262], 0, -1.0, [-0.5024148622384932, 0.0068368046938847744]
[-0.5024148622384932, 0.0068368046938847744], 2, -1.0, [-0.4947368299687887, 0.0076780322697044805]
[-0.4947368299687887, 0.0076780322697044805], 0, -1.0, [-0.4882749919163033, 0.006461838052485399]
[-0.4882749919163033, 0.006461838052485399], 0, -1.0, [-0.48307758666537803, 0.005197405250925271]
[-0.48307758666537803, 0.005197405250925271], 0, -1.0, [-0.47918334237181354, 0.003894244293564491]
[-0.47918334237181354, 0.003894244293564491], 2, -1.0, [-0.47462122898062925, 0.004562113391184276]
[-0.47462122898062925, 0.004562113391184276], 0, -1.0, [-0.4714251268825, 0.0031961020981292583]
[-0.4714251268825, 0.0031961020981292583], 2, -1.0, [-0.4676187313655736, 0.003806395516926391]
[-0.4676187313655736, 0.003806395516926391], 0, -1.0, [-0.46523021539300574, 0.00238851597256785]
[-0.46523021539300574, 0.00238851597256785], 0, -1.0, [-0.46427722992825854, 0.000952985464747219]
[-0.46427722992825854, 0.000952985464747219], 0, -1.0, [-0.46476681127584957, -0.000489581347591048]
[-0.46476681127584957, -0.000489581347591048], 0, -1.0, [-0.46669534509281074, -0.001928533816961169]
[-0.46669534509281074, -0.001928533816961169], 0, -1.0, [-0.4700485848068454, -0.003353239714034646]
[-0.4700485848068454, -0.003353239714034646], 0, -1.0, [-0.47480172561000866, -0.0047531408031632714]
[-0.47480172561000866, -0.0047531408031632714], 0, -1.0, [-0.4809195385145588, -0.006117812904550185]
[-0.4809195385145588, -0.006117812904550185], 0, -1.0, [-0.48835657182795295, -0.007437033313394147]
[-0.48835657182795295, -0.007437033313394147], 0, -1.0, [-0.4970574295179544, -0.008700857690001468]
[-0.4970574295179544, -0.008700857690001468], 0, -1.0, [-0.5069571370304741, -0.009899707512519713]
[-0.5069571370304741, -0.009899707512519713], 0, -1.0, [-0.5179816049896667, -0.011024467959192612]
[-0.5179816049896667, -0.011024467959192612], 0, -1.0, [-0.5300481997345432, -0.012066594744876511]
[-0.5300481997345432, -0.012066594744876511], 0, -1.0, [-0.5430664268163143, -0.013018227081771106]
[-0.5430664268163143, -0.013018227081771106], 0, -1.0, [-0.5569387295026818, -0.01387230268636738]
[-0.5569387295026818, -0.01387230268636738], 0, -1.0, [-0.571561399241263, -0.01462266973858126]
[-0.571561399241263, -0.01462266973858126], 0, -1.0, [-0.5868255892741017, -0.015264190032838595]
[-0.5868255892741017, -0.015264190032838595], 0, -1.0, [-0.6026184166142542, -0.015792827340152478]
[-0.6026184166142542, -0.015792827340152478], 0, -1.0, [-0.6188241318975071, -0.016205715283252917]
[-0.6188241318975071, -0.016205715283252917], 0, -1.0, [-0.6353253317197918, -0.016501199822284724]
[-0.6353253317197918, -0.016501199822284724], 0, -1.0, [-0.6520041844290209, -0.01667885270922906]
[-0.6520041844290209, -0.01667885270922906], 0, -1.0, [-0.6687436383223986, -0.016739453893377672]
[-0.6687436383223986, -0.016739453893377672], 0, -1.0, [-0.6854285810243932, -0.01668494270199466]
[-0.6854285810243932, -0.01668494270199466], 0, -1.0, [-0.7019469205315942, -0.016518339507201097]
[-0.7019469205315942, -0.016518339507201097], 0, -1.0, [-0.718190561876821, -0.016243641345226736]
[-0.718190561876821, -0.016243641345226736], 0, -1.0, [-0.7340562582961316, -0.015865696419310685]
[-0.7340562582961316, -0.015865696419310685], 0, -1.0, [-0.7494463217690751, -0.015390063472943442]
[-0.7494463217690751, -0.015390063472943442], 0, -1.0, [-0.7642691843666016, -0.014822862597526467]
[-0.7642691843666016, -0.014822862597526467], 0, -1.0, [-0.7784398084921397, -0.014170624125538048]
[-0.7784398084921397, -0.014170624125538048], 0, -1.0, [-0.7918799503886139, -0.013440141896474236]
[-0.7918799503886139, -0.013440141896474236], 2, -1.0, [-0.8025182868371922, -0.010638336448578228]
[-0.8025182868371922, -0.010638336448578228], 2, -1.0, [-0.8103004341520291, -0.007782147314836956]
[-0.8103004341520291, -0.007782147314836956], 2, -1.0, [-0.8151878038449308, -0.0048873696929017385]
[-0.8151878038449308, -0.0048873696929017385], 2, -1.0, [-0.8171566880791625, -0.0019688842342317405]
[-0.8171566880791625, -0.0019688842342317405], 2, -1.0, [-0.8161976523720912, 0.0009590357070712969]
[-0.8161976523720912, 0.0009590357070712969], 2, -1.0, [-0.8123152838409757, 0.003882368531115441]
[-0.8123152838409757, 0.003882368531115441], 2, -1.0, [-0.8055283143387066, 0.006786969502269043]
[-0.8055283143387066, 0.006786969502269043], 2, -1.0, [-0.7958701090644645, 0.009658205274242115]
[-0.7958701090644645, 0.009658205274242115], 2, -1.0, [-0.7833894823748959, 0.012480626689568581]
[-0.7833894823748959, 0.012480626689568581], 2, -1.0, [-0.7681517734042173, 0.015237708970678615]
[-0.7681517734042173, 0.015237708970678615], 2, -1.0, [-0.7502400850509013, 0.017911688353315962]
[-0.7502400850509013, 0.017911688353315962], 0, -1.0, [-0.7317565620201716, 0.01848352303072973]
[-0.7317565620201716, 0.01848352303072973], 2, -1.0, [-0.7108113637254196, 0.020945198294751964]
[-0.7108113637254196, 0.020945198294751964], 2, -1.0, [-0.6875347327077914, 0.023276631017628183]
[-0.6875347327077914, 0.023276631017628183], 2, -1.0, [-0.6620775510339554, 0.025457181673836093]
[-0.6620775510339554, 0.025457181673836093], 2, -1.0, [-0.634611396406825, 0.02746615462713046]
[-0.634611396406825, 0.02746615462713046], 2, -1.0, [-0.6053279530916171, 0.029283443315207835]
[-0.6053279530916171, 0.029283443315207835], 2, -1.0, [-0.5744376641444573, 0.030890288947159814]
[-0.5744376641444573, 0.030890288947159814], 2, -1.0, [-0.5421675600402922, 0.03227010410416512]
[-0.5421675600402922, 0.03227010410416512], 2, -1.0, [-0.5087582620699008, 0.033409297970391334]
[-0.5087582620699008, 0.033409297970391334], 2, -1.0, [-0.47446023118413566, 0.03429803088576517]
[-0.47446023118413566, 0.03429803088576517], 2, -1.0, [-0.43952940602129237, 0.034930825162843286]
[-0.43952940602129237, 0.034930825162843286], 2, -1.0, [-0.4042224379043365, 0.0353069681169559]
[-0.4042224379043365, 0.0353069681169559], 2, -1.0, [-0.3687917762048778, 0.03543066169945866]
[-0.3687917762048778, 0.03543066169945866], 0, -1.0, [-0.33548087751040967, 0.03331089869446811]
[-0.33548087751040967, 0.03331089869446811], 0, -1.0, [-0.3045071534203599, 0.03097372409004979]
[-0.3045071534203599, 0.03097372409004979], 0, -1.0, [-0.2760608336897113, 0.028446319730648602]
[-0.2760608336897113, 0.028446319730648602], 0, -1.0, [-0.2503050535444424, 0.0257557801452689]
[-0.2503050535444424, 0.0257557801452689], 0, -1.0, [-0.22737693528317332, 0.022928118261269063]
[-0.22737693528317332, 0.022928118261269063], 0, -1.0, [-0.20738939481863428, 0.01998754046453905]
[-0.20738939481863428, 0.01998754046453905], 0, -1.0, [-0.190433396237135, 0.01695599858149927]
[-0.190433396237135, 0.01695599858149927], 0, -1.0, [-0.1765803942562585, 0.01385300198087653]
[-0.1765803942562585, 0.01385300198087653], 0, -1.0, [-0.165884736981269, 0.010695657274989502]
[-0.165884736981269, 0.010695657274989502], 0, -1.0, [-0.15838584165001313, 0.007498895331255867]
[-0.15838584165001313, 0.007498895331255867], 0, -1.0, [-0.15410999798969205, 0.004275843660321068]
[-0.15410999798969205, 0.004275843660321068], 0, -1.0, [-0.15307169350380506, 0.0010383044858869764]
[-0.15307169350380506, 0.0010383044858869764], 0, -1.0, [-0.1552743907303743, -0.0022026972265692473]
[-0.1552743907303743, -0.0022026972265692473], 0, -1.0, [-0.16071071829103378, -0.005436327560659489]
[-0.16071071829103378, -0.005436327560659489], 0, -1.0, [-0.16936206665826758, -0.008651348367233812]
[-0.16936206665826758, -0.008651348367233812], 0, -1.0, [-0.1811976079815838, -0.011835541323316226]
[-0.1811976079815838, -0.011835541323316226], 0, -1.0, [-0.19617278917846429, -0.014975181196880481]
[-0.19617278917846429, -0.014975181196880481], 0, -1.0, [-0.21422738059858826, -0.01805459142012396]
[-0.21422738059858826, -0.01805459142012396], 0, -1.0, [-0.23528319979836426, -0.021055819199776015]
[-0.23528319979836426, -0.021055819199776015], 0, -1.0, [-0.2592416707676549, -0.02395847096929063]
[-0.2592416707676549, -0.02395847096929063], 0, -1.0, [-0.285981420859366, -0.026739750091711072]
[-0.285981420859366, -0.026739750091711072], 0, -1.0, [-0.3153561559854894, -0.02937473512612339]
[-0.3153561559854894, -0.02937473512612339], 0, -1.0, [-0.3471930824986914, -0.031836926513202045]
[-0.3471930824986914, -0.031836926513202045], 0, -1.0, [-0.38129215320394383, -0.03409907070525244]
[-0.38129215320394383, -0.03409907070525244], 0, -1.0, [-0.41742639664457265, -0.03613424344062882]
[-0.41742639664457265, -0.03613424344062882], 0, -1.0, [-0.45534353665788385, -0.0379171400133112]
[-0.45534353665788385, -0.0379171400133112], 0, -1.0, [-0.4947690211131962, -0.039425484455312375]
[-0.4947690211131962, -0.039425484455312375], 0, -1.0, [-0.5354104592555983, -0.04064143814240205]
[-0.5354104592555983, -0.04064143814240205], 0, -1.0, [-0.5769633283084766, -0.041552869052878395]
[-0.5769633283084766, -0.041552869052878395], 0, -1.0, [-0.6191176706919123, -0.04215434238343558]
[-0.6191176706919123, -0.04215434238343558], 0, -1.0, [-0.6615653855723448, -0.042447714880432544]
[-0.6615653855723448, -0.042447714880432544], 2, -1.0, [-0.7020076431953027, -0.040442257622957965]
[-0.7020076431953027, -0.040442257622957965], 0, -1.0, [-0.7421748109042368, -0.04016716770893403]
[-0.7421748109042368, -0.04016716770893403], 0, -1.0, [-0.7818176373514242, -0.039642826447187376]
[-0.7818176373514242, -0.039642826447187376], 0, -1.0, [-0.8207117870701683, -0.0388941497187442]
[-0.8207117870701683, -0.0388941497187442], 0, -1.0, [-0.8586611521514368, -0.03794936508126842]
[-0.8586611521514368, -0.03794936508126842], 0, -1.0, [-0.8954998615578558, -0.03683870940641897]
[-0.8954998615578558, -0.03683870940641897], 0, -1.0, [-0.9310930206542571, -0.03559315909640132]
[-0.9310930206542571, -0.03559315909640132], 0, -1.0, [-0.965336305644329, -0.03424328499007192]
[-0.965336305644329, -0.03424328499007192], 0, -1.0, [-0.9981546017077105, -0.03281829606338155]
[-0.9981546017077105, -0.03281829606338155], 0, -1.0, [-1.0294999076175924, -0.031345305909881924]
[-1.0294999076175924, -0.031345305909881924], 0, -1.0, [-1.0593487362739649, -0.029848828656372527]
[-1.0593487362739649, -0.029848828656372527], 0, -1.0, [-1.0876992258235116, -0.028350489549546855]
[-1.0876992258235116, -0.028350489549546855], 0, -1.0, [-1.11456814701859, -0.026868921195078263]
[-1.11456814701859, -0.026868921195078263], 0, -1.0, [-1.139987956100228, -0.02541980908163801]
[-1.139987956100228, -0.02541980908163801], 0, -1.0, [-1.1640040044635784, -0.024016048363350424]
[-1.1640040044635784, -0.024016048363350424], 0, -1.0, [-1.1866719807451913, -0.022667976281612844]
[-1.1866719807451913, -0.022667976281612844], 0, -1.0, [-1.2, 0.0]
[-1.2, 0.0], 2, -1.0, [-1.1967581039591646, 0.003241896040835368]
[-1.1967581039591646, 0.003241896040835368], 2, -1.0, [-1.1902636585360942, 0.006494445423070332]
[-1.1902636585360942, 0.006494445423070332], 2, -1.0, [-1.1804959639787937, 0.009767694557300442]
[-1.1804959639787937, 0.009767694557300442], 2, -1.0, [-1.1674255149588486, 0.013070449019945182]
[-1.1674255149588486, 0.013070449019945182], 2, -1.0, [-1.1510159267200155, 0.016409588238833067]
[-1.1510159267200155, 0.016409588238833067], 2, -1.0, [-1.1312266168239755, 0.019789309896040046]
[-1.1312266168239755, 0.019789309896040046], 2, -1.0, [-1.108016322100852, 0.02321029472312345]
[-1.108016322100852, 0.02321029472312345], 2, -1.0, [-1.081347524946184, 0.02666879715466819]
[-1.081347524946184, 0.02666879715466819], 2, -1.0, [-1.0511918363028878, 0.03015568864329602]
[-1.0511918363028878, 0.03015568864329602], 2, -1.0, [-1.0175363271434712, 0.0336555091594167]
[-1.0175363271434712, 0.0336555091594167], 2, -1.0, [-0.9803907090723114, 0.03714561807115983]
[-0.9803907090723114, 0.03714561807115983], 2, -1.0, [-0.9397951336374217, 0.04059557543488971]
[-0.9397951336374217, 0.04059557543488971], 2, -1.0, [-0.8958282112564235, 0.043966922380998245]
[-0.8958282112564235, 0.043966922380998245], 2, -1.0, [-0.8486146572192776, 0.04721355403714586]
[-0.8486146572192776, 0.04721355403714586], 2, -1.0, [-0.7983317816221248, 0.05028287559715283]
[-0.7983317816221248, 0.05028287559715283], 0, -1.0, [-0.7472138959379592, 0.0511178856841656]
[-0.7472138959379592, 0.0511178856841656], 2, -1.0, [-0.6935418893104172, 0.053672006627542054]
[-0.6935418893104172, 0.053672006627542054], 2, -1.0, [-0.6376498119374032, 0.055892077373013944]
[-0.6376498119374032, 0.055892077373013944], 2, -1.0, [-0.5799189441365358, 0.05773086780086746]
[-0.5799189441365358, 0.05773086780086746], 2, -1.0, [-0.5207676819656303, 0.05915126217090548]
[-0.5207676819656303, 0.05915126217090548], 2, -1.0, [-0.46063765274169166, 0.06013002922393862]
[-0.46063765274169166, 0.06013002922393862], 2, -1.0, [-0.3999770291194281, 0.060660623622263515]
[-0.3999770291194281, 0.060660623622263515], 1, -1.0, [-0.34022246045439414, 0.059754568665033994]
[-0.34022246045439414, 0.059754568665033994], 1, -1.0, [-0.28177488467367906, 0.0584475757807151]
[-0.28177488467367906, 0.0584475757807151], 2, -1.0, [-0.2239860299321721, 0.05778885474150696]
[-0.2239860299321721, 0.05778885474150696], 2, -1.0, [-0.16715368573491984, 0.05683234419725224]
[-0.16715368573491984, 0.05683234419725224], 2, -1.0, [-0.11151354443096731, 0.05564014130395254]
[-0.11151354443096731, 0.05564014130395254], 2, -1.0, [-0.057234806216001306, 0.054278738214966]
[-0.057234806216001306, 0.054278738214966], 2, -1.0, [-0.004419305445824882, 0.052815500770176424]
[-0.004419305445824882, 0.052815500770176424], 2, -1.0, [0.04689641503656525, 0.05131572048239013]
[0.04689641503656525, 0.05131572048239013], 0, -1.0, [0.09473683656494168, 0.047840421528376434]
[0.09473683656494168, 0.047840421528376434], 0, -1.0, [0.13917754978171748, 0.04444071321677579]
[0.13917754978171748, 0.04444071321677579], 0, -1.0, [0.18033303237860937, 0.041155482596891876]
[0.18033303237860937, 0.041155482596891876], 0, -1.0, [0.2183455285215704, 0.03801249614296104]
[0.2183455285215704, 0.03801249614296104], 0, -1.0, [0.25337546056169147, 0.03502993204012104]
[0.25337546056169147, 0.03502993204012104], 0, -1.0, [0.2855935202570641, 0.03221805969537264]
[0.2855935202570641, 0.03221805969537264], 0, -1.0, [0.3151743951753363, 0.02958087491827221]
[0.3151743951753363, 0.02958087491827221], 0, -1.0, [0.34229197319709037, 0.027117578021754053]
[0.34229197319709037, 0.027117578021754053], 0, -1.0, [0.3671158147205762, 0.024823841523485837]
[0.3671158147205762, 0.024823841523485837], 2, -1.0, [0.39180866909941464, 0.02469285437883847]
[0.39180866909941464, 0.02469285437883847], 2, -1.0, [0.4165386485631583, 0.024729979463743647]
[0.4165386485631583, 0.024729979463743647], 2, -1.0, [0.4414794110249886, 0.02494076246183032]
[0.4414794110249886, 0.02494076246183032], 0, -1.0, [0.4648104893915579, 0.023331078366569283]
[0.4648104893915579, 0.023331078366569283], 2, -1.0, [0.48870293778934265, 0.02389244839778476]
[0.48870293778934265, 0.02389244839778476], 0, -1.0, [0.5113341451917677, 0.022631207402425]
