[-0.4522958055409423, 0.0], 0, -1.0, [-0.4538265088722269, -0.001530703331284613]
[-0.4538265088722269, -0.001530703331284613], 0, -1.0, [-0.4568766913552637, -0.003050182483036773]
[-0.4568766913552637, -0.003050182483036773], 0, -1.0, [-0.4614239545052804, -0.00454726315001671]
[-0.4614239545052804, -0.00454726315001671], 0, -1.0, [-0.4674348295788537, -0.0060108750735732835]
[-0.4674348295788537, -0.0060108750735732835], 0, -1.0, [-0.47486494399189627, -0.007430114413042591]
[-0.47486494399189627, -0.007430114413042591], 0, -1.0, [-0.48365926143331406, -0.008794317441417785]
[-0.48365926143331406, -0.008794317441417785], 0, -1.0, [-0.4937524090065843, -0.010093147573270253]
[-0.4937524090065843, -0.010093147573270253], 0, -1.0, [-0.5050691053419277, -0.011316696335343417]
[-0.5050691053419277, -0.011316696335343417], 0, -1.0, [-0.5175247026412013, -0.0124555972992736]
[-0.5175247026412013, -0.0124555972992736], 0, -1.0, [-0.5310258529665807, -0.013501150325379395]
[-0.5310258529665807, -0.013501150325379395], 0, -1.0, [-0.5454713048205799, -0.01444545185399925]
[-0.5454713048205799, -0.01444545185399925], 0, -1.0, [-0.5607528303998778, -0.015281525579297899]
[-0.5607528303998778, -0.015281525579297899], 0, -1.0, [-0.5767562772036837, -0.01600344680380596]
[-0.5767562772036837, -0.01600344680380596], 0, -1.0, [-0.5933627304404001, -0.016606453236716417]
[-0.5933627304404001, -0.016606453236716417], 0, -1.0, [-0.6104497655039861, -0.01708703506358597]
[-0.6104497655039861, -0.01708703506358597], 0, -1.0, [-0.627892763325189, -0.017442997821202882]
[-0.627892763325189, -0.017442997821202882], 0, -1.0, [-0.6455662562562303, -0.017673492931041385]
[-0.6455662562562303, -0.017673492931041385], 0, -1.0, [-0.6633452688335135, -0.01777901257728321]
[-0.6633452688335135, -0.01777901257728321], 0, -1.0, [-0.6811066166294608, -0.017761347795947346]
[-0.6811066166294608, -0.017761347795947346], 0, -1.0, [-0.6987301275900871, -0.017623510960626327]
[-0.6987301275900871, -0.017623510960626327], 0, -1.0, [-0.716099753671162, -0.01736962608107485]
[-0.716099753671162, -0.01736962608107485], 0, -1.0, [-0.7331045459318725, -0.017004792260710475]
[-0.7331045459318725, -0.017004792260710475], 0, -1.0, [-0.749639473049319, -0.016534927117446578]
[-0.749639473049319, -0.016534927117446578], 0, -1.0, [-0.7656060709007869, -0.015966597851467892]
[-0.7656060709007869, -0.015966597851467892], 0, -1.0, [-0.7809129188090012, -0.015306847908214268]
[-0.7809129188090012, -0.015306847908214268], 0, -1.0, [-0.79547594567862, -0.014563026869618901]
[-0.79547594567862, -0.014563026869618901], 2, -1.0, [-0.8072185760823019, -0.01174263040368186]
[-0.8072185760823019, -0.01174263040368186], 2, -1.0, [-0.8160815881907151, -0.008863012108413207]
[-0.8160815881907151, -0.008863012108413207], 2, -1.0, [-0.8220218236967819, -0.00594023550606679]
[-0.8220218236967819, -0.00594023550606679], 2, -1.0, [-0.8250111156835217, -0.0029892919867397934]
[-0.8250111156835217, -0.0029892919867397934], 2, -1.0, [-0.8250355235589901, -2.4407875468452234e-05]
[-0.8250355235589901, -2.4407875468452234e-05], 2, -1.0, [-0.8220949341457022, 0.002940589413287943]
[-0.8220949341457022, 0.002940589413287943], 2, -1.0, [-0.8162030583854605, 0.0058918757602417215]
[-0.8162030583854605, 0.0058918757602417215], 2, -1.0, [-0.8073878238992787, 0.008815234486181794]
[-0.8073878238992787, 0.008815234486181794], 2, -1.0, [-0.7956921344247226, 0.011695689474556068]
[-0.7956921344247226, 0.011695689474556068], 2, -1.0, [-0.7811749375348312, 0.014517196889891438]
[-0.7811749375348312, 0.014517196889891438], 2, -1.0, [-0.7639125120098478, 0.01726242552498345]
[-0.7639125120098478, 0.01726242552498345], 2, -1.0, [-0.7439998565191248, 0.01991265549072297]
[-0.7439998565191248, 0.01991265549072297], 2, -1.0, [-0.7215520336275371, 0.02244782289158771]
[-0.7215520336275371, 0.02244782289158771], 2, -1.0, [-0.6967053004510423, 0.02484673317649481]
[-0.6967053004510423, 0.02484673317649481], 2, -1.0, [-0.6696178434330022, 0.0270874570180401]
[-0.6696178434330022, 0.0270874570180401], 2, -1.0, [-0.6404699341300479, 0.029147909302954342]
[-0.6404699341300479, 0.029147909302954342], 2, -1.0, [-0.6094633397642729, 0.031006594365775065]
[-0.6094633397642729, 0.031006594365775065], 2, -1.0, [-0.5768198594525139, 0.03264348031175899]
[-0.5768198594525139, 0.03264348031175899], 2, -1.0, [-0.5427789147648994, 0.03404094468761458]
[-0.5427789147648994, 0.03404094468761458], 2, -1.0, [-0.5075941983997905, 0.035184716365108934]
[-0.5075941983997905, 0.035184716365108934], 2, -1.0, [-0.47152947024942776, 0.036064728150362706]
[-0.47152947024942776, 0.036064728150362706], 2, -1.0, [-0.4348536756524606, 0.03667579459696721]
[-0.4348536756524606, 0.03667579459696721], 2, -1.0, [-0.39783563417205237, 0.03701804148040823]
[-0.39783563417205237, 0.03701804148040823], 2, -1.0, [-0.3607385974268056, 0.03709703674524681]
[-0.3607385974268056, 0.03709703674524681], 2, -1.0, [-0.3238149931151198, 0.03692360431168579]
[-0.3238149931151198, 0.03692360431168579], 2, -1.0, [-0.2873016562999197, 0.036513336815200075]
[-0.2873016562999197, 0.036513336815200075], 2, -1.0, [-0.25141580103148725, 0.03588585526843245]
[-0.25141580103148725, 0.03588585526843245], 2, -1.0, [-0.21635191347060023, 0.03506388756088701]
[-0.21635191347060023, 0.03506388756088701], 2, -1.0, [-0.18227966315127786, 0.034072250319322386]
[-0.18227966315127786, 0.034072250319322386], 2, -1.0, [-0.1493428440318237, 0.03293681911945414]
[-0.1493428440318237, 0.03293681911945414], 2, -1.0, [-0.11765928209364557, 0.031683561938178145]
[-0.11765928209364557, 0.031683561938178145], 2, -1.0, [-0.08732158878652484, 0.030337693307120734]
[-0.08732158878652484, 0.030337693307120734], 2, -1.0, [-0.058398603004301865, 0.028922985782222972]
[-0.058398603004301865, 0.028922985782222972], 2, -1.0, [-0.03093734829229091, 0.027461254712010955]
[-0.03093734829229091, 0.027461254712010955], 2, -1.0, [-0.004965333712874345, 0.025972014579416565]
[-0.004965333712874345, 0.025972014579416565], 2, -1.0, [0.019506958224975956, 0.0244722919378503]
[0.019506958224975956, 0.0244722919378503], 2, -1.0, [0.04248352980721072, 0.022976571582234765]
[0.04248352980721072, 0.022976571582234765], 2, -1.0, [0.06398037848522647, 0.021496848678015754]
[0.06398037848522647, 0.021496848678015754], 2, -1.0, [0.0840231377018633, 0.020042759216636823]
[0.0840231377018633, 0.020042759216636823], 2, -1.0, [0.10264490100247095, 0.018621763300607642]
[0.10264490100247095, 0.018621763300607642], 2, -1.0, [0.11988426036543724, 0.017239359362966295]
[0.11988426036543724, 0.017239359362966295], 2, -1.0, [0.13578357201957295, 0.015899311654135696]
[0.13578357201957295, 0.015899311654135696], 2, -1.0, [0.15038744959277314, 0.014603877573200199]
[0.15038744959277314, 0.014603877573200199], 2, -1.0, [0.1637414748846414, 0.013354025291868278]
[0.1637414748846414, 0.013354025291868278], 2, -1.0, [0.175891110297984, 0.01214963541334256]
[0.175891110297984, 0.01214963541334256], 2, -1.0, [0.1868807933540604, 0.010989683056076428]
[0.1868807933540604, 0.010989683056076428], 1, -1.0, [0.19575319212812878, 0.008872398774068377]
[0.19575319212812878, 0.008872398774068377], 1, -1.0, [0.20254443534737193, 0.006791243219243159]
[0.20254443534737193, 0.006791243219243159], 0, -1.0, [0.20628317475907862, 0.0037387394117066753]
[0.20628317475907862, 0.0037387394117066753], 0, -1.0, [0.206985548208938, 0.0007023734498593712]
[0.206985548208938, 0.0007023734498593712], 0, -1.0, [0.20465461605838517, -0.0023309321505528367]
[0.20465461605838517, -0.0023309321505528367], 0, -1.0, [0.19928025684540407, -0.005374359212981088]
[0.19928025684540407, -0.005374359212981088], 0, -1.0, [0.19083951542577646, -0.008440741419627602]
[0.19083951542577646, -0.008440741419627602], 0, -1.0, [0.17929742596066797, -0.01154208946510848]
[0.17929742596066797, -0.01154208946510848], 0, -1.0, [0.1646083604176064, -0.014689065543061569]
[0.1646083604176064, -0.014689065543061569], 0, -1.0, [0.1467179793097172, -0.017890381107889212]
[0.1467179793097172, -0.017890381107889212], 0, -1.0, [0.12556588299117516, -0.02115209631854203]
[0.12556588299117516, -0.02115209631854203], 0, -1.0, [0.10108907547473014, -0.024476807516445015]
[0.10108907547473014, -0.024476807516445015], 0, -1.0, [0.07322635330723032, -0.027862722167499826]
[0.07322635330723032, -0.027862722167499826], 0, -1.0, [0.04192371254547607, -0.03130264076175425]
[0.04192371254547607, -0.03130264076175425], 0, -1.0, [0.007140818706589669, -0.0347828938388864]
[0.007140818706589669, -0.0347828938388864], 0, -1.0, [-0.031141501502202087, -0.038282320208791756]
[-0.031141501502202087, -0.038282320208791756], 2, -1.0, [-0.07091291947159027, -0.039771417969388184]
[-0.07091291947159027, -0.039771417969388184], 2, -1.0, [-0.11212797825630177, -0.0412150587847115]
[-0.11212797825630177, -0.0412150587847115], 0, -1.0, [-0.15670292306673816, -0.0445749448104364]
[-0.15670292306673816, -0.0445749448104364], 0, -1.0, [-0.20450666543428062, -0.04780374236754245]
[-0.20450666543428062, -0.04780374236754245], 0, -1.0, [-0.25535447393382454, -0.05084780849954394]
[-0.25535447393382454, -0.05084780849954394], 0, -1.0, [-0.3090038961602172, -0.05364942222639266]
[-0.3090038961602172, -0.05364942222639266], 0, -1.0, [-0.36515388538535243, -0.05614998922513524]
[-0.36515388538535243, -0.05614998922513524], 0, -1.0, [-0.4234479647147994, -0.058294079329446975]
[-0.4234479647147994, -0.058294079329446975], 0, -1.0, [-0.4834819250487981, -0.060033960333998694]
[-0.4834819250487981, -0.060033960333998694], 0, -1.0, [-0.5448160359593723, -0.06133411091057427]
[-0.5448160359593723, -0.06133411091057427], 0, -1.0, [-0.6069911248489417, -0.0621750888895694]
[-0.6069911248489417, -0.0621750888895694], 0, -1.0, [-0.6695472749906557, -0.062556150141714]
[-0.6695472749906557, -0.062556150141714], 0, -1.0, [-0.7320434521601518, -0.062496177169496014]
[-0.7320434521601518, -0.062496177169496014], 0, -1.0, [-0.7940762090145231, -0.062032756854371325]
[-0.7940762090145231, -0.062032756854371325], 0, -1.0, [-0.8552957808692, -0.06121957185467681]
[-0.8552957808692, -0.06121957185467681], 0, -1.0, [-0.9154183314212061, -0.06012255055200608]
[-0.9154183314212061, -0.06012255055200608], 0, -1.0, [-0.9742337155290255, -0.05881538410781941]
[-0.9742337155290255, -0.05881538410781941], 0, -1.0, [-1.0316087527475453, -0.057375037218519824]
[-1.0316087527475453, -0.057375037218519824], 0, -1.0, [-1.087486523337499, -0.0558777705899538]
[-1.087486523337499, -0.0558777705899538], 0, -1.0, [-1.1418825327216562, -0.054396009384157146]
[-1.1418825327216562, -0.054396009384157146], 0, -1.0, [-1.1948787247722101, -0.052996192050553975]
[-1.1948787247722101, -0.052996192050553975], 0, -1.0, [-1.2, 0.0]
[-1.2, 0.0], 2, -1.0, [-1.1967581039591646, 0.003241896040835368]
[-1.1967581039591646, 0.003241896040835368], 2, -1.0, [-1.1902636585360942, 0.006494445423070332]
[-1.1902636585360942, 0.006494445423070332], 2, -1.0, [-1.1804959639787937, 0.009767694557300442]
[-1.1804959639787937, 0.009767694557300442], 2, -1.0, [-1.1674255149588486, 0.013070449019945182]
[-1.1674255149588486, 0.013070449019945182], 2, -1.0, [-1.1510159267200155, 0.016409588238833067]
[-1.1510159267200155, 0.016409588238833067], 2, -1.0, [-1.1312266168239755, 0.019789309896040046]
[-1.1312266168239755, 0.019789309896040046], 2, -1.0, [-1.108016322100852, 0.02321029472312345]
[-1.108016322100852, 0.02321029472312345], 2, -1.0, [-1.081347524946184, 0.02666879715466819]
[-1.081347524946184, 0.02666879715466819], 2, -1.0, [-1.0511918363028878, 0.03015568864329602]
[-1.0511918363028878, 0.03015568864329602], 2, -1.0, [-1.0175363271434712, 0.0336555091594167]
[-1.0175363271434712, 0.0336555091594167], 2, -1.0, [-0.9803907090723114, 0.03714561807115983]
[-0.9803907090723114, 0.03714561807115983], 2, -1.0, [-0.9397951336374217, 0.04059557543488971]
[-0.9397951336374217, 0.04059557543488971], 2, -1.0, [-0.8958282112564235, 0.043966922380998245]
[-0.8958282112564235, 0.043966922380998245], 2, -1.0, [-0.8486146572192776, 0.04721355403714586]
[-0.8486146572192776, 0.04721355403714586], 2, -1.0, [-0.7983317816221248, 0.05028287559715283]
[-0.7983317816221248, 0.05028287559715283], 2, -1.0, [-0.7452138959379592, 0.0531178856841656]
[-0.7452138959379592, 0.0531178856841656], 2, -1.0, [-0.6895536666604415, 0.0556602292775177]
[-0.6895536666604415, 0.0556602292775177], 2, -1.0, [-0.6316995610792892, 0.057854105581152386]
[-0.6316995610792892, 0.057854105581152386], 2, -1.0, [-0.5720488365336812, 0.05965072454560789]
[-0.5720488365336812, 0.05965072454560789], 2, -1.0, [-0.5110360146660762, 0.061012821867605024]
[-0.5110360146660762, 0.061012821867605024], 2, -1.0, [-0.44911739120176025, 0.061918623464315904]
[-0.44911739120176025, 0.061918623464315904], 1, -1.0, [-0.38775274139346727, 0.061364649808292995]
[-0.38775274139346727, 0.061364649808292995], 1, -1.0, [-0.3273789672475157, 0.06037377414595155]
[-0.3273789672475157, 0.06037377414595155], 1, -1.0, [-0.2683933095642128, 0.058985657683302876]
[-0.2683933095642128, 0.058985657683302876], 2, -1.0, [-0.2101401056951295, 0.05825320386908331]
[-0.2101401056951295, 0.05825320386908331], 2, -1.0, [-0.1529063513493868, 0.05723375434574272]
[-0.1529063513493868, 0.05723375434574272], 2, -1.0, [-0.09691414809306656, 0.05599220325632024]
[-0.09691414809306656, 0.05599220325632024], 2, -1.0, [-0.042317023106334534, 0.054597124986732026]
[-0.042317023106334534, 0.054597124986732026], 2, -1.0, [0.010800220555767973, 0.053117243662102506]
[0.010800220555767973, 0.053117243662102506], 2, -1.0, [0.06241877635666946, 0.05161855580090149]
[0.06241877635666946, 0.05161855580090149], 1, -1.0, [0.11158103539507583, 0.04916225903840637]
[0.11158103539507583, 0.04916225903840637], 1, -1.0, [0.15838205759039461, 0.04680102219531879]
[0.15838205759039461, 0.04680102219531879], 1, -1.0, [0.20296001513147668, 0.04457795754108207]
[0.20296001513147668, 0.04457795754108207], 0, -1.0, [0.24448724994950832, 0.04152723481803165]
[0.24448724994950832, 0.04152723481803165], 0, -1.0, [0.28315733125222886, 0.038670081302720524]
[0.28315733125222886, 0.038670081302720524], 0, -1.0, [0.3191764632184184, 0.03601913196618953]
[0.3191764632184184, 0.03601913196618953], 0, -1.0, [0.35275673984256145, 0.033580276624143014]
[0.35275673984256145, 0.033580276624143014], 0, -1.0, [0.38411106563370573, 0.031354325791144264]
[0.38411106563370573, 0.031354325791144264], 0, -1.0, [0.4134494997424588, 0.029338434108753062]
[0.4134494997424588, 0.029338434108753062], 0, -1.0, [0.4409767672018898, 0.027527267459430956]
[0.4409767672018898, 0.027527267459430956], 0, -1.0, [0.4668906952543153, 0.025913928052425532]
[0.4668906952543153, 0.025913928052425532], 0, -1.0, [0.4913813613121672, 0.024490666057851877]
[0.4913813613121672, 0.024490666057851877], 2, -1.0, [0.5166307727921972, 0.025249411480029915]
