[-0.5906143560038296, 0.0], 0, -1.0, [-0.5911151182591995, -0.000500762255369916]
[-0.5911151182591995, -0.000500762255369916], 0, -1.0, [-0.5921129632650931, -0.0009978450058935775]
[-0.5921129632650931, -0.0009978450058935775], 0, -1.0, [-0.5936005624405328, -0.001487599175439744]
[-0.5936005624405328, -0.001487599175439744], 0, -1.0, [-0.5955669987594627, -0.0019664363189298983]
[-0.5955669987594627, -0.0019664363189298983], 0, -1.0, [-0.5979978571243788, -0.002430858364916087]
[-0.5979978571243788, -0.002430858364916087], 0, -1.0, [-0.600875343776339, -0.002877486651960149]
[-0.600875343776339, -0.002877486651960149], 0, -1.0, [-0.6041784337714361, -0.00330308999509711]
[-0.6041784337714361, -0.00330308999509711], 0, -1.0, [-0.607883045271149, -0.0037046114997129134]
[-0.607883045271149, -0.0037046114997129134], 0, -1.0, [-0.6119622390937375, -0.0040791938225884375]
[-0.6119622390937375, -0.0040791938225884375], 0, -1.0, [-0.616386441660676, -0.00442420256693858]
[-0.616386441660676, -0.00442420256693858], 0, -1.0, [-0.621123689153898, -0.004737247493222071]
[-0.621123689153898, -0.004737247493222071], 0, -1.0, [-0.6261398903870593, -0.005016201233161286]
[-0.6261398903870593, -0.005016201233161286], 0, -1.0, [-0.6313991056000458, -0.0052592152129864456]
[-0.6313991056000458, -0.0052592152129864456], 0, -1.0, [-0.6368638381247569, -0.005464732524711134]
[-0.6368638381247569, -0.005464732524711134], 0, -1.0, [-0.6424953356562618, -0.0056314975315049295]
[-0.6424953356562618, -0.0056314975315049295], 0, -1.0, [-0.6482538977103274, -0.005758562054065594]
[-0.6482538977103274, -0.005758562054065594], 0, -1.0, [-0.654099185767627, -0.00584528805729966]
[-0.654099185767627, -0.00584528805729966], 0, -1.0, [-0.659990532605213, -0.00589134683758597]
[-0.659990532605213, -0.00589134683758597], 0, -1.0, [-0.6658872474018303, -0.005896714796617238]
[-0.6658872474018303, -0.005896714796617238], 0, -1.0, [-0.6717489133758014, -0.005861665973971227]
[-0.6717489133758014, -0.005861665973971227], 0, -1.0, [-0.6775356749684494, -0.00578676159264795]
[-0.6775356749684494, -0.00578676159264795], 0, -1.0, [-0.6832085119139149, -0.00567283694546545]
[-0.6832085119139149, -0.00567283694546545], 0, -1.0, [-0.6887294979254636, -0.00552098601154871]
[-0.6887294979254636, -0.00552098601154871], 0, -1.0, [-0.694062042163497, -0.005332544238033412]
[-0.694062042163497, -0.005332544238033412], 0, -1.0, [-0.6991711121138408, -0.005109069950343793]
[-0.6991711121138408, -0.005109069950343793], 0, -1.0, [-0.7040234369776992, -0.004852324863858435]
[-0.7040234369776992, -0.004852324863858435], 0, -1.0, [-0.7085876911381018, -0.004564254160402596]
[-0.7085876911381018, -0.004564254160402596], 0, -1.0, [-0.7128346577038815, -0.004246966565779701]
[-0.7128346577038815, -0.004246966565779701], 0, -1.0, [-0.7167373725252332, -0.0039027148213516567]
[-0.7167373725252332, -0.0039027148213516567], 0, -1.0, [-0.7202712494113156, -0.0035338768860824535]
[-0.7202712494113156, -0.0035338768860824535], 0, -1.0, [-0.7234141875498712, -0.0031429381385555816]
[-0.7234141875498712, -0.0031429381385555816], 0, -1.0, [-0.7261466623244971, -0.0027324747746258512]
[-0.7261466623244971, -0.0027324747746258512], 0, -1.0, [-0.7284518008435035, -0.0023051385190063474]
[-0.7284518008435035, -0.0023051385190063474], 0, -1.0, [-0.7303154435350564, -0.001863642691552959]
[-0.7303154435350564, -0.001863642691552959], 0, -1.0, [-0.7317261931294357, -0.0014107495943792895]
[-0.7317261931294357, -0.0014107495943792895], 0, -1.0, [-0.732675452246394, -0.0009492591169583261]
[-0.732675452246394, -0.0009492591169583261], 2, -1.0, [-0.731157450641782, 0.001518001604612064]
[-0.731157450641782, 0.001518001604612064], 2, -1.0, [-0.7271814214453854, 0.003976029196396512]
[-0.7271814214453854, 0.003976029196396512], 2, -1.0, [-0.7207716913856578, 0.006409730059727617]
[-0.7207716913856578, 0.006409730059727617], 2, -1.0, [-0.7119679054015732, 0.008803785984084642]
[-0.7119679054015732, 0.008803785984084642], 2, -1.0, [-0.700825353135501, 0.011142552266072176]
[-0.700825353135501, 0.011142552266072176], 1, -1.0, [-0.6884153460881394, 0.012410007047361624]
[-0.6884153460881394, 0.012410007047361624], 1, -1.0, [-0.6748189706840696, 0.013596375404069744]
[-0.6748189706840696, 0.013596375404069744], 1, -1.0, [-0.6601269483402572, 0.014692022343812342]
[-0.6601269483402572, 0.014692022343812342], 1, -1.0, [-0.6444393553799352, 0.01568759296032196]
[-0.6444393553799352, 0.01568759296032196], 1, -1.0, [-0.6278651794232842, 0.016574175956650995]
[-0.6278651794232842, 0.016574175956650995], 1, -1.0, [-0.610521695414475, 0.017343484008809213]
[-0.610521695414475, 0.017343484008809213], 0, -1.0, [-0.5935336529124671, 0.01698804250200791]
[-0.5935336529124671, 0.01698804250200791], 0, -1.0, [-0.5770249383607866, 0.01650871455168045]
[-0.5770249383607866, 0.01650871455168045], 0, -1.0, [-0.5611172409799358, 0.015907697380850842]
[-0.5611172409799358, 0.015907697380850842], 0, -1.0, [-0.5459287488710222, 0.015188492108913588]
[-0.5459287488710222, 0.015188492108913588], 0, -1.0, [-0.5315729071958225, 0.014355841675199708]
[-0.5315729071958225, 0.014355841675199708], 0, -1.0, [-0.5181572652377829, 0.013415641958039622]
[-0.5181572652377829, 0.013415641958039622], 0, -1.0, [-0.505782432794834, 0.012374832442948864]
[-0.505782432794834, 0.012374832442948864], 0, -1.0, [-0.4945411593098685, 0.011241273484965534]
[-0.4945411593098685, 0.011241273484965534], 0, -1.0, [-0.484517542037053, 0.010023617272815546]
[-0.484517542037053, 0.010023617272815546], 0, -1.0, [-0.4757863629598674, 0.008731179077185555]
[-0.4757863629598674, 0.008731179077185555], 0, -1.0, [-0.4684125486116473, 0.007373814348220146]
[-0.4684125486116473, 0.007373814348220146], 0, -1.0, [-0.46245074275963194, 0.005961805852015361]
[-0.46245074275963194, 0.005961805852015361], 0, -1.0, [-0.45794497930642286, 0.004505763453209077]
[-0.45794497930642286, 0.004505763453209077], 0, -1.0, [-0.4549284417957135, 0.003016537510709374]
[-0.4549284417957135, 0.003016537510709374], 0, -1.0, [-0.45342329650434005, 0.001505145291373451]
[-0.45342329650434005, 0.001505145291373451], 0, -1.0, [-0.45344058807014853, -1.729156580845847e-05]
[-0.45344058807014853, -1.729156580845847e-05], 0, -1.0, [-0.45498018966904114, -0.0015396015988925912]
[-0.45498018966904114, -0.0015396015988925912], 0, -1.0, [-0.4580308035787498, -0.0030506139097086805]
[-0.4580308035787498, -0.0030506139097086805], 0, -1.0, [-0.4625700121778284, -0.004539208599078592]
[-0.4625700121778284, -0.004539208599078592], 0, -1.0, [-0.4685643836348289, -0.005994371457000464]
[-0.4685643836348289, -0.005994371457000464], 0, -1.0, [-0.4759696403535998, -0.007405256718770902]
[-0.4759696403535998, -0.007405256718770902], 0, -1.0, [-0.48473090128318064, -0.008761260929580834]
[-0.48473090128318064, -0.008761260929580834], 0, -1.0, [-0.4947830111398594, -0.010052109856678771]
[-0.4947830111398594, -0.010052109856678771], 0, -1.0, [-0.506050970150434, -0.011267959010574582]
[-0.506050970150434, -0.011267959010574582], 0, -1.0, [-0.5184504769218563, -0.01239950677142236]
[-0.5184504769218563, -0.01239950677142236], 0, -1.0, [-0.5318885943982453, -0.013438117476389054]
[-0.5318885943982453, -0.013438117476389054], 0, -1.0, [-0.5462645446423977, -0.014375950244152369]
[-0.5462645446423977, -0.014375950244152369], 0, -1.0, [-0.5614706325862076, -0.01520608794380985]
[-0.5614706325862076, -0.01520608794380985], 0, -1.0, [-0.5773932922943052, -0.015922659708097715]
[-0.5773932922943052, -0.015922659708097715], 0, -1.0, [-0.5939142421721805, -0.016520949877875224]
[-0.5939142421721805, -0.016520949877875224], 0, -1.0, [-0.610911728513712, -0.016997486341531486]
[-0.610911728513712, -0.016997486341531486], 0, -1.0, [-0.628261830452307, -0.01735010193859498]
[-0.628261830452307, -0.01735010193859498], 0, -1.0, [-0.6458397943548175, -0.01757796390251057]
[-0.6458397943548175, -0.01757796390251057], 0, -1.0, [-0.6635213624783122, -0.017681568123494685]
[-0.6635213624783122, -0.017681568123494685], 0, -1.0, [-0.6811840596346216, -0.017662697156309467]
[-0.6811840596346216, -0.017662697156309467], 0, -1.0, [-0.6987084028088187, -0.017524343174197123]
[-0.6987084028088187, -0.017524343174197123], 0, -1.0, [-0.7159790020662358, -0.01727059925741704]
[-0.7159790020662358, -0.01727059925741704], 0, -1.0, [-0.7328855263613379, -0.01690652429510207]
[-0.7328855263613379, -0.01690652429510207], 0, -1.0, [-0.7493235145675767, -0.01643798820623884]
[-0.7493235145675767, -0.01643798820623884], 0, -1.0, [-0.7651950196122385, -0.015871505044661685]
[-0.7651950196122385, -0.015871505044661685], 0, -1.0, [-0.7804090814220984, -0.015214061809859925]
[-0.7804090814220984, -0.015214061809859925], 0, -1.0, [-0.7948820318963694, -0.014472950474270944]
[-0.7948820318963694, -0.014472950474270944], 0, -1.0, [-0.808537641845113, -0.013655609948743567]
[-0.808537641845113, -0.013655609948743567], 2, -1.0, [-0.8193071254134975, -0.010769483568384447]
[-0.8193071254134975, -0.010769483568384447], 2, -1.0, [-0.8271384614564178, -0.007831336042920325]
[-0.8271384614564178, -0.007831336042920325], 2, -1.0, [-0.8319950886684907, -0.004856627212072879]
[-0.8319950886684907, -0.004856627212072879], 2, -1.0, [-0.8338548797328228, -0.001859791064332061]
[-0.8338548797328228, -0.001859791064332061], 2, -1.0, [-0.832709473228398, 0.0011454065044248347]
[-0.832709473228398, 0.0011454065044248347], 2, -1.0, [-0.8285640114129998, 0.004145461815398092]
[-0.8285640114129998, 0.004145461815398092], 2, -1.0, [-0.8214373021327344, 0.007126709280265516]
[-0.8214373021327344, 0.007126709280265516], 2, -1.0, [-0.8113623936299061, 0.010074908502828175]
[-0.8113623936299061, 0.010074908502828175], 2, -1.0, [-0.7983875212972638, 0.012974872332642417]
[-0.7983875212972638, 0.012974872332642417], 2, -1.0, [-0.7825773549883079, 0.015810166308955837]
[-0.7825773549883079, 0.015810166308955837], 2, -1.0, [-0.764014444440348, 0.018562910547959832]
[-0.764014444440348, 0.018562910547959832], 2, -1.0, [-0.74280072972814, 0.02121371471220804]
[-0.74280072972814, 0.02121371471220804], 2, -1.0, [-0.7190589556496645, 0.023741774078475587]
[-0.7190589556496645, 0.023741774078475587], 2, -1.0, [-0.6929338069992882, 0.02612514865037629]
[-0.6929338069992882, 0.02612514865037629], 2, -1.0, [-0.6645925702649786, 0.02834123673430956]
[-0.6645925702649786, 0.02834123673430956], 2, -1.0, [-0.6342251312667561, 0.030367438998222567]
[-0.6342251312667561, 0.030367438998222567], 2, -1.0, [-0.6020431419379793, 0.032181989328776854]
[-0.6020431419379793, 0.032181989328776854], 2, -1.0, [-0.5682782353187974, 0.03376490661918182]
[-0.5682782353187974, 0.03376490661918182], 2, -1.0, [-0.5331792352557245, 0.03509900006307284]
[-0.5331792352557245, 0.03509900006307284], 2, -1.0, [-0.49700839163743776, 0.03617084361828678]
[-0.49700839163743776, 0.03617084361828678], 2, -1.0, [-0.4600367644583625, 0.03697162717907524]
[-0.4600367644583625, 0.03697162717907524], 2, -1.0, [-0.4225389686247995, 0.03749779583356301]
[-0.4225389686247995, 0.03749779583356301], 2, -1.0, [-0.3847875631029858, 0.03775140552181372]
[-0.3847875631029858, 0.03775140552181372], 2, -1.0, [-0.3470474112328118, 0.037740151870173974]
[-0.3470474112328118, 0.037740151870173974], 2, -1.0, [-0.30957034651274973, 0.03747706472006209]
[-0.30957034651274973, 0.03747706472006209], 2, -1.0, [-0.27259044864714765, 0.03697989786560205]
[-0.27259044864714765, 0.03697989786560205], 2, -1.0, [-0.23632017323854146, 0.036270275408606195]
[-0.23632017323854146, 0.036270275408606195], 2, -1.0, [-0.20094749541621, 0.035372677822331486]
[-0.20094749541621, 0.035372677822331486], 2, -1.0, [-0.16663413582978737, 0.03431335958642262]
[-0.16663413582978737, 0.03431335958642262], 2, -1.0, [-0.1335148496084975, 0.03311928622128988]
[-0.1335148496084975, 0.03311928622128988], 2, -1.0, [-0.101697685387582, 0.031817164220915496]
[-0.101697685387582, 0.031817164220915496], 2, -1.0, [-0.07126506867743473, 0.030432616710147273]
[-0.07126506867743473, 0.030432616710147273], 2, -1.0, [-0.04227553377924961, 0.028989534898185117]
[-0.04227553377924961, 0.028989534898185117], 2, -1.0, [-0.014765919583818374, 0.02750961419543124]
[-0.014765919583818374, 0.02750961419543124], 2, -1.0, [0.011246147074824221, 0.026012066658642596]
[0.011246147074824221, 0.026012066658642596], 2, -1.0, [0.03575963645152488, 0.024513489376700656]
[0.03575963645152488, 0.024513489376700656], 2, -1.0, [0.058787497991960036, 0.02302786154043516]
[0.058787497991960036, 0.02302786154043516], 2, -1.0, [0.08035413852321599, 0.02156664053125596]
[0.08035413852321599, 0.02156664053125596], 2, -1.0, [0.10049306683512019, 0.0201389283119042]
[0.10049306683512019, 0.0201389283119042], 2, -1.0, [0.11924474937079502, 0.018751682535674837]
[0.11924474937079502, 0.018751682535674837], 2, -1.0, [0.13665470043964414, 0.01740995106884912]
[0.13665470043964414, 0.01740995106884912], 2, -1.0, [0.1527718136790563, 0.01611711323941216]
[0.1527718136790563, 0.01611711323941216], 2, -1.0, [0.16764692921208538, 0.014875115533029087]
[0.16764692921208538, 0.014875115533029087], 2, -1.0, [0.18133162254396426, 0.013684693331878875]
[0.18133162254396426, 0.013684693331878875], 2, -1.0, [0.19387719603201295, 0.012545573488048701]
[0.19387719603201295, 0.012545573488048701], 2, -1.0, [0.20533385105102311, 0.011456655019010177]
[0.20533385105102311, 0.011456655019010177], 2, -1.0, [0.2157500181132483, 0.010416167062225182]
[0.2157500181132483, 0.010416167062225182], 2, -1.0, [0.22517182263519694, 0.009421804521948655]
[0.22517182263519694, 0.009421804521948655], 2, -1.0, [0.23364266532485575, 0.008470842689658814]
[0.23364266532485575, 0.008470842689658814], 2, -1.0, [0.2412028979479702, 0.007560232623114446]
[0.2412028979479702, 0.007560232623114446], 2, -1.0, [0.24788957726697247, 0.006686679319002264]
[0.24788957726697247, 0.006686679319002264], 2, -1.0, [0.2537362820533822, 0.005846704786409737]
[0.2537362820533822, 0.005846704786409737], 2, -1.0, [0.25877298013655314, 0.005036698083170918]
[0.25877298013655314, 0.005036698083170918], 1, -1.0, [0.26202593439694466, 0.003252954260391519]
[0.26202593439694466, 0.003252954260391519], 0, -1.0, [0.2625123235573188, 0.00048638916037414565]
[0.2625123235573188, 0.00048638916037414565], 0, -1.0, [0.260234730717983, -0.0022775928393358328]
[0.260234730717983, -0.0022775928393358328], 0, -1.0, [0.2551810925838023, -0.005053638134180673]
[0.2551810925838023, -0.005053638134180673], 0, -1.0, [0.24732493942198783, -0.007856153161814452]
[0.24732493942198783, -0.007856153161814452], 0, -1.0, [0.236625947451344, -0.010698991970643834]
[0.236625947451344, -0.010698991970643834], 0, -1.0, [0.22303085173867263, -0.013595095712671375]
[0.22303085173867263, -0.013595095712671375], 0, -1.0, [0.2064747938920586, -0.016556057846614014]
[0.2064747938920586, -0.016556057846614014], 0, -1.0, [0.18688320410470594, -0.019591589787352662]
[0.18688320410470594, -0.019591589787352662], 0, -1.0, [0.1641743396494202, -0.022708864455285742]
[0.1641743396494202, -0.022708864455285742], 0, -1.0, [0.13826261856028924, -0.025911721089130958]
[0.13826261856028924, -0.025911721089130958], 0, -1.0, [0.1090628928852714, -0.029199725675017836]
[0.1090628928852714, -0.029199725675017836], 0, -1.0, [0.07649579322806088, -0.03256709965721052]
[0.07649579322806088, -0.03256709965721052], 0, -1.0, [0.040494235738399, -0.036001557489661884]
[0.040494235738399, -0.036001557489661884], 0, -1.0, [0.001011103132586899, -0.0394831326058121]
[0.001011103132586899, -0.0394831326058121], 0, -1.0, [-0.04197201797202664, -0.04298312110461354]
[-0.04197201797202664, -0.04298312110461354], 2, -1.0, [-0.08643534668204986, -0.04446332871002322]
[-0.08643534668204986, -0.04446332871002322], 2, -1.0, [-0.13231509576465028, -0.04587974908260043]
[-0.13231509576465028, -0.04587974908260043], 0, -1.0, [-0.1815004604872011, -0.0491853647225508]
[-0.1815004604872011, -0.0491853647225508], 0, -1.0, [-0.23382428940310018, -0.05232382891589911]
[-0.23382428940310018, -0.05232382891589911], 0, -1.0, [-0.2890578495946859, -0.05523356019158569]
[-0.2890578495946859, -0.05523356019158569], 0, -1.0, [-0.34690887055405917, -0.057851020959373264]
[-0.34690887055405917, -0.057851020959373264], 0, -1.0, [-0.40702387524014677, -0.060115004686087596]
[-0.40702387524014677, -0.060115004686087596], 0, -1.0, [-0.46899547789164975, -0.061971602651503]
[-0.46899547789164975, -0.061971602651503], 0, -1.0, [-0.5323747762223441, -0.06337929833069438]
[-0.5323747762223441, -0.06337929833069438], 0, -1.0, [-0.5966882621521007, -0.06431348592975664]
[-0.5966882621521007, -0.06431348592975664], 0, -1.0, [-0.6614579589408546, -0.06476969678875388]
[-0.6614579589408546, -0.06476969678875388], 0, -1.0, [-0.7262229361902587, -0.06476497724940408]
[-0.7262229361902587, -0.06476497724940408], 2, -1.0, [-0.7885601075675965, -0.06233717137733787]
[-0.7885601075675965, -0.06233717137733787], 2, -1.0, [-0.8481128230343506, -0.059552715466754114]
[-0.8481128230343506, -0.059552715466754114], 2, -1.0, [-0.9045983312368142, -0.056485508202463584]
[-0.9045983312368142, -0.056485508202463584], 0, -1.0, [-0.9598091353496585, -0.05521080411284428]
[-0.9598091353496585, -0.05521080411284428], 0, -1.0, [-1.0136053617870628, -0.05379622643740428]
[-1.0136053617870628, -0.05379622643740428], 0, -1.0, [-1.0659142723799582, -0.052308910592895295]
[-1.0659142723799582, -0.052308910592895295], 0, -1.0, [-1.1167271229885867, -0.05081285060862858]
[-1.1167271229885867, -0.05081285060862858], 0, -1.0, [-1.1660941632549802, -0.049367040266393415]
[-1.1660941632549802, -0.049367040266393415], 0, -1.0, [-1.2, 0.0]
[-1.2, 0.0], 2, -1.0, [-1.1967581039591646, 0.003241896040835368]
[-1.1967581039591646, 0.003241896040835368], 2, -1.0, [-1.1902636585360942, 0.006494445423070332]
[-1.1902636585360942, 0.006494445423070332], 2, -1.0, [-1.1804959639787937, 0.009767694557300442]
[-1.1804959639787937, 0.009767694557300442], 2, -1.0, [-1.1674255149588486, 0.013070449019945182]
[-1.1674255149588486, 0.013070449019945182], 2, -1.0, [-1.1510159267200155, 0.016409588238833067]
[-1.1510159267200155, 0.016409588238833067], 2, -1.0, [-1.1312266168239755, 0.019789309896040046]
[-1.1312266168239755, 0.019789309896040046], 2, -1.0, [-1.108016322100852, 0.02321029472312345]
[-1.108016322100852, 0.02321029472312345], 2, -1.0, [-1.081347524946184, 0.02666879715466819]
[-1.081347524946184, 0.02666879715466819], 2, -1.0, [-1.0511918363028878, 0.03015568864329602]
[-1.0511918363028878, 0.03015568864329602], 2, -1.0, [-1.0175363271434712, 0.0336555091594167]
[-1.0175363271434712, 0.0336555091594167], 2, -1.0, [-0.9803907090723114, 0.03714561807115983]
[-0.9803907090723114, 0.03714561807115983], 2, -1.0, [-0.9397951336374217, 0.04059557543488971]
[-0.9397951336374217, 0.04059557543488971], 2, -1.0, [-0.8958282112564235, 0.043966922380998245]
[-0.8958282112564235, 0.043966922380998245], 2, -1.0, [-0.8486146572192776, 0.04721355403714586]
[-0.8486146572192776, 0.04721355403714586], 2, -1.0, [-0.7983317816221248, 0.05028287559715283]
[-0.7983317816221248, 0.05028287559715283], 2, -1.0, [-0.7452138959379592, 0.0531178856841656]
[-0.7452138959379592, 0.0531178856841656], 2, -1.0, [-0.6895536666604415, 0.0556602292775177]
[-0.6895536666604415, 0.0556602292775177], 2, -1.0, [-0.6316995610792892, 0.057854105581152386]
[-0.6316995610792892, 0.057854105581152386], 2, -1.0, [-0.5720488365336812, 0.05965072454560789]
[-0.5720488365336812, 0.05965072454560789], 2, -1.0, [-0.5110360146660762, 0.061012821867605024]
