[-0.4993863948118915, 0.0], 0, -1.0, [-0.5005678280245847, -0.001181433212693193]
[-0.5005678280245847, -0.001181433212693193], 0, -1.0, [-0.5029218559448567, -0.0023540279202720824]
[-0.5029218559448567, -0.0023540279202720824], 0, -1.0, [-0.5064308613304579, -0.0035090053856011638]
[-0.5064308613304579, -0.0035090053856011638], 0, -1.0, [-0.5110685691553435, -0.004637707824885547]
[-0.5110685691553435, -0.004637707824885547], 0, -1.0, [-0.5168002313977815, -0.005731662242438089]
[-0.5168002313977815, -0.005731662242438089], 0, -1.0, [-0.5235828791867084, -0.006782647788926929]
[-0.5235828791867084, -0.006782647788926929], 0, -1.0, [-0.5313656461987223, -0.007782767012013813]
[-0.5313656461987223, -0.007782767012013813], 0, -1.0, [-0.5400901669520621, -0.008724520753339824]
[-0.5400901669520621, -0.008724520753339824], 0, -1.0, [-0.5496910527214214, -0.009600885769359257]
[-0.5496910527214214, -0.009600885769359257], 0, -1.0, [-0.5600964461939251, -0.010405393472503686]
[-0.5600964461939251, -0.010405393472503686], 0, -1.0, [-0.5712286537596183, -0.011132207565693202]
[-0.5712286537596183, -0.011132207565693202], 0, -1.0, [-0.5830048515994111, -0.011776197839792748]
[-0.5830048515994111, -0.011776197839792748], 0, -1.0, [-0.5953378586766316, -0.012333007077220463]
[-0.5953378586766316, -0.012333007077220463], 0, -1.0, [-0.6081369665772554, -0.012799107900623809]
[-0.6081369665772554, -0.012799107900623809], 0, -1.0, [-0.6213088131277179, -0.013171846550462574]
[-0.6213088131277179, -0.013171846550462574], 0, -1.0, [-0.6347582841016753, -0.013449470973957439]
[-0.6347582841016753, -0.013449470973957439], 0, -1.0, [-0.6483894253413754, -0.013631141239700122]
[-0.6483894253413754, -0.013631141239700122], 0, -1.0, [-0.6621063464539315, -0.01371692111255605]
[-0.6621063464539315, -0.01371692111255605], 0, -1.0, [-0.6758140970212794, -0.013707750567347885]
[-0.6758140970212794, -0.013707750567347885], 0, -1.0, [-0.6894194970301281, -0.013605400008848722]
[-0.6894194970301281, -0.013605400008848722], 0, -1.0, [-0.7028319049471267, -0.013412407916998608]
[-0.7028319049471267, -0.013412407916998608], 0, -1.0, [-0.7159639094192853, -0.013132004472158674]
[-0.7159639094192853, -0.013132004472158674], 0, -1.0, [-0.7287319337907796, -0.012768024371494217]
[-0.7287319337907796, -0.012768024371494217], 0, -1.0, [-0.7410567462711019, -0.012324812480322259]
[-0.7410567462711019, -0.012324812480322259], 0, -1.0, [-0.7528638724224054, -0.011807126151303516]
[-0.7528638724224054, -0.011807126151303516], 0, -1.0, [-0.7640839104158577, -0.011220037993452314]
[-0.7640839104158577, -0.011220037993452314], 0, -1.0, [-0.7746527530227199, -0.010568842606862194]
[-0.7746527530227199, -0.010568842606862194], 0, -1.0, [-0.7845117233811565, -0.009858970358436619]
[-0.7845117233811565, -0.009858970358436619], 2, -1.0, [-0.7916076340899909, -0.007095910708834392]
[-0.7916076340899909, -0.007095910708834392], 2, -1.0, [-0.7959031557735314, -0.004295521683540502]
[-0.7959031557735314, -0.004295521683540502], 2, -1.0, [-0.7973760863854678, -0.001472930611936321]
[-0.7973760863854678, -0.001472930611936321], 2, -1.0, [-0.796018882363855, 0.0013572040216127913]
[-0.796018882363855, 0.0013572040216127913], 2, -1.0, [-0.7918384932908962, 0.004180389072958762]
[-0.7918384932908962, 0.004180389072958762], 2, -1.0, [-0.7848565143268954, 0.006981978964000756]
[-0.7848565143268954, 0.006981978964000756], 2, -1.0, [-0.7751096432704979, 0.009746871056397516]
[-0.7751096432704979, 0.009746871056397516], 2, -1.0, [-0.7626504017093669, 0.012459241561131035]
[-0.7626504017093669, 0.012459241561131035], 2, -1.0, [-0.747548052579927, 0.015102349129439922]
[-0.747548052579927, 0.015102349129439922], 2, -1.0, [-0.7298896202105615, 0.017658432369365522]
[-0.7298896202105615, 0.017658432369365522], 2, -1.0, [-0.709780894913669, 0.020108725296892463]
[-0.709780894913669, 0.020108725296892463], 2, -1.0, [-0.6873472845380846, 0.022433610375584438]
[-0.6873472845380846, 0.022433610375584438], 2, -1.0, [-0.6627343629323093, 0.02461292160577536]
[-0.6627343629323093, 0.02461292160577536], 2, -1.0, [-0.6361079632572639, 0.02662639967504533]
[-0.6361079632572639, 0.02662639967504533], 2, -1.0, [-0.6076536756480104, 0.028454287609253472]
[-0.6076536756480104, 0.028454287609253472], 2, -1.0, [-0.5775756360817018, 0.030078039566308633]
[-0.5775756360817018, 0.030078039566308633], 2, -1.0, [-0.5460945369373686, 0.03148109914433317]
[-0.5460945369373686, 0.03148109914433317], 2, -1.0, [-0.5134448476259535, 0.03264968931141507]
[-0.5134448476259535, 0.03264968931141507], 2, -1.0, [-0.4798713009973329, 0.033573546628620665]
[-0.4798713009973329, 0.033573546628620665], 2, -1.0, [-0.4456247706139853, 0.034246530383347566]
[-0.4456247706139853, 0.034246530383347566], 2, -1.0, [-0.4109577264669119, 0.03466704414707341]
[-0.4109577264669119, 0.03466704414707341], 2, -1.0, [-0.3761195033494563, 0.034838223117455595]
[-0.3761195033494563, 0.034838223117455595], 0, -1.0, [-0.34335163977192434, 0.03276786357753197]
[-0.34335163977192434, 0.03276786357753197], 0, -1.0, [-0.3128707055991916, 0.030480934172732718]
[-0.3128707055991916, 0.030480934172732718], 0, -1.0, [-0.284867042058867, 0.02800366354032465]
[-0.284867042058867, 0.02800366354032465], 0, -1.0, [-0.2595046771088295, 0.025362364950037464]
[-0.2595046771088295, 0.025362364950037464], 0, -1.0, [-0.23692220666861297, 0.022582470440216565]
[-0.23692220666861297, 0.022582470440216565], 0, -1.0, [-0.2172343910893542, 0.019687815579258767]
[-0.2172343910893542, 0.019687815579258767], 0, -1.0, [-0.20053420527784444, 0.01670018581150976]
[-0.20053420527784444, 0.01670018581150976], 0, -1.0, [-0.18689509359244066, 0.013639111685403767]
[-0.18689509359244066, 0.013639111685403767], 0, -1.0, [-0.1763732091580661, 0.010521884434374585]
[-0.1763732091580661, 0.010521884434374585], 0, -1.0, [-0.1690094542080914, 0.007363754949974686]
[-0.1690094542080914, 0.007363754949974686], 0, -1.0, [-0.16483117760267918, 0.004178276605412234]
[-0.16483117760267918, 0.004178276605412234], 0, -1.0, [-0.16385342395954813, 0.0009777536431310354]
[-0.16385342395954813, 0.0009777536431310354], 0, -1.0, [-0.1660796640178489, -0.00222624005830077]
[-0.1660796640178489, -0.00222624005830077], 0, -1.0, [-0.17150196775835075, -0.005422303740501854]
[-0.17150196775835075, -0.005422303740501854], 0, -1.0, [-0.18010061143863018, -0.008598643680279433]
[-0.18010061143863018, -0.008598643680279433], 0, -1.0, [-0.19184313876493597, -0.01174252732630578]
[-0.19184313876493597, -0.01174252732630578], 0, -1.0, [-0.20668292676581462, -0.014839788000878653]
[-0.20668292676581462, -0.014839788000878653], 0, -1.0, [-0.22455734004825895, -0.017874413282444327]
[-0.22455734004825895, -0.017874413282444327], 0, -1.0, [-0.2453855936145447, -0.020828253566285766]
[-0.2453855936145447, -0.020828253566285766], 0, -1.0, [-0.26906648351798634, -0.023680889903441627]
[-0.26906648351798634, -0.023680889903441627], 0, -1.0, [-0.29547618374255863, -0.026409700224572296]
[-0.29547618374255863, -0.026409700224572296], 0, -1.0, [-0.3244663421632911, -0.028990158420732492]
[-0.3244663421632911, -0.028990158420732492], 0, -1.0, [-0.3558627317405516, -0.031396389577260486]
[-0.3558627317405516, -0.031396389577260486], 0, -1.0, [-0.3894647174851923, -0.03360198574464071]
[-0.3894647174851923, -0.03360198574464071], 0, -1.0, [-0.42504577764410334, -0.03558106015891107]
[-0.42504577764410334, -0.03558106015891107], 0, -1.0, [-0.4623552635872326, -0.037309485943129286]
[-0.4623552635872326, -0.037309485943129286], 0, -1.0, [-0.5011214959890942, -0.0387662324018615]
[-0.5011214959890942, -0.0387662324018615], 0, -1.0, [-0.5410561802603434, -0.03993468427124928]
[-0.5410561802603434, -0.03993468427124928], 0, -1.0, [-0.5818599938421961, -0.04080381358185273]
[-0.5818599938421961, -0.04080381358185273], 0, -1.0, [-0.6232290696925653, -0.04136907585036923]
[-0.6232290696925653, -0.04136907585036923], 0, -1.0, [-0.6648619944317178, -0.0416329247391525]
[-0.6648619944317178, -0.0416329247391525], 0, -1.0, [-0.7064668746453867, -0.04160488021366897]
[-0.7064668746453867, -0.04160488021366897], 0, -1.0, [-0.7477680127357791, -0.041301138090392354]
[-0.7477680127357791, -0.041301138090392354], 0, -1.0, [-0.7885117767488141, -0.040743764013035075]
[-0.7885117767488141, -0.040743764013035075], 0, -1.0, [-0.8284713387400584, -0.039959561991244244]
[-0.8284713387400584, -0.039959561991244244], 0, -1.0, [-0.8674500772323672, -0.03897873849230884]
[-0.8674500772323672, -0.03897873849230884], 0, -1.0, [-0.9052835708912561, -0.03783349365888888]
[-0.9052835708912561, -0.03783349365888888], 0, -1.0, [-0.9418402331387176, -0.036556662247461416]
[-0.9418402331387176, -0.036556662247461416], 0, -1.0, [-0.9770207360770664, -0.035180502938348845]
[-0.9770207360770664, -0.035180502938348845], 0, -1.0, [-1.0107564385140462, -0.033735702436979806]
[-1.0107564385140462, -0.033735702436979806], 0, -1.0, [-1.0430070655680301, -0.03225062705398388]
[-1.0430070655680301, -0.03225062705398388], 0, -1.0, [-1.0737578901713225, -0.03075082460329239]
[-1.0737578901713225, -0.03075082460329239], 0, -1.0, [-1.1030166469070533, -0.029258756735730678]
[-1.1030166469070533, -0.029258756735730678], 0, -1.0, [-1.13081037423656, -0.02779372732950687]
[-1.13081037423656, -0.02779372732950687], 0, -1.0, [-1.1571823399646481, -0.026371965728088063]
[-1.1571823399646481, -0.026371965728088063], 0, -1.0, [-1.1821891628681753, -0.0250068229035272]
[-1.1821891628681753, -0.0250068229035272], 0, -1.0, [-1.2, 0.0]
[-1.2, 0.0], 2, -1.0, [-1.1967581039591646, 0.003241896040835368]
[-1.1967581039591646, 0.003241896040835368], 2, -1.0, [-1.1902636585360942, 0.006494445423070332]
[-1.1902636585360942, 0.006494445423070332], 0, -1.0, [-1.1824959639787938, 0.007767694557300442]
[-1.1824959639787938, 0.007767694557300442], 2, -1.0, [-1.1714313962009901, 0.011064567777803617]
[-1.1714313962009901, 0.011064567777803617], 2, -1.0, [-1.1570384608535682, 0.014392935347421896]
[-1.1570384608535682, 0.014392935347421896], 2, -1.0, [-1.1392800332758368, 0.017758427577731332]
[-1.1392800332758368, 0.017758427577731332], 2, -1.0, [-1.1181163914263912, 0.021163641849445712]
[-1.1181163914263912, 0.021163641849445712], 2, -1.0, [-1.0935091181377223, 0.024607273288668803]
[-1.0935091181377223, 0.024607273288668803], 2, -1.0, [-1.0654259346253778, 0.028083183512344526]
[-1.0654259346253778, 0.028083183512344526], 2, -1.0, [-1.0338464882636529, 0.03157944636172488]
[-1.0338464882636529, 0.03157944636172488], 2, -1.0, [-0.9987690469562707, 0.03507744130738222]
[-0.9987690469562707, 0.03507744130738222], 2, -1.0, [-0.9602179441211005, 0.03855110283517011]
[-0.9602179441211005, 0.03855110283517011], 2, -1.0, [-0.9182514707869054, 0.04196647333419513]
[-0.9182514707869054, 0.04196647333419513], 2, -1.0, [-0.8729697312054934, 0.04528173958141196]
[-0.8729697312054934, 0.04528173958141196], 2, -1.0, [-0.8245217848771969, 0.048447946328296576]
[-0.8245217848771969, 0.048447946328296576], 2, -1.0, [-0.7731112256497753, 0.0514105592274216]
[-0.7731112256497753, 0.0514105592274216], 2, -1.0, [-0.7189992468556939, 0.05411197879408135]
[-0.7189992468556939, 0.05411197879408135], 2, -1.0, [-0.6625042665197366, 0.05649498033595737]
[-0.6625042665197366, 0.05649498033595737], 2, -1.0, [-0.6039973859140297, 0.058506880605706864]
[-0.6039973859140297, 0.058506880605706864], 2, -1.0, [-0.5438933452778177, 0.060104040636212025]
[-0.5438933452778177, 0.060104040636212025], 2, -1.0, [-0.48263718938713107, 0.0612561558906867]
[-0.48263718938713107, 0.0612561558906867], 2, -1.0, [-0.4206874727926649, 0.06194971659446621]
[-0.4206874727926649, 0.06194971659446621], 1, -1.0, [-0.35949738782506324, 0.06119008496760165]
[-0.35949738782506324, 0.06119008496760165], 1, -1.0, [-0.2994889470476247, 0.06000844077743855]
[-0.2994889470476247, 0.06000844077743855], 2, -1.0, [-0.24003753177473383, 0.05945141527289086]
[-0.24003753177473383, 0.05945141527289086], 2, -1.0, [-0.18146544520370433, 0.05857208657102948]
[-0.18146544520370433, 0.05857208657102948], 2, -1.0, [-0.12403195884640625, 0.05743348635729809]
[-0.12403195884640625, 0.05743348635729809], 2, -1.0, [-0.06792739098197098, 0.05610456786443527]
[-0.06792739098197098, 0.05610456786443527], 2, -1.0, [-0.013271093537608115, 0.054656297444362865]
[-0.013271093537608115, 0.054656297444362865], 2, -1.0, [0.03988718501668778, 0.0531582785542959]
[0.03988718501668778, 0.0531582785542959], 1, -1.0, [0.0905633408335225, 0.05067615581683472]
[0.0905633408335225, 0.05067615581683472], 1, -1.0, [0.13883119980510344, 0.04826785897158094]
[0.13883119980510344, 0.04826785897158094], 1, -1.0, [0.184812776037345, 0.04598157623224155]
[0.184812776037345, 0.04598157623224155], 1, -1.0, [0.22866886158100844, 0.04385608554366343]
[0.22866886158100844, 0.04385608554366343], 0, -1.0, [0.269590492584989, 0.040921631003980594]
[0.269590492584989, 0.040921631003980594], 0, -1.0, [0.30778615430068235, 0.038195661715693316]
[0.30778615430068235, 0.038195661715693316], 0, -1.0, [0.34347395415002935, 0.03568779984934702]
[0.34347395415002935, 0.03568779984934702], 0, -1.0, [0.3768756111570813, 0.03340165700705196]
[0.3768756111570813, 0.03340165700705196], 0, -1.0, [0.4082120361433494, 0.031336424986268076]
[0.4082120361433494, 0.031336424986268076], 0, -1.0, [0.43770024037361427, 0.02948820423026487]
[0.43770024037361427, 0.02948820423026487], 0, -1.0, [0.46555131228462343, 0.027851071911009165]
[0.46555131228462343, 0.027851071911009165], 0, -1.0, [0.49196922528992215, 0.0264179130052987]
[0.49196922528992215, 0.0264179130052987], 0, -1.0, [0.5171502724925788, 0.02518104720265673]
