[-0.5873066840313362, 0.0], 2, -1.0, [-0.5858317783350725, 0.0014749056962637865]
[-0.5858317783350725, 0.0014749056962637865], 2, -1.0, [-0.5828928319288287, 0.002938946406243799]
[-0.5828928319288287, 0.002938946406243799], 2, -1.0, [-0.5785115216255572, 0.004381310303271496]
[-0.5785115216255572, 0.004381310303271496], 2, -1.0, [-0.5727202260257723, 0.005791295599784831]
[-0.5727202260257723, 0.005791295599784831], 2, -1.0, [-0.5655618515179355, 0.0071583745078368614]
[-0.5655618515179355, 0.0071583745078368614], 2, -1.0, [-0.5570895845758856, 0.008472266942049873]
[-0.5570895845758856, 0.008472266942049873], 2, -1.0, [-0.5473665589531996, 0.009723025622686019]
[-0.5473665589531996, 0.009723025622686019], 0, -1.0, [-0.538465425966205, 0.008901132986994666]
[-0.538465425966205, 0.008901132986994666], 0, -1.0, [-0.5304528300628765, 0.0080125959033285]
[-0.5304528300628765, 0.0080125959033285], 0, -1.0, [-0.5233888323733769, 0.007063997689499661]
[-0.5233888323733769, 0.007063997689499661], 0, -1.0, [-0.51732640925796, 0.006062423115416848]
[-0.51732640925796, 0.006062423115416848], 0, -1.0, [-0.5123110261139703, 0.005015383143989711]
[-0.5123110261139703, 0.005015383143989711], 0, -1.0, [-0.5083802849121863, 0.003930741201783991]
[-0.5083802849121863, 0.003930741201783991], 0, -1.0, [-0.5055636427424821, 0.002816642169704199]
[-0.5055636427424821, 0.002816642169704199], 0, -1.0, [-0.5038821980839274, 0.0016814446585547021]
[-0.5038821980839274, 0.0016814446585547021], 0, -1.0, [-0.5033485415440515, 0.0005336565398758816]
[-0.5033485415440515, 0.0005336565398758816], 0, -1.0, [-0.5039666683562175, -0.000618126812166048]
[-0.5039666683562175, -0.000618126812166048], 0, -1.0, [-0.5057319508632163, -0.0017652825069987567]
[-0.5057319508632163, -0.0017652825069987567], 0, -1.0, [-0.5086311704004685, -0.002899219537252193]
[-0.5086311704004685, -0.002899219537252193], 0, -1.0, [-0.5126426092572244, -0.004011438856755882]
[-0.5126426092572244, -0.004011438856755882], 0, -1.0, [-0.5177362045668809, -0.005093595309656461]
[-0.5177362045668809, -0.005093595309656461], 0, -1.0, [-0.5238737668924889, -0.006137562325607992]
[-0.5238737668924889, -0.006137562325607992], 0, -1.0, [-0.5310092667836244, -0.007135499891135509]
[-0.5310092667836244, -0.007135499891135509], 0, -1.0, [-0.5390891925689436, -0.00807992578531922]
[-0.5390891925689436, -0.00807992578531922], 0, -1.0, [-0.5480529820384064, -0.008963789469462765]
[-0.5480529820384064, -0.008963789469462765], 0, -1.0, [-0.5578335294332348, -0.009780547394828445]
[-0.5578335294332348, -0.009780547394828445], 0, -1.0, [-0.5683577673285974, -0.01052423789536258]
[-0.5683577673285974, -0.01052423789536258], 0, -1.0, [-0.579547320649849, -0.011189553321251596]
[-0.579547320649849, -0.011189553321251596], 0, -1.0, [-0.5913192273487914, -0.011771906698942363]
[-0.5913192273487914, -0.011771906698942363], 0, -1.0, [-0.6035867173690077, -0.012267490020216303]
[-0.6035867173690077, -0.012267490020216303], 0, -1.0, [-0.6162600386681651, -0.012673321299157422]
[-0.6162600386681651, -0.012673321299157422], 0, -1.0, [-0.6292473164727608, -0.012987277804595593]
[-0.6292473164727608, -0.012987277804595593], 0, -1.0, [-0.6424554298408345, -0.013208113368073721]
[-0.6424554298408345, -0.013208113368073721], 0, -1.0, [-0.655790888193151, -0.013335458352316566]
[-0.655790888193151, -0.013335458352316566], 0, -1.0, [-0.6691606898842885, -0.013369801691137405]
[-0.6691606898842885, -0.013369801691137405], 0, -1.0, [-0.6824731451964944, -0.013312455312205962]
[-0.6824731451964944, -0.013312455312205962], 0, -1.0, [-0.695638647351306, -0.013165502154811588]
[-0.695638647351306, -0.013165502154811588], 0, -1.0, [-0.7085703771732711, -0.012931729821965058]
[-0.7085703771732711, -0.012931729821965058], 0, -1.0, [-0.721184929768263, -0.012614552594991939]
[-0.721184929768263, -0.012614552594991939], 0, -1.0, [-0.7334028548082276, -0.012217925039964644]
[-0.7334028548082276, -0.012217925039964644], 0, -1.0, [-0.7451491055280878, -0.011746250719860133]
[-0.7451491055280878, -0.011746250719860133], 0, -1.0, [-0.7563533951150496, -0.011204289586961819]
[-0.7563533951150496, -0.011204289586961819], 0, -1.0, [-0.7669504625950494, -0.01059706747999977]
[-0.7669504625950494, -0.01059706747999977], 2, -1.0, [-0.7748802534149659, -0.007929790819916516]
[-0.7748802534149659, -0.007929790819916516], 2, -1.0, [-0.7800989276222186, -0.0052186742072526755]
[-0.7800989276222186, -0.0052186742072526755], 2, -1.0, [-0.7825781605198012, -0.002479232897582633]
[-0.7825781605198012, -0.002479232897582633], 2, -1.0, [-0.7823046448704113, 0.00027351564938998645]
[-0.7823046448704113, 0.00027351564938998645], 2, -1.0, [-0.7792798440192137, 0.0030248008511975792]
[-0.7792798440192137, 0.0030248008511975792], 2, -1.0, [-0.7735200194575044, 0.005759824561709266]
[-0.7735200194575044, 0.005759824561709266], 2, -1.0, [-0.7650565302307333, 0.00846348922677111]
[-0.7650565302307333, 0.00846348922677111], 2, -1.0, [-0.7539363755018514, 0.011120154728881825]
[-0.7539363755018514, 0.011120154728881825], 2, -1.0, [-0.740222925839567, 0.013713449662284487]
[-0.740222925839567, 0.013713449662284487], 2, -1.0, [-0.7239967640250295, 0.01622616181453745]
[-0.7239967640250295, 0.01622616181453745], 2, -1.0, [-0.7053565334785777, 0.01864023054645183]
[-0.7053565334785777, 0.01864023054645183], 2, -1.0, [-0.6844196735448949, 0.02093685993368283]
[-0.6844196735448949, 0.02093685993368283], 2, -1.0, [-0.6613229081863291, 0.0230967653585658]
[-0.6613229081863291, 0.0230967653585658], 2, -1.0, [-0.6362223508544382, 0.025100557331890868]
[-0.6362223508544382, 0.025100557331890868], 2, -1.0, [-0.6092930961364009, 0.026929254718037334]
[-0.6092930961364009, 0.026929254718037334], 2, -1.0, [-0.5807281902547003, 0.028564905881700572]
[-0.5807281902547003, 0.028564905881700572], 2, -1.0, [-0.5507369083287237, 0.029991281925976644]
[-0.5507369083287237, 0.029991281925976644], 2, -1.0, [-0.519542315182512, 0.031194593146211636]
[-0.519542315182512, 0.031194593146211636], 2, -1.0, [-0.4873781447385034, 0.032164170444008676]
[-0.4873781447385034, 0.032164170444008676], 2, -1.0, [-0.454485094751802, 0.03289304998670141]
[-0.454485094751802, 0.03289304998670141], 2, -1.0, [-0.4211066913236058, 0.033378403428196174]
[-0.4211066913236058, 0.033378403428196174], 0, -1.0, [-0.38948492344124175, 0.03162176788236405]
[-0.38948492344124175, 0.03162176788236405], 0, -1.0, [-0.35984209053162974, 0.02964283290961199]
[-0.35984209053162974, 0.02964283290961199], 0, -1.0, [-0.33237862292135756, 0.027463467610272196]
[-0.33237862292135756, 0.027463467610272196], 0, -1.0, [-0.307271930735559, 0.025106692185798564]
[-0.307271930735559, 0.025106692185798564], 0, -1.0, [-0.2846761748284881, 0.02259575590707084]
[-0.2846761748284881, 0.02259575590707084], 0, -1.0, [-0.2647227970392538, 0.01995337778923434]
[-0.2647227970392538, 0.01995337778923434], 0, -1.0, [-0.2475216146978646, 0.01720118234138918]
[-0.2475216146978646, 0.01720118234138918], 0, -1.0, [-0.2331622740771741, 0.014359340620690506]
[-0.2331622740771741, 0.014359340620690506], 0, -1.0, [-0.22171586516836858, 0.011446408908805526]
[-0.22171586516836858, 0.011446408908805526], 0, -1.0, [-0.21323652051307085, 0.008479344655297734]
[-0.21323652051307085, 0.008479344655297734], 0, -1.0, [-0.20776284878921422, 0.005473671723856635]
[-0.20776284878921422, 0.005473671723856635], 0, -1.0, [-0.2053190853108186, 0.0024437634783956042]
[-0.2053190853108186, 0.0024437634783956042], 0, -1.0, [-0.20591587377191378, -0.0005967884610951764]
[-0.20591587377191378, -0.0005967884610951764], 0, -1.0, [-0.20955062498870694, -0.0036347512167931497]
[-0.20955062498870694, -0.0036347512167931497], 0, -1.0, [-0.2162074287419932, -0.006656803753286245]
[-0.2162074287419932, -0.006656803753286245], 0, -1.0, [-0.22585652453630697, -0.009649095794313767]
[-0.22585652453630697, -0.009649095794313767], 0, -1.0, [-0.238453366970264, -0.01259684243395704]
[-0.238453366970264, -0.01259684243395704], 0, -1.0, [-0.25393735216379676, -0.015483985193532777]
[-0.25393735216379676, -0.015483985193532777], 0, -1.0, [-0.2722303034994059, -0.01829295133560917]
[-0.2722303034994059, -0.01829295133560917], 0, -1.0, [-0.29323484707171216, -0.021004543572306265]
[-0.29323484707171216, -0.021004543572306265], 0, -1.0, [-0.31683283773891224, -0.0235979906672001]
[-0.31683283773891224, -0.0235979906672001], 0, -1.0, [-0.34288402220316794, -0.026051184464255684]
[-0.34288402220316794, -0.026051184464255684], 0, -1.0, [-0.3712251415645731, -0.02834111936140516]
[-0.3712251415645731, -0.02834111936140516], 0, -1.0, [-0.4016696770451774, -0.030444535480604343]
[-0.4016696770451774, -0.030444535480604343], 0, -1.0, [-0.43400842406417844, -0.032338747019001045]
[-0.43400842406417844, -0.032338747019001045], 0, -1.0, [-0.46801103811757044, -0.03400261405339199]
[-0.46801103811757044, -0.03400261405339199], 0, -1.0, [-0.5034286305206703, -0.035417592403099905]
[-0.5034286305206703, -0.035417592403099905], 0, -1.0, [-0.5399974067121971, -0.036568776191526785]
[-0.5399974067121971, -0.036568776191526785], 0, -1.0, [-0.5774432427750616, -0.03744583606286452]
[-0.5774432427750616, -0.03744583606286452], 0, -1.0, [-0.615486999251566, -0.0380437564765044]
[-0.615486999251566, -0.0380437564765044], 0, -1.0, [-0.6538502892955558, -0.038363290043989806]
[-0.6538502892955558, -0.038363290043989806], 0, -1.0, [-0.6922613638677406, -0.038411074572184824]
[-0.6922613638677406, -0.038411074572184824], 0, -1.0, [-0.7304607592631506, -0.038199395395409994]
[-0.7304607592631506, -0.038199395395409994], 0, -1.0, [-0.7682063747744224, -0.03774561551127185]
[-0.7682063747744224, -0.03774561551127185], 0, -1.0, [-0.8052777067702156, -0.037071331995793134]
[-0.8052777067702156, -0.037071331995793134], 0, -1.0, [-0.8414790499343184, -0.03620134316410288]
[-0.8414790499343184, -0.03620134316410288], 0, -1.0, [-0.8766415733130715, -0.03516252337875299]
[-0.8766415733130715, -0.03516252337875299], 0, -1.0, [-0.9106242740748812, -0.03398270076180979]
[-0.9106242740748812, -0.03398270076180979], 0, -1.0, [-0.9433138936750611, -0.032689619600179916]
[-0.9433138936750611, -0.032689619600179916], 0, -1.0, [-0.9746239417032844, -0.03131004802822322]
[-0.9746239417032844, -0.03131004802822322], 0, -1.0, [-1.0044930089891744, -0.029869067285890064]
[-1.0044930089891744, -0.029869067285890064], 0, -1.0, [-1.032882564605623, -0.028389555616448556]
[-1.032882564605623, -0.028389555616448556], 0, -1.0, [-1.0597744252047505, -0.026891860599127473]
[-1.0597744252047505, -0.026891860599127473], 0, -1.0, [-1.085168065092578, -0.025393639887827463]
[-1.085168065092578, -0.025393639887827463], 0, -1.0, [-1.1090779072483594, -0.023909842155781555]
[-1.1090779072483594, -0.023909842155781555], 0, -1.0, [-1.1315307040881522, -0.022452796839792715]
[-1.1315307040881522, -0.022452796839792715], 0, -1.0, [-1.152563085962089, -0.02103238187393685]
[-1.152563085962089, -0.02103238187393685], 0, -1.0, [-1.1722193276829684, -0.01965624172087952]
[-1.1722193276829684, -0.01965624172087952], 0, -1.0, [-1.1905493601749968, -0.01833003249202841]
[-1.1905493601749968, -0.01833003249202841], 0, -1.0, [-1.2, 0.0]
[-1.2, 0.0], 2, -1.0, [-1.1967581039591646, 0.003241896040835368]
[-1.1967581039591646, 0.003241896040835368], 2, -1.0, [-1.1902636585360942, 0.006494445423070332]
[-1.1902636585360942, 0.006494445423070332], 2, -1.0, [-1.1804959639787937, 0.009767694557300442]
[-1.1804959639787937, 0.009767694557300442], 2, -1.0, [-1.1674255149588486, 0.013070449019945182]
[-1.1674255149588486, 0.013070449019945182], 2, -1.0, [-1.1510159267200155, 0.016409588238833067]
[-1.1510159267200155, 0.016409588238833067], 2, -1.0, [-1.1312266168239755, 0.019789309896040046]
[-1.1312266168239755, 0.019789309896040046], 2, -1.0, [-1.108016322100852, 0.02321029472312345]
[-1.108016322100852, 0.02321029472312345], 2, -1.0, [-1.081347524946184, 0.02666879715466819]
[-1.081347524946184, 0.02666879715466819], 2, -1.0, [-1.0511918363028878, 0.03015568864329602]
[-1.0511918363028878, 0.03015568864329602], 2, -1.0, [-1.0175363271434712, 0.0336555091594167]
[-1.0175363271434712, 0.0336555091594167], 2, -1.0, [-0.9803907090723114, 0.03714561807115983]
[-0.9803907090723114, 0.03714561807115983], 2, -1.0, [-0.9397951336374217, 0.04059557543488971]
[-0.9397951336374217, 0.04059557543488971], 2, -1.0, [-0.8958282112564235, 0.043966922380998245]
[-0.8958282112564235, 0.043966922380998245], 2, -1.0, [-0.8486146572192776, 0.04721355403714586]
[-0.8486146572192776, 0.04721355403714586], 2, -1.0, [-0.7983317816221248, 0.05028287559715283]
[-0.7983317816221248, 0.05028287559715283], 2, -1.0, [-0.7452138959379592, 0.0531178856841656]
[-0.7452138959379592, 0.0531178856841656], 2, -1.0, [-0.6895536666604415, 0.0556602292775177]
[-0.6895536666604415, 0.0556602292775177], 2, -1.0, [-0.6316995610792892, 0.057854105581152386]
[-0.6316995610792892, 0.057854105581152386], 2, -1.0, [-0.5720488365336812, 0.05965072454560789]
[-0.5720488365336812, 0.05965072454560789], 2, -1.0, [-0.5110360146660762, 0.061012821867605024]
[-0.5110360146660762, 0.061012821867605024], 2, -1.0, [-0.44911739120176025, 0.061918623464315904]
[-0.44911739120176025, 0.061918623464315904], 1, -1.0, [-0.38775274139346727, 0.061364649808292995]
[-0.38775274139346727, 0.061364649808292995], 2, -1.0, [-0.3263789672475157, 0.06137377414595155]
[-0.3263789672475157, 0.06137377414595155], 2, -1.0, [-0.26539954095165597, 0.06097942629585973]
[-0.26539954095165597, 0.06097942629585973], 2, -1.0, [-0.20516868618070963, 0.060230854770946335]
[-0.20516868618070963, 0.060230854770946335], 2, -1.0, [-0.14597903482861013, 0.059189651352099505]
[-0.14597903482861013, 0.059189651352099505], 2, -1.0, [-0.08805345449177748, 0.057925580336832656]
[-0.08805345449177748, 0.057925580336832656], 2, -1.0, [-0.03154115432807773, 0.05651230016369975]
[-0.03154115432807773, 0.05651230016369975], 0, -1.0, [0.021482329487074035, 0.05302348381515177]
[0.021482329487074035, 0.05302348381515177], 0, -1.0, [0.07101100327341311, 0.049528673786339086]
[0.07101100327341311, 0.049528673786339086], 0, -1.0, [0.11709619166913278, 0.046085188395719665]
[0.11709619166913278, 0.046085188395719665], 0, -1.0, [0.15983405485598806, 0.04273786318685527]
[0.15983405485598806, 0.04273786318685527], 0, -1.0, [0.1993538562856216, 0.039519801429633544]
[0.1993538562856216, 0.039519801429633544], 0, -1.0, [0.23580758625481943, 0.03645372996919783]
[0.23580758625481943, 0.03645372996919783], 0, -1.0, [0.26936121800296625, 0.03355363174814681]
[0.26936121800296625, 0.03355363174814681], 0, -1.0, [0.300187636873926, 0.03082641887095979]
[0.300187636873926, 0.03082641887095979], 0, -1.0, [0.32846113342795596, 0.028273496554029963]
[0.32846113342795596, 0.028273496554029963], 0, -1.0, [0.35435327098932096, 0.025892137561365006]
[0.35435327098932096, 0.025892137561365006], 2, -1.0, [0.38002990716846513, 0.025676636179144154]
[0.38002990716846513, 0.025676636179144154], 0, -1.0, [0.40366276090182795, 0.023632853733362814]
[0.40366276090182795, 0.023632853733362814], 2, -1.0, [0.42741537819554315, 0.023752617293715184]
[0.42741537819554315, 0.023752617293715184], 0, -1.0, [0.4494565888501911, 0.022041210654647942]
[0.4494565888501911, 0.022041210654647942], 2, -1.0, [0.47194630687428635, 0.022489718024095256]
[0.47194630687428635, 0.022489718024095256], 0, -1.0, [0.49305017985848676, 0.021103872984200384]
[0.49305017985848676, 0.021103872984200384], 2, -1.0, [0.5149252589601521, 0.021875079101665352]
