[-0.4804342326315488, 0.0], 2, -1.0, [-0.47975706270088553, 0.0006771699306632316]
[-0.47975706270088553, 0.0006771699306632316], 2, -1.0, [-0.4784077584219115, 0.001349304278974007]
[-0.4784077584219115, 0.001349304278974007], 2, -1.0, [-0.4763963494589386, 0.0020114089629729055]
[-0.4763963494589386, 0.0020114089629729055], 2, -1.0, [-0.4737377767122533, 0.0026585727466852966]
[-0.4737377767122533, 0.0026585727466852966], 2, -1.0, [-0.4704517684621897, 0.0032860082500635966]
[-0.4704517684621897, 0.0032860082500635966], 2, -1.0, [-0.46656267606921714, 0.0038890923929725653]
[-0.46656267606921714, 0.0038890923929725653], 2, -1.0, [-0.4620992700941012, 0.004463405975115958]
[-0.4620992700941012, 0.004463405975115958], 2, -1.0, [-0.4570944980792849, 0.005004772014816265]
[-0.4570944980792849, 0.005004772014816265], 2, -1.0, [-0.4515852056912436, 0.005509292388041301]
[-0.4515852056912436, 0.005509292388041301], 0, -1.0, [-0.4476118234567329, 0.0039733822345107]
[-0.4476118234567329, 0.0039733822345107], 2, -1.0, [-0.44320342023562226, 0.004408403221110638]
[-0.44320342023562226, 0.004408403221110638], 0, -1.0, [-0.44039215333949816, 0.0028112668961240996]
[-0.44039215333949816, 0.0028112668961240996], 2, -1.0, [-0.4371984755073392, 0.0031936778321589704]
[-0.4371984755073392, 0.0031936778321589704], 0, -1.0, [-0.43564556824499473, 0.0015529072623444696]
[-0.43564556824499473, 0.0015529072623444696], 2, -1.0, [-0.43374468230237134, 0.001900885942623394]
[-0.43374468230237134, 0.001900885942623394], 0, -1.0, [-0.43350957023285963, 0.0002351120695117206]
[-0.43350957023285963, 0.0002351120695117206], 0, -1.0, [-0.4349419315326963, -0.0014323612998366456]
[-0.4349419315326963, -0.0014323612998366456], 0, -1.0, [-0.4380314073275255, -0.0030894757948292336]
[-0.4380314073275255, -0.0030894757948292336], 0, -1.0, [-0.442755613389339, -0.004724206061813504]
[-0.442755613389339, -0.004724206061813504], 0, -1.0, [-0.4490802165755984, -0.006324603186259386]
[-0.4490802165755984, -0.006324603186259386], 0, -1.0, [-0.4569590652929352, -0.0078788487173368]
[-0.4569590652929352, -0.0078788487173368], 0, -1.0, [-0.46633438919292, -0.009375323899984796]
[-0.46633438919292, -0.009375323899984796], 0, -1.0, [-0.4771370865592345, -0.01080269736631449]
[-0.4771370865592345, -0.01080269736631449], 0, -1.0, [-0.48928711935535363, -0.012150032796119172]
[-0.48928711935535363, -0.012150032796119172], 0, -1.0, [-0.502694035372923, -0.013406916017569399]
[-0.502694035372923, -0.013406916017569399], 0, -1.0, [-0.5172576341875428, -0.014563598814619773]
[-0.5172576341875428, -0.014563598814619773], 0, -1.0, [-0.5328687886942952, -0.01561115450675246]
[-0.5328687886942952, -0.01561115450675246], 1, -1.0, [-0.5484104270642465, -0.015541638369951233]
[-0.5484104270642465, -0.015541638369951233], 0, -1.0, [-0.5647661498387355, -0.016355722774489025]
[-0.5647661498387355, -0.016355722774489025], 0, -1.0, [-0.5818139016038822, -0.017047751765146762]
[-0.5818139016038822, -0.017047751765146762], 0, -1.0, [-0.5994272560665913, -0.01761335446270903]
[-0.5994272560665913, -0.01761335446270903], 0, -1.0, [-0.6174767893688957, -0.018049533302304358]
[-0.6174767893688957, -0.018049533302304358], 0, -1.0, [-0.6358315084631824, -0.018354719094286615]
[-0.6358315084631824, -0.018354719094286615], 0, -1.0, [-0.6543602963292225, -0.01852878786604015]
[-0.6543602963292225, -0.01852878786604015], 0, -1.0, [-0.6729333331117349, -0.018573036782512355]
[-0.6729333331117349, -0.018573036782512355], 0, -1.0, [-0.6914234521910224, -0.018490119079287503]
[-0.6914234521910224, -0.018490119079287503], 0, -1.0, [-0.7097073928019046, -0.018283940610882284]
[-0.7097073928019046, -0.018283940610882284], 0, -1.0, [-0.7276669158542689, -0.017959523052364295]
[-0.7276669158542689, -0.017959523052364295], 0, -1.0, [-0.7451897566170477, -0.01752284076277882]
[-0.7451897566170477, -0.01752284076277882], 0, -1.0, [-0.7621703962750684, -0.016980639658020807]
[-0.7621703962750684, -0.016980639658020807], 0, -1.0, [-0.778510643341541, -0.016340247066472507]
[-0.778510643341541, -0.016340247066472507], 0, -1.0, [-0.7941200248000283, -0.015609381458487358]
[-0.7941200248000283, -0.015609381458487358], 0, -1.0, [-0.8089159950337603, -0.014795970233732067]
[-0.8089159950337603, -0.014795970233732067], 2, -1.0, [-0.8208239775921273, -0.011907982558366972]
[-0.8208239775921273, -0.011907982558366972], 2, -1.0, [-0.8297866468937062, -0.00896266930157881]
[-0.8297866468937062, -0.00896266930157881], 0, -1.0, [-0.8377624896754584, -0.007975842781752207]
[-0.8377624896754584, -0.007975842781752207], 2, -1.0, [-0.8427157703597713, -0.004953280684312932]
[-0.8427157703597713, -0.004953280684312932], 2, -1.0, [-0.8446248774631513, -0.00190910710338]
[-0.8446248774631513, -0.00190910710338], 2, -1.0, [-0.8434816016815762, 0.0011432757815751883]
[-0.8434816016815762, 0.0011432757815751883], 2, -1.0, [-0.8392908511176431, 0.004190750563933055]
[-0.8392908511176431, 0.004190750563933055], 2, -1.0, [-0.8320708222513977, 0.007220028866245445]
[-0.8320708222513977, 0.007220028866245445], 2, -1.0, [-0.8218536155314903, 0.010217206719907446]
[-0.8218536155314903, 0.010217206719907446], 2, -1.0, [-0.8086862544059733, 0.013167361125516946]
[-0.8086862544059733, 0.013167361125516946], 2, -1.0, [-0.7926320355159906, 0.016054218889982676]
[-0.7926320355159906, 0.016054218889982676], 2, -1.0, [-0.773772105541583, 0.01885992997440753]
[-0.773772105541583, 0.01885992997440753], 2, -1.0, [-0.7522071277206188, 0.021564977820964195]
[-0.7522071277206188, 0.021564977820964195], 2, -1.0, [-0.728058870560971, 0.024148257159647822]
[-0.728058870560971, 0.024148257159647822], 2, -1.0, [-0.7014715263369474, 0.026587344224023524]
[-0.7014715263369474, 0.026587344224023524], 2, -1.0, [-0.6726125524158396, 0.028858973921107773]
[-0.6726125524158396, 0.028858973921107773], 2, -1.0, [-0.6416728297227462, 0.030939722693093415]
[-0.6416728297227462, 0.030939722693093415], 2, -1.0, [-0.6088659547210571, 0.03280687500168914]
[-0.6088659547210571, 0.03280687500168914], 2, -1.0, [-0.5744265273548338, 0.03443942736622332]
[-0.5744265273548338, 0.03443942736622332], 2, -1.0, [-0.5386073673881588, 0.03581915996667497]
[-0.5386073673881588, 0.03581915996667497], 2, -1.0, [-0.501675681013236, 0.03693168637492281]
[-0.501675681013236, 0.03693168637492281], 2, -1.0, [-0.46390829933519956, 0.03776738167803646]
[-0.46390829933519956, 0.03776738167803646], 2, -1.0, [-0.4255862074757744, 0.03832209185942514]
[-0.4255862074757744, 0.03832209185942514], 2, -1.0, [-0.38698866308917096, 0.03859754438660344]
[-0.38698866308917096, 0.03859754438660344], 2, -1.0, [-0.3483872530057216, 0.038601410083449375]
[-0.3483872530057216, 0.038601410083449375], 2, -1.0, [-0.310040247948308, 0.03834700505741359]
[-0.310040247948308, 0.03834700505741359], 2, -1.0, [-0.2721875858590338, 0.03785266208927417]
[-0.2721875858590338, 0.03785266208927417], 2, -1.0, [-0.23504674951403162, 0.03714083634500217]
[-0.23504674951403162, 0.03714083634500217], 2, -1.0, [-0.19880971481521, 0.03623703469882161]
[-0.19880971481521, 0.03623703469882161], 2, -1.0, [-0.16364104662991752, 0.035168668185292476]
[-0.16364104662991752, 0.035168668185292476], 2, -1.0, [-0.12967712351758737, 0.033963923112330166]
[-0.12967712351758737, 0.033963923112330166], 2, -1.0, [-0.09702639262425575, 0.03265073089333162]
[-0.09702639262425575, 0.03265073089333162], 2, -1.0, [-0.06577049854157743, 0.03125589408267832]
[-0.06577049854157743, 0.03125589408267832], 2, -1.0, [-0.03596609735534176, 0.029804401186235674]
[-0.03596609735534176, 0.029804401186235674], 2, -1.0, [-0.00764715773029075, 0.02831893962505101]
[-0.00764715773029075, 0.02831893962505101], 2, -1.0, [0.019172439754896447, 0.026819597485187197]
[0.019172439754896447, 0.026819597485187197], 2, -1.0, [0.04449617140268014, 0.02532373164778369]
[0.04449617140268014, 0.02532373164778369], 2, -1.0, [0.06834214397404173, 0.023845972571361593]
[0.06834214397404173, 0.023845972571361593], 2, -1.0, [0.09074047753663787, 0.022398333562596146]
[0.09074047753663787, 0.022398333562596146], 2, -1.0, [0.11173087111685341, 0.020990393580215535]
[0.11173087111685341, 0.020990393580215535], 2, -1.0, [0.1313603972801117, 0.019629526163258287]
[0.1313603972801117, 0.019629526163258287], 0, -1.0, [0.1476815490943289, 0.016321151814217193]
[0.1476815490943289, 0.016321151814217193], 0, -1.0, [0.16074407431773757, 0.013062525223408682]
[0.16074407431773757, 0.013062525223408682], 0, -1.0, [0.17059169474191233, 0.009847620424174757]
[0.17059169474191233, 0.009847620424174757], 0, -1.0, [0.1772596237225994, 0.00666792898068708]
[0.1772596237225994, 0.00666792898068708], 0, -1.0, [0.1807727866353402, 0.003513162912740796]
[0.1807727866353402, 0.003513162912740796], 0, -1.0, [0.1811446634851806, 0.00037187684984040827]
[0.1811446634851806, 0.00037187684984040827], 0, -1.0, [0.17837669511108198, -0.00276796837409863]
[0.17837669511108198, -0.00276796837409863], 0, -1.0, [0.17245822098909683, -0.005918474121985155]
[0.17245822098909683, -0.005918474121985155], 0, -1.0, [0.16336694520378295, -0.009091275785313869]
[0.16336694520378295, -0.009091275785313869], 0, -1.0, [0.1510699559227807, -0.012296989281002245]
[0.1510699559227807, -0.012296989281002245], 0, -1.0, [0.1355253509314294, -0.015544604991351286]
[0.1355253509314294, -0.015544604991351286], 0, -1.0, [0.11668454528618785, -0.018840805645241536]
[0.11668454528618785, -0.018840805645241536], 0, -1.0, [0.0944953538412516, -0.02218919144493626]
[0.0944953538412516, -0.02218919144493626], 0, -1.0, [0.0689059468768116, -0.02558940696444]
[0.0689059468768116, -0.02558940696444], 0, -1.0, [0.03986976530197011, -0.029036181574841495]
[0.03986976530197011, -0.029036181574841495], 0, -1.0, [0.0073514453968130805, -0.03251831990515703]
[0.0073514453968130805, -0.03251831990515703], 0, -1.0, [-0.02866626654080618, -0.03601771193761926]
[-0.02866626654080618, -0.03601771193761926], 0, -1.0, [-0.06817473943278393, -0.039508472891977744]
[-0.06817473943278393, -0.039508472891977744], 0, -1.0, [-0.11113110664284029, -0.04295636721005635]
[-0.11113110664284029, -0.04295636721005635], 0, -1.0, [-0.15744981714619355, -0.046318710503353254]
[-0.15744981714619355, -0.046318710503353254], 0, -1.0, [-0.20699478213491412, -0.049544964988720575]
[-0.20699478213491412, -0.049544964988720575], 0, -1.0, [-0.25957301243009673, -0.05257823029518259]
[-0.25957301243009673, -0.05257823029518259], 0, -1.0, [-0.3149307772983287, -0.055357764868231976]
[-0.3149307772983287, -0.055357764868231976], 0, -1.0, [-0.37275332011843315, -0.05782254282010445]
[-0.37275332011843315, -0.05782254282010445], 0, -1.0, [-0.4326689829294726, -0.059915662811039425]
[-0.4326689829294726, -0.059915662811039425], 0, -1.0, [-0.4942581925327013, -0.0615892096032287]
[-0.4942581925327013, -0.0615892096032287], 0, -1.0, [-0.5570671724617309, -0.06280897992902953]
[-0.5570671724617309, -0.06280897992902953], 0, -1.0, [-0.6206255609538465, -0.06355838849211559]
[-0.6206255609538465, -0.06355838849211559], 0, -1.0, [-0.6844664811894361, -0.06384092023558964]
[-0.6844664811894361, -0.06384092023558964], 0, -1.0, [-0.7481471850256802, -0.06368070383624416]
[-0.7481471850256802, -0.06368070383624416], 0, -1.0, [-0.8112682912022151, -0.06312110617653482]
[-0.8112682912022151, -0.06312110617653482], 0, -1.0, [-0.8734898923316229, -0.062221601129407784]
[-0.8734898923316229, -0.062221601129407784], 0, -1.0, [-0.9345433418414393, -0.06105344950981642]
[-0.9345433418414393, -0.06105344950981642], 0, -1.0, [-0.9942382109870852, -0.05969486914564588]
[-0.9942382109870852, -0.05969486914564588], 0, -1.0, [-1.052464566598481, -0.058226355611395775]
[-1.052464566598481, -0.058226355611395775], 0, -1.0, [-1.1091912342947101, -0.05672666769622892]
[-1.1091912342947101, -0.05672666769622892], 0, -1.0, [-1.1644610136983764, -0.05526977940366639]
[-1.1644610136983764, -0.05526977940366639], 0, -1.0, [-1.2, 0.0]
[-1.2, 0.0], 2, -1.0, [-1.1967581039591646, 0.003241896040835368]
[-1.1967581039591646, 0.003241896040835368], 2, -1.0, [-1.1902636585360942, 0.006494445423070332]
[-1.1902636585360942, 0.006494445423070332], 2, -1.0, [-1.1804959639787937, 0.009767694557300442]
[-1.1804959639787937, 0.009767694557300442], 2, -1.0, [-1.1674255149588486, 0.013070449019945182]
[-1.1674255149588486, 0.013070449019945182], 2, -1.0, [-1.1510159267200155, 0.016409588238833067]
[-1.1510159267200155, 0.016409588238833067], 2, -1.0, [-1.1312266168239755, 0.019789309896040046]
[-1.1312266168239755, 0.019789309896040046], 2, -1.0, [-1.108016322100852, 0.02321029472312345]
[-1.108016322100852, 0.02321029472312345], 2, -1.0, [-1.081347524946184, 0.02666879715466819]
[-1.081347524946184, 0.02666879715466819], 2, -1.0, [-1.0511918363028878, 0.03015568864329602]
[-1.0511918363028878, 0.03015568864329602], 2, -1.0, [-1.0175363271434712, 0.0336555091594167]
[-1.0175363271434712, 0.0336555091594167], 2, -1.0, [-0.9803907090723114, 0.03714561807115983]
[-0.9803907090723114, 0.03714561807115983], 2, -1.0, [-0.9397951336374217, 0.04059557543488971]
[-0.9397951336374217, 0.04059557543488971], 2, -1.0, [-0.8958282112564235, 0.043966922380998245]
[-0.8958282112564235, 0.043966922380998245], 2, -1.0, [-0.8486146572192776, 0.04721355403714586]
[-0.8486146572192776, 0.04721355403714586], 2, -1.0, [-0.7983317816221248, 0.05028287559715283]
[-0.7983317816221248, 0.05028287559715283], 0, -1.0, [-0.7472138959379592, 0.0511178856841656]
[-0.7472138959379592, 0.0511178856841656], 2, -1.0, [-0.6935418893104172, 0.053672006627542054]
[-0.6935418893104172, 0.053672006627542054], 2, -1.0, [-0.6376498119374032, 0.055892077373013944]
[-0.6376498119374032, 0.055892077373013944], 2, -1.0, [-0.5799189441365358, 0.05773086780086746]
[-0.5799189441365358, 0.05773086780086746], 2, -1.0, [-0.5207676819656303, 0.05915126217090548]
[-0.5207676819656303, 0.05915126217090548], 2, -1.0, [-0.46063765274169166, 0.06013002922393862]
[-0.46063765274169166, 0.06013002922393862], 2, -1.0, [-0.3999770291194281, 0.060660623622263515]
[-0.3999770291194281, 0.060660623622263515], 2, -1.0, [-0.33922246045439414, 0.060754568665033995]
[-0.33922246045439414, 0.060754568665033995], 2, -1.0, [-0.27878127221100163, 0.060441188243392494]
[-0.27878127221100163, 0.060441188243392494], 2, -1.0, [-0.2190155362435004, 0.059765735967501246]
[-0.2190155362435004, 0.059765735967501246], 2, -1.0, [-0.1602292991696585, 0.0587862370738419]
[-0.1602292991696585, 0.0587862370738419], 2, -1.0, [-0.10265975473630529, 0.05756954443335322]
[-0.10265975473630529, 0.05756954443335322], 2, -1.0, [-0.04647258047296514, 0.05618717426334015]
[-0.04647258047296514, 0.05618717426334015], 0, -1.0, [0.006238851094050084, 0.05271143156701522]
[0.006238851094050084, 0.05271143156701522], 0, -1.0, [0.05545072053499093, 0.049211869440940845]
[0.05545072053499093, 0.049211869440940845], 0, -1.0, [0.1011971015810215, 0.04574638104603058]
[0.1011971015810215, 0.04574638104603058], 0, -1.0, [0.14355781005809712, 0.04236070847707561]
[0.14355781005809712, 0.04236070847707561], 0, -1.0, [0.18264680650965456, 0.03908899645155745]
[0.18264680650965456, 0.03908899645155745], 0, -1.0, [0.218601804887316, 0.03595499837766143]
[0.218601804887316, 0.03595499837766143], 0, -1.0, [0.2515754106521113, 0.03297360576479531]
[0.2515754106521113, 0.03297360576479531], 0, -1.0, [0.28172786860183935, 0.03015245794972802]
[0.28172786860183935, 0.03015245794972802], 0, -1.0, [0.3092213417029135, 0.027493473101074133]
[0.3092213417029135, 0.027493473101074133], 0, -1.0, [0.3342155525201992, 0.02499421081728568]
[0.3342155525201992, 0.02499421081728568], 2, -1.0, [0.35886458001105603, 0.02464902749085682]
[0.35886458001105603, 0.02464902749085682], 2, -1.0, [0.38332778299786746, 0.024463202986811438]
[0.38332778299786746, 0.024463202986811438], 2, -1.0, [0.40776972938651457, 0.024441946388647093]
[0.40776972938651457, 0.024441946388647093], 0, -1.0, [0.4303603352403272, 0.02259060585381261]
[0.4303603352403272, 0.02259060585381261], 2, -1.0, [0.453260735981291, 0.022900400740963854]
[0.453260735981291, 0.022900400740963854], 0, -1.0, [0.4746375076420807, 0.02137677166078969]
[0.4746375076420807, 0.02137677166078969], 2, -1.0, [0.49664838878466966, 0.02201088114258899]
[0.49664838878466966, 0.02201088114258899], 0, -1.0, [0.5174573621695124, 0.020808973384842788]
