[-0.5055103816408676, 0.0], 2, -1.0, [-0.5046459780240083, 0.0008644036168592065]
[-0.5046459780240083, 0.0008644036168592065], 2, -1.0, [-0.5029236438112606, 0.0017223342127476783]
[-0.5029236438112606, 0.0017223342127476783], 2, -1.0, [-0.5003562736806312, 0.0025673701306294537]
[-0.5003562736806312, 0.0025673701306294537], 2, -1.0, [-0.4969630810945905, 0.0033931925860406923]
[-0.4969630810945905, 0.0033931925860406923], 2, -1.0, [-0.49276944369432396, 0.004193637400266489]
[-0.49276944369432396, 0.004193637400266489], 2, -1.0, [-0.48780669678053523, 0.004962746913788734]
[-0.48780669678053523, 0.004962746913788734], 0, -1.0, [-0.4841118749172175, 0.0036948218633177116]
[-0.4841118749172175, 0.0036948218633177116], 0, -1.0, [-0.48171251264830606, 0.0023993622689114707]
[-0.48171251264830606, 0.0023993622689114707], 2, -1.0, [-0.47862647126700336, 0.0030860413813027093]
[-0.47862647126700336, 0.0030860413813027093], 0, -1.0, [-0.47687669983449543, 0.0017497714325079325]
[-0.47687669983449543, 0.0017497714325079325], 0, -1.0, [-0.47647619768608385, 0.0004005021484115661]
[-0.47647619768608385, 0.0004005021484115661], 0, -1.0, [-0.4774279388764854, -0.0009517411904015232]
[-0.4774279388764854, -0.0009517411904015232], 0, -1.0, [-0.4797248551283386, -0.002296916251853259]
[-0.4797248551283386, -0.002296916251853259], 0, -1.0, [-0.4833498765008257, -0.0036250213724870893]
[-0.4833498765008257, -0.0036250213724870893], 0, -1.0, [-0.48827603162673067, -0.004926155125904925]
[-0.48827603162673067, -0.004926155125904925], 0, -1.0, [-0.4944666118001098, -0.006190580173379124]
[-0.4944666118001098, -0.006190580173379124], 0, -1.0, [-0.5018754051635053, -0.0074087933633954495]
[-0.5018754051635053, -0.0074087933633954495], 0, -1.0, [-0.510447008501813, -0.008571603338307707]
[-0.510447008501813, -0.008571603338307707], 0, -1.0, [-0.5201172245032996, -0.009670216001486518]
[-0.5201172245032996, -0.009670216001486518], 0, -1.0, [-0.5308135516632447, -0.010696327159945188]
[-0.5308135516632447, -0.010696327159945188], 0, -1.0, [-0.5424557722275491, -0.011642220564304424]
[-0.5424557722275491, -0.011642220564304424], 0, -1.0, [-0.5549566407395778, -0.012500868512028722]
[-0.5549566407395778, -0.012500868512028722], 0, -1.0, [-0.5682226719997479, -0.013266031260170025]
[-0.5682226719997479, -0.013266031260170025], 0, -1.0, [-0.5821550228076612, -0.0139323508079133]
[-0.5821550228076612, -0.0139323508079133], 0, -1.0, [-0.5966504570499709, -0.014495434242309691]
[-0.5966504570499709, -0.014495434242309691], 0, -1.0, [-0.6116023789042363, -0.014951921854265362]
[-0.6116023789042363, -0.014951921854265362], 0, -1.0, [-0.6269019145579111, -0.015299535653674765]
[-0.6269019145579111, -0.015299535653674765], 0, -1.0, [-0.6424390192869737, -0.015537104729062607]
[-0.6424390192869737, -0.015537104729062607], 0, -1.0, [-0.6581035843387663, -0.015664565051792537]
[-0.6581035843387663, -0.015664565051792537], 0, -1.0, [-0.6737865170613933, -0.01568293272262703]
[-0.6737865170613933, -0.01568293272262703], 0, -1.0, [-0.6893807682368616, -0.015594251175468364]
[-0.6893807682368616, -0.015594251175468364], 0, -1.0, [-0.7047822825889732, -0.015401514352111647]
[-0.7047822825889732, -0.015401514352111647], 0, -1.0, [-0.7198908517979126, -0.01510856920893932]
[-0.7198908517979126, -0.01510856920893932], 0, -1.0, [-0.7346108537957656, -0.014720001997853102]
[-0.7346108537957656, -0.014720001997853102], 0, -1.0, [-0.7488518672944517, -0.014241013498686098]
[-0.7488518672944517, -0.014241013498686098], 0, -1.0, [-0.7625291560234281, -0.013677288728976344]
[-0.7625291560234281, -0.013677288728976344], 1, -1.0, [-0.7745640226449702, -0.012034866621542106]
[-0.7745640226449702, -0.012034866621542106], 1, -1.0, [-0.7848895025646496, -0.010325479919679467]
[-0.7848895025646496, -0.010325479919679467], 2, -1.0, [-0.7924499151699779, -0.007560412605328253]
[-0.7924499151699779, -0.007560412605328253], 2, -1.0, [-0.7972055616132846, -0.0047556464433067035]
[-0.7972055616132846, -0.0047556464433067035], 2, -1.0, [-0.7991319449333562, -0.0019263833200716114]
[-0.7991319449333562, -0.0019263833200716114], 2, -1.0, [-0.7982192477548292, 0.0009126971785269841]
[-0.7982192477548292, 0.0009126971785269841], 2, -1.0, [-0.7944721137950415, 0.0037471339597877303]
[-0.7944721137950415, 0.0037471339597877303], 2, -1.0, [-0.7879097518794214, 0.00656236191562007]
[-0.7879097518794214, 0.00656236191562007], 2, -1.0, [-0.778566353607719, 0.009343398271702335]
[-0.778566353607719, 0.009343398271702335], 2, -1.0, [-0.7664917882626877, 0.012074565345031306]
[-0.7664917882626877, 0.012074565345031306], 2, -1.0, [-0.7517525111516761, 0.01473927711101164]
[-0.7517525111516761, 0.01473927711101164], 2, -1.0, [-0.7344325948709649, 0.017319916280711133]
[-0.7344325948709649, 0.017319916280711133], 2, -1.0, [-0.7146347681919089, 0.019797826679056073]
[-0.7146347681919089, 0.019797826679056073], 2, -1.0, [-0.6924813263934699, 0.022153441798438887]
[-0.6924813263934699, 0.022153441798438887], 2, -1.0, [-0.6681147626793509, 0.024366563714119]
[-0.6681147626793509, 0.024366563714119], 2, -1.0, [-0.6416979660974161, 0.026416796581934715]
[-0.6416979660974161, 0.026416796581934715], 2, -1.0, [-0.6134138403906834, 0.028284125706732825]
[-0.6134138403906834, 0.028284125706732825], 2, -1.0, [-0.583464222958569, 0.02994961743211437]
[-0.583464222958569, 0.02994961743211437], 2, -1.0, [-0.5520680244700715, 0.03139619848849751]
[-0.5520680244700715, 0.03139619848849751], 2, -1.0, [-0.5194585661059464, 0.03260945836412513]
[-0.5194585661059464, 0.03260945836412513], 2, -1.0, [-0.4858801585146221, 0.03357840759132438]
[-0.4858801585146221, 0.03357840759132438], 2, -1.0, [-0.4515840372397058, 0.03429612127491625]
[-0.4515840372397058, 0.03429612127491625], 2, -1.0, [-0.4168238346779882, 0.03476020256171756]
[-0.4168238346779882, 0.03476020256171756], 0, -1.0, [-0.3838508193094833, 0.03297301536850496]
[-0.3838508193094833, 0.03297301536850496], 0, -1.0, [-0.35289547874493976, 0.03095534056454352]
[-0.35289547874493976, 0.03095534056454352], 0, -1.0, [-0.32416518206619854, 0.028730296678741236]
[-0.32416518206619854, 0.028730296678741236], 0, -1.0, [-0.2978429834690059, 0.026322198597192644]
[-0.2978429834690059, 0.026322198597192644], 0, -1.0, [-0.2740874495353665, 0.023755533933639376]
[-0.2740874495353665, 0.023755533933639376], 0, -1.0, [-0.2530333289919049, 0.02105412054346161]
[-0.2530333289919049, 0.02105412054346161], 0, -1.0, [-0.2347928478368519, 0.018240481155052998]
[-0.2347928478368519, 0.018240481155052998], 0, -1.0, [-0.21945740200553537, 0.01533544583131653]
[-0.21945740200553537, 0.01533544583131653], 0, -1.0, [-0.20709942920510177, 0.012357972800433615]
[-0.20709942920510177, 0.012357972800433615], 0, -1.0, [-0.19777426495518027, 0.00932516424992149]
[-0.19777426495518027, 0.00932516424992149], 0, -1.0, [-0.19152181925966413, 0.006252445695516137]
[-0.19152181925966413, 0.006252445695516137], 0, -1.0, [-0.1883679449200479, 0.003153874339616224]
[-0.1883679449200479, 0.003153874339616224], 0, -1.0, [-0.18832540308317566, 4.2541836872253894e-05]
[-0.18832540308317566, 4.2541836872253894e-05], 0, -1.0, [-0.19139436459162443, -0.003068961508448775]
[-0.19139436459162443, -0.003068961508448775], 0, -1.0, [-0.19756241681103742, -0.006168052219412981]
[-0.19756241681103742, -0.006168052219412981], 0, -1.0, [-0.206804075528599, -0.009241658717561578]
[-0.206804075528599, -0.009241658717561578], 0, -1.0, [-0.21907983141960402, -0.012275755891005005]
[-0.21907983141960402, -0.012275755891005005], 0, -1.0, [-0.2343347916403949, -0.015254960220790875]
[-0.2343347916403949, -0.015254960220790875], 0, -1.0, [-0.25249701002843555, -0.018162218388040646]
[-0.25249701002843555, -0.018162218388040646], 0, -1.0, [-0.2734756339432563, -0.020978623914820742]
[-0.2734756339432563, -0.020978623914820742], 0, -1.0, [-0.29715903040217406, -0.023683396458917733]
[-0.29715903040217406, -0.023683396458917733], 0, -1.0, [-0.3234130856973943, -0.02625405529522025]
[-0.3234130856973943, -0.02625405529522025], 0, -1.0, [-0.35207989638067727, -0.028666810683282973]
[-0.35207989638067727, -0.028666810683282973], 0, -1.0, [-0.3829770794279999, -0.030897183047322644]
[-0.3829770794279999, -0.030897183047322644], 0, -1.0, [-0.41589791931171216, -0.03292083988371225]
[-0.41589791931171216, -0.03292083988371225], 0, -1.0, [-0.4506125344707815, -0.0347146151590693]
[-0.4506125344707815, -0.0347146151590693], 0, -1.0, [-0.48687018294425327, -0.0362576484734718]
[-0.48687018294425327, -0.0362576484734718], 0, -1.0, [-0.5244027388029251, -0.03753255585867188]
[-0.5244027388029251, -0.03753255585867188], 0, -1.0, [-0.5629292649434083, -0.038526526140483214]
[-0.5629292649434083, -0.038526526140483214], 0, -1.0, [-0.6021614963856958, -0.039232231442287435]
[-0.6021614963856958, -0.039232231442287435], 0, -1.0, [-0.6418099473827519, -0.03964845099705602]
[-0.6418099473827519, -0.03964845099705602], 0, -1.0, [-0.681590281607661, -0.03978033422490916]
[-0.681590281607661, -0.03978033422490916], 0, -1.0, [-0.7212295501995365, -0.039639268591875554]
[-0.7212295501995365, -0.039639268591875554], 0, -1.0, [-0.7604719136865625, -0.039242363487026054]
[-0.7604719136865625, -0.039242363487026054], 0, -1.0, [-0.7990835187083147, -0.03861160502175225]
[-0.7990835187083147, -0.03861160502175225], 0, -1.0, [-0.8368562892734773, -0.03777277056516258]
[-0.8368562892734773, -0.03777277056516258], 0, -1.0, [-0.8736105000212989, -0.0367542107478216]
[-0.8736105000212989, -0.0367542107478216], 0, -1.0, [-0.9091961089534761, -0.03558560893217721]
[-0.9091961089534761, -0.03558560893217721], 0, -1.0, [-0.943492924605009, -0.034296815651532836]
[-0.943492924605009, -0.034296815651532836], 0, -1.0, [-0.9764097573052487, -0.0329168327002397]
[-0.9764097573052487, -0.0329168327002397], 0, -1.0, [-1.0078827512218747, -0.03147299391662598]
[-1.0078827512218747, -0.03147299391662598], 0, -1.0, [-1.0378731135921222, -0.029990362370247547]
[-1.0378731135921222, -0.029990362370247547], 0, -1.0, [-1.0663644540313757, -0.02849134043925349]
[-1.0663644540313757, -0.02849134043925349], 0, -1.0, [-1.0933599262463707, -0.026995472214995042]
[-1.0933599262463707, -0.026995472214995042], 0, -1.0, [-1.118879333525859, -0.025519407279488385]
[-1.118879333525859, -0.025519407279488385], 0, -1.0, [-1.1429563240089997, -0.024076990483140537]
[-1.1429563240089997, -0.024076990483140537], 0, -1.0, [-1.1656357665845969, -0.022679442575597196]
[-1.1656357665845969, -0.022679442575597196], 0, -1.0, [-1.1869713664741153, -0.02133559988951831]
[-1.1869713664741153, -0.02133559988951831], 0, -1.0, [-1.2, 0.0]
[-1.2, 0.0], 2, -1.0, [-1.1967581039591646, 0.003241896040835368]
[-1.1967581039591646, 0.003241896040835368], 2, -1.0, [-1.1902636585360942, 0.006494445423070332]
[-1.1902636585360942, 0.006494445423070332], 2, -1.0, [-1.1804959639787937, 0.009767694557300442]
[-1.1804959639787937, 0.009767694557300442], 2, -1.0, [-1.1674255149588486, 0.013070449019945182]
[-1.1674255149588486, 0.013070449019945182], 2, -1.0, [-1.1510159267200155, 0.016409588238833067]
[-1.1510159267200155, 0.016409588238833067], 2, -1.0, [-1.1312266168239755, 0.019789309896040046]
[-1.1312266168239755, 0.019789309896040046], 2, -1.0, [-1.108016322100852, 0.02321029472312345]
[-1.108016322100852, 0.02321029472312345], 2, -1.0, [-1.081347524946184, 0.02666879715466819]
[-1.081347524946184, 0.02666879715466819], 2, -1.0, [-1.0511918363028878, 0.03015568864329602]
[-1.0511918363028878, 0.03015568864329602], 2, -1.0, [-1.0175363271434712, 0.0336555091594167]
[-1.0175363271434712, 0.0336555091594167], 2, -1.0, [-0.9803907090723114, 0.03714561807115983]
[-0.9803907090723114, 0.03714561807115983], 2, -1.0, [-0.9397951336374217, 0.04059557543488971]
[-0.9397951336374217, 0.04059557543488971], 2, -1.0, [-0.8958282112564235, 0.043966922380998245]
[-0.8958282112564235, 0.043966922380998245], 2, -1.0, [-0.8486146572192776, 0.04721355403714586]
[-0.8486146572192776, 0.04721355403714586], 2, -1.0, [-0.7983317816221248, 0.05028287559715283]
[-0.7983317816221248, 0.05028287559715283], 2, -1.0, [-0.7452138959379592, 0.0531178856841656]
[-0.7452138959379592, 0.0531178856841656], 2, -1.0, [-0.6895536666604415, 0.0556602292775177]
[-0.6895536666604415, 0.0556602292775177], 2, -1.0, [-0.6316995610792892, 0.057854105581152386]
[-0.6316995610792892, 0.057854105581152386], 2, -1.0, [-0.5720488365336812, 0.05965072454560789]
[-0.5720488365336812, 0.05965072454560789], 2, -1.0, [-0.5110360146660762, 0.061012821867605024]
[-0.5110360146660762, 0.061012821867605024], 2, -1.0, [-0.44911739120176025, 0.061918623464315904]
[-0.44911739120176025, 0.061918623464315904], 1, -1.0, [-0.38775274139346727, 0.061364649808292995]
[-0.38775274139346727, 0.061364649808292995], 1, -1.0, [-0.3273789672475157, 0.06037377414595155]
[-0.3273789672475157, 0.06037377414595155], 1, -1.0, [-0.2683933095642128, 0.058985657683302876]
[-0.2683933095642128, 0.058985657683302876], 1, -1.0, [-0.2111401056951295, 0.05725320386908331]
[-0.2111401056951295, 0.05725320386908331], 2, -1.0, [-0.15490192113600001, 0.056238184559129496]
[-0.15490192113600001, 0.056238184559129496], 2, -1.0, [-0.0998986202501463, 0.055003300885853715]
[-0.0998986202501463, 0.055003300885853715], 2, -1.0, [-0.04628388517487625, 0.05361473507527005]
[-0.04628388517487625, 0.05361473507527005], 2, -1.0, [0.005854910933279278, 0.05213879610815553]
[0.005854910933279278, 0.05213879610815553], 2, -1.0, [0.05649409268131777, 0.05063918174803849]
[0.05649409268131777, 0.05063918174803849], 2, -1.0, [0.10566909386876569, 0.04917500118744792]
[0.10566909386876569, 0.04917500118744792], 1, -1.0, [0.15246866361880443, 0.04679956975003873]
[0.15246866361880443, 0.04679956975003873], 0, -1.0, [0.19602523065142302, 0.04355656703261859]
[0.19602523065142302, 0.04355656703261859], 0, -1.0, [0.2365017733091367, 0.040476542657713666]
[0.2365017733091367, 0.040476542657713666], 0, -1.0, [0.2740816053859359, 0.037579832076799234]
[0.2740816053859359, 0.037579832076799234], 1, -1.0, [0.30995999195830987, 0.03587838657237398]
[0.30995999195830987, 0.03587838657237398], 1, -1.0, [0.3443435530514014, 0.03438356109309154]
[0.3443435530514014, 0.03438356109309154], 1, -1.0, [0.37744656838539015, 0.03310301533398871]
[0.37744656838539015, 0.03310301533398871], 1, -1.0, [0.40948822725891976, 0.03204165887352958]
[0.40948822725891976, 0.03204165887352958], 1, -1.0, [0.4406906752503094, 0.031202447991389652]
[0.4406906752503094, 0.031202447991389652], 0, -1.0, [0.47027770394742063, 0.029587028697111214]
[0.47027770394742063, 0.029587028697111214], 0, -1.0, [0.49846652791627166, 0.028188823968851]
[0.49846652791627166, 0.028188823968851], 0, -1.0, [0.5254670385623866, 0.027000510646114945]
