[-0.4899748242485817, 0.0], 2, -1.0, [-0.48922657644109213, 0.0007482478074895316]
[-0.48922657644109213, 0.0007482478074895316], 2, -1.0, [-0.48773566351920977, 0.0014909129218823374]
[-0.48773566351920977, 0.0014909129218823374], 2, -1.0, [-0.4855132053229116, 0.0022224581962981714]
[-0.4855132053229116, 0.0022224581962981714], 2, -1.0, [-0.48257576781955236, 0.002937437503359244]
[-0.48257576781955236, 0.002937437503359244], 0, -1.0, [-0.48094522679519097, 0.001630541024361364]
[-0.48094522679519097, 0.001630541024361364], 0, -1.0, [-0.4806337150936829, 0.0003115117015080426]
[-0.4806337150936829, 0.0003115117015080426], 0, -1.0, [-0.48164354981171226, -0.0010098347180293626]
[-0.48164354981171226, -0.0010098347180293626], 0, -1.0, [-0.48396721855379016, -0.0023236687420779244]
[-0.48396721855379016, -0.0023236687420779244], 0, -1.0, [-0.4875874241817155, -0.0036202056279253715]
[-0.4875874241817155, -0.0036202056279253715], 0, -1.0, [-0.49247718987510547, -0.004889765693389954]
[-0.49247718987510547, -0.004889765693389954], 0, -1.0, [-0.49860002850147045, -0.00612283862636498]
[-0.49860002850147045, -0.00612283862636498], 0, -1.0, [-0.5059101820256582, -0.007310153524187766]
[-0.5059101820256582, -0.007310153524187766], 0, -1.0, [-0.5143529377470641, -0.008442755721405923]
[-0.5143529377470641, -0.008442755721405923], 0, -1.0, [-0.5238650283608625, -0.009512090613798348]
[-0.5238650283608625, -0.009512090613798348], 0, -1.0, [-0.5343751220791539, -0.010510093718291463]
[-0.5343751220791539, -0.010510093718291463], 0, -1.0, [-0.5458044072769526, -0.011429285197798672]
[-0.5458044072769526, -0.011429285197798672], 0, -1.0, [-0.558067273390319, -0.01226286611336652]
[-0.558067273390319, -0.01226286611336652], 0, -1.0, [-0.5710720862254642, -0.013004812835145214]
[-0.5710720862254642, -0.013004812835145214], 0, -1.0, [-0.5847220516631662, -0.013649965437701913]
[-0.5847220516631662, -0.013649965437701913], 0, -1.0, [-0.5989161572637175, -0.01419410560055135]
[-0.5989161572637175, -0.01419410560055135], 0, -1.0, [-0.6135501768487912, -0.014634019585073738]
[-0.6135501768487912, -0.014634019585073738], 0, -1.0, [-0.6285177191346817, -0.014967542285890466]
[-0.6285177191346817, -0.014967542285890466], 0, -1.0, [-0.643711298276838, -0.015193579142156306]
[-0.643711298276838, -0.015193579142156306], 0, -1.0, [-0.6590234020638689, -0.015312103787030828]
[-0.6590234020638689, -0.015312103787030828], 0, -1.0, [-0.6743475326859979, -0.015324130622129034]
[-0.6743475326859979, -0.015324130622129034], 0, -1.0, [-0.689579195599376, -0.015231662913378114]
[-0.689579195599376, -0.015231662913378114], 0, -1.0, [-0.7046168139888563, -0.015037618389480343]
[-0.7046168139888563, -0.015037618389480343], 0, -1.0, [-0.7193625495512197, -0.014745735562363308]
[-0.7193625495512197, -0.014745735562363308], 0, -1.0, [-0.733723014529035, -0.014360464977815325]
[-0.733723014529035, -0.014360464977815325], 0, -1.0, [-0.7476098648007632, -0.01388685027172817]
[-0.7476098648007632, -0.01388685027172817], 0, -1.0, [-0.7609402690187187, -0.013330404217955552]
[-0.7609402690187187, -0.013330404217955552], 0, -1.0, [-0.7736372539295615, -0.012696984910842772]
[-0.7736372539295615, -0.012696984910842772], 1, -1.0, [-0.7846299307954501, -0.010992676865888572]
[-0.7846299307954501, -0.010992676865888572], 2, -1.0, [-0.7928589195682452, -0.00822898877279513]
[-0.7928589195682452, -0.00822898877279513], 2, -1.0, [-0.7982810208340068, -0.00542210126576162]
[-0.7982810208340068, -0.00542210126576162], 2, -1.0, [-0.8008683705885882, -0.0025873497545814503]
[-0.8008683705885882, -0.0025873497545814503], 2, -1.0, [-0.8006078431720933, 0.00026052741649483643]
[-0.8006078431720933, 0.00026052741649483643], 2, -1.0, [-0.797500755215866, 0.0031070879562272616]
[-0.797500755215866, 0.0031070879562272616], 2, -1.0, [-0.7915628957773237, 0.005937859438542262]
[-0.7915628957773237, 0.005937859438542262], 2, -1.0, [-0.782824880129734, 0.008738015647589786]
[-0.782824880129734, 0.008738015647589786], 2, -1.0, [-0.7713327969647215, 0.011492083165012499]
[-0.7713327969647215, 0.011492083165012499], 2, -1.0, [-0.7571490911136056, 0.014183705851115797]
[-0.7571490911136056, 0.014183705851115797], 2, -1.0, [-0.7403535967072526, 0.016795494406353022]
[-0.7403535967072526, 0.016795494406353022], 2, -1.0, [-0.7210446100020502, 0.01930898670520248]
[-0.7210446100020502, 0.01930898670520248], 2, -1.0, [-0.6993398687276127, 0.02170474127443757]
[-0.6993398687276127, 0.02170474127443757], 2, -1.0, [-0.6753772884000953, 0.023962580327517444]
[-0.6753772884000953, 0.023962580327517444], 1, -1.0, [-0.6503152988472414, 0.025061989552853842]
[-0.6503152988472414, 0.025061989552853842], 2, -1.0, [-0.6233256608808927, 0.026989637966348703]
[-0.6233256608808927, 0.026989637966348703], 2, -1.0, [-0.5945991795190737, 0.02872648136181903]
[-0.5945991795190737, 0.02872648136181903], 2, -1.0, [-0.5643442125710096, 0.030254966948064045]
[-0.5643442125710096, 0.030254966948064045], 2, -1.0, [-0.5327844152857334, 0.031559797285276234]
[-0.5327844152857334, 0.031559797285276234], 2, -1.0, [-0.5001557344217527, 0.03262868086398072]
[-0.5001557344217527, 0.03262868086398072], 2, -1.0, [-0.466702731460396, 0.03345300296135668]
[-0.466702731460396, 0.03345300296135668], 0, -1.0, [-0.43467437980349405, 0.032028351656901925]
[-0.43467437980349405, 0.032028351656901925], 0, -1.0, [-0.4043050785099759, 0.030369301293518156]
[-0.4043050785099759, 0.030369301293518156], 0, -1.0, [-0.37581150312642936, 0.02849357538354653]
[-0.37581150312642936, 0.02849357538354653], 0, -1.0, [-0.3493903743986138, 0.026421128727815543]
[-0.3493903743986138, 0.026421128727815543], 0, -1.0, [-0.32521713723352036, 0.024173237165093432]
[-0.32521713723352036, 0.024173237165093432], 0, -1.0, [-0.3034454719680037, 0.021771665265516663]
[-0.3034454719680037, 0.021771665265516663], 0, -1.0, [-0.28420750698535946, 0.01923796498264423]
[-0.28420750698535946, 0.01923796498264423], 0, -1.0, [-0.26761456857767263, 0.016592938407686806]
[-0.26761456857767263, 0.016592938407686806], 0, -1.0, [-0.2537582900336214, 0.013856278544051269]
[-0.2537582900336214, 0.013856278544051269], 0, -1.0, [-0.2427119043310475, 0.011046385702573885]
[-0.2427119043310475, 0.011046385702573885], 0, -1.0, [-0.2345315594861473, 0.008180344844900215]
[-0.2345315594861473, 0.008180344844900215], 0, -1.0, [-0.22925751837949332, 0.005274041106653967]
[-0.22925751837949332, 0.005274041106653967], 0, -1.0, [-0.22691513215291065, 0.002342386226582683]
[-0.22691513215291065, 0.002342386226582683], 0, -1.0, [-0.2275155054330407, -0.0006003732801300337]
[-0.2275155054330407, -0.0006003732801300337], 0, -1.0, [-0.2310558011322156, -0.003540295699174902]
[-0.2310558011322156, -0.003540295699174902], 0, -1.0, [-0.23751916178038332, -0.006463360648167723]
[-0.23751916178038332, -0.006463360648167723], 0, -1.0, [-0.24687425328448676, -0.009355091504103425]
[-0.24687425328448676, -0.009355091504103425], 0, -1.0, [-0.25907446602887924, -0.012200212744392501]
[-0.25907446602887924, -0.012200212744392501], 0, -1.0, [-0.2740568375784855, -0.014982371549606244]
[-0.2740568375784855, -0.014982371549606244], 0, -1.0, [-0.2917407907285531, -0.01768395315006758]
[-0.2917407907285531, -0.01768395315006758], 0, -1.0, [-0.3120268092835959, -0.020286018555042827]
[-0.3120268092835959, -0.020286018555042827], 0, -1.0, [-0.3347951997603916, -0.022768390476795738]
[-0.3347951997603916, -0.022768390476795738], 0, -1.0, [-0.35990510715521984, -0.025109907394828233]
[-0.35990510715521984, -0.025109907394828233], 0, -1.0, [-0.38719396309886683, -0.027288855943646977]
[-0.38719396309886683, -0.027288855943646977], 0, -1.0, [-0.4164775409158588, -0.02928357781699198]
[-0.4164775409158588, -0.02928357781699198], 0, -1.0, [-0.447550770592597, -0.031073229676738222]
[-0.447550770592597, -0.031073229676738222], 0, -1.0, [-0.4801894253236114, -0.0326386547310144]
[-0.4801894253236114, -0.0326386547310144], 0, -1.0, [-0.5141527307190102, -0.03396330539539878]
[-0.5141527307190102, -0.03396330539539878], 0, -1.0, [-0.5491868719693279, -0.03503414125031772]
[-0.5491868719693279, -0.03503414125031772], 0, -1.0, [-0.5850292909218504, -0.03584241895252249]
[-0.5850292909218504, -0.03584241895252249], 0, -1.0, [-0.6214135845686807, -0.03638429364683022]
[-0.6214135845686807, -0.03638429364683022], 0, -1.0, [-0.658074750407279, -0.0366611658385983]
[-0.658074750407279, -0.0366611658385983], 0, -1.0, [-0.6947544828067647, -0.03667973239948561]
[-0.6947544828067647, -0.03667973239948561], 0, -1.0, [-0.7312062146612339, -0.03645173185446925]
[-0.7312062146612339, -0.03645173185446925], 0, -1.0, [-0.767199621849361, -0.03599340718812706]
[-0.767199621849361, -0.03599340718812706], 0, -1.0, [-0.8025243604086869, -0.03532473855932598]
[-0.8025243604086869, -0.03532473855932598], 0, -1.0, [-0.8369928793206658, -0.03446851891197884]
[-0.8369928793206658, -0.03446851891197884], 0, -1.0, [-0.8704422342028267, -0.033449354882160956]
[-0.8704422342028267, -0.033449354882160956], 0, -1.0, [-0.9027349076027001, -0.03229267339987339]
[-0.9027349076027001, -0.03229267339987339], 0, -1.0, [-0.9337587104866495, -0.031023802883949333]
[-0.9337587104866495, -0.031023802883949333], 0, -1.0, [-0.9634258907149491, -0.02966718022829959]
[-0.9634258907149491, -0.02966718022829959], 0, -1.0, [-0.9916716053120523, -0.028245714597103216]
[-0.9916716053120523, -0.028245714597103216], 0, -1.0, [-1.0184519249990005, -0.02678031968694819]
[-1.0184519249990005, -0.02678031968694819], 0, -1.0, [-1.0437415349253736, -0.025289609926373035]
[-1.0437415349253736, -0.025289609926373035], 0, -1.0, [-1.0675312792210883, -0.023789744295714597]
[-1.0675312792210883, -0.023789744295714597], 0, -1.0, [-1.0898256735051677, -0.02229439428407936]
[-1.0898256735051677, -0.02229439428407936], 0, -1.0, [-1.1106404829574392, -0.02081480945227154]
[-1.1106404829574392, -0.02081480945227154], 0, -1.0, [-1.1300004371944001, -0.019359954236960995]
[-1.1300004371944001, -0.019359954236960995], 0, -1.0, [-1.147937129183772, -0.017936691989371943]
[-1.147937129183772, -0.017936691989371943], 0, -1.0, [-1.1644871250294195, -0.016549995845647373]
[-1.1644871250294195, -0.016549995845647373], 0, -1.0, [-1.179690295143779, -0.01520317011435963]
[-1.179690295143779, -0.01520317011435963], 0, -1.0, [-1.1935883650404358, -0.01389806989665657]
[-1.1935883650404358, -0.01389806989665657], 1, -1.0, [-1.2, 0.0]
[-1.2, 0.0], 2, -1.0, [-1.1967581039591646, 0.003241896040835368]
[-1.1967581039591646, 0.003241896040835368], 2, -1.0, [-1.1902636585360942, 0.006494445423070332]
[-1.1902636585360942, 0.006494445423070332], 2, -1.0, [-1.1804959639787937, 0.009767694557300442]
[-1.1804959639787937, 0.009767694557300442], 2, -1.0, [-1.1674255149588486, 0.013070449019945182]
[-1.1674255149588486, 0.013070449019945182], 2, -1.0, [-1.1510159267200155, 0.016409588238833067]
[-1.1510159267200155, 0.016409588238833067], 2, -1.0, [-1.1312266168239755, 0.019789309896040046]
[-1.1312266168239755, 0.019789309896040046], 2, -1.0, [-1.108016322100852, 0.02321029472312345]
[-1.108016322100852, 0.02321029472312345], 2, -1.0, [-1.081347524946184, 0.02666879715466819]
[-1.081347524946184, 0.02666879715466819], 2, -1.0, [-1.0511918363028878, 0.03015568864329602]
[-1.0511918363028878, 0.03015568864329602], 2, -1.0, [-1.0175363271434712, 0.0336555091594167]
[-1.0175363271434712, 0.0336555091594167], 2, -1.0, [-0.9803907090723114, 0.03714561807115983]
[-0.9803907090723114, 0.03714561807115983], 2, -1.0, [-0.9397951336374217, 0.04059557543488971]
[-0.9397951336374217, 0.04059557543488971], 2, -1.0, [-0.8958282112564235, 0.043966922380998245]
[-0.8958282112564235, 0.043966922380998245], 2, -1.0, [-0.8486146572192776, 0.04721355403714586]
[-0.8486146572192776, 0.04721355403714586], 2, -1.0, [-0.7983317816221248, 0.05028287559715283]
[-0.7983317816221248, 0.05028287559715283], 2, -1.0, [-0.7452138959379592, 0.0531178856841656]
[-0.7452138959379592, 0.0531178856841656], 2, -1.0, [-0.6895536666604415, 0.0556602292775177]
[-0.6895536666604415, 0.0556602292775177], 2, -1.0, [-0.6316995610792892, 0.057854105581152386]
[-0.6316995610792892, 0.057854105581152386], 2, -1.0, [-0.5720488365336812, 0.05965072454560789]
[-0.5720488365336812, 0.05965072454560789], 2, -1.0, [-0.5110360146660762, 0.061012821867605024]
[-0.5110360146660762, 0.061012821867605024], 2, -1.0, [-0.44911739120176025, 0.061918623464315904]
[-0.44911739120176025, 0.061918623464315904], 1, -1.0, [-0.38775274139346727, 0.061364649808292995]
[-0.38775274139346727, 0.061364649808292995], 1, -1.0, [-0.3273789672475157, 0.06037377414595155]
[-0.3273789672475157, 0.06037377414595155], 1, -1.0, [-0.2683933095642128, 0.058985657683302876]
[-0.2683933095642128, 0.058985657683302876], 1, -1.0, [-0.2111401056951295, 0.05725320386908331]
[-0.2111401056951295, 0.05725320386908331], 2, -1.0, [-0.15490192113600001, 0.056238184559129496]
[-0.15490192113600001, 0.056238184559129496], 2, -1.0, [-0.0998986202501463, 0.055003300885853715]
[-0.0998986202501463, 0.055003300885853715], 2, -1.0, [-0.04628388517487625, 0.05361473507527005]
[-0.04628388517487625, 0.05361473507527005], 2, -1.0, [0.005854910933279278, 0.05213879610815553]
[0.005854910933279278, 0.05213879610815553], 2, -1.0, [0.05649409268131777, 0.05063918174803849]
[0.05649409268131777, 0.05063918174803849], 2, -1.0, [0.10566909386876569, 0.04917500118744792]
[0.10566909386876569, 0.04917500118744792], 1, -1.0, [0.15246866361880443, 0.04679956975003873]
[0.15246866361880443, 0.04679956975003873], 0, -1.0, [0.19602523065142302, 0.04355656703261859]
[0.19602523065142302, 0.04355656703261859], 0, -1.0, [0.2365017733091367, 0.040476542657713666]
[0.2365017733091367, 0.040476542657713666], 0, -1.0, [0.2740816053859359, 0.037579832076799234]
[0.2740816053859359, 0.037579832076799234], 1, -1.0, [0.30995999195830987, 0.03587838657237398]
[0.30995999195830987, 0.03587838657237398], 1, -1.0, [0.3443435530514014, 0.03438356109309154]
[0.3443435530514014, 0.03438356109309154], 1, -1.0, [0.37744656838539015, 0.03310301533398871]
[0.37744656838539015, 0.03310301533398871], 1, -1.0, [0.40948822725891976, 0.03204165887352958]
[0.40948822725891976, 0.03204165887352958], 1, -1.0, [0.4406906752503094, 0.031202447991389652]
[0.4406906752503094, 0.031202447991389652], 0, -1.0, [0.47027770394742063, 0.029587028697111214]
[0.47027770394742063, 0.029587028697111214], 0, -1.0, [0.49846652791627166, 0.028188823968851]
[0.49846652791627166, 0.028188823968851], 0, -1.0, [0.5254670385623866, 0.027000510646114945]
