[-0.5573629871188618, 0.0], 0, -1.0, [-0.5581101883447226, -0.0007472012258607757]
[-0.5581101883447226, -0.0007472012258607757], 0, -1.0, [-0.5595990161515979, -0.0014888278068753145]
[-0.5595990161515979, -0.0014888278068753145], 0, -1.0, [-0.5618183667388101, -0.002219350587212201]
[-0.5618183667388101, -0.002219350587212201], 0, -1.0, [-0.5647516980534808, -0.0029333313146706367]
[-0.5647516980534808, -0.0029333313146706367], 0, -1.0, [-0.5683771659219263, -0.0036254678684455163]
[-0.5683771659219263, -0.0036254678684455163], 0, -1.0, [-0.5726678050370179, -0.004290639115091508]
[-0.5726678050370179, -0.004290639115091508], 0, -1.0, [-0.5775917541447777, -0.004923949107759884]
[-0.5775917541447777, -0.004923949107759884], 0, -1.0, [-0.5831125243709511, -0.005520770226173362]
[-0.5831125243709511, -0.005520770226173362], 0, -1.0, [-0.589189309102521, -0.006076784731569963]
[-0.589189309102521, -0.006076784731569963], 0, -1.0, [-0.5957773331977586, -0.006588024095237676]
[-0.5957773331977586, -0.006588024095237676], 1, -1.0, [-0.6018282385624545, -0.006050905364695869]
[-0.6018282385624545, -0.006050905364695869], 0, -1.0, [-0.6082977941072963, -0.0064695555448418]
[-0.6082977941072963, -0.0064695555448418], 0, -1.0, [-0.6151389207528891, -0.0068411266455928035]
[-0.6151389207528891, -0.0068411266455928035], 0, -1.0, [-0.6223020933611562, -0.007163172608267025]
[-0.6223020933611562, -0.007163172608267025], 0, -1.0, [-0.6297357617781862, -0.007433668417030104]
[-0.6297357617781862, -0.007433668417030104], 0, -1.0, [-0.6373867857210477, -0.007651023942861471]
[-0.6373867857210477, -0.007651023942861471], 0, -1.0, [-0.6452008778451688, -0.007814092124121052]
[-0.6452008778451688, -0.007814092124121052], 0, -1.0, [-0.6531230490835243, -0.007922171238355499]
[-0.6531230490835243, -0.007922171238355499], 0, -1.0, [-0.6610980502791572, -0.007975001195633033]
[-0.6610980502791572, -0.007975001195633033], 0, -1.0, [-0.6690708042533967, -0.007972753974239428]
[-0.6690708042533967, -0.007972753974239428], 0, -1.0, [-0.6769868227667618, -0.007916018513365089]
[-0.6769868227667618, -0.007916018513365089], 0, -1.0, [-0.6847926033291514, -0.007805780562389615]
[-0.6847926033291514, -0.007805780562389615], 0, -1.0, [-0.6924360014802028, -0.007643398151051384]
[-0.6924360014802028, -0.007643398151051384], 0, -1.0, [-0.6998665749594584, -0.007430573479255574]
[-0.6998665749594584, -0.007430573479255574], 0, -1.0, [-0.7070358970813849, -0.007169322121926583]
[-0.7070358970813849, -0.007169322121926583], 0, -1.0, [-0.7138978375797665, -0.006861940498381667]
[-0.7138978375797665, -0.006861940498381667], 2, -1.0, [-0.718408810145229, -0.00451097256546235]
[-0.718408810145229, -0.00451097256546235], 2, -1.0, [-0.7205404723026878, -0.002131662157458846]
[-0.7205404723026878, -0.002131662157458846], 2, -1.0, [-0.7202795183741567, 0.0002609539285311131]
[-0.7202795183741567, 0.0002609539285311131], 2, -1.0, [-0.7176275741664958, 0.002651944207660874]
[-0.7176275741664958, 0.002651944207660874], 2, -1.0, [-0.7126012101217875, 0.005026364044708381]
[-0.7126012101217875, 0.005026364044708381], 2, -1.0, [-0.7052320708722805, 0.00736913924950699]
[-0.7052320708722805, 0.00736913924950699], 2, -1.0, [-0.6955671004289214, 0.009664970443358983]
[-0.6955671004289214, 0.009664970443358983], 2, -1.0, [-0.6836688243856751, 0.011898276043246355]
[-0.6836688243856751, 0.011898276043246355], 2, -1.0, [-0.669615634432179, 0.014053189953496182]
[-0.669615634432179, 0.014053189953496182], 2, -1.0, [-0.6535020071969522, 0.01611362723522683]
[-0.6535020071969522, 0.01611362723522683], 2, -1.0, [-0.6354385802287429, 0.018063426968209333]
[-0.6354385802287429, 0.018063426968209333], 2, -1.0, [-0.6155520040971927, 0.019886576131550183]
[-0.6155520040971927, 0.019886576131550183], 2, -1.0, [-0.5939844924169084, 0.02156751168028424]
[-0.5939844924169084, 0.02156751168028424], 2, -1.0, [-0.5708930020142524, 0.023091490402656067]
[-0.5708930020142524, 0.023091490402656067], 2, -1.0, [-0.5464479937982314, 0.024445008216021077]
[-0.5464479937982314, 0.024445008216021077], 0, -1.0, [-0.5228317506185235, 0.02361624317970785]
[-0.5228317506185235, 0.02361624317970785], 0, -1.0, [-0.5002212601210873, 0.022610490497436228]
[-0.5002212601210873, 0.022610490497436228], 0, -1.0, [-0.47878595729502155, 0.021435302826065716]
[-0.47878595729502155, 0.021435302826065716], 1, -1.0, [-0.4576857391040529, 0.02110021819096862]
[-0.4576857391040529, 0.02110021819096862], 0, -1.0, [-0.4380766534173074, 0.019609085686745513]
[-0.4380766534173074, 0.019609085686745513], 0, -1.0, [-0.4201019697655201, 0.017974683651787282]
[-0.4201019697655201, 0.017974683651787282], 0, -1.0, [-0.4038911002157001, 0.01621086954981997]
[-0.4038911002157001, 0.01621086954981997], 0, -1.0, [-0.3895588640180639, 0.014332236197636242]
[-0.3895588640180639, 0.014332236197636242], 0, -1.0, [-0.3772050524978082, 0.012353811520255654]
[-0.3772050524978082, 0.012353811520255654], 0, -1.0, [-0.3669142371873517, 0.010290815310456482]
[-0.3669142371873517, 0.010290815310456482], 0, -1.0, [-0.3587557570928189, 0.008158480094532784]
[-0.3587557570928189, 0.008158480094532784], 0, -1.0, [-0.352783819953782, 0.005971937139036933]
[-0.352783819953782, 0.005971937139036933], 0, -1.0, [-0.3490376566395877, 0.0037461633141943136]
[-0.3490376566395877, 0.0037461633141943136], 0, -1.0, [-0.34754167644476014, 0.0014959801948275539]
[-0.34754167644476014, 0.0014959801948275539], 0, -1.0, [-0.3483055829482157, -0.0007639065034555216]
[-0.3483055829482157, -0.0007639065034555216], 0, -1.0, [-0.35132442427804866, -0.003018841329832963]
[-0.35132442427804866, -0.003018841329832963], 0, -1.0, [-0.35657856715857106, -0.005254142880522368]
[-0.35657856715857106, -0.005254142880522368], 0, -1.0, [-0.3640336001767319, -0.0074550330181608416]
[-0.3640336001767319, -0.0074550330181608416], 0, -1.0, [-0.37364018749838257, -0.009606587321650633]
[-0.37364018749838257, -0.009606587321650633], 0, -1.0, [-0.3853339089777294, -0.011693721479346829]
[-0.3853339089777294, -0.011693721479346829], 0, -1.0, [-0.3990351353492338, -0.01370122637150441]
[-0.3990351353492338, -0.01370122637150441], 0, -1.0, [-0.4146489969891709, -0.015613861639937087]
[-0.4146489969891709, -0.015613861639937087], 0, -1.0, [-0.4320655105372918, -0.01741651354812089]
[-0.4320655105372918, -0.01741651354812089], 0, -1.0, [-0.4511599284554635, -0.019094417918171677]
[-0.4511599284554635, -0.019094417918171677], 0, -1.0, [-0.4717933715239319, -0.020633443068468413]
[-0.4717933715239319, -0.020633443068468413], 0, -1.0, [-0.4938137928633581, -0.022020421339426187]
[-0.4938137928633581, -0.022020421339426187], 0, -1.0, [-0.5170573044263976, -0.02324351156303958]
[-0.5170573044263976, -0.02324351156303958], 0, -1.0, [-0.5413498738742425, -0.024292569447844834]
[-0.5413498738742425, -0.024292569447844834], 0, -1.0, [-0.5665093730018178, -0.02515949912757532]
[-0.5665093730018178, -0.02515949912757532], 0, -1.0, [-0.5923479307989159, -0.02583855779709815]
[-0.5923479307989159, -0.02583855779709815], 0, -1.0, [-0.6186745177307748, -0.026326586931858815]
[-0.6186745177307748, -0.026326586931858815], 0, -1.0, [-0.6452976659013957, -0.02662314817062091]
[-0.6452976659013957, -0.02662314817062091], 0, -1.0, [-0.672028215083511, -0.02673054918211526]
[-0.672028215083511, -0.02673054918211526], 0, -1.0, [-0.6986819690113288, -0.026653753927817908]
[-0.6986819690113288, -0.026653753927817908], 0, -1.0, [-0.7250821505471031, -0.0264001815357743]
[-0.7250821505471031, -0.0264001815357743], 0, -1.0, [-0.7510615577908069, -0.025979407243703755]
[-0.7510615577908069, -0.025979407243703755], 0, -1.0, [-0.7764643441794732, -0.0254027863886663]
[-0.7764643441794732, -0.0254027863886663], 0, -1.0, [-0.8011473715458652, -0.02468302736639203]
[-0.8011473715458652, -0.02468302736639203], 2, -1.0, [-0.8229811130015612, -0.021833741455695922]
[-0.8229811130015612, -0.021833741455695922], 2, -1.0, [-0.8418594201327468, -0.01887830713118568]
[-0.8418594201327468, -0.01887830713118568], 2, -1.0, [-0.8576972578539898, -0.0158378377212429]
[-0.8576972578539898, -0.0158378377212429], 2, -1.0, [-0.8704283230701984, -0.012731065216208546]
[-0.8704283230701984, -0.012731065216208546], 2, -1.0, [-0.8800027595739965, -0.009574436503798222]
[-0.8800027595739965, -0.009574436503798222], 2, -1.0, [-0.8863851414003923, -0.006382381826395748]
[-0.8863851414003923, -0.006382381826395748], 2, -1.0, [-0.8895528561575291, -0.0031677147571367867]
[-0.8895528561575291, -0.0031677147571367867], 2, -1.0, [-0.8894949818009067, 5.787435662241028e-05]
[-0.8894949818009067, 5.787435662241028e-05], 2, -1.0, [-0.886211716077457, 0.003283265723449671]
[-0.886211716077457, 0.003283265723449671], 2, -1.0, [-0.8797143870260398, 0.006497329051417238]
[-0.8797143870260398, 0.006497329051417238], 2, -1.0, [-0.8700260440220083, 0.009688343004031454]
[-0.8700260440220083, 0.009688343004031454], 2, -1.0, [-0.8571825999176305, 0.0128434441043779]
[-0.8571825999176305, 0.0128434441043779], 2, -1.0, [-0.8412344638888839, 0.015948136028746597]
[-0.8412344638888839, 0.015948136028746597], 2, -1.0, [-0.8222485702206672, 0.018985893668216708]
[-0.8222485702206672, 0.018985893668216708], 2, -1.0, [-0.8003106700850975, 0.021937900135569708]
[-0.8003106700850975, 0.021937900135569708], 2, -1.0, [-0.775527712615039, 0.024782957470058424]
[-0.775527712615039, 0.024782957470058424], 2, -1.0, [-0.7480301014735439, 0.02749761114149516]
[-0.7480301014735439, 0.02749761114149516], 2, -1.0, [-0.7179735790708939, 0.030056522402650047]
[-0.7179735790708939, 0.030056522402650047], 2, -1.0, [-0.6855404698925665, 0.03243310917832743]
[-0.6855404698925665, 0.03243310917832743], 2, -1.0, [-0.650940015387152, 0.03460045450541444]
[-0.650940015387152, 0.03460045450541444], 2, -1.0, [-0.6144075632187445, 0.036532452168407496]
[-0.6144075632187445, 0.036532452168407496], 2, -1.0, [-0.5762024382824646, 0.038205124936279825]
[-0.5762024382824646, 0.038205124936279825], 2, -1.0, [-0.5366044214104005, 0.03959801687206408]
[-0.5366044214104005, 0.03959801687206408], 2, -1.0, [-0.4959088869413283, 0.040695534469072245]
[-0.4959088869413283, 0.040695534469072245], 2, -1.0, [-0.45442078787458, 0.04148809906674828]
[-0.45442078787458, 0.04148809906674828], 2, -1.0, [-0.41244780732827674, 0.04197298054630328]
[-0.41244780732827674, 0.04197298054630328], 2, -1.0, [-0.3702930959928594, 0.04215471133541729]
[-0.3702930959928594, 0.04215471133541729], 2, -1.0, [-0.3282480690770972, 0.042045026915762236]
[-0.3282480690770972, 0.042045026915762236], 2, -1.0, [-0.2865857327646707, 0.04166233631242647]
[-0.2865857327646707, 0.04166233631242647], 2, -1.0, [-0.24555495008823902, 0.04103078267643167]
[-0.24555495008823902, 0.04103078267643167], 2, -1.0, [-0.2053759506584043, 0.040178999429834716]
[-0.2053759506584043, 0.040178999429834716], 2, -1.0, [-0.16623725673792333, 0.03913869392048097]
[-0.16623725673792333, 0.03913869392048097], 2, -1.0, [-0.12829406142691446, 0.03794319531100887]
[-0.12829406142691446, 0.03794319531100887], 2, -1.0, [-0.09166797279843227, 0.0366260886284822]
[-0.09166797279843227, 0.0366260886284822], 2, -1.0, [-0.05644794450393159, 0.035220028294500674]
[-0.05644794450393159, 0.035220028294500674], 2, -1.0, [-0.022692155125719662, 0.03375578937821193]
[-0.022692155125719662, 0.03375578937821193], 2, -1.0, [0.009569425021999096, 0.03226158014771876]
[0.009569425021999096, 0.03226158014771876], 2, -1.0, [0.040332035305286375, 0.03076261028328728]
[0.040332035305286375, 0.03076261028328728], 2, -1.0, [0.0696129233453487, 0.029280888040062326]
[0.0696129233453487, 0.029280888040062326], 2, -1.0, [0.0974481305725699, 0.0278352072272212]
[0.0974481305725699, 0.0278352072272212], 2, -1.0, [0.12388941065288368, 0.026441280080313784]
[0.12388941065288368, 0.026441280080313784], 2, -1.0, [0.14900138375786423, 0.02511197310498055]
[0.14900138375786423, 0.02511197310498055], 2, -1.0, [0.1728589914864894, 0.023857607728625163]
[0.1728589914864894, 0.023857607728625163], 2, -1.0, [0.19554528578036895, 0.022686294293879555]
[0.19554528578036895, 0.022686294293879555], 2, -1.0, [0.21714956094585383, 0.021604275165484875]
[0.21714956094585383, 0.021604275165484875], 2, -1.0, [0.23776582051050624, 0.020616259564652396]
[0.23776582051050624, 0.020616259564652396], 2, -1.0, [0.2574915591747226, 0.019725738664216376]
[0.2574915591747226, 0.019725738664216376], 2, -1.0, [0.2764268334317171, 0.018935274256994507]
[0.2764268334317171, 0.018935274256994507], 2, -1.0, [0.2946735913718506, 0.018246757940133522]
[0.2946735913718506, 0.018246757940133522], 2, -1.0, [0.31233523172365985, 0.01766164035180924]
[0.31233523172365985, 0.01766164035180924], 2, -1.0, [0.3295163634440675, 0.01718113172040766]
[0.3295163634440675, 0.01718113172040766], 2, -1.0, [0.34632273946248315, 0.016806376018415642]
[0.34632273946248315, 0.016806376018415642], 2, -1.0, [0.36286134097978656, 0.016538601517303405]
[0.36286134097978656, 0.016538601517303405], 2, -1.0, [0.3792405916316186, 0.016379250651832024]
[0.3792405916316186, 0.016379250651832024], 2, -1.0, [0.3955706835582308, 0.016330091926612156]
[0.3955706835582308, 0.016330091926612156], 2, -1.0, [0.4119639997649755, 0.016393316206744734]
[0.4119639997649755, 0.016393316206744734], 2, -1.0, [0.4285356189360352, 0.016571619171059697]
[0.4285356189360352, 0.016571619171059697], 2, -1.0, [0.4454038899237743, 0.016868270987739097]
[0.4454038899237743, 0.016868270987739097], 2, -1.0, [0.46269106331541576, 0.017287173391641503]
[0.46269106331541576, 0.017287173391641503], 2, -1.0, [0.48052396658872326, 0.017832903273307516]
[0.48052396658872326, 0.017832903273307516], 2, -1.0, [0.4990347071742699, 0.018510740585546654]
[0.4990347071742699, 0.018510740585546654], 2, -1.0, [0.5183613839465958, 0.019326676772325947]
