[-0.5300003687364022, 0.0], 0, -1.0, [-0.5309523597391349, -0.0009519910027327017]
[-0.5309523597391349, -0.0009519910027327017], 0, -1.0, [-0.5328492033342259, -0.0018968435950910494]
[-0.5328492033342259, -0.0018968435950910494], 0, -1.0, [-0.5356766776260375, -0.002827474291811599]
[-0.5356766776260375, -0.002827474291811599], 0, -1.0, [-0.539413587472407, -0.0037369098463694715]
[-0.539413587472407, -0.0037369098463694715], 0, -1.0, [-0.5440319307231349, -0.004618343250727939]
[-0.5440319307231349, -0.004618343250727939], 0, -1.0, [-0.5494971212675506, -0.005465190544415595]
[-0.5494971212675506, -0.005465190544415595], 0, -1.0, [-0.5557682695802848, -0.006271148312734278]
[-0.5557682695802848, -0.006271148312734278], 0, -1.0, [-0.5627985210425702, -0.007030251462285376]
[-0.5627985210425702, -0.007030251462285376], 0, -1.0, [-0.5705354515906389, -0.007736930548068694]
[-0.5705354515906389, -0.007736930548068694], 0, -1.0, [-0.5789215192101165, -0.008386067619477527]
[-0.5789215192101165, -0.008386067619477527], 0, -1.0, [-0.5878945684932974, -0.008973049283180856]
[-0.5878945684932974, -0.008973049283180856], 0, -1.0, [-0.5973883839717777, -0.009493815478480376]
[-0.5973883839717777, -0.009493815478480376], 0, -1.0, [-0.607333286322356, -0.009944902350578178]
[-0.607333286322356, -0.009944902350578178], 0, -1.0, [-0.6176567639302754, -0.010323477607919355]
[-0.6176567639302754, -0.010323477607919355], 0, -1.0, [-0.6282841308013067, -0.010627366871031389]
[-0.6282841308013067, -0.010627366871031389], 0, -1.0, [-0.6391392005625008, -0.010855069761194134]
[-0.6391392005625008, -0.010855069761194134], 0, -1.0, [-0.650144965388439, -0.011005764825938144]
[-0.650144965388439, -0.011005764825938144], 0, -1.0, [-0.6612242682210039, -0.011079302832564829]
[-0.6612242682210039, -0.011079302832564829], 0, -1.0, [-0.6723004566710059, -0.011076188450002007]
[-0.6723004566710059, -0.011076188450002007], 0, -1.0, [-0.6832980075183283, -0.010997550847322343]
[-0.6832980075183283, -0.010997550847322343], 0, -1.0, [-0.6941431117446729, -0.010845104226344706]
[-0.6941431117446729, -0.010845104226344706], 0, -1.0, [-0.704764211484816, -0.01062109974014314]
[-0.704764211484816, -0.01062109974014314], 0, -1.0, [-0.7150924820836172, -0.010328270598801158]
[-0.7150924820836172, -0.010328270598801158], 0, -1.0, [-0.7250622544900821, -0.009969772406464869]
[-0.7250622544900821, -0.009969772406464869], 0, -1.0, [-0.7346113753877719, -0.009549120897689741]
[-0.7346113753877719, -0.009549120897689741], 0, -1.0, [-0.7436815046323534, -0.009070129244581544]
[-0.7436815046323534, -0.009070129244581544], 0, -1.0, [-0.7522183516295072, -0.008536846997153898]
[-0.7522183516295072, -0.008536846997153898], 0, -1.0, [-0.7601718541427719, -0.007953502513264658]
[-0.7601718541427719, -0.007953502513264658], 0, -1.0, [-0.767496304595184, -0.007324450452412154]
[-0.767496304595184, -0.007324450452412154], 0, -1.0, [-0.7741504301684464, -0.006654125573262402]
[-0.7741504301684464, -0.006654125573262402], 2, -1.0, [-0.7780974338803982, -0.003947003711951804]
[-0.7780974338803982, -0.003947003711951804], 2, -1.0, [-0.7793158094961737, -0.0012183756157755667]
[-0.7793158094961737, -0.0012183756157755667], 2, -1.0, [-0.7777989672071713, 0.001516842289002408]
[-0.7777989672071713, 0.001516842289002408], 2, -1.0, [-0.7735551146589542, 0.004243852548217166]
[-0.7735551146589542, 0.004243852548217166], 2, -1.0, [-0.7666074048219711, 0.0069477098369830955]
[-0.7666074048219711, 0.0069477098369830955], 2, -1.0, [-0.7569943363971096, 0.009613068424861544]
[-0.7569943363971096, 0.009613068424861544], 2, -1.0, [-0.7447703668257888, 0.012223969571320747]
[-0.7447703668257888, 0.012223969571320747], 2, -1.0, [-0.730006672996832, 0.014763693828956776]
[-0.730006672996832, 0.014763693828956776], 2, -1.0, [-0.7127919712545714, 0.017214701742260547]
[-0.7127919712545714, 0.017214701742260547], 2, -1.0, [-0.693233287707453, 0.01955868354711844]
[-0.693233287707453, 0.01955868354711844], 2, -1.0, [-0.6714565541078962, 0.021776733599556796]
[-0.6714565541078962, 0.021776733599556796], 2, -1.0, [-0.6476068962080911, 0.023849657899805067]
[-0.6476068962080911, 0.023849657899805067], 2, -1.0, [-0.6218484831642619, 0.025758413043829215]
[-0.6218484831642619, 0.025758413043829215], 2, -1.0, [-0.5943638206178413, 0.027484662546420572]
[-0.5943638206178413, 0.027484662546420572], 2, -1.0, [-0.5653523979167456, 0.029011422701095704]
[-0.5653523979167456, 0.029011422701095704], 2, -1.0, [-0.5350286413138382, 0.030323756602907412]
[-0.5350286413138382, 0.030323756602907412], 2, -1.0, [-0.5036191775157857, 0.03140946379805252]
[-0.5036191775157857, 0.03140946379805252], 2, -1.0, [-0.47135947099461317, 0.032259706521172486]
[-0.47135947099461317, 0.032259706521172486], 0, -1.0, [-0.4404899574467035, 0.030869513547909705]
[-0.4404899574467035, 0.030869513547909705], 0, -1.0, [-0.4112373221401424, 0.02925263530656111]
[-0.4112373221401424, 0.02925263530656111], 0, -1.0, [-0.3838115291978239, 0.027425792942318512]
[-0.3838115291978239, 0.027425792942318512], 0, -1.0, [-0.3584036802084225, 0.0254078489894014]
[-0.3584036802084225, 0.0254078489894014], 0, -1.0, [-0.3351846977275054, 0.02321898248091709]
[-0.3351846977275054, 0.02321898248091709], 0, -1.0, [-0.3143047662167096, 0.02087993151079582]
[-0.3143047662167096, 0.02087993151079582], 0, -1.0, [-0.2958934148516818, 0.018411351365027806]
[-0.2958934148516818, 0.018411351365027806], 0, -1.0, [-0.28006009585630054, 0.015833318995381256]
[-0.28006009585630054, 0.015833318995381256], 0, -1.0, [-0.2668950982736612, 0.013164997582639351]
[-0.2668950982736612, 0.013164997582639351], 0, -1.0, [-0.25647063805445913, 0.010424460219202049]
[-0.25647063805445913, 0.010424460219202049], 0, -1.0, [-0.24884197766705377, 0.007628660387405374]
[-0.24884197766705377, 0.007628660387405374], 0, -1.0, [-0.24404844854816823, 0.004793529118885538]
[-0.24404844854816823, 0.004793529118885538], 0, -1.0, [-0.24211427448613398, 0.0019341740620342574]
[-0.24211427448613398, 0.0019341740620342574], 0, -1.0, [-0.24304912110801902, -0.0009348466218850196]
[-0.24304912110801902, -0.0009348466218850196], 0, -1.0, [-0.24684832455219893, -0.0037992034441799213]
[-0.24684832455219893, -0.0037992034441799213], 0, -1.0, [-0.2534927804462233, -0.00664445589402435]
[-0.2534927804462233, -0.00664445589402435], 0, -1.0, [-0.2629485023108031, -0.009455721864579748]
[-0.2629485023108031, -0.009455721864579748], 0, -1.0, [-0.2751658865362254, -0.01221738422542237]
[-0.2751658865362254, -0.01221738422542237], 0, -1.0, [-0.29007874907877185, -0.014912862542546442]
[-0.29007874907877185, -0.014912862542546442], 0, -1.0, [-0.30760322651793803, -0.01752447743916619]
[-0.30760322651793803, -0.01752447743916619], 0, -1.0, [-0.3276366599139007, -0.020033433395962648]
[-0.3276366599139007, -0.020033433395962648], 2, -1.0, [-0.34805660196292965, -0.020419942049029]
[-0.34805660196292965, -0.020419942049029], 0, -1.0, [-0.37073309353330325, -0.02267649157037362]
[-0.37073309353330325, -0.02267649157037362], 0, -1.0, [-0.3955163114792022, -0.024783217945898967]
[-0.3955163114792022, -0.024783217945898967], 0, -1.0, [-0.42223668321227087, -0.026720371733068706]
[-0.42223668321227087, -0.026720371733068706], 0, -1.0, [-0.4507056086909058, -0.028468925478634936]
[-0.4507056086909058, -0.028468925478634936], 0, -1.0, [-0.48071688607282287, -0.030011277381917046]
[-0.48071688607282287, -0.030011277381917046], 0, -1.0, [-0.512048891256517, -0.03133200518369408]
[-0.512048891256517, -0.03133200518369408], 0, -1.0, [-0.5444675032403483, -0.03241861198383132]
[-0.5444675032403483, -0.03241861198383132], 0, -1.0, [-0.5777297019914417, -0.03326219875109334]
[-0.5777297019914417, -0.03326219875109334], 0, -1.0, [-0.6115877008296106, -0.033857998838168896]
[-0.6115877008296106, -0.033857998838168896], 0, -1.0, [-0.6457934197390383, -0.03420571890942764]
[-0.6457934197390383, -0.03420571890942764], 0, -1.0, [-0.6801030675609526, -0.03430964782191433]
[-0.6801030675609526, -0.03430964782191433], 0, -1.0, [-0.7142815855647348, -0.03417851800378216]
[-0.7142815855647348, -0.03417851800378216], 0, -1.0, [-0.7481067148422857, -0.03382512927755096]
[-0.7481067148422857, -0.03382512927755096], 1, -1.0, [-0.7803724836935184, -0.032265768851232675]
[-0.7803724836935184, -0.032265768851232675], 1, -1.0, [-0.8108973381915477, -0.030524854498029358]
[-0.8108973381915477, -0.030524854498029358], 0, -1.0, [-0.8405244976441105, -0.029627159452562727]
[-0.8405244976441105, -0.029627159452562727], 0, -1.0, [-0.8691169887879296, -0.0285924911438191]
[-0.8691169887879296, -0.0285924911438191], 2, -1.0, [-0.8945578424295815, -0.025440853641651773]
[-0.8945578424295815, -0.025440853641651773], 2, -1.0, [-0.9167562601791595, -0.02219841774957794]
[-0.9167562601791595, -0.02219841774957794], 2, -1.0, [-0.9356436656080108, -0.018887405428851367]
[-0.9356436656080108, -0.018887405428851367], 2, -1.0, [-0.9511697673058658, -0.015526101697854995]
[-0.9511697673058658, -0.015526101697854995], 2, -1.0, [-0.9632988935413264, -0.012129126235460587]
[-0.9632988935413264, -0.012129126235460587], 2, -1.0, [-0.9720067911817059, -0.008707897640379532]
[-0.9720067911817059, -0.008707897640379532], 2, -1.0, [-0.9772780231517546, -0.005271231970048719]
[-0.9772780231517546, -0.005271231970048719], 2, -1.0, [-0.9791040520924279, -0.0018260289406732593]
[-0.9791040520924279, -0.0018260289406732593], 2, -1.0, [-0.9774820630375928, 0.0016219890548351268]
[-0.9774820630375928, 0.0016219890548351268], 2, -1.0, [-0.9724145527668245, 0.005067510270768249]
[-0.9724145527668245, 0.005067510270768249], 2, -1.0, [-0.9639096946365836, 0.008504858130240933]
[-0.9639096946365836, 0.008504858130240933], 2, -1.0, [-0.9519824710911062, 0.011927223545477343]
[-0.9519824710911062, 0.011927223545477343], 2, -1.0, [-0.936656547448687, 0.015325923642419205]
[-0.936656547448687, 0.015325923642419205], 2, -1.0, [-0.9179668358756053, 0.018689711573081625]
[-0.9179668358756053, 0.018689711573081625], 2, -1.0, [-0.8959626642642052, 0.022004171611400083]
[-0.8959626642642052, 0.022004171611400083], 2, -1.0, [-0.8707114188348427, 0.025251245429362537]
[-0.8707114188348427, 0.025251245429362537], 0, -1.0, [-0.844302471549762, 0.026408947285080708]
[-0.844302471549762, 0.026408947285080708], 2, -1.0, [-0.8148425230320888, 0.029459948517673144]
[-0.8148425230320888, 0.029459948517673144], 2, -1.0, [-0.7824657504769641, 0.03237677255512472]
[-0.7824657504769641, 0.03237677255512472], 2, -1.0, [-0.7473368306407892, 0.03512891983617493]
[-0.7473368306407892, 0.03512891983617493], 2, -1.0, [-0.7096530677595947, 0.0376837628811945]
[-0.7096530677595947, 0.0376837628811945], 2, -1.0, [-0.6696452329030869, 0.04000783485650781]
[-0.6696452329030869, 0.04000783485650781], 2, -1.0, [-0.6275767597405925, 0.0420684731624944]
[-0.6275767597405925, 0.0420684731624944], 2, -1.0, [-0.5837410369965272, 0.04383572274406523]
[-0.5837410369965272, 0.04383572274406523], 2, -1.0, [-0.5384566906373456, 0.045284346359181604]
[-0.5384566906373456, 0.045284346359181604], 2, -1.0, [-0.49206094681168594, 0.046395743825659655]
[-0.49206094681168594, 0.046395743825659655], 2, -1.0, [-0.44490138396290113, 0.047159562848784795]
[-0.44490138396290113, 0.047159562848784795], 2, -1.0, [-0.397326583619586, 0.04757480034331513]
[-0.397326583619586, 0.04757480034331513], 2, -1.0, [-0.34967633629091305, 0.04765024732867296]
[-0.34967633629091305, 0.04765024732867296], 2, -1.0, [-0.3022721216458754, 0.047404214645037655]
[-0.3022721216458754, 0.047404214645037655], 2, -1.0, [-0.25540854731762064, 0.04686357432825476]
[-0.25540854731762064, 0.04686357432825476], 2, -1.0, [-0.2093463055229164, 0.046062241794704264]
[-0.2093463055229164, 0.046062241794704264], 2, -1.0, [-0.16430701701776193, 0.04503928850515446]
[-0.16430701701776193, 0.04503928850515446], 2, -1.0, [-0.12047011444773637, 0.04383690257002557]
[-0.12047011444773637, 0.04383690257002557], 2, -1.0, [-0.07797170954131463, 0.04249840490642173]
[-0.07797170954131463, 0.04249840490642173], 2, -1.0, [-0.036905220569080056, 0.041066488972234576]
[-0.036905220569080056, 0.041066488972234576], 2, -1.0, [0.0026765752049066754, 0.03958179577398673]
[0.0026765752049066754, 0.03958179577398673], 2, -1.0, [0.040758451574077176, 0.0380818763691705]
[0.040758451574077176, 0.0380818763691705], 2, -1.0, [0.07735899374737268, 0.03660054217329551]
[0.07735899374737268, 0.03660054217329551], 2, -1.0, [0.11252655894521657, 0.03516756519784389]
[0.11252655894521657, 0.03516756519784389], 2, -1.0, [0.1463352265181499, 0.033808667572933326]
[0.1463352265181499, 0.033808667572933326], 2, -1.0, [0.1788809572505406, 0.032545730732390685]
[0.1788809572505406, 0.032545730732390685], 2, -1.0, [0.21027811331976648, 0.03139715606922588]
[0.21027811331976648, 0.03139715606922588], 2, -1.0, [0.2406564301887111, 0.030378316868944627]
[0.2406564301887111, 0.030378316868944627], 2, -1.0, [0.27015848267721626, 0.02950205248850514]
[0.27015848267721626, 0.02950205248850514], 2, -1.0, [0.29893765018041524, 0.028779167503198956]
[0.29893765018041524, 0.028779167503198956], 2, -1.0, [0.3271565594118246, 0.028218909231409343]
[0.3271565594118246, 0.028218909231409343], 0, -1.0, [0.3529859651889236, 0.025829405777099048]
[0.3529859651889236, 0.025829405777099048], 2, -1.0, [0.37859091871162653, 0.0256049535227029]
[0.37859091871162653, 0.0256049535227029], 0, -1.0, [0.4021422927923919, 0.023551374080765325]
[0.4021422927923919, 0.023551374080765325], 2, -1.0, [0.4258027663473082, 0.02366047355491628]
[0.4258027663473082, 0.02366047355491628], 2, -1.0, [0.44974024706583643, 0.02393748071852824]
[0.44974024706583643, 0.02393748071852824], 0, -1.0, [0.47212831038052416, 0.02238806331468775]
[0.47212831038052416, 0.02238806331468775], 0, -1.0, [0.49313187738346126, 0.021003567002937103]
[0.49313187738346126, 0.021003567002937103], 2, -1.0, [0.5149072606708164, 0.021775383287355163]
