[-0.4246671938062232, 0.0], 0, -1.0, [-0.4263983352991485, -0.0017311414929252825]
[-0.4263983352991485, -0.0017311414929252825], 0, -1.0, [-0.4298481925764948, -0.003449857277346295]
[-0.4298481925764948, -0.003449857277346295], 0, -1.0, [-0.4349919459338142, -0.005143753357319344]
[-0.4349919459338142, -0.005143753357319344], 0, -1.0, [-0.44179245186032445, -0.0068005059265102835]
[-0.44179245186032445, -0.0068005059265102835], 0, -1.0, [-0.45020036469458624, -0.0084079128342618]
[-0.45020036469458624, -0.0084079128342618], 0, -1.0, [-0.46015432789391175, -0.009953963199325512]
[-0.46015432789391175, -0.009953963199325512], 0, -1.0, [-0.4715812566653036, -0.011426928771391846]
[-0.4715812566653036, -0.011426928771391846], 0, -1.0, [-0.4843967353162863, -0.012815478650982683]
[-0.4843967353162863, -0.012815478650982683], 0, -1.0, [-0.49850555197388646, -0.014108816657600156]
[-0.49850555197388646, -0.014108816657600156], 0, -1.0, [-0.5138023901040024, -0.015296838130115925]
[-0.5138023901040024, -0.015296838130115925], 0, -1.0, [-0.5301726905490839, -0.016370300445081462]
[-0.5301726905490839, -0.016370300445081462], 0, -1.0, [-0.5474936898281048, -0.01732099927902085]
[-0.5474936898281048, -0.01732099927902085], 0, -1.0, [-0.5656356306970354, -0.01814194086893059]
[-0.5656356306970354, -0.01814194086893059], 0, -1.0, [-0.5844631301745389, -0.01882749947750355]
[-0.5844631301745389, -0.01882749947750355], 0, -1.0, [-0.6038366793068772, -0.01937354913233838]
[-0.6038366793068772, -0.01937354913233838], 0, -1.0, [-0.6236142388878484, -0.019777559580971188]
[-0.6236142388878484, -0.019777559580971188], 0, -1.0, [-0.6436528871581256, -0.02003864827027722]
[-0.6436528871581256, -0.02003864827027722], 0, -1.0, [-0.6638104700355437, -0.020157582877418073]
[-0.6638104700355437, -0.020157582877418073], 0, -1.0, [-0.6839472022671179, -0.020136732231574233]
[-0.6839472022671179, -0.020136732231574233], 0, -1.0, [-0.7039271692957948, -0.019979967028676885]
[-0.7039271692957948, -0.019979967028676885], 0, -1.0, [-0.723619684473505, -0.01969251517771021]
[-0.723619684473505, -0.01969251517771021], 0, -1.0, [-0.7429004640442095, -0.019280779570704464]
[-0.7429004640442095, -0.019280779570704464], 0, -1.0, [-0.7616525923007462, -0.01875212825653667]
[-0.7616525923007462, -0.01875212825653667], 0, -1.0, [-0.7797672605500052, -0.018114668249258965]
[-0.7797672605500052, -0.018114668249258965], 0, -1.0, [-0.7971442750201275, -0.01737701447012225]
[-0.7971442750201275, -0.01737701447012225], 0, -1.0, [-0.8136923397047294, -0.016548064684601932]
[-0.8136923397047294, -0.016548064684601932], 1, -1.0, [-0.8283291296274009, -0.014636789922671502]
[-0.8283291296274009, -0.014636789922671502], 2, -1.0, [-0.8399857469378358, -0.011656617310434934]
[-0.8399857469378358, -0.011656617310434934], 2, -1.0, [-0.8486100464073411, -0.008624299469505247]
[-0.8486100464073411, -0.008624299469505247], 2, -1.0, [-0.8541650437214763, -0.00555499731413519]
[-0.8541650437214763, -0.00555499731413519], 2, -1.0, [-0.8566276488142958, -0.0024626050928194584]
[-0.8566276488142958, -0.0024626050928194584], 2, -1.0, [-0.8559878110762105, 0.0006398377380852395]
[-0.8559878110762105, 0.0006398377380852395], 2, -1.0, [-0.8522481308596036, 0.003739680216606885]
[-0.8522481308596036, 0.003739680216606885], 2, -1.0, [-0.8454239609768349, 0.006824169882768717]
[-0.8454239609768349, 0.006824169882768717], 2, -1.0, [-0.8355439920612309, 0.009879968915604066]
[-0.8355439920612309, 0.009879968915604066], 2, -1.0, [-0.822651285592803, 0.012892706468427908]
[-0.822651285592803, 0.012892706468427908], 2, -1.0, [-0.8068046870248398, 0.01584659856796319]
[-0.8068046870248398, 0.01584659856796319], 2, -1.0, [-0.7880805183035703, 0.018724168721269523]
[-0.7880805183035703, 0.018724168721269523], 2, -1.0, [-0.766574414683571, 0.02150610361999923]
[-0.766574414683571, 0.02150610361999923], 2, -1.0, [-0.7424031370200411, 0.024171277663529857]
[-0.7424031370200411, 0.024171277663529857], 2, -1.0, [-0.7157061611607148, 0.02669697585932629]
[-0.7157061611607148, 0.02669697585932629], 2, -1.0, [-0.6866468256545469, 0.02905933550616789]
[-0.6866468256545469, 0.02905933550616789], 2, -1.0, [-0.6554128137196955, 0.031234011934851463]
[-0.6554128137196955, 0.031234011934851463], 2, -1.0, [-0.6222157612317794, 0.03319705248791613]
[-0.6222157612317794, 0.03319705248791613], 2, -1.0, [-0.5872898238885023, 0.03492593734327705]
[-0.5872898238885023, 0.03492593734327705], 2, -1.0, [-0.5508891049981418, 0.03640071889036043]
[-0.5508891049981418, 0.03640071889036043], 2, -1.0, [-0.5132839372146906, 0.0376051677834512]
[-0.5132839372146906, 0.0376051677834512], 2, -1.0, [-0.4747561183733228, 0.038527818841367745]
[-0.4747561183733228, 0.038527818841367745], 2, -1.0, [-0.4355933100255689, 0.03916280834775391]
[-0.4355933100255689, 0.03916280834775391], 2, -1.0, [-0.3960829013614552, 0.03951040866411368]
[-0.3960829013614552, 0.03951040866411368], 2, -1.0, [-0.35650570557299843, 0.03957719578845675]
[-0.35650570557299843, 0.03957719578845675], 2, -1.0, [-0.3171298791807739, 0.03937582639222452]
[-0.3171298791807739, 0.03937582639222452], 2, -1.0, [-0.2782054332272066, 0.038924445953567297]
[-0.2782054332272066, 0.038924445953567297], 2, -1.0, [-0.23995964244602191, 0.03824579078118468]
[-0.23995964244602191, 0.03824579078118468], 2, -1.0, [-0.20259356555755714, 0.03736607688846476]
[-0.20259356555755714, 0.03736607688846476], 2, -1.0, [-0.16627978208147692, 0.03631378347608022]
[-0.16627978208147692, 0.03631378347608022], 2, -1.0, [-0.13116134464968207, 0.03511843743179485]
[-0.13116134464968207, 0.03511843743179485], 2, -1.0, [-0.09735185436712859, 0.03380949028255348]
[-0.09735185436712859, 0.03380949028255348], 2, -1.0, [-0.06493649923115445, 0.03241535513597414]
[-0.06493649923115445, 0.03241535513597414], 2, -1.0, [-0.033973855506979136, 0.030962643724175315]
[-0.033973855506979136, 0.030962643724175315], 2, -1.0, [-0.004498238012453713, 0.029475617494525423]
[-0.004498238012453713, 0.029475617494525423], 2, -1.0, [0.02347760711275093, 0.027975845125204644]
[0.02347760711275093, 0.027975845125204644], 2, -1.0, [0.04995965065280639, 0.026482043540055455]
[0.04995965065280639, 0.026482043540055455], 2, -1.0, [0.07496972129314879, 0.025010070640342396]
[0.07496972129314879, 0.025010070640342396], 2, -1.0, [0.0985427560105819, 0.02357303471743312]
[0.0985427560105819, 0.02357303471743312], 2, -1.0, [0.12072424250065295, 0.022181486490071033]
[0.12072424250065295, 0.022181486490071033], 2, -1.0, [0.1415679059424712, 0.020843663441818254]
[0.1415679059424712, 0.020843663441818254], 2, -1.0, [0.1611336672436336, 0.019565761301162377]
[0.1611336672436336, 0.019565761301162377], 2, -1.0, [0.17948588033433485, 0.01835221309070125]
[0.17948588033433485, 0.01835221309070125], 2, -1.0, [0.1966918418172042, 0.017205961482869354]
[0.1966918418172042, 0.017205961482869354], 2, -1.0, [0.21282055665679153, 0.01612871483958734]
[0.21282055665679153, 0.01612871483958734], 2, -1.0, [0.2279417377660297, 0.015121181109238165]
[0.2279417377660297, 0.015121181109238165], 2, -1.0, [0.2421250144543565, 0.014183276688326798]
[0.2421250144543565, 0.014183276688326798], 2, -1.0, [0.25543932395604857, 0.0133143095016921]
[0.25543932395604857, 0.0133143095016921], 2, -1.0, [0.2679524609905391, 0.012513137034490522]
[0.2679524609905391, 0.012513137034490522], 2, -1.0, [0.2797307619856395, 0.011778300995100386]
[0.2797307619856395, 0.011778300995100386], 2, -1.0, [0.29083890281385494, 0.011108140828215455]
[0.29083890281385494, 0.011108140828215455], 2, -1.0, [0.3013397913568812, 0.010500888543026294]
[0.3013397913568812, 0.010500888543026294], 2, -1.0, [0.3112945387206159, 0.009954747363734695]
[0.3112945387206159, 0.009954747363734695], 2, -1.0, [0.32076249534046875, 0.009467956619852839]
[0.32076249534046875, 0.009467956619852839], 2, -1.0, [0.32980134046545195, 0.009038845124983205]
[0.32980134046545195, 0.009038845124983205], 2, -1.0, [0.33846721554867837, 0.008665875083226407]
[0.33846721554867837, 0.008665875083226407], 2, -1.0, [0.34681489388694164, 0.008347678338263257]
[0.34681489388694164, 0.008347678338263257], 2, -1.0, [0.35489798044557763, 0.008083086558636012]
[0.35489798044557763, 0.008083086558636012], 2, -1.0, [0.36276913718979326, 0.007871156744215627]
[0.36276913718979326, 0.007871156744215627], 2, -1.0, [0.37048033043865963, 0.007711193248866398]
[0.37048033043865963, 0.007711193248866398], 2, -1.0, [0.37808309778377447, 0.00760276734511481]
[0.37808309778377447, 0.00760276734511481], 2, -1.0, [0.3856288329918689, 0.0075457352080944215]
[0.3856288329918689, 0.0075457352080944215], 2, -1.0, [0.3931690880583686, 0.0075402550664996956]
[0.3931690880583686, 0.0075402550664996956], 2, -1.0, [0.40075589221333685, 0.007586804154968265]
[0.40075589221333685, 0.007586804154968265], 2, -1.0, [0.4084420882149572, 0.007686196001620346]
[0.4084420882149572, 0.007686196001620346], 2, -1.0, [0.4162816867070316, 0.00783959849207438]
[0.4162816867070316, 0.00783959849207438], 2, -1.0, [0.4243302397690286, 0.008048553061997053]
[0.4243302397690286, 0.008048553061997053], 2, -1.0, [0.432645235047056, 0.00831499527802738]
[0.432645235047056, 0.00831499527802738], 2, -1.0, [0.4412865120114026, 0.008641276964346616]
[0.4412865120114026, 0.008641276964346616], 2, -1.0, [0.4503167019215292, 0.009030189910126595]
[0.4503167019215292, 0.009030189910126595], 2, -1.0, [0.45980169296166373, 0.009484991040134508]
[0.45980169296166373, 0.009484991040134508], 2, -1.0, [0.4698111216940469, 0.010009428732383144]
[0.4698111216940469, 0.010009428732383144], 2, -1.0, [0.48041889139841304, 0.010607769704366141]
[0.48041889139841304, 0.010607769704366141], 2, -1.0, [0.4917037169378798, 0.011284825539466765]
[0.4917037169378798, 0.011284825539466765], 2, -1.0, [0.5037496943954357, 0.012045977457555887]
