[-0.4303878395540976, 0.0], 0, -1.0, [-0.4320778463995988, -0.0016900068455012042]
[-0.4320778463995988, -0.0016900068455012042], 0, -1.0, [-0.43544566856205386, -0.0033678221624550936]
[-0.43544566856205386, -0.0033678221624550936], 0, -1.0, [-0.44046695928638185, -0.005021290724327984]
[-0.44046695928638185, -0.005021290724327984], 0, -1.0, [-0.44710529540331895, -0.006638336116937109]
[-0.44710529540331895, -0.006638336116937109], 0, -1.0, [-0.4553123105583684, -0.008207015155049468]
[-0.4553123105583684, -0.008207015155049468], 0, -1.0, [-0.46502789945626927, -0.009715588897900848]
[-0.46502789945626927, -0.009715588897900848], 0, -1.0, [-0.4761805129477908, -0.011152613491521536]
[-0.4761805129477908, -0.011152613491521536], 0, -1.0, [-0.48868756515212924, -0.01250705220433847]
[-0.48868756515212924, -0.01250705220433847], 0, -1.0, [-0.5024559730151203, -0.01376840786299112]
[-0.5024559730151203, -0.01376840786299112], 0, -1.0, [-0.5173828455926976, -0.014926872577577337]
[-0.5173828455926976, -0.014926872577577337], 0, -1.0, [-0.533356334943454, -0.015973489350756386]
[-0.533356334943454, -0.015973489350756386], 0, -1.0, [-0.5502566530501138, -0.016900318106659817]
[-0.5502566530501138, -0.016900318106659817], 0, -1.0, [-0.5679572501302029, -0.017700597080089038]
[-0.5679572501302029, -0.017700597080089038], 0, -1.0, [-0.5863261397162849, -0.018368889586081964]
[-0.5863261397162849, -0.018368889586081964], 0, -1.0, [-0.6052273458251591, -0.01890120610887427]
[-0.6052273458251591, -0.01890120610887427], 0, -1.0, [-0.6245224383168583, -0.019295092491699126]
[-0.6245224383168583, -0.019295092491699126], 0, -1.0, [-0.6440721150715253, -0.019549676754666994]
[-0.6440721150715253, -0.019549676754666994], 0, -1.0, [-0.6637377846552299, -0.01966566958370461]
[-0.6637377846552299, -0.01966566958370461], 0, -1.0, [-0.6833831012377124, -0.019645316582482496]
[-0.6833831012377124, -0.019645316582482496], 0, -1.0, [-0.7028754048883605, -0.019492303650648166]
[-0.7028754048883605, -0.019492303650648166], 0, -1.0, [-0.722087024892837, -0.019211620004476487]
[-0.722087024892837, -0.019211620004476487], 0, -1.0, [-0.7408964109617767, -0.01880938606893965]
[-0.7408964109617767, -0.01880938606893965], 0, -1.0, [-0.7591890664494976, -0.018292655487720893]
[-0.7591890664494976, -0.018292655487720893], 0, -1.0, [-0.7768582681129415, -0.017669201663443924]
[-0.7768582681129415, -0.017669201663443924], 0, -1.0, [-0.7938055676244977, -0.016947299511556248]
[-0.7938055676244977, -0.016947299511556248], 0, -1.0, [-0.8099410801778044, -0.01613551255330671]
[-0.8099410801778044, -0.01613551255330671], 2, -1.0, [-0.8231835744154626, -0.013242494237658272]
[-0.8231835744154626, -0.013242494237658272], 2, -1.0, [-0.8334696885966993, -0.010286114181236723]
[-0.8334696885966993, -0.010286114181236723], 2, -1.0, [-0.8407523318704586, -0.0072826432737592844]
[-0.8407523318704586, -0.0072826432737592844], 2, -1.0, [-0.8449993144364565, -0.004246982565997912]
[-0.8449993144364565, -0.004246982565997912], 2, -1.0, [-0.8461923118988693, -0.0011929974624128878]
[-0.8461923118988693, -0.0011929974624128878], 2, -1.0, [-0.8443262367061486, 0.0018660751927207656]
[-0.8443262367061486, 0.0018660751927207656], 2, -1.0, [-0.8394090583710778, 0.004917178335070735]
[-0.8394090583710778, 0.004917178335070735], 2, -1.0, [-0.831462084061366, 0.007946974309711818]
[-0.831462084061366, 0.007946974309711818], 2, -1.0, [-0.8205206814070328, 0.010941402654333226]
[-0.8205206814070328, 0.010941402654333226], 2, -1.0, [-0.8066353950741267, 0.013885286332906123]
[-0.8066353950741267, 0.013885286332906123], 2, -1.0, [-0.7898733771683624, 0.016762017905764395]
[-0.7898733771683624, 0.016762017905764395], 2, -1.0, [-0.7703200189332712, 0.0195533582350912]
[-0.7703200189332712, 0.0195533582350912], 2, -1.0, [-0.7480806386680541, 0.02223938026521711]
[-0.7480806386680541, 0.02223938026521711], 2, -1.0, [-0.7232820508454093, 0.024798587822644783]
[-0.7232820508454093, 0.024798587822644783], 2, -1.0, [-0.696073818007843, 0.027208232837566303]
[-0.696073818007843, 0.027208232837566303], 2, -1.0, [-0.6666289752473081, 0.02944484276053483]
[-0.6666289752473081, 0.02944484276053483], 2, -1.0, [-0.6351440224473857, 0.03148495279992251]
[-0.6351440224473857, 0.03148495279992251], 2, -1.0, [-0.6018380068032442, 0.03330601564414151]
[-0.6018380068032442, 0.03330601564414151], 2, -1.0, [-0.5669505700860291, 0.03488743671721504]
[-0.5669505700860291, 0.03488743671721504], 2, -1.0, [-0.5307389107224328, 0.03621165936359627]
[-0.5307389107224328, 0.03621165936359627], 2, -1.0, [-0.4934737044404805, 0.03726520628195236]
[-0.4934737044404805, 0.03726520628195236], 2, -1.0, [-0.4554341287528952, 0.038039575687585335]
[-0.4554341287528952, 0.038039575687585335], 2, -1.0, [-0.4169022322422666, 0.03853189651062859]
[-0.4169022322422666, 0.03853189651062859], 2, -1.0, [-0.3781569648301071, 0.03874526741215953]
[-0.3781569648301071, 0.03874526741215953], 2, -1.0, [-0.3394682274822079, 0.03868873734789919]
[-0.3394682274822079, 0.03868873734789919], 2, -1.0, [-0.30109130180322574, 0.03837692567898213]
[-0.30109130180322574, 0.03837692567898213], 2, -1.0, [-0.2632619813824892, 0.03782932042073654]
[-0.2632619813824892, 0.03782932042073654], 2, -1.0, [-0.226192654348756, 0.037069327033733196]
[-0.226192654348756, 0.037069327033733196], 2, -1.0, [-0.1900694925629392, 0.03612316178581679]
[-0.1900694925629392, 0.03612316178581679], 2, -1.0, [-0.15505080191618492, 0.03501869064675428]
[-0.15505080191618492, 0.03501869064675428], 2, -1.0, [-0.12126649430196473, 0.03378430761422019]
[-0.12126649430196473, 0.03378430761422019], 2, -1.0, [-0.08881856571685129, 0.03244792858511344]
[-0.08881856571685129, 0.03244792858511344], 2, -1.0, [-0.05778241267648575, 0.03103615304036554]
[-0.05778241267648575, 0.03103615304036554], 2, -1.0, [-0.02820879201895122, 0.02957362065753453]
[-0.02820879201895122, 0.02957362065753453], 2, -1.0, [-0.00012622467332451884, 0.0280825673456267]
[-0.00012622467332451884, 0.0280825673456267], 2, -1.0, [0.026456342851544697, 0.026582567524869215]
[0.026456342851544697, 0.026582567524869215], 2, -1.0, [0.05154678054700537, 0.025090437695460672]
[0.05154678054700537, 0.025090437695460672], 2, -1.0, [0.07516705076505473, 0.02362027021804936]
[0.07516705076505473, 0.02362027021804936], 2, -1.0, [0.09735061554711248, 0.022183564782057755]
[0.09735061554711248, 0.022183564782057755], 2, -1.0, [0.11814004250748694, 0.02078942696037446]
[0.11814004250748694, 0.02078942696037446], 2, -1.0, [0.1375848497447326, 0.01944480723724566]
[0.1375848497447326, 0.01944480723724566], 2, -1.0, [0.15573960859237318, 0.0181547588476406]
[0.15573960859237318, 0.0181547588476406], 2, -1.0, [0.17266230645469527, 0.016922697862322082]
[0.17266230645469527, 0.016922697862322082], 2, -1.0, [0.1884129601160907, 0.01575065366139543]
[0.1884129601160907, 0.01575065366139543], 2, -1.0, [0.20305246208746053, 0.01463950197136982]
[0.20305246208746053, 0.01463950197136982], 2, -1.0, [0.2166416379768156, 0.013589175889355065]
[0.2166416379768156, 0.013589175889355065], 2, -1.0, [0.22924049077273706, 0.012598852795921467]
[0.22924049077273706, 0.012598852795921467], 2, -1.0, [0.24090760762041183, 0.011667116847674757]
[0.24090760762041183, 0.011667116847674757], 2, -1.0, [0.2516997055759701, 0.010792097955558248]
[0.2516997055759701, 0.010792097955558248], 2, -1.0, [0.26167129449144094, 0.009971588915470819]
[0.26167129449144094, 0.009971588915470819], 2, -1.0, [0.27087443726713734, 0.009203142775696387]
[0.27087443726713734, 0.009203142775696387], 2, -1.0, [0.2793585899639407, 0.00848415269680337]
[0.2793585899639407, 0.00848415269680337], 2, -1.0, [0.28717050652580833, 0.007811916561867639]
[0.28717050652580833, 0.007811916561867639], 2, -1.0, [0.29435419501412396, 0.0071836884883156185]
[0.29435419501412396, 0.0071836884883156185], 2, -1.0, [0.3009509142362586, 0.006596719222134603]
[0.3009509142362586, 0.006596719222134603], 2, -1.0, [0.30699920142889686, 0.006048287192638268]
[0.30699920142889686, 0.006048287192638268], 2, -1.0, [0.312534923222215, 0.005535721793318153]
[0.312534923222215, 0.005535721793318153], 2, -1.0, [0.31759134346804413, 0.005056420245829147]
[0.31759134346804413, 0.005056420245829147], 2, -1.0, [0.3221992026765709, 0.004607859208526736]
[0.3221992026765709, 0.004607859208526736], 2, -1.0, [0.32638680478948334, 0.004187602112912488]
[0.32638680478948334, 0.004187602112912488], 2, -1.0, [0.3301801078423461, 0.0037933030528627485]
[0.3301801078423461, 0.0037933030528627485], 2, -1.0, [0.33360281575520073, 0.0034227079128546292]
[0.33360281575520073, 0.0034227079128546292], 2, -1.0, [0.3366764690569098, 0.0030736533017090657]
[0.3366764690569098, 0.0030736533017090657], 2, -1.0, [0.3394205328130795, 0.0027440637561696813]
[0.3394205328130795, 0.0027440637561696813], 2, -1.0, [0.3418524804052376, 0.0024319475921580997]
[0.3418524804052376, 0.0024319475921580997], 2, -1.0, [0.3439878721141742, 0.0021353917089365947]
[0.3439878721141742, 0.0021353917089365947], 2, -1.0, [0.3458404277050357, 0.0018525555908615215]
[0.3458404277050357, 0.0018525555908615215], 2, -1.0, [0.3474220924062818, 0.0015816647012460762]
[0.3474220924062818, 0.0015816647012460762], 2, -1.0, [0.348743095827838, 0.0013210034215562255]
[0.348743095827838, 0.0013210034215562255], 2, -1.0, [0.34981200348324815, 0.0010689076554101506]
[0.34981200348324815, 0.0010689076554101506], 2, -1.0, [0.3506357606727435, 0.0008237571894953251]
[0.3506357606727435, 0.0008237571894953251], 2, -1.0, [0.3512197285543352, 0.0005839678815917249]
[0.3512197285543352, 0.0005839678815917249], 2, -1.0, [0.35156771228292866, 0.0003479837285934387]
[0.35156771228292866, 0.0003479837285934387], 2, -1.0, [0.35168198113703353, 0.00011426885410485352]
[0.35168198113703353, 0.00011426885410485352], 2, -1.0, [0.3515632805823744, -0.00011870055465913396]
[0.3515632805823744, -0.00011870055465913396], 0, -1.0, [0.3492108362446738, -0.0023524443377006083]
[0.3492108362446738, -0.0023524443377006083], 2, -1.0, [0.3466093337358785, -0.0026015025087953256]
[0.3466093337358785, -0.0026015025087953256], 2, -1.0, [0.34374190977150876, -0.0028674239643697213]
[0.34374190977150876, -0.0028674239643697213], 0, -1.0, [0.33859006670214986, -0.005151843069358902]
[0.33859006670214986, -0.005151843069358902], 0, -1.0, [0.3311208098700223, -0.007469256832127567]
[0.3311208098700223, -0.007469256832127567], 0, -1.0, [0.32128686382376753, -0.009833946046254777]
[0.32128686382376753, -0.009833946046254777], 0, -1.0, [0.3090270348874302, -0.012259828936337341]
[0.3090270348874302, -0.012259828936337341], 0, -1.0, [0.2942667777588009, -0.014760257128629321]
[0.2942667777588009, -0.014760257128629321], 0, -1.0, [0.27691904482251156, -0.017347732936289332]
[0.27691904482251156, -0.017347732936289332], 0, -1.0, [0.2568855197526928, -0.020033525069818762]
[0.2568855197526928, -0.020033525069818762], 0, -1.0, [0.2340583610306913, -0.022827158722001493]
[0.2340583610306913, -0.022827158722001493], 0, -1.0, [0.20832260442828499, -0.025735756602406307]
[0.20832260442828499, -0.025735756602406307], 0, -1.0, [0.1795593929472677, -0.028763211481017303]
[0.1795593929472677, -0.028763211481017303], 0, -1.0, [0.14765021264700315, -0.03190918030026454]
[0.14765021264700315, -0.03190918030026454], 0, -1.0, [0.11248230501324674, -0.035167907633756414]
[0.11248230501324674, -0.035167907633756414], 0, -1.0, [0.073955389847159, -0.038526915166087736]
[0.073955389847159, -0.038526915166087736], 0, -1.0, [0.03198975343915353, -0.04196563640800548]
[0.03198975343915353, -0.04196563640800548], 0, -1.0, [-0.013464379178515916, -0.045454132617669445]
[-0.013464379178515916, -0.045454132617669445], 1, -1.0, [-0.06141647256652623, -0.04795209338801031]
[-0.06141647256652623, -0.04795209338801031], 0, -1.0, [-0.11282625105640981, -0.05140977848988359]
[-0.11282625105640981, -0.05140977848988359], 0, -1.0, [-0.16759418177293664, -0.05476793071652682]
[-0.16759418177293664, -0.05476793071652682], 0, -1.0, [-0.22555272534686027, -0.057958543573923625]
[-0.22555272534686027, -0.057958543573923625], 0, -1.0, [-0.28646044314216784, -0.06090771779530758]
[-0.28646044314216784, -0.06090771779530758], 0, -1.0, [-0.3500004264328901, -0.06353998329072223]
[-0.3500004264328901, -0.06353998329072223], 0, -1.0, [-0.4157843345691072, -0.06578390813621708]
[-0.4157843345691072, -0.06578390813621708], 0, -1.0, [-0.48336282573923584, -0.06757849117012864]
[-0.48336282573923584, -0.06757849117012864], 0, -1.0, [-0.5522423542503955, -0.06887952851115961]
[-0.5522423542503955, -0.06887952851115961], 2, -1.0, [-0.6199073202075728, -0.06766496595717729]
[-0.6199073202075728, -0.06766496595717729], 0, -1.0, [-0.6878599797760842, -0.06795265956851138]
[-0.6878599797760842, -0.06795265956851138], 0, -1.0, [-0.7556299390083898, -0.06776995923230564]
[-0.7556299390083898, -0.06776995923230564], 0, -1.0, [-0.8227968359513906, -0.06716689694300082]
[-0.8227968359513906, -0.06716689694300082], 0, -1.0, [-0.8890091599866377, -0.06621232403524702]
[-0.8890091599866377, -0.06621232403524702], 0, -1.0, [-0.9539977552709777, -0.06498859528434013]
[-0.9539977552709777, -0.06498859528434013], 0, -1.0, [-1.0175834353737214, -0.06358568010274365]
[-1.0175834353737214, -0.06358568010274365], 0, -1.0, [-1.0796789751920872, -0.062095539818365846]
[-1.0796789751920872, -0.062095539818365846], 0, -1.0, [-1.1402863748541916, -0.060607399662104426]
[-1.1402863748541916, -0.060607399662104426], 0, -1.0, [-1.199490629779727, -0.059204254925535445]
[-1.199490629779727, -0.059204254925535445], 0, -1.0, [-1.2, 0.0]
[-1.2, 0.0], 1, -1.0, [-1.1977581039591645, 0.002241896040835368]
[-1.1977581039591645, 0.002241896040835368], 2, -1.0, [-1.192266922003125, 0.00549118195603954]
[-1.192266922003125, 0.00549118195603954], 2, -1.0, [-1.1835087842422778, 0.008758137760847242]
[-1.1835087842422778, 0.008758137760847242], 2, -1.0, [-1.1714567831343694, 0.012052001107908413]
[-1.1714567831343694, 0.012052001107908413], 2, -1.0, [-1.1560764837952135, 0.015380299339155815]
[-1.1560764837952135, 0.015380299339155815], 2, -1.0, [-1.137328367422801, 0.018748116372412627]
[-1.137328367422801, 0.018748116372412627], 2, -1.0, [-1.1151710856910118, 0.022157281731789262]
[-1.1151710856910118, 0.022157281731789262], 2, -1.0, [-1.0895656035996981, 0.02560548209131374]
[-1.0895656035996981, 0.02560548209131374], 2, -1.0, [-1.060480288669089, 0.02908531493060923]
[-1.060480288669089, 0.02908531493060923], 2, -1.0, [-1.0278969583258928, 0.03258333034319622]
[-1.0278969583258928, 0.03258333034319622], 2, -1.0, [-0.9918178175819486, 0.03607914074394418]
[-0.9918178175819486, 0.03607914074394418], 2, -1.0, [-0.9522731003407132, 0.03954471724123545]
[-0.9522731003407132, 0.03954471724123545], 2, -1.0, [-0.9093290697204207, 0.04294403062029249]
[-0.9093290697204207, 0.04294403062029249], 2, -1.0, [-0.8630958448470684, 0.046233224873352366]
[-0.8630958448470684, 0.046233224873352366], 2, -1.0, [-0.8137343264690569, 0.04936151837801154]
[-0.8137343264690569, 0.04936151837801154], 2, -1.0, [-0.7614613303554927, 0.052272996113564126]
[-0.7614613303554927, 0.052272996113564126], 2, -1.0, [-0.7065519584468999, 0.054909371908592776]
[-0.7065519584468999, 0.054909371908592776], 2, -1.0, [-0.6493382999723089, 0.05721365847459106]
[-0.6493382999723089, 0.05721365847459106], 2, -1.0, [-0.5902038014347583, 0.05913449853755058]
[-0.5902038014347583, 0.05913449853755058], 2, -1.0, [-0.529573082669591, 0.06063071876516724]
[-0.529573082669591, 0.06063071876516724], 2, -1.0, [-0.46789755900026714, 0.061675523669323884]
[-0.46789755900026714, 0.061675523669323884], 2, -1.0, [-0.40563785294292787, 0.0622597060573393]
[-0.40563785294292787, 0.0622597060573393], 1, -1.0, [-0.3442445033351574, 0.06139334960777047]
[-0.3442445033351574, 0.06139334960777047], 1, -1.0, [-0.28413233745024163, 0.060112165884915726]
[-0.28413233745024163, 0.060112165884915726], 2, -1.0, [-0.2246656226232717, 0.05946671482696994]
[-0.2246656226232717, 0.05946671482696994], 2, -1.0, [-0.16615224132830486, 0.05851338129496683]
[-0.16615224132830486, 0.05851338129496683], 2, -1.0, [-0.10883466353949317, 0.057317577788811684]
[-0.10883466353949317, 0.057317577788811684], 2, -1.0, [-0.05288500929415788, 0.05594965424533529]
[-0.05288500929415788, 0.05594965424533529], 2, -1.0, [0.0015960432788412263, 0.05448105257299911]
[0.0015960432788412263, 0.05448105257299911], 2, -1.0, [0.05457712450951975, 0.052981081230678524]
[0.05457712450951975, 0.052981081230678524], 1, -1.0, [0.10509164089927746, 0.05051451638975771]
[0.10509164089927746, 0.05051451638975771], 1, -1.0, [0.15322937937052705, 0.048137738471249594]
[0.15322937937052705, 0.048137738471249594], 1, -1.0, [0.1991266405806661, 0.045897261210139054]
[0.1991266405806661, 0.045897261210139054], 0, -1.0, [0.24195687132130358, 0.0428302307406375]
[0.24195687132130358, 0.0428302307406375], 0, -1.0, [0.28191729755345807, 0.03996042623215447]
[0.28191729755345807, 0.03996042623215447], 0, -1.0, [0.3192198020332808, 0.03730250447982272]
[0.3192198020332808, 0.03730250447982272], 0, -1.0, [0.3540837169927782, 0.034863914959497366]
[0.3540837169927782, 0.034863914959497366], 0, -1.0, [0.38673036435002967, 0.03264664735725148]
[0.38673036435002967, 0.03264664735725148], 0, -1.0, [0.4173791008887469, 0.030648736538717226]
[0.4173791008887469, 0.030648736538717226], 0, -1.0, [0.4462446039865231, 0.02886550309777617]
[0.4462446039865231, 0.02886550309777617], 0, -1.0, [0.4735351439878207, 0.027290540001297586]
[0.4735351439878207, 0.027290540001297586], 0, -1.0, [0.4994516167865236, 0.02591647279870289]
[0.4994516167865236, 0.02591647279870289], 0, -1.0, [0.5241871442509258, 0.024735527464402166]
