[-0.536482807901373, 0.0], 0, -1.0, [-0.537386201717985, -0.0009033938166119289]
[-0.537386201717985, -0.0009033938166119289], 0, -1.0, [-0.5391862193212441, -0.0018000176032590613]
[-0.5391862193212441, -0.0018000176032590613], 0, -1.0, [-0.5418693736985561, -0.0026831543773120454]
[-0.5418693736985561, -0.0026831543773120454], 0, -1.0, [-0.5454155671935064, -0.0035461934949502436]
[-0.5454155671935064, -0.0035461934949502436], 0, -1.0, [-0.5497982515486171, -0.0043826843551106635]
[-0.5497982515486171, -0.0043826843551106635], 0, -1.0, [-0.5549846420876664, -0.005186390539049346]
[-0.5549846420876664, -0.005186390539049346], 0, -1.0, [-0.5609359862941682, -0.00595134420650177]
[-0.5609359862941682, -0.00595134420650177], 0, -1.0, [-0.5676078866222922, -0.006671900328123995]
[-0.5676078866222922, -0.006671900328123995], 0, -1.0, [-0.5749506766977674, -0.007342790075475271]
[-0.5749506766977674, -0.007342790075475271], 0, -1.0, [-0.5829098491368175, -0.007959172439050076]
[-0.5829098491368175, -0.007959172439050076], 0, -1.0, [-0.5914265320642613, -0.008516682927443795]
[-0.5914265320642613, -0.008516682927443795], 0, -1.0, [-0.6004380101052866, -0.009011478041025355]
[-0.6004380101052866, -0.009011478041025355], 0, -1.0, [-0.6098782842376053, -0.009440274132318625]
[-0.6098782842376053, -0.009440274132318625], 0, -1.0, [-0.6196786635153536, -0.009800379277748404]
[-0.6196786635153536, -0.009800379277748404], 0, -1.0, [-0.629768380414365, -0.010089716899011406]
[-0.629768380414365, -0.010089716899011406], 0, -1.0, [-0.6400752205002275, -0.0103068400858625]
[-0.6400752205002275, -0.0103068400858625], 0, -1.0, [-0.6505261563754772, -0.010450935875249657]
[-0.6505261563754772, -0.010450935875249657], 0, -1.0, [-0.661047975491208, -0.010521819115730802]
[-0.661047975491208, -0.010521819115730802], 0, -1.0, [-0.6715678914565798, -0.010519915965371832]
[-0.6715678914565798, -0.010519915965371832], 0, -1.0, [-0.6820141289624388, -0.010446237505859015]
[-0.6820141289624388, -0.010446237505859015], 0, -1.0, [-0.692316473336345, -0.010302344373906239]
[-0.692316473336345, -0.010302344373906239], 0, -1.0, [-0.7024067770197338, -0.010090303683388669]
[-0.7024067770197338, -0.010090303683388669], 0, -1.0, [-0.7122194168324062, -0.009812639812672433]
[-0.7122194168324062, -0.009812639812672433], 0, -1.0, [-0.7216916976751513, -0.009472280842745102]
[-0.7216916976751513, -0.009472280842745102], 0, -1.0, [-0.7307642002176342, -0.00907250254248297]
[-0.7307642002176342, -0.00907250254248297], 0, -1.0, [-0.7393810720233165, -0.008616871805682316]
[-0.7393810720233165, -0.008616871805682316], 2, -1.0, [-0.745490263379502, -0.006109191356185462]
[-0.745490263379502, -0.006109191356185462], 2, -1.0, [-0.7490554803885285, -0.003565217009026599]
[-0.7490554803885285, -0.003565217009026599], 2, -1.0, [-0.7500557814283717, -0.0010003010398431799]
[-0.7500557814283717, -0.0010003010398431799], 2, -1.0, [-0.7484853229181416, 0.0015704585102300963]
[-0.7484853229181416, 0.0015704585102300963], 2, -1.0, [-0.7443532855062875, 0.004132037411854058]
[-0.7443532855062875, 0.004132037411854058], 2, -1.0, [-0.7376839894677528, 0.006669296038534696]
[-0.7376839894677528, 0.006669296038534696], 2, -1.0, [-0.7285171855263353, 0.009166803941417605]
[-0.7285171855263353, 0.009166803941417605], 2, -1.0, [-0.7169084851269403, 0.011608700399395003]
[-0.7169084851269403, 0.011608700399395003], 2, -1.0, [-0.7029298730922332, 0.013978612034707018]
[-0.7029298730922332, 0.013978612034707018], 2, -1.0, [-0.6866702265896046, 0.016259646502628514]
[-0.6866702265896046, 0.016259646502628514], 2, -1.0, [-0.6682357487349481, 0.018434477854656614]
[-0.6682357487349481, 0.018434477854656614], 2, -1.0, [-0.6477502146375803, 0.02048553409736771]
[-0.6477502146375803, 0.02048553409736771], 2, -1.0, [-0.6253549241214488, 0.022395290516131563]
[-0.6253549241214488, 0.022395290516131563], 2, -1.0, [-0.6012082605543809, 0.02414666356706786]
[-0.6012082605543809, 0.02414666356706786], 2, -1.0, [-0.5754847705388361, 0.025723490015544814]
[-0.5754847705388361, 0.025723490015544814], 2, -1.0, [-0.548373705117251, 0.02711106542158504]
[-0.548373705117251, 0.02711106542158504], 2, -1.0, [-0.5200769987533101, 0.028296706363940844]
[-0.5200769987533101, 0.028296706363940844], 0, -1.0, [-0.4928067052243062, 0.027270293529003935]
[-0.4928067052243062, 0.027270293529003935], 0, -1.0, [-0.4667670239132722, 0.026039681311034]
[-0.4667670239132722, 0.026039681311034], 0, -1.0, [-0.44215151871258007, 0.024615505200692132]
[-0.44215151871258007, 0.024615505200692132], 0, -1.0, [-0.41914080776047574, 0.02301071095210435]
[-0.41914080776047574, 0.02301071095210435], 0, -1.0, [-0.39790077174749916, 0.021240036012976554]
[-0.39790077174749916, 0.021240036012976554], 0, -1.0, [-0.37858128628037485, 0.019319485467124333]
[-0.37858128628037485, 0.019319485467124333], 0, -1.0, [-0.3613154457692556, 0.017265840511119245]
[-0.3613154457692556, 0.017265840511119245], 0, -1.0, [-0.3462192157583382, 0.015096230010917408]
[-0.3462192157583382, 0.015096230010917408], 0, -1.0, [-0.33339142937609023, 0.012827786382247963]
[-0.33339142937609023, 0.012827786382247963], 1, -1.0, [-0.3219140320919916, 0.011477397284098615]
[-0.3219140320919916, 0.011477397284098615], 0, -1.0, [-0.3128586515082382, 0.009055380583753372]
[-0.3128586515082382, 0.009055380583753372], 0, -1.0, [-0.30628061448969546, 0.006578037018542785]
[-0.30628061448969546, 0.006578037018542785], 0, -1.0, [-0.30221943042452376, 0.004061184065171688]
[-0.30221943042452376, 0.004061184065171688], 0, -1.0, [-0.3006991978825108, 0.00152023254201296]
[-0.3006991978825108, 0.00152023254201296], 0, -1.0, [-0.30172887909153767, -0.0010296812090268659]
[-0.30172887909153767, -0.0010296812090268659], 0, -1.0, [-0.305302407282886, -0.0035735281913483147]
[-0.305302407282886, -0.0035735281913483147], 0, -1.0, [-0.3113986137104627, -0.006096206427576665]
[-0.3113986137104627, -0.006096206427576665], 0, -1.0, [-0.31998098328750424, -0.00858236957704156]
[-0.31998098328750424, -0.00858236957704156], 0, -1.0, [-0.3309972696648726, -0.011016286377368331]
[-0.3309972696648726, -0.011016286377368331], 0, -1.0, [-0.3443790214888221, -0.013381751823949526]
[-0.3443790214888221, -0.013381751823949526], 0, -1.0, [-0.36004109059771233, -0.015662069108890217]
[-0.36004109059771233, -0.015662069108890217], 0, -1.0, [-0.37788120880678394, -0.017840118209071595]
[-0.37788120880678394, -0.017840118209071595], 0, -1.0, [-0.3977797311231205, -0.01989852231633657]
[-0.3977797311231205, -0.01989852231633657], 0, -1.0, [-0.419599647945658, -0.021819916822537557]
[-0.419599647945658, -0.021819916822537557], 0, -1.0, [-0.4431869652719455, -0.023587317326287504]
[-0.4431869652719455, -0.023587317326287504], 0, -1.0, [-0.4683715387625971, -0.025184573490651577]
[-0.4683715387625971, -0.025184573490651577], 0, -1.0, [-0.49496842411457165, -0.026596885351974603]
[-0.49496842411457165, -0.026596885351974603], 0, -1.0, [-0.5227797731826364, -0.027811349068064754]
[-0.5227797731826364, -0.027811349068064754], 0, -1.0, [-0.5515972647626383, -0.028817491580001946]
[-0.5515972647626383, -0.028817491580001946], 0, -1.0, [-0.5812050145068437, -0.02960774974420549]
[-0.5812050145068437, -0.02960774974420549], 0, -1.0, [-0.6113828648571368, -0.030177850350293026]
[-0.6113828648571368, -0.030177850350293026], 0, -1.0, [-0.6419099184591494, -0.03052705360201255]
[-0.6419099184591494, -0.03052705360201255], 0, -1.0, [-0.6725681522011374, -0.030658233741988082]
[-0.6725681522011374, -0.030658233741988082], 0, -1.0, [-0.7031459374582947, -0.030577785257157306]
[-0.7031459374582947, -0.030577785257157306], 0, -1.0, [-0.7334412969455395, -0.030295359487244766]
[-0.7334412969455395, -0.030295359487244766], 0, -1.0, [-0.7632647490553869, -0.029823452109847347]
[-0.7632647490553869, -0.029823452109847347], 0, -1.0, [-0.7924416237356677, -0.029176874680280823]
[-0.7924416237356677, -0.029176874680280823], 0, -1.0, [-0.8208137752864478, -0.028372151550780073]
[-0.8208137752864478, -0.028372151550780073], 0, -1.0, [-0.848240661642557, -0.02742688635610914]
[-0.848240661642557, -0.02742688635610914], 0, -1.0, [-0.8745998016879718, -0.02635914004541484]
[-0.8745998016879718, -0.02635914004541484], 2, -1.0, [-0.8977866578415539, -0.023186856153582108]
[-0.8977866578415539, -0.023186856153582108], 2, -1.0, [-0.9177204779476981, -0.01993382010614423]
[-0.9177204779476981, -0.01993382010614423], 2, -1.0, [-0.9343405371699487, -0.016620059222250665]
[-0.9343405371699487, -0.016620059222250665], 2, -1.0, [-0.9476025207875175, -0.013261983617568831]
[-0.9476025207875175, -0.013261983617568831], 2, -1.0, [-0.9574752673698637, -0.009872746582346196]
[-0.9574752673698637, -0.009872746582346196], 2, -1.0, [-0.9639380319803409, -0.0064627646104771855]
[-0.9639380319803409, -0.0064627646104771855], 2, -1.0, [-0.9669783786316468, -0.0030403466513059434]
[-0.9669783786316468, -0.0030403466513059434], 2, -1.0, [-0.9665907716049246, 0.0003876070267222324]
[-0.9665907716049246, 0.0003876070267222324], 2, -1.0, [-0.9627759054120655, 0.0038148661928590435]
[-0.9627759054120655, 0.0038148661928590435], 2, -1.0, [-0.9555407904679357, 0.007235114944129784]
[-0.9555407904679357, 0.007235114944129784], 2, -1.0, [-0.9448995923563444, 0.010641198111591341]
[-0.9448995923563444, 0.010641198111591341], 2, -1.0, [-0.9308752029345021, 0.014024389421842209]
[-0.9308752029345021, 0.014024389421842209], 2, -1.0, [-0.913501497488388, 0.017373705446114038]
[-0.913501497488388, 0.017373705446114038], 2, -1.0, [-0.8928262002950901, 0.020675297193297932]
[-0.8928262002950901, 0.020675297193297932], 2, -1.0, [-0.868914238908531, 0.023911961386559072]
[-0.868914238908531, 0.023911961386559072], 2, -1.0, [-0.8418514147021384, 0.027062824206392656]
[-0.8418514147021384, 0.027062824206392656], 2, -1.0, [-0.8117481557771298, 0.030103258925008702]
[-0.8117481557771298, 0.030103258925008702], 2, -1.0, [-0.7787430538782012, 0.033005101898928545]
[-0.7787430538782012, 0.033005101898928545], 2, -1.0, [-0.7430058290465259, 0.035737224831675254]
[-0.7430058290465259, 0.035737224831675254], 2, -1.0, [-0.70473932768192, 0.03826650136460582]
[-0.70473932768192, 0.03826650136460582], 2, -1.0, [-0.6641801569160208, 0.040559170765899266]
[-0.6641801569160208, 0.040559170765899266], 2, -1.0, [-0.6215976051736345, 0.04258255174238631]
[-0.6215976051736345, 0.04258255174238631], 2, -1.0, [-0.5772906045758597, 0.044307000597774863]
[-0.5772906045758597, 0.044307000597774863], 2, -1.0, [-0.5315826543173024, 0.04570795025855728]
[-0.5315826543173024, 0.04570795025855728], 2, -1.0, [-0.48481483069343656, 0.04676782362386587]
[-0.48481483069343656, 0.04676782362386587], 2, -1.0, [-0.4373372307913008, 0.04747759990213571]
[-0.4373372307913008, 0.04747759990213571], 2, -1.0, [-0.3894993955021587, 0.04783783528914213]
[-0.3894993955021587, 0.04783783528914213], 2, -1.0, [-0.341640395311711, 0.04785900019044771]
[-0.341640395311711, 0.04785900019044771], 2, -1.0, [-0.29407931074306487, 0.04756108456864611]
[-0.29407931074306487, 0.04756108456864611], 2, -1.0, [-0.24710678789623539, 0.04697252284682948]
[-0.24710678789623539, 0.04697252284682948], 2, -1.0, [-0.20097820907442027, 0.046128578821815105]
[-0.20097820907442027, 0.046128578821815105], 2, -1.0, [-0.15590881787312108, 0.04506939120129918]
[-0.15590881787312108, 0.04506939120129918], 2, -1.0, [-0.11207091577437223, 0.04383790209874885]
[-0.11207091577437223, 0.04383790209874885], 2, -1.0, [-0.06959304092887633, 0.0424778748454959]
[-0.06959304092887633, 0.0424778748454959], 2, -1.0, [-0.028560877807642847, 0.041032163121233485]
[-0.028560877807642847, 0.041032163121233485], 2, -1.0, [0.01098045659269569, 0.03954133440033854]
[0.01098045659269569, 0.03954133440033854], 2, -1.0, [0.04902314728768437, 0.03804269069498868]
[0.04902314728768437, 0.03804269069498868], 2, -1.0, [0.0855928260612236, 0.036569678773539234]
[0.0855928260612236, 0.036569678773539234], 2, -1.0, [0.12074447195321981, 0.03515164589199621]
[0.12074447195321981, 0.03515164589199621], 2, -1.0, [0.15455834855702036, 0.03381387660380055]
[0.15455834855702036, 0.03381387660380055], 2, -1.0, [0.18713618785929262, 0.03257783930227227]
[0.18713618785929262, 0.03257783930227227], 2, -1.0, [0.21859776200848818, 0.031461574149195565]
[0.21859776200848818, 0.031461574149195565], 2, -1.0, [0.24907792505492443, 0.030480163046436234]
[0.24907792505492443, 0.030480163046436234], 2, -1.0, [0.2787241590186208, 0.02964623396369634]
[0.2787241590186208, 0.02964623396369634], 2, -1.0, [0.30769462281138554, 0.028970463792764738]
[0.30769462281138554, 0.028970463792764738], 0, -1.0, [0.33415667723149134, 0.02646205442010578]
[0.33415667723149134, 0.02646205442010578], 2, -1.0, [0.3602731761521658, 0.026116498920674476]
[0.3602731761521658, 0.026116498920674476], 2, -1.0, [0.3862131615317001, 0.02593998537953427]
[0.3862131615317001, 0.02593998537953427], 0, -1.0, [0.4101516807007716, 0.023938519169071505]
[0.4101516807007716, 0.023938519169071505], 2, -1.0, [0.43425567781871993, 0.02410399711794831]
[0.43425567781871993, 0.02410399711794831], 0, -1.0, [0.4566975959110618, 0.02244191809234186]
[0.4566975959110618, 0.02244191809234186], 2, -1.0, [0.4796411170116752, 0.02294352110061344]
[0.4796411170116752, 0.02294352110061344], 0, -1.0, [0.5012559103984274, 0.021614793386752186]
