[-0.5207411461321168, 0.0], 0, -1.0, [-0.5217625780905893, -0.0010214319584725714]
[-0.5217625780905893, -0.0010214319584725714], 0, -1.0, [-0.5237977814607215, -0.0020352033701321695]
[-0.5237977814607215, -0.0020352033701321695], 0, -1.0, [-0.5268314922869742, -0.003033710826252664]
[-0.5268314922869742, -0.003033710826252664], 0, -1.0, [-0.5308409581181229, -0.004009465831148694]
[-0.5308409581181229, -0.004009465831148694], 0, -1.0, [-0.5357961118535478, -0.0049551537354249236]
[-0.5357961118535478, -0.0049551537354249236], 0, -1.0, [-0.5416598059806037, -0.005863694127055846]
[-0.5416598059806037, -0.005863694127055846], 0, -1.0, [-0.5483881086496962, -0.006728302669092576]
[-0.5483881086496962, -0.006728302669092576], 0, -1.0, [-0.5559306626483542, -0.00754255399865803]
[-0.5559306626483542, -0.00754255399865803], 0, -1.0, [-0.5642311075447026, -0.008300444896348413]
[-0.5642311075447026, -0.008300444896348413], 0, -1.0, [-0.5732275640795186, -0.008996456534815931]
[-0.5732275640795186, -0.008996456534815931], 0, -1.0, [-0.5828531783383464, -0.009625614258827747]
[-0.5828531783383464, -0.009625614258827747], 0, -1.0, [-0.5930367214123925, -0.010183543074046127]
[-0.5930367214123925, -0.010183543074046127], 0, -1.0, [-0.6037032382734933, -0.01066651686110077]
[-0.6037032382734933, -0.01066651686110077], 0, -1.0, [-0.614774737583495, -0.011071499310001686]
[-0.614774737583495, -0.011071499310001686], 0, -1.0, [-0.6261709122845457, -0.011396174701050674]
[-0.6261709122845457, -0.011396174701050674], 0, -1.0, [-0.6378098792266821, -0.011638966942136406]
[-0.6378098792266821, -0.011638966942136406], 0, -1.0, [-0.6496089249209661, -0.011799045694284036]
[-0.6496089249209661, -0.011799045694284036], 0, -1.0, [-0.6614852438706242, -0.011876318949658115]
[-0.6614852438706242, -0.011876318949658115], 0, -1.0, [-0.6733566559004913, -0.011871412029867032]
[-0.6733566559004913, -0.011871412029867032], 0, -1.0, [-0.6851422895016472, -0.011785633601155941]
[-0.6851422895016472, -0.011785633601155941], 0, -1.0, [-0.696763219409944, -0.011620929908296796]
[-0.696763219409944, -0.011620929908296796], 0, -1.0, [-0.7081430483747752, -0.011379828964831187]
[-0.7081430483747752, -0.011379828964831187], 0, -1.0, [-0.7192084252401459, -0.011065376865370753]
[-0.7192084252401459, -0.011065376865370753], 0, -1.0, [-0.7298894939186775, -0.010681068678531613]
[-0.7298894939186775, -0.010681068678531613], 0, -1.0, [-0.7401202704411991, -0.010230776522521613]
[-0.7401202704411991, -0.010230776522521613], 0, -1.0, [-0.7498389478598649, -0.00971867741866586]
[-0.7498389478598649, -0.00971867741866586], 0, -1.0, [-0.7589881312326401, -0.009149183372775158]
[-0.7589881312326401, -0.009149183372775158], 0, -1.0, [-0.7675150071041711, -0.008526875871531048]
[-0.7675150071041711, -0.008526875871531048], 0, -1.0, [-0.7753714537329254, -0.007856446628754265]
[-0.7753714537329254, -0.007856446628754265], 0, -1.0, [-0.7825140997381732, -0.0071426460052478]
[-0.7825140997381732, -0.0071426460052478], 2, -1.0, [-0.7869043398243699, -0.004390240086196655]
[-0.7869043398243699, -0.004390240086196655], 2, -1.0, [-0.7885188433243553, -0.0016145034999853758]
[-0.7885188433243553, -0.0016145034999853758], 2, -1.0, [-0.7873491076784634, 0.001169735645891866]
[-0.7873491076784634, 0.001169735645891866], 2, -1.0, [-0.7834012889721133, 0.003947818706350205]
[-0.7834012889721133, 0.003947818706350205], 2, -1.0, [-0.7766963249956429, 0.006704963976470352]
[-0.7766963249956429, 0.006704963976470352], 2, -1.0, [-0.7672703396223203, 0.009425985373322582]
[-0.7672703396223203, 0.009425985373322582], 2, -1.0, [-0.7551752907136781, 0.012095048908642214]
[-0.7551752907136781, 0.012095048908642214], 2, -1.0, [-0.7404797975739986, 0.014695493139679432]
[-0.7404797975739986, 0.014695493139679432], 2, -1.0, [-0.7232700588969837, 0.017209738677014957]
[-0.7232700588969837, 0.017209738677014957], 2, -1.0, [-0.7036507494845453, 0.019619309412438436]
[-0.7036507494845453, 0.019619309412438436], 2, -1.0, [-0.681745765770199, 0.021904983714346335]
[-0.681745765770199, 0.021904983714346335], 2, -1.0, [-0.6576986789686252, 0.024047086801573747]
[-0.6576986789686252, 0.024047086801573747], 2, -1.0, [-0.6316727534571243, 0.026025925511501]
[-0.6316727534571243, 0.026025925511501], 2, -1.0, [-0.6038503995604553, 0.027822353896668997]
[-0.6038503995604553, 0.027822353896668997], 2, -1.0, [-0.5744319561778819, 0.029418443382573364]
[-0.5744319561778819, 0.029418443382573364], 2, -1.0, [-0.5436337399511667, 0.030798216226715185]
[-0.5436337399511667, 0.030798216226715185], 2, -1.0, [-0.5116853519483088, 0.03194838800285795]
[-0.5116853519483088, 0.03194838800285795], 2, -1.0, [-0.4788262956017733, 0.032859056346535444]
[-0.4788262956017733, 0.032859056346535444], 2, -1.0, [-0.4453020240804501, 0.03352427152132321]
[-0.4453020240804501, 0.03352427152132321], 0, -1.0, [-0.41335959319685156, 0.03194243088359853]
[-0.41335959319685156, 0.03194243088359853], 0, -1.0, [-0.3832289667506399, 0.03013062644621167]
[-0.3832289667506399, 0.03013062644621167], 0, -1.0, [-0.35512027332197055, 0.02810869342866934]
[-0.35512027332197055, 0.02810869342866934], 0, -1.0, [-0.329222051240529, 0.02589822208144154]
[-0.329222051240529, 0.02589822208144154], 0, -1.0, [-0.3057004279606307, 0.023521623279898308]
[-0.3057004279606307, 0.023521623279898308], 0, -1.0, [-0.28469911425932365, 0.02100131370130703]
[-0.28469911425932365, 0.02100131370130703], 0, -1.0, [-0.2663400489609995, 0.018359065298324168]
[-0.2663400489609995, 0.018359065298324168], 0, -1.0, [-0.2507245068586206, 0.015615542102378917]
[-0.2507245068586206, 0.015615542102378917], 0, -1.0, [-0.2379344787208706, 0.012790028137749985]
[-0.2379344787208706, 0.012790028137749985], 0, -1.0, [-0.22803414355451648, 0.009900335166354097]
[-0.22803414355451648, 0.009900335166354097], 0, -1.0, [-0.2210712748955698, 0.0069628686589466885]
[-0.2210712748955698, 0.0069628686589466885], 0, -1.0, [-0.21707845049920813, 0.003992824396361678]
[-0.21707845049920813, 0.003992824396361678], 0, -1.0, [-0.2160739650362403, 0.0010044854629678367]
[-0.2160739650362403, 0.0010044854629678367], 0, -1.0, [-0.2180623761343189, -0.001988411098078584]
[-0.2180623761343189, -0.001988411098078584], 0, -1.0, [-0.22303464431811462, -0.00497226818379572]
[-0.22303464431811462, -0.00497226818379572], 0, -1.0, [-0.23096785699242492, -0.00793321267431029]
[-0.23096785699242492, -0.00793321267431029], 0, -1.0, [-0.24182455600580224, -0.010856699013377328]
[-0.24182455600580224, -0.010856699013377328], 0, -1.0, [-0.2555517180990804, -0.013727162093278148]
[-0.2555517180990804, -0.013727162093278148], 0, -1.0, [-0.27207946797797017, -0.016527749878889775]
[-0.27207946797797017, -0.016527749878889775], 0, -1.0, [-0.29131963448061987, -0.019240166502649706]
[-0.29131963448061987, -0.019240166502649706], 0, -1.0, [-0.3131642899771069, -0.021844655496486988]
[-0.3131642899771069, -0.021844655496486988], 0, -1.0, [-0.3374844391890123, -0.02432014921190538]
[-0.3374844391890123, -0.02432014921190538], 0, -1.0, [-0.3641290423395316, -0.026644603150519315]
[-0.3641290423395316, -0.026644603150519315], 0, -1.0, [-0.3929245643903397, -0.028795522050808077]
[-0.3929245643903397, -0.028795522050808077], 0, -1.0, [-0.4236752324119654, -0.03075066802162576]
[-0.4236752324119654, -0.03075066802162576], 0, -1.0, [-0.45616415311593533, -0.032488920703969935]
[-0.45616415311593533, -0.032488920703969935], 0, -1.0, [-0.4901553906824889, -0.033991237566553575]
[-0.4901553906824889, -0.033991237566553575], 0, -1.0, [-0.5253970330404143, -0.03524164235792535]
[-0.5253970330404143, -0.03524164235792535], 0, -1.0, [-0.5616251885329433, -0.03622815549252903]
[-0.5616251885329433, -0.03622815549252903], 0, -1.0, [-0.5985687641241925, -0.03694357559124915]
[-0.5985687641241925, -0.03694357559124915], 0, -1.0, [-0.6359547932249334, -0.03738602910074095]
[-0.6359547932249334, -0.03738602910074095], 0, -1.0, [-0.6735140184359354, -0.037559225211001926]
[-0.6735140184359354, -0.037559225211001926], 0, -1.0, [-0.7109864022418653, -0.037472383805929904]
[-0.7109864022418653, -0.037472383805929904], 0, -1.0, [-0.7481262423850183, -0.03713984014315313]
[-0.7481262423850183, -0.03713984014315313], 0, -1.0, [-0.7847066076298904, -0.03658036524487205]
[-0.7847066076298904, -0.03658036524487205], 0, -1.0, [-0.8205228772519103, -0.03581626962201991]
[-0.8205228772519103, -0.03581626962201991], 0, -1.0, [-0.855395252839518, -0.03487237558760767]
[-0.855395252839518, -0.03487237558760767], 0, -1.0, [-0.8891702010539732, -0.03377494821445513]
[-0.8891702010539732, -0.03377494821445513], 0, -1.0, [-0.9217208688671205, -0.03255066781314726]
[-0.9217208688671205, -0.03255066781314726], 0, -1.0, [-0.9529465794710082, -0.031225710603887773]
[-0.9529465794710082, -0.031225710603887773], 0, -1.0, [-0.9827715625401076, -0.029824983069099264]
[-0.9827715625401076, -0.029824983069099264], 0, -1.0, [-1.0111430958908263, -0.028371533350718667]
[-1.0111430958908263, -0.028371533350718667], 0, -1.0, [-1.03802923913156, -0.02688614324073363]
[-1.03802923913156, -0.02688614324073363], 0, -1.0, [-1.0634163279645719, -0.025387088833011835]
[-1.0634163279645719, -0.025387088833011835], 0, -1.0, [-1.0873063755118983, -0.02389004754732653]
[-1.0873063755118983, -0.02389004754732653], 0, -1.0, [-1.1097144993088535, -0.02240812379695518]
[-1.1097144993088535, -0.02240812379695518], 0, -1.0, [-1.1306664635201102, -0.020951964211256818]
[-1.1306664635201102, -0.020951964211256818], 0, -1.0, [-1.1501963984482908, -0.01952993492818047]
[-1.1501963984482908, -0.01952993492818047], 0, -1.0, [-1.1683447353665402, -0.01814833691824941]
[-1.1683447353665402, -0.01814833691824941], 0, -1.0, [-1.1851563750015615, -0.01681163963502124]
[-1.1851563750015615, -0.01681163963502124], 0, -1.0, [-1.2, 0.0]
[-1.2, 0.0], 2, -1.0, [-1.1967581039591646, 0.003241896040835368]
[-1.1967581039591646, 0.003241896040835368], 2, -1.0, [-1.1902636585360942, 0.006494445423070332]
[-1.1902636585360942, 0.006494445423070332], 2, -1.0, [-1.1804959639787937, 0.009767694557300442]
[-1.1804959639787937, 0.009767694557300442], 2, -1.0, [-1.1674255149588486, 0.013070449019945182]
[-1.1674255149588486, 0.013070449019945182], 2, -1.0, [-1.1510159267200155, 0.016409588238833067]
[-1.1510159267200155, 0.016409588238833067], 2, -1.0, [-1.1312266168239755, 0.019789309896040046]
[-1.1312266168239755, 0.019789309896040046], 2, -1.0, [-1.108016322100852, 0.02321029472312345]
[-1.108016322100852, 0.02321029472312345], 2, -1.0, [-1.081347524946184, 0.02666879715466819]
[-1.081347524946184, 0.02666879715466819], 2, -1.0, [-1.0511918363028878, 0.03015568864329602]
[-1.0511918363028878, 0.03015568864329602], 0, -1.0, [-1.0195363271434712, 0.0316555091594167]
[-1.0195363271434712, 0.0316555091594167], 2, -1.0, [-0.9843894209078083, 0.035146906235662884]
[-0.9843894209078083, 0.035146906235662884], 2, -1.0, [-0.9457867632124958, 0.03860265769531254]
[-0.9457867632124958, 0.03860265769531254], 2, -1.0, [-0.903798912548741, 0.041987850663754815]
[-0.903798912548741, 0.041987850663754815], 2, -1.0, [-0.8585388517335003, 0.04526006081524072]
[-0.8585388517335003, 0.04526006081524072], 2, -1.0, [-0.810168626969154, 0.04837022476434632]
[-0.810168626969154, 0.04837022476434632], 2, -1.0, [-0.7589042696219248, 0.05126435734722921]
[-0.7589042696219248, 0.05126435734722921], 0, -1.0, [-0.7070180833731569, 0.05188618624876798]
[-0.7070180833731569, 0.05188618624876798], 2, -1.0, [-0.6528246293806351, 0.05419345399252171]
[-0.6528246293806351, 0.05419345399252171], 2, -1.0, [-0.5966860770201426, 0.056138552360492526]
[-0.5966860770201426, 0.056138552360492526], 2, -1.0, [-0.5390037515147563, 0.05768232550538627]
[-0.5390037515147563, 0.05768232550538627], 2, -1.0, [-0.48020592981341564, 0.0587978217013407]
[-0.48020592981341564, 0.0587978217013407], 2, -1.0, [-0.42073263604055033, 0.05947329377286533]
[-0.42073263604055033, 0.05947329377286533], 2, -1.0, [-0.3610186511784323, 0.059713984862118055]
[-0.3610186511784323, 0.059713984862118055], 0, -1.0, [-0.30347624367996334, 0.057542407498468943]
[-0.30347624367996334, 0.057542407498468943], 2, -1.0, [-0.24646735420232807, 0.057008889477635265]
[-0.24646735420232807, 0.057008889477635265], 2, -1.0, [-0.19030564374631675, 0.056161710456011316]
[-0.19030564374631675, 0.056161710456011316], 2, -1.0, [-0.13524744782987808, 0.05505819591643868]
[-0.13524744782987808, 0.05505819591643868], 2, -1.0, [-0.08148627603015052, 0.053761171799727565]
[-0.08148627603015052, 0.053761171799727565], 2, -1.0, [-0.029150775349360628, 0.05233550068078989]
[-0.029150775349360628, 0.05233550068078989], 2, -1.0, [0.021694279126884104, 0.05084505447624473]
[0.021694279126884104, 0.05084505447624473], 0, -1.0, [0.06904462645410751, 0.04735034732722341]
[0.06904462645410751, 0.04735034732722341], 0, -1.0, [0.11294841286123002, 0.0439037864071225]
[0.11294841286123002, 0.0439037864071225], 0, -1.0, [0.1534943514311018, 0.040545938569871785]
[0.1534943514311018, 0.040545938569871785], 0, -1.0, [0.19080069514609432, 0.03730634371499254]
[0.19080069514609432, 0.03730634371499254], 0, -1.0, [0.2250055330980036, 0.03420483795190929]
[0.2250055330980036, 0.03420483795190929], 0, -1.0, [0.2562586296044864, 0.03125309650648278]
[0.2562586296044864, 0.03125309650648278], 0, -1.0, [0.28471482041483126, 0.02845619081034486]
[0.28471482041483126, 0.02845619081034486], 0, -1.0, [0.31052885163976574, 0.025814031224934482]
[0.31052885163976574, 0.025814031224934482], 2, -1.0, [0.33585147932385134, 0.02532262768408561]
[0.33585147932385134, 0.02532262768408561], 2, -1.0, [0.36083928173632396, 0.024987802412472632]
[0.36083928173632396, 0.024987802412472632], 2, -1.0, [0.3856543185505999, 0.024815036814275934]
[0.3856543185505999, 0.024815036814275934], 0, -1.0, [0.40846405022701193, 0.022809731676412044]
[0.40846405022701193, 0.022809731676412044], 2, -1.0, [0.43142733937884126, 0.0229632891518293]
[0.43142733937884126, 0.0229632891518293], 2, -1.0, [0.4547081184460139, 0.023280779067172647]
[0.4547081184460139, 0.023280779067172647], 2, -1.0, [0.4784758879216166, 0.02376776947560274]
[0.4784758879216166, 0.02376776947560274], 0, -1.0, [0.5009062683708692, 0.022430380449252576]
