[-0.4423483091851158, 0.0], 0, -1.0, [-0.4439516712396871, -0.0016033620545712784]
[-0.4439516712396871, -0.0016033620545712784], 0, -1.0, [-0.44714671867074746, -0.0031950474310603596]
[-0.44714671867074746, -0.0031950474310603596], 0, -1.0, [-0.451910142605446, -0.0047634239346985435]
[-0.451910142605446, -0.0047634239346985435], 0, -1.0, [-0.45820709606410437, -0.006296953458658395]
[-0.45820709606410437, -0.006296953458658395], 0, -1.0, [-0.46599134744729176, -0.007784251383187416]
[-0.46599134744729176, -0.007784251383187416], 0, -1.0, [-0.47520550701084496, -0.009214159563553221]
[-0.47520550701084496, -0.009214159563553221], 0, -1.0, [-0.4857813424399922, -0.010575835429147237]
[-0.4857813424399922, -0.010575835429147237], 0, -1.0, [-0.497640200554008, -0.011858858114015783]
[-0.497640200554008, -0.011858858114015783], 0, -1.0, [-0.5106935512541245, -0.013053350700116519]
[-0.5106935512541245, -0.013053350700116519], 0, -1.0, [-0.5248436669590296, -0.01415011570490509]
[-0.5248436669590296, -0.01415011570490509], 0, -1.0, [-0.5399844460004336, -0.01514077904140395]
[-0.5399844460004336, -0.01514077904140395], 0, -1.0, [-0.5560023820010003, -0.01601793600056662]
[-0.5560023820010003, -0.01601793600056662], 0, -1.0, [-0.5727776735380387, -0.01677529153703843]
[-0.5727776735380387, -0.01677529153703843], 0, -1.0, [-0.5901854599859689, -0.017407786447930323]
[-0.5901854599859689, -0.017407786447930323], 0, -1.0, [-0.6080971610308923, -0.017911701044923366]
[-0.6080971610308923, -0.017911701044923366], 0, -1.0, [-0.6263818897219259, -0.018284728691033616]
[-0.6263818897219259, -0.018284728691033616], 0, -1.0, [-0.6449079028007279, -0.018526013078802007]
[-0.6449079028007279, -0.018526013078802007], 0, -1.0, [-0.6635440480520177, -0.018636145251289864]
[-0.6635440480520177, -0.018636145251289864], 0, -1.0, [-0.6821611669677757, -0.01861711891575801]
[-0.6821611669677757, -0.01861711891575801], 0, -1.0, [-0.7006334122883225, -0.018472245320546796]
[-0.7006334122883225, -0.018472245320546796], 0, -1.0, [-0.7188394438728712, -0.01820603158454873]
[-0.7188394438728712, -0.01820603158454873], 0, -1.0, [-0.7366634725011768, -0.017824028628305573]
[-0.7366634725011768, -0.017824028628305573], 0, -1.0, [-0.7539961290518015, -0.01733265655062467]
[-0.7539961290518015, -0.01733265655062467], 0, -1.0, [-0.7707351453485642, -0.016739016296762728]
[-0.7707351453485642, -0.016739016296762728], 0, -1.0, [-0.7867858420834967, -0.016050696734932396]
[-0.7867858420834967, -0.016050696734932396], 0, -1.0, [-0.802061427927599, -0.01527558584410234]
[-0.802061427927599, -0.01527558584410234], 0, -1.0, [-0.8164831216616849, -0.014421693734085885]
[-0.8164831216616849, -0.014421693734085885], 2, -1.0, [-0.8279801154914654, -0.011496993829780578]
[-0.8279801154914654, -0.011496993829780578], 2, -1.0, [-0.8364985356633413, -0.008518420171875872]
[-0.8364985356633413, -0.008518420171875872], 2, -1.0, [-0.8419999801639316, -0.005501444500590317]
[-0.8419999801639316, -0.005501444500590317], 2, -1.0, [-0.8444603463330773, -0.002460366169145734]
[-0.8444603463330773, -0.002460366169145734], 2, -1.0, [-0.8438690344663291, 0.0005913118667482671]
[-0.8438690344663291, 0.0005913118667482671], 2, -1.0, [-0.8402285818606173, 0.00364045260571177]
[-0.8402285818606173, 0.00364045260571177], 2, -1.0, [-0.8335547513134192, 0.006673830547198167]
[-0.8335547513134192, 0.006673830547198167], 2, -1.0, [-0.8238770683255912, 0.009677682987828022]
[-0.8238770683255912, 0.009677682987828022], 2, -1.0, [-0.8112397713248395, 0.012637297000751717]
[-0.8112397713248395, 0.012637297000751717], 2, -1.0, [-0.7957031083513658, 0.01553666297347369]
[-0.7957031083513658, 0.01553666297347369], 2, -1.0, [-0.7773448815902396, 0.01835822676112623]
[-0.7773448815902396, 0.01835822676112623], 2, -1.0, [-0.7562621085937735, 0.021082772996466118]
[-0.7562621085937735, 0.021082772996466118], 2, -1.0, [-0.7325726379639365, 0.023689470629837055]
[-0.7325726379639365, 0.023689470629837055], 2, -1.0, [-0.7064165310140661, 0.026156106949870375]
[-0.7064165310140661, 0.026156106949870375], 2, -1.0, [-0.677957004124774, 0.02845952688929204]
[-0.677957004124774, 0.02845952688929204], 2, -1.0, [-0.6473807245258705, 0.03057627959890348]
[-0.6473807245258705, 0.03057627959890348], 2, -1.0, [-0.6148972702423493, 0.032483454283521174]
[-0.6148972702423493, 0.032483454283521174], 2, -1.0, [-0.5807376065652288, 0.03415966367712058]
[-0.5807376065652288, 0.03415966367712058], 2, -1.0, [-0.5451514972563645, 0.03558610930886427]
[-0.5451514972563645, 0.03558610930886427], 2, -1.0, [-0.5084038551427679, 0.03674764211359655]
[-0.5084038551427679, 0.03674764211359655], 2, -1.0, [-0.4707701354684433, 0.03763371967432456]
[-0.4707701354684433, 0.03763371967432456], 2, -1.0, [-0.432530974003797, 0.038239161464646364]
[-0.432530974003797, 0.038239161464646364], 2, -1.0, [-0.3939663560669924, 0.03856461793680459]
[-0.3939663560669924, 0.03856461793680459], 2, -1.0, [-0.3553496587518149, 0.038616697315177494]
[-0.3553496587518149, 0.038616697315177494], 2, -1.0, [-0.3169419272179532, 0.03840773153386168]
[-0.3169419272179532, 0.03840773153386168], 2, -1.0, [-0.27898672365311683, 0.037955203564836414]
[-0.27898672365311683, 0.037955203564836414], 2, -1.0, [-0.24170582840396343, 0.03728089524915339]
[-0.24170582840396343, 0.03728089524915339], 2, -1.0, [-0.20529598692529172, 0.03640984147867172]
[-0.20529598692529172, 0.03640984147867172], 2, -1.0, [-0.16992679746769154, 0.03536918945760017]
[-0.16992679746769154, 0.03536918945760017], 2, -1.0, [-0.1357397372451709, 0.034187060222520646]
[-0.1357397372451709, 0.034187060222520646], 2, -1.0, [-0.1028482413316087, 0.032891495913562205]
[-0.1028482413316087, 0.032891495913562205], 2, -1.0, [-0.07133868668255527, 0.03150955464905343]
[-0.07133868668255527, 0.03150955464905343], 2, -1.0, [-0.04127209663927074, 0.030066590043284536]
[-0.04127209663927074, 0.030066590043284536], 2, -1.0, [-0.012686367973024366, 0.028585728666246375]
[-0.012686367973024366, 0.028585728666246375], 2, -1.0, [0.014401171093915331, 0.027087539066939698]
[0.014401171093915331, 0.027087539066939698], 2, -1.0, [0.03999104297741238, 0.025589871883497043]
[0.03999104297741238, 0.025589871883497043], 2, -1.0, [0.06409888523018376, 0.02410784225277137]
[0.06409888523018376, 0.02410784225277137], 2, -1.0, [0.08675280772847849, 0.02265392249829474]
[0.08675280772847849, 0.02265392249829474], 2, -1.0, [0.1079909214510454, 0.021238113722566915]
[0.1079909214510454, 0.021238113722566915], 2, -1.0, [0.1278590895942682, 0.019868168143222804]
[0.1278590895942682, 0.019868168143222804], 2, -1.0, [0.14640892820197907, 0.01854983860771087]
[0.14640892820197907, 0.01854983860771087], 2, -1.0, [0.16369606497048955, 0.0172871367685105]
[0.16369606497048955, 0.0172871367685105], 2, -1.0, [0.1797786512300018, 0.016082586259512265]
[0.1797786512300018, 0.016082586259512265], 2, -1.0, [0.19471611273366335, 0.014937461503661532]
[0.19471611273366335, 0.014937461503661532], 2, -1.0, [0.20856811906084416, 0.013852006327180815]
[0.20856811906084416, 0.013852006327180815], 2, -1.0, [0.2213937483857612, 0.012825629324917053]
[0.2213937483857612, 0.012825629324917053], 2, -1.0, [0.23325082335701178, 0.011857074971250573]
[0.23325082335701178, 0.011857074971250573], 2, -1.0, [0.24419539426073766, 0.010944570903725893]
[0.24419539426073766, 0.010944570903725893], 2, -1.0, [0.2542813470006877, 0.010085952739950044]
[0.2542813470006877, 0.010085952739950044], 2, -1.0, [0.2635601153378777, 0.009278768337190015]
[0.2635601153378777, 0.009278768337190015], 2, -1.0, [0.27208047900812354, 0.008520363670245818]
[0.27208047900812354, 0.008520363670245818], 2, -1.0, [0.2798884315791976, 0.007807952571074091]
[0.2798884315791976, 0.007807952571074091], 2, -1.0, [0.2870271040892207, 0.007138672510023113]
[0.2870271040892207, 0.007138672510023113], 2, -1.0, [0.2935367325431518, 0.006509628453931099]
[0.2935367325431518, 0.006509628453931099], 2, -1.0, [0.29945465919065256, 0.0059179266475007436]
[0.29945465919065256, 0.0059179266475007436], 2, -1.0, [0.30481535914765157, 0.0053606999569990035]
[0.30481535914765157, 0.0053606999569990035], 2, -1.0, [0.3096504853542664, 0.004835126206614853]
[0.3096504853542664, 0.004835126206614853], 2, -1.0, [0.31398892609283213, 0.004338440738565721]
[0.31398892609283213, 0.004338440738565721], 2, -1.0, [0.3178568703373704, 0.0038679442445383057]
[0.3178568703373704, 0.0038679442445383057], 2, -1.0, [0.32127787708874594, 0.0034210067513754964]
[0.32127787708874594, 0.0034210067513754964], 2, -1.0, [0.324272945587804, 0.002995068499058047]
[0.324272945587804, 0.002995068499058047], 2, -1.0, [0.32686058391142014, 0.0025876383236161475]
[0.32686058391142014, 0.0025876383236161475], 2, -1.0, [0.3290568739619115, 0.0021962900504913863]
[0.3290568739619115, 0.0021962900504913863], 2, -1.0, [0.33087553127540725, 0.0018186573134957062]
[0.33087553127540725, 0.0018186573134957062], 2, -1.0, [0.3323279584145797, 0.0014524271391724503]
[0.3323279584145797, 0.0014524271391724503], 2, -1.0, [0.33342329098894313, 0.001095332574363436]
[0.33342329098894313, 0.001095332574363436], 2, -1.0, [0.33416843557349596, 0.0007451445845528511]
[0.33416843557349596, 0.0007451445845528511], 0, -1.0, [0.3325680989841973, -0.0016003365892986714]
[0.3325680989841973, -0.0016003365892986714], 0, -1.0, [0.3286121807751204, -0.003955918209076904]
[0.3286121807751204, -0.003955918209076904], 0, -1.0, [0.3222758479317687, -0.006336332843351692]
[0.3222758479317687, -0.006336332843351692], 0, -1.0, [0.31351973109879183, -0.008756116832976914]
[0.31351973109879183, -0.008756116832976914], 0, -1.0, [0.3022902733864001, -0.011229457712391765]
[0.3022902733864001, -0.011229457712391765], 0, -1.0, [0.28852028257446216, -0.013769990811937898]
[0.28852028257446216, -0.013769990811937898], 0, -1.0, [0.2721297588746539, -0.01639052369980826]
[0.2721297588746539, -0.01639052369980826], 0, -1.0, [0.2530270933755317, -0.019102665499122186]
[0.2530270933755317, -0.019102665499122186], 0, -1.0, [0.23111075629996655, -0.021916337075565152]
[0.23111075629996655, -0.021916337075565152], 0, -1.0, [0.20627161766463503, -0.024839138635331513]
[0.20627161766463503, -0.024839138635331513], 0, -1.0, [0.1783960627867877, -0.027875554877847313]
[0.1783960627867877, -0.027875554877847313], 0, -1.0, [0.14737007623920811, -0.031025986547579612]
[0.14737007623920811, -0.031025986547579612], 0, -1.0, [0.11308446264228461, -0.03428561359692351]
[0.11308446264228461, -0.03428561359692351], 0, -1.0, [0.07544134057477414, -0.03764312206751047]
[0.07544134057477414, -0.03764312206751047], 0, -1.0, [0.034361973869609416, -0.041079366705164724]
[0.034361973869609416, -0.041079366705164724], 0, -1.0, [-0.010204121210566304, -0.04456609508017572]
[-0.010204121210566304, -0.04456609508017572], 1, -1.0, [-0.057269044986208176, -0.04706492377564187]
[-0.057269044986208176, -0.04706492377564187], 1, -1.0, [-0.10679716231787212, -0.049528117331663936]
[-0.10679716231787212, -0.049528117331663936], 1, -1.0, [-0.15869806014113652, -0.0519008978232644]
[-0.15869806014113652, -0.0519008978232644], 0, -1.0, [-0.21382093741090838, -0.05512287726977185]
[-0.21382093741090838, -0.05512287726977185], 0, -1.0, [-0.27194686796875256, -0.05812593055784416]
[-0.27194686796875256, -0.05812593055784416], 0, -1.0, [-0.33278593958216046, -0.06083907161340792]
[-0.33278593958216046, -0.06083907161340792], 0, -1.0, [-0.3959792197570464, -0.06319328017488599]
[-0.3959792197570464, -0.06319328017488599], 0, -1.0, [-0.4611064341660702, -0.06512721440902378]
[-0.4611064341660702, -0.06512721440902378], 0, -1.0, [-0.5276996003843383, -0.06659316621826807]
[-0.5276996003843383, -0.06659316621826807], 0, -1.0, [-0.5952620111925344, -0.06756241080819618]
[-0.5952620111925344, -0.06756241080819618], 2, -1.0, [-0.6612910785705827, -0.06602906737804827]
[-0.6612910785705827, -0.06602906737804827], 0, -1.0, [-0.7273165726139307, -0.06602549404334798]
[-0.7273165726139307, -0.06602549404334798], 2, -1.0, [-0.7909075355234527, -0.06359096290952201]
[-0.7909075355234527, -0.06359096290952201], 2, -1.0, [-0.8517017564049261, -0.060794220881473404]
[-0.8517017564049261, -0.060794220881473404], 2, -1.0, [-0.9094137527082966, -0.057711996303370566]
[-0.9094137527082966, -0.057711996303370566], 0, -1.0, [-0.9658362995683031, -0.05642254686000646]
[-0.9658362995683031, -0.05642254686000646], 0, -1.0, [-1.0208329485313803, -0.05499664896307727]
[-1.0208329485313803, -0.05499664896307727], 0, -1.0, [-1.074337413206781, -0.053504464675400626]
[-1.074337413206781, -0.053504464675400626], 0, -1.0, [-1.1263501597417613, -0.052012746534980406]
[-1.1263501597417613, -0.052012746534980406], 0, -1.0, [-1.1769330584841988, -0.05058289874243741]
[-1.1769330584841988, -0.05058289874243741], 0, -1.0, [-1.2, 0.0]
[-1.2, 0.0], 2, -1.0, [-1.1967581039591646, 0.003241896040835368]
[-1.1967581039591646, 0.003241896040835368], 2, -1.0, [-1.1902636585360942, 0.006494445423070332]
[-1.1902636585360942, 0.006494445423070332], 2, -1.0, [-1.1804959639787937, 0.009767694557300442]
[-1.1804959639787937, 0.009767694557300442], 2, -1.0, [-1.1674255149588486, 0.013070449019945182]
[-1.1674255149588486, 0.013070449019945182], 2, -1.0, [-1.1510159267200155, 0.016409588238833067]
[-1.1510159267200155, 0.016409588238833067], 2, -1.0, [-1.1312266168239755, 0.019789309896040046]
[-1.1312266168239755, 0.019789309896040046], 2, -1.0, [-1.108016322100852, 0.02321029472312345]
[-1.108016322100852, 0.02321029472312345], 2, -1.0, [-1.081347524946184, 0.02666879715466819]
[-1.081347524946184, 0.02666879715466819], 2, -1.0, [-1.0511918363028878, 0.03015568864329602]
[-1.0511918363028878, 0.03015568864329602], 2, -1.0, [-1.0175363271434712, 0.0336555091594167]
[-1.0175363271434712, 0.0336555091594167], 2, -1.0, [-0.9803907090723114, 0.03714561807115983]
[-0.9803907090723114, 0.03714561807115983], 2, -1.0, [-0.9397951336374217, 0.04059557543488971]
[-0.9397951336374217, 0.04059557543488971], 2, -1.0, [-0.8958282112564235, 0.043966922380998245]
[-0.8958282112564235, 0.043966922380998245], 2, -1.0, [-0.8486146572192776, 0.04721355403714586]
[-0.8486146572192776, 0.04721355403714586], 2, -1.0, [-0.7983317816221248, 0.05028287559715283]
[-0.7983317816221248, 0.05028287559715283], 2, -1.0, [-0.7452138959379592, 0.0531178856841656]
[-0.7452138959379592, 0.0531178856841656], 2, -1.0, [-0.6895536666604415, 0.0556602292775177]
[-0.6895536666604415, 0.0556602292775177], 2, -1.0, [-0.6316995610792892, 0.057854105581152386]
[-0.6316995610792892, 0.057854105581152386], 2, -1.0, [-0.5720488365336812, 0.05965072454560789]
[-0.5720488365336812, 0.05965072454560789], 2, -1.0, [-0.5110360146660762, 0.061012821867605024]
[-0.5110360146660762, 0.061012821867605024], 2, -1.0, [-0.44911739120176025, 0.061918623464315904]
[-0.44911739120176025, 0.061918623464315904], 1, -1.0, [-0.38775274139346727, 0.061364649808292995]
[-0.38775274139346727, 0.061364649808292995], 1, -1.0, [-0.3273789672475157, 0.06037377414595155]
[-0.3273789672475157, 0.06037377414595155], 1, -1.0, [-0.2683933095642128, 0.058985657683302876]
[-0.2683933095642128, 0.058985657683302876], 1, -1.0, [-0.2111401056951295, 0.05725320386908331]
[-0.2111401056951295, 0.05725320386908331], 2, -1.0, [-0.15490192113600001, 0.056238184559129496]
[-0.15490192113600001, 0.056238184559129496], 2, -1.0, [-0.0998986202501463, 0.055003300885853715]
[-0.0998986202501463, 0.055003300885853715], 2, -1.0, [-0.04628388517487625, 0.05361473507527005]
[-0.04628388517487625, 0.05361473507527005], 2, -1.0, [0.005854910933279278, 0.05213879610815553]
[0.005854910933279278, 0.05213879610815553], 1, -1.0, [0.05549409268131777, 0.04963918174803849]
[0.05549409268131777, 0.04963918174803849], 1, -1.0, [0.10266783991896089, 0.047173747237643116]
[0.10266783991896089, 0.047173747237643116], 1, -1.0, [0.1474592353689707, 0.04479139545000981]
[0.1474592353689707, 0.04479139545000981], 0, -1.0, [0.18899128994946152, 0.04153205458049082]
[0.18899128994946152, 0.04153205458049082], 0, -1.0, [0.22741451924333358, 0.03842322929387206]
[0.22741451924333358, 0.03842322929387206], 0, -1.0, [0.2628973484634317, 0.035482829220098155]
[0.2628973484634317, 0.035482829220098155], 0, -1.0, [0.2956182431255934, 0.032720894662161736]
[0.2956182431255934, 0.032720894662161736], 0, -1.0, [0.32575950526229186, 0.030141262136698425]
[0.32575950526229186, 0.030141262136698425], 0, -1.0, [0.35350256573230737, 0.027743060470015492]
[0.35350256573230737, 0.027743060470015492], 0, -1.0, [0.37902455338621915, 0.025521987653911782]
[0.37902455338621915, 0.025521987653911782], 0, -1.0, [0.402495911833787, 0.023471358447567866]
[0.402495911833787, 0.023471358447567866], 2, -1.0, [0.42607884828241427, 0.023582936448627245]
[0.42607884828241427, 0.023582936448627245], 0, -1.0, [0.44794077427866164, 0.021861925996247394]
[0.44794077427866164, 0.021861925996247394], 2, -1.0, [0.47024012484085825, 0.0222993505621966]
[0.47024012484085825, 0.0222993505621966], 0, -1.0, [0.4911409924322796, 0.02090086759142132]
[0.4911409924322796, 0.02090086759142132], 2, -1.0, [0.5127988111560207, 0.021657818723741014]
