[-0.592004613726531, 0.0], 1, -1.0, [-0.5914951634391933, 0.0005094502873377257]
[-0.5914951634391933, 0.0005094502873377257], 1, -1.0, [-0.5904800041605396, 0.0010151592786536703]
[-0.5904800041605396, 0.0010151592786536703], 2, -1.0, [-0.5879665945208303, 0.002513409639709252]
[-0.5879665945208303, 0.002513409639709252], 2, -1.0, [-0.5839734209104149, 0.003993173610415361]
[-0.5839734209104149, 0.003993173610415361], 2, -1.0, [-0.5785299092065067, 0.005443511703908259]
[-0.5785299092065067, 0.005443511703908259], 2, -1.0, [-0.5716762761669292, 0.006853633039577586]
[-0.5716762761669292, 0.006853633039577586], 2, -1.0, [-0.563463310769518, 0.008212965397411147]
[-0.563463310769518, 0.008212965397411147], 0, -1.0, [-0.5559520735584599, 0.007511237211058141]
[-0.5559520735584599, 0.007511237211058141], 0, -1.0, [-0.5491985674185634, 0.00675350613989642]
[-0.5491985674185634, 0.00675350613989642], 0, -1.0, [-0.5432532515234377, 0.005945315895125667]
[-0.5432532515234377, 0.005945315895125667], 0, -1.0, [-0.5381606124595737, 0.005092639063864067]
[-0.5381606124595737, 0.005092639063864067], 0, -1.0, [-0.5339587943536311, 0.004201818105942506]
[-0.5339587943536311, 0.004201818105942506], 0, -1.0, [-0.5306792886157523, 0.0032795057378788473]
[-0.5306792886157523, 0.0032795057378788473], 0, -1.0, [-0.5283466830235882, 0.0023326055921641113]
[-0.5283466830235882, 0.0023326055921641113], 0, -1.0, [-0.5269784693298131, 0.0013682136937751628]
[-0.5269784693298131, 0.0013682136937751628], 0, -1.0, [-0.5265849083673441, 0.0003935609624690201]
[-0.5265849083673441, 0.0003935609624690201], 0, -1.0, [-0.5271689517086633, -0.0005840433413192082]
[-0.5271689517086633, -0.0005840433413192082], 0, -1.0, [-0.5287262192410946, -0.001557267532431341]
[-0.5287262192410946, -0.001557267532431341], 0, -1.0, [-0.5312450324627318, -0.002518813221637109]
[-0.5312450324627318, -0.002518813221637109], 0, -1.0, [-0.5347065037869564, -0.0034614713242246257]
[-0.5347065037869564, -0.0034614713242246257], 0, -1.0, [-0.5390846825669177, -0.004378178779961229]
[-0.5390846825669177, -0.004378178779961229], 0, -1.0, [-0.544346758819531, -0.005262076252613305]
[-0.544346758819531, -0.005262076252613305], 0, -1.0, [-0.5504533256586519, -0.0061065668391209575]
[-0.5504533256586519, -0.0061065668391209575], 0, -1.0, [-0.557358701176005, -0.0069053755173530814]
[-0.557358701176005, -0.0069053755173530814], 0, -1.0, [-0.5650113098990472, -0.007652608723042297]
[-0.5650113098990472, -0.007652608723042297], 0, -1.0, [-0.5733541230005819, -0.008342813101534641]
[-0.5733541230005819, -0.008342813101534641], 0, -1.0, [-0.5823251551619921, -0.008971032161410271]
[-0.5823251551619921, -0.008971032161410271], 0, -1.0, [-0.5918580144597786, -0.009532859297786512]
[-0.5918580144597786, -0.009532859297786512], 0, -1.0, [-0.6018824999429206, -0.010024485483142085]
[-0.6018824999429206, -0.010024485483142085], 0, -1.0, [-0.6123252398096244, -0.01044273986670375]
[-0.6123252398096244, -0.01044273986670375], 0, -1.0, [-0.6231103614045312, -0.010785121594906882]
[-0.6231103614045312, -0.010785121594906882], 0, -1.0, [-0.6341601827738694, -0.011049821369338186]
[-0.6341601827738694, -0.011049821369338186], 0, -1.0, [-0.6453959143608794, -0.011235731587010007]
[-0.6453959143608794, -0.011235731587010007], 0, -1.0, [-0.6567383587019421, -0.011342444341062637]
[-0.6567383587019421, -0.011342444341062637], 0, -1.0, [-0.6681085957699587, -0.011370237068016625]
[-0.6681085957699587, -0.011370237068016625], 0, -1.0, [-0.6794286419429872, -0.011320046173028463]
[-0.6794286419429872, -0.011320046173028463], 0, -1.0, [-0.6906220714490944, -0.011193429506107086]
[-0.6906220714490944, -0.011193429506107086], 0, -1.0, [-0.7016145905084645, -0.010992519059370098]
[-0.7016145905084645, -0.010992519059370098], 0, -1.0, [-0.7123345561807557, -0.010719965672291205]
[-0.7123345561807557, -0.010719965672291205], 0, -1.0, [-0.7227134340215238, -0.010378877840768057]
[-0.7227134340215238, -0.010378877840768057], 0, -1.0, [-0.7326861909309328, -0.009972756909409061]
[-0.7326861909309328, -0.009972756909409061], 0, -1.0, [-0.7421916219097043, -0.009505430978771583]
[-0.7421916219097043, -0.009505430978771583], 0, -1.0, [-0.7511726116951182, -0.008980989785413824]
[-0.7511726116951182, -0.008980989785413824], 0, -1.0, [-0.7595763343220404, -0.008403722626922266]
[-0.7595763343220404, -0.008403722626922266], 0, -1.0, [-0.7673543954498401, -0.0077780611277996434]
[-0.7673543954498401, -0.0077780611277996434], 1, -1.0, [-0.7734629237503344, -0.0061085283004943]
[-0.7734629237503344, -0.0061085283004943], 2, -1.0, [-0.7768681008019136, -0.003405177051579154]
[-0.7768681008019136, -0.003405177051579154], 2, -1.0, [-0.7775513222379483, -0.0006832214360347048]
[-0.7775513222379483, -0.0006832214360347048], 2, -1.0, [-0.7755088768240563, 0.0020424454138920005]
[-0.7755088768240563, 0.0020424454138920005], 2, -1.0, [-0.7707518805470416, 0.004756996277014775]
[-0.7707518805470416, 0.004756996277014775], 2, -1.0, [-0.7633064721415386, 0.007445408405503012]
[-0.7633064721415386, 0.007445408405503012], 2, -1.0, [-0.7532142508553067, 0.010092221286231898]
[-0.7532142508553067, 0.010092221286231898], 2, -1.0, [-0.7405329118956709, 0.012681338959635798]
[-0.7405329118956709, 0.012681338959635798], 2, -1.0, [-0.7253370104471385, 0.015195901448532445]
[-0.7253370104471385, 0.015195901448532445], 2, -1.0, [-0.707718762353386, 0.017618248093752488]
[-0.707718762353386, 0.017618248093752488], 2, -1.0, [-0.687788770020807, 0.01992999233257908]
[-0.687788770020807, 0.01992999233257908], 2, -1.0, [-0.6656765479078263, 0.02211222211298069]
[-0.6656765479078263, 0.02211222211298069], 1, -1.0, [-0.6425307156264305, 0.023145832281395808]
[-0.6425307156264305, 0.023145832281395808], 1, -1.0, [-0.6185116992244263, 0.024019016402004184]
[-0.6185116992244263, 0.024019016402004184], 1, -1.0, [-0.5937904159470861, 0.02472128327734015]
[-0.5937904159470861, 0.02472128327734015], 0, -1.0, [-0.569546577279945, 0.02424383866714122]
[-0.569546577279945, 0.02424383866714122], 0, -1.0, [-0.5459592203703608, 0.023587356909584162]
[-0.5459592203703608, 0.023587356909584162], 0, -1.0, [-0.5232042858715485, 0.022754934498812242]
[-0.5232042858715485, 0.022754934498812242], 0, -1.0, [-0.5014523100449962, 0.021751975826552267]
[-0.5014523100449962, 0.021751975826552267], 0, -1.0, [-0.4808663105385829, 0.020585999506413336]
[-0.4808663105385829, 0.020585999506413336], 0, -1.0, [-0.4615999273789756, 0.019266383159607353]
[-0.4615999273789756, 0.019266383159607353], 0, -1.0, [-0.44379585917411035, 0.01780406820486525]
[-0.44379585917411035, 0.01780406820486525], 0, -1.0, [-0.42758461167081674, 0.016211247503293637]
[-0.42758461167081674, 0.016211247503293637], 0, -1.0, [-0.41308355393797525, 0.014501057732841504]
[-0.41308355393797525, 0.014501057732841504], 0, -1.0, [-0.40039625846826177, 0.012687295469713474]
[-0.40039625846826177, 0.012687295469713474], 0, -1.0, [-0.38961208678243914, 0.010784171685822613]
[-0.38961208678243914, 0.010784171685822613], 0, -1.0, [-0.3808059724312614, 0.008806114351177709]
[-0.3808059724312614, 0.008806114351177709], 0, -1.0, [-0.374038348791982, 0.0067676236392794145]
[-0.374038348791982, 0.0067676236392794145], 0, -1.0, [-0.36935516945025937, 0.004683179341722652]
[-0.36935516945025937, 0.004683179341722652], 0, -1.0, [-0.3667879736217114, 0.002567195828547971]
[-0.3667879736217114, 0.002567195828547971], 0, -1.0, [-0.3663539571992696, 0.0004340164224417766]
[-0.3663539571992696, 0.0004340164224417766], 0, -1.0, [-0.36805602074842314, -0.0017020635491535336]
[-0.36805602074842314, -0.0017020635491535336], 0, -1.0, [-0.37188277825840715, -0.0038267575099840013]
[-0.37188277825840715, -0.0038267575099840013], 0, -1.0, [-0.3778085238795328, -0.00592574562112563]
[-0.3778085238795328, -0.00592574562112563], 0, -1.0, [-0.3857931674554528, -0.007984643575919964]
[-0.3857931674554528, -0.007984643575919964], 0, -1.0, [-0.3957821626211243, -0.009988995165671533]
[-0.3957821626211243, -0.009988995165671533], 0, -1.0, [-0.4077064627848962, -0.01192430016377191]
[-0.4077064627848962, -0.01192430016377191], 0, -1.0, [-0.42148254960750653, -0.013776086822610344]
[-0.42148254960750653, -0.013776086822610344], 0, -1.0, [-0.43701258476533383, -0.015530035157827313]
[-0.43701258476533383, -0.015530035157827313], 0, -1.0, [-0.45418473800137277, -0.017172153236038937]
[-0.45418473800137277, -0.017172153236038937], 0, -1.0, [-0.4728737420139328, -0.018689004012560035]
[-0.4728737420139328, -0.018689004012560035], 0, -1.0, [-0.49294171716147667, -0.020067975147543878]
[-0.49294171716147667, -0.020067975147543878], 0, -1.0, [-0.5142392962358991, -0.021297579074422465]
[-0.5142392962358991, -0.021297579074422465], 0, -1.0, [-0.5366070621821517, -0.022367765946252526]
[-0.5366070621821517, -0.022367765946252526], 0, -1.0, [-0.5598772907406845, -0.023270228558532766]
[-0.5598772907406845, -0.023270228558532766], 0, -1.0, [-0.583875967274347, -0.023998676533662538]
[-0.583875967274347, -0.023998676533662538], 0, -1.0, [-0.6084250246798169, -0.0245490574054699]
[-0.6084250246798169, -0.0245490574054699], 0, -1.0, [-0.633344729642212, -0.02491970496239515]
[-0.633344729642212, -0.02491970496239515], 0, -1.0, [-0.6584561298054601, -0.025111400163248084]
[-0.6584561298054601, -0.025111400163248084], 0, -1.0, [-0.6835834664536233, -0.025127336648163214]
[-0.6835834664536233, -0.025127336648163214], 0, -1.0, [-0.7085564570076524, -0.02497299055402902]
[-0.7085564570076524, -0.02497299055402902], 0, -1.0, [-0.733212359071205, -0.024655902063552646]
[-0.733212359071205, -0.024655902063552646], 0, -1.0, [-0.7573977419929138, -0.02418538292170884]
[-0.7573977419929138, -0.02418538292170884], 0, -1.0, [-0.7809699112501783, -0.023572169257264533]
[-0.7809699112501783, -0.023572169257264533], 0, -1.0, [-0.8037979532067904, -0.02282804195661207]
[-0.8037979532067904, -0.02282804195661207], 0, -1.0, [-0.8257633906185033, -0.02196543741171301]
[-0.8257633906185033, -0.02196543741171301], 0, -1.0, [-0.8467604605210173, -0.02099706990251389]
[-0.8467604605210173, -0.02099706990251389], 2, -1.0, [-0.8646960441593154, -0.017935583638298162]
[-0.8646960441593154, -0.017935583638298162], 2, -1.0, [-0.8794970622447635, -0.014801018085448047]
[-0.8794970622447635, -0.014801018085448047], 2, -1.0, [-0.8911078517775012, -0.011610789532737652]
[-0.8911078517775012, -0.011610789532737652], 2, -1.0, [-0.8994877641755232, -0.008379912398022011]
[-0.8994877641755232, -0.008379912398022011], 2, -1.0, [-0.9046091407811696, -0.005121376605646384]
[-0.9046091407811696, -0.005121376605646384], 2, -1.0, [-0.9064557796643922, -0.001846638883222538]
[-0.9064557796643922, -0.001846638883222538], 2, -1.0, [-0.9050219703352288, 0.001433809329163406]
[-0.9050219703352288, 0.001433809329163406], 2, -1.0, [-0.900312140596782, 0.004709829738446797]
[-0.900312140596782, 0.004709829738446797], 2, -1.0, [-0.8923411309748172, 0.007971009621964821]
[-0.8923411309748172, 0.007971009621964821], 2, -1.0, [-0.8811350847627981, 0.011206046212019028]
[-0.8811350847627981, 0.011206046212019028], 2, -1.0, [-0.8667329132337216, 0.014402171529076566]
[-0.8667329132337216, 0.014402171529076566], 2, -1.0, [-0.849188263737059, 0.017544649496662543]
[-0.849188263737059, 0.017544649496662543], 2, -1.0, [-0.8285718817426974, 0.02061638199436166]
[-0.8285718817426974, 0.02061638199436166], 2, -1.0, [-0.8049742162847451, 0.02359766545795231]
[-0.8049742162847451, 0.02359766545795231], 2, -1.0, [-0.7785080734782911, 0.026466142806453968]
[-0.7785080734782911, 0.026466142806453968], 2, -1.0, [-0.7493110789713372, 0.02919699450695394]
[-0.7493110789713372, 0.02919699450695394], 2, -1.0, [-0.717547673991179, 0.03176340498015813]
[-0.717547673991179, 0.03176340498015813], 2, -1.0, [-0.6834103497785247, 0.03413732421265438]
[-0.6834103497785247, 0.03413732421265438], 2, -1.0, [-0.6471198313069861, 0.03629051847153855]
[-0.6471198313069861, 0.03629051847153855], 2, -1.0, [-0.6089239617586863, 0.03819586954829983]
[-0.6089239617586863, 0.03819586954829983], 2, -1.0, [-0.5690951189589193, 0.039828842799767034]
[-0.5690951189589193, 0.039828842799767034], 2, -1.0, [-0.5279261120512899, 0.04116900690762934]
[-0.5279261120512899, 0.04116900690762934], 2, -1.0, [-0.48572465103187684, 0.04220146101941306]
[-0.48572465103187684, 0.04220146101941306], 2, -1.0, [-0.4428066351453599, 0.042918015886516975]
[-0.4428066351453599, 0.042918015886516975], 2, -1.0, [-0.3994886449122592, 0.043317990233100664]
[-0.3994886449122592, 0.043317990233100664], 2, -1.0, [-0.3560801225199667, 0.04340852239229252]
[-0.3560801225199667, 0.04340852239229252], 2, -1.0, [-0.31287576771614944, 0.04320435480381721]
[-0.31287576771614944, 0.04320435480381721], 2, -1.0, [-0.270148652916025, 0.0427271148001244]
[-0.270148652916025, 0.0427271148001244], 2, -1.0, [-0.2281444765213943, 0.042004176394630714]
[-0.2281444765213943, 0.042004176394630714], 2, -1.0, [-0.18707724356826752, 0.041067232953126774]
[-0.18707724356826752, 0.041067232953126774], 2, -1.0, [-0.1471265110904357, 0.03995073247783181]
[-0.1471265110904357, 0.03995073247783181], 2, -1.0, [-0.10843618662465629, 0.038690324465779406]
[-0.10843618662465629, 0.038690324465779406], 2, -1.0, [-0.0711147425474397, 0.03732144407721659]
[-0.0711147425474397, 0.03732144407721659], 2, -1.0, [-0.03523661924419716, 0.03587812330324254]
[-0.03523661924419716, 0.03587812330324254], 2, -1.0, [-0.0008445407259899326, 0.03439207851820723]
[-0.0008445407259899326, 0.03439207851820723], 2, -1.0, [0.03204754581626468, 0.03289208654225461]
[0.03204754581626468, 0.03289208654225461], 2, -1.0, [0.0634511777196214, 0.031403631903356724]
[0.0634511777196214, 0.031403631903356724], 2, -1.0, [0.09339996610830638, 0.029948788388684974]
[0.09339996610830638, 0.029948788388684974], 2, -1.0, [0.1219462540567955, 0.028546287948489128]
[0.1219462540567955, 0.028546287948489128], 2, -1.0, [0.14915798191266827, 0.027211727855872763]
[0.14915798191266827, 0.027211727855872763], 2, -1.0, [0.1751158523313587, 0.025957870418690437]
[0.1751158523313587, 0.025957870418690437], 2, -1.0, [0.1999108485268557, 0.024794996195496997]
[0.1999108485268557, 0.024794996195496997], 2, -1.0, [0.22364212821856796, 0.023731279691712275]
[0.22364212821856796, 0.023731279691712275], 2, -1.0, [0.2464152927659303, 0.022773164547362335]
[0.2464152927659303, 0.022773164547362335], 2, -1.0, [0.2683410152036783, 0.021925722437748006]
[0.2683410152036783, 0.021925722437748006], 2, -1.0, [0.2895340010842884, 0.021192985880610082]
[0.2895340010842884, 0.021192985880610082], 2, -1.0, [0.31011225084955624, 0.020578249765267852]
[0.31011225084955624, 0.020578249765267852], 2, -1.0, [0.33019659061273315, 0.02008433976317691]
[0.33019659061273315, 0.02008433976317691], 2, -1.0, [0.34991043862439414, 0.019713848011660984]
[0.34991043862439414, 0.019713848011660984], 2, -1.0, [0.36937977640410324, 0.01946933777970909]
[0.36937977640410324, 0.01946933777970909], 2, -1.0, [0.3887332958177401, 0.019353519413636812]
[0.3887332958177401, 0.019353519413636812], 2, -1.0, [0.4081026956945589, 0.01936939987681882]
[0.4081026956945589, 0.01936939987681882], 2, -1.0, [0.42762310345122284, 0.019520407756663898]
[0.42762310345122284, 0.019520407756663898], 2, -1.0, [0.44743359823707957, 0.019810494785856718]
[0.44743359823707957, 0.019810494785856718], 2, -1.0, [0.46767781198236014, 0.020244213745280567]
[0.46767781198236014, 0.020244213745280567], 2, -1.0, [0.4885045830605054, 0.020826771078145276]
[0.4885045830605054, 0.020826771078145276], 2, -1.0, [0.5100686336737117, 0.021564050613206234]
