[-0.47011323935894633, 0.0], 0, -1.0, [-0.4715126617753829, -0.0013994224164365714]
[-0.4715126617753829, -0.0013994224164365714], 0, -1.0, [-0.4743011422733678, -0.002788480497984857]
[-0.4743011422733678, -0.002788480497984857], 0, -1.0, [-0.47845800867812566, -0.004156866404757858]
[-0.47845800867812566, -0.004156866404757858], 0, -1.0, [-0.483952396976332, -0.0054943882982063565]
[-0.483952396976332, -0.0054943882982063565], 0, -1.0, [-0.49074343253716, -0.0067910355608280185]
[-0.49074343253716, -0.0067910355608280185], 0, -1.0, [-0.49878048436688327, -0.008037051829723262]
[-0.49878048436688327, -0.008037051829723262], 0, -1.0, [-0.5080035014523814, -0.009223017085498143]
[-0.5080035014523814, -0.009223017085498143], 0, -1.0, [-0.5183434404277674, -0.010339938975385996]
[-0.5183434404277674, -0.010339938975385996], 0, -1.0, [-0.5297227927840745, -0.011379352356307116]
[-0.5297227927840745, -0.011379352356307116], 0, -1.0, [-0.5420562175952616, -0.012333424811187035]
[-0.5420562175952616, -0.012333424811187035], 0, -1.0, [-0.5552512823209538, -0.013195064725692188]
[-0.5552512823209538, -0.013195064725692188], 0, -1.0, [-0.5692093098459883, -0.013958027525034522]
[-0.5692093098459883, -0.013958027525034522], 0, -1.0, [-0.5838263248164496, -0.014617014970461277]
[-0.5838263248164496, -0.014617014970461277], 0, -1.0, [-0.5989940869112901, -0.015167762094840524]
[-0.5989940869112901, -0.015167762094840524], 0, -1.0, [-0.6146011933901729, -0.01560710647888281]
[-0.6146011933901729, -0.01560710647888281], 0, -1.0, [-0.6305342285453056, -0.015933035155132634]
[-0.6305342285453056, -0.015933035155132634], 0, -1.0, [-0.646678933993846, -0.01614470544854045]
[-0.646678933993846, -0.01614470544854045], 0, -1.0, [-0.6629213714374467, -0.016242437443600682]
[-0.6629213714374467, -0.016242437443600682], 0, -1.0, [-0.6791490488270662, -0.01622767738961946]
[-0.6791490488270662, -0.01622767738961946], 0, -1.0, [-0.6952519818967108, -0.016102933069644575]
[-0.6952519818967108, -0.016102933069644575], 0, -1.0, [-0.7111236657032229, -0.015871683806512195]
[-0.7111236657032229, -0.015871683806512195], 0, -1.0, [-0.7266619349159905, -0.015538269212767604]
[-0.7266619349159905, -0.015538269212767604], 0, -1.0, [-0.7417696968057267, -0.015107761889736207]
[-0.7417696968057267, -0.015107761889736207], 0, -1.0, [-0.7563555267723682, -0.014585829966641518]
[-0.7563555267723682, -0.014585829966641518], 0, -1.0, [-0.7703341223863569, -0.013978595613988736]
[-0.7703341223863569, -0.013978595613988736], 0, -1.0, [-0.7836266178712327, -0.013292495484875757]
[-0.7836266178712327, -0.013292495484875757], 0, -1.0, [-0.7961607663633752, -0.01253414849214246]
[-0.7961607663633752, -0.01253414849214246], 0, -1.0, [-0.8078710018684674, -0.011710235505092259]
[-0.8078710018684674, -0.011710235505092259], 2, -1.0, [-0.8166983964160158, -0.008827394547548459]
[-0.8166983964160158, -0.008827394547548459], 2, -1.0, [-0.822600061066314, -0.005901664650298176]
[-0.822600061066314, -0.005901664650298176], 2, -1.0, [-0.8255480733071708, -0.002948012240856863]
[-0.8255480733071708, -0.002948012240856863], 2, -1.0, [-0.8255287140391324, 1.935926803839534e-05]
[-0.8255287140391324, 1.935926803839534e-05], 2, -1.0, [-0.8225420728532234, 0.002986641185908988]
[-0.8225420728532234, 0.002986641185908988], 2, -1.0, [-0.816602050652324, 0.005940022200899426]
[-0.816602050652324, 0.005940022200899426], 2, -1.0, [-0.8077367594260818, 0.008865291226242291]
[-0.8077367594260818, 0.008865291226242291], 2, -1.0, [-0.7959892897449099, 0.01174746968117192]
[-0.7959892897449099, 0.01174746968117192], 2, -1.0, [-0.781418786878928, 0.014570502865981987]
[-0.781418786878928, 0.014570502865981987], 2, -1.0, [-0.7641017463582468, 0.017317040520681157]
[-0.7641017463582468, 0.017317040520681157], 2, -1.0, [-0.7441334100130931, 0.01996833634515372]
[-0.7441334100130931, 0.01996833634515372], 2, -1.0, [-0.7216291158331638, 0.02250429417992924]
[-0.7216291158331638, 0.02250429417992924], 2, -1.0, [-0.6967254322702218, 0.024903683562942085]
[-0.6967254322702218, 0.024903683562942085], 2, -1.0, [-0.6695808937861388, 0.027144538484082898]
[-0.6695808937861388, 0.027144538484082898], 2, -1.0, [-0.6403761539794139, 0.029204739806724875]
[-0.6403761539794139, 0.029204739806724875], 2, -1.0, [-0.6093133897046211, 0.031062764274792824]
[-0.6093133897046211, 0.031062764274792824], 2, -1.0, [-0.5766148270675738, 0.03269856263704734]
[-0.5766148270675738, 0.03269856263704734], 2, -1.0, [-0.5425203183139113, 0.03409450875366245]
[-0.5425203183139113, 0.03409450875366245], 2, -1.0, [-0.5072839741893921, 0.035236344124519293]
[-0.5072839741893921, 0.035236344124519293], 2, -1.0, [-0.47116994222754177, 0.03611403196185033]
[-0.47116994222754177, 0.03611403196185033], 2, -1.0, [-0.43444750722129877, 0.036722435006242976]
[-0.43444750722129877, 0.036722435006242976], 2, -1.0, [-0.39738576378056883, 0.03706174344072993]
[-0.39738576378056883, 0.03706174344072993], 2, -1.0, [-0.3602481609564497, 0.03713760282411915]
[-0.3602481609564497, 0.03713760282411915], 2, -1.0, [-0.32328723721017477, 0.03696092374627491]
[-0.32328723721017477, 0.03696092374627491], 2, -1.0, [-0.2867398474585373, 0.03654738975163743]
[-0.2867398474585373, 0.03654738975163743], 2, -1.0, [-0.25082313539161344, 0.03591671206692388]
[-0.25082313539161344, 0.03591671206692388], 2, -1.0, [-0.21573143181647814, 0.035091703575135295]
[-0.21573143181647814, 0.035091703575135295], 2, -1.0, [-0.18163417483433986, 0.03409725698213828]
[-0.18163417483433986, 0.03409725698213828], 2, -1.0, [-0.14867486240164904, 0.032959312432690825]
[-0.14867486240164904, 0.032959312432690825], 2, -1.0, [-0.11697097284412342, 0.03170388955752562]
[-0.11697097284412342, 0.03170388955752562], 2, -1.0, [-0.08661473149580187, 0.030356241348321537]
[-0.08661473149580187, 0.030356241348321537], 2, -1.0, [-0.057674565199909794, 0.028940166295892075]
[-0.057674565199909794, 0.028940166295892075], 2, -1.0, [-0.030197070669762367, 0.027477494530147428]
[-0.030197070669762367, 0.027477494530147428], 2, -1.0, [-0.004209324693812279, 0.025987745975950088]
[-0.004209324693812279, 0.025987745975950088], 2, -1.0, [0.020278620611650686, 0.024487945305462964]
[0.020278620611650686, 0.024487945305462964], 2, -1.0, [0.04327119074308195, 0.022992570131431266]
[0.04327119074308195, 0.022992570131431266], 0, -1.0, [0.0627847957647936, 0.019513605021711646]
[0.0627847957647936, 0.019513605021711646], 0, -1.0, [0.07884261655170402, 0.016057820786910423]
[0.07884261655170402, 0.016057820786910423], 0, -1.0, [0.0914700436953292, 0.012627427143625176]
[0.0914700436953292, 0.012627427143625176], 0, -1.0, [0.10069100782075417, 0.009220964125424974]
[0.10069100782075417, 0.009220964125424974], 0, -1.0, [0.10652516740493145, 0.005834159584177283]
[0.10652516740493145, 0.005834159584177283], 0, -1.0, [0.1089859048257053, 0.002460737420773844]
[0.1089859048257053, 0.002460737420773844], 0, -1.0, [0.10807908275803642, -0.0009068220676688816]
[0.10807908275803642, -0.0009068220676688816], 0, -1.0, [0.10380252568023812, -0.004276557077798299]
[0.10380252568023812, -0.004276557077798299], 0, -1.0, [0.09614621051974363, -0.0076563151604944904]
[0.09614621051974363, -0.0076563151604944904], 0, -1.0, [0.08509317239906489, -0.011053038120678739]
[0.08509317239906489, -0.011053038120678739], 0, -1.0, [0.07062115240099073, -0.014472019998074155]
[0.07062115240099073, -0.014472019998074155], 0, -1.0, [0.0527050305010298, -0.01791612189996093]
[0.0527050305010298, -0.01791612189996093], 0, -1.0, [0.0313200940268448, -0.021384936474185]
[0.0313200940268448, -0.021384936474185], 0, -1.0, [0.00644618510424462, -0.024873908922600177]
[0.00644618510424462, -0.024873908922600177], 0, -1.0, [-0.021927256358272234, -0.028373441462516854]
[-0.021927256358272234, -0.028373441462516854], 0, -1.0, [-0.053795290719601985, -0.031868034361329754]
[-0.053795290719601985, -0.031868034361329754], 0, -1.0, [-0.08913083893274325, -0.03533554821314126]
[-0.08913083893274325, -0.03533554821314126], 2, -1.0, [-0.12587754493837483, -0.036746706005631596]
[-0.12587754493837483, -0.036746706005631596], 2, -1.0, [-0.16394810128563342, -0.038070556347258595]
[-0.16394810128563342, -0.038070556347258595], 2, -1.0, [-0.20322231608627547, -0.03927421480064206]
[-0.20322231608627547, -0.03927421480064206], 0, -1.0, [-0.2455461278041373, -0.04232381171786182]
[-0.2455461278041373, -0.04232381171786182], 0, -1.0, [-0.2907217672204328, -0.045175639416295536]
[-0.2907217672204328, -0.045175639416295536], 0, -1.0, [-0.33850533172215835, -0.04778356450172556]
[-0.33850533172215835, -0.04778356450172556], 0, -1.0, [-0.3886068500575576, -0.05010151833539921]
[-0.3886068500575576, -0.05010151833539921], 0, -1.0, [-0.44069335963418327, -0.052086509576625716]
[-0.44069335963418327, -0.052086509576625716], 0, -1.0, [-0.49439526899173253, -0.053701909357549274]
[-0.49439526899173253, -0.053701909357549274], 0, -1.0, [-0.5493159245631837, -0.054920655571451114]
[-0.5493159245631837, -0.054920655571451114], 0, -1.0, [-0.6050438928071613, -0.055727968243977646]
[-0.6050438928071613, -0.055727968243977646], 0, -1.0, [-0.6611670823734752, -0.05612318956631393]
[-0.6611670823734752, -0.05612318956631393], 0, -1.0, [-0.7172875504260804, -0.05612046805260513]
[-0.7172875504260804, -0.05612046805260513], 0, -1.0, [-0.7730357295645327, -0.05574817913845226]
[-0.7730357295645327, -0.05574817913845226], 0, -1.0, [-0.8280829040413775, -0.05504717447684483]
[-0.8280829040413775, -0.05504717447684483], 0, -1.0, [-0.8821510337250389, -0.054068129683661384]
[-0.8821510337250389, -0.054068129683661384], 0, -1.0, [-0.9350194073850658, -0.0528683736600269]
[-0.9350194073850658, -0.0528683736600269], 0, -1.0, [-0.9865280192343819, -0.05150861184931607]
[-0.9865280192343819, -0.05150861184931607], 0, -1.0, [-1.0365779258078778, -0.050049906573495916]
[-1.0365779258078778, -0.050049906573495916], 0, -1.0, [-1.085129101009053, -0.048551175201175197]
[-1.085129101009053, -0.048551175201175197], 0, -1.0, [-1.1321964452786544, -0.04706734426960145]
[-1.1321964452786544, -0.04706734426960145], 0, -1.0, [-1.1778446292168272, -0.045648183938172895]
[-1.1778446292168272, -0.045648183938172895], 0, -1.0, [-1.2, 0.0]
[-1.2, 0.0], 2, -1.0, [-1.1967581039591646, 0.003241896040835368]
[-1.1967581039591646, 0.003241896040835368], 2, -1.0, [-1.1902636585360942, 0.006494445423070332]
[-1.1902636585360942, 0.006494445423070332], 2, -1.0, [-1.1804959639787937, 0.009767694557300442]
[-1.1804959639787937, 0.009767694557300442], 2, -1.0, [-1.1674255149588486, 0.013070449019945182]
[-1.1674255149588486, 0.013070449019945182], 2, -1.0, [-1.1510159267200155, 0.016409588238833067]
[-1.1510159267200155, 0.016409588238833067], 2, -1.0, [-1.1312266168239755, 0.019789309896040046]
[-1.1312266168239755, 0.019789309896040046], 2, -1.0, [-1.108016322100852, 0.02321029472312345]
[-1.108016322100852, 0.02321029472312345], 0, -1.0, [-1.083347524946184, 0.02466879715466819]
[-1.083347524946184, 0.02466879715466819], 2, -1.0, [-1.0551934151195428, 0.028154109826641127]
[-1.0551934151195428, 0.028154109826641127], 2, -1.0, [-1.0235400245141124, 0.031653390605430466]
[-1.0235400245141124, 0.031653390605430466], 2, -1.0, [-0.9883929276500606, 0.03514709686405185]
[-0.9883929276500606, 0.03514709686405185], 2, -1.0, [-0.9497846323151232, 0.038608295334937384]
[-0.9497846323151232, 0.038608295334937384], 2, -1.0, [-0.9077823337371099, 0.042002298578013304]
[-0.9077823337371099, 0.042002298578013304], 2, -1.0, [-0.8624955279380877, 0.045286805799022174]
[-0.8624955279380877, 0.045286805799022174], 2, -1.0, [-0.8140827942611474, 0.0484127336769403]
[-0.8140827942611474, 0.0484127336769403], 2, -1.0, [-0.7627568994462943, 0.05132589481485303]
[-0.7627568994462943, 0.05132589481485303], 2, -1.0, [-0.7087872951589234, 0.05396960428737093]
[-0.7087872951589234, 0.05396960428737093], 2, -1.0, [-0.6524991311603593, 0.05628816399856405]
[-0.6524991311603593, 0.05628816399856405], 2, -1.0, [-0.5942681293153909, 0.058231001844968405]
[-0.5942681293153909, 0.058231001844968405], 2, -1.0, [-0.5345110689101136, 0.05975706040527727]
[-0.5345110689101136, 0.05975706040527727], 2, -1.0, [-0.4736721809226404, 0.060838887987473146]
[-0.4736721809226404, 0.060838887987473146], 2, -1.0, [-0.4122063438993343, 0.06146583702330608]
[-0.4122063438993343, 0.06146583702330608], 1, -1.0, [-0.35156048709529486, 0.06064585680403942]
[-0.35156048709529486, 0.06064585680403942], 1, -1.0, [-0.2921483922964605, 0.05941209479883438]
[-0.2921483922964605, 0.05941209479883438], 2, -1.0, [-0.23333601488024097, 0.058812377416219516]
[-0.23333601488024097, 0.058812377416219516], 2, -1.0, [-0.17543572997592122, 0.05790028490431977]
[-0.17543572997592122, 0.05790028490431977], 1, -1.0, [-0.1196971151263741, 0.05573861484954711]
[-0.1196971151263741, 0.05573861484954711], 2, -1.0, [-0.06529904160902869, 0.05439807351734541]
[-0.06529904160902869, 0.05439807351734541], 2, -1.0, [-0.012353151696718287, 0.052945889912310404]
[-0.012353151696718287, 0.052945889912310404], 2, -1.0, [0.03909445477313263, 0.051447606469850915]
[0.03909445477313263, 0.051447606469850915], 1, -1.0, [0.08805923577700445, 0.04896478100387181]
[0.08805923577700445, 0.04896478100387181], 2, -1.0, [0.1356107479292582, 0.04755151215225376]
[0.1356107479292582, 0.04755151215225376], 1, -1.0, [0.1808663127905697, 0.045255564861311486]
[0.1808663127905697, 0.045255564861311486], 0, -1.0, [0.2229809537058203, 0.042114640915250606]
[0.2229809537058203, 0.042114640915250606], 0, -1.0, [0.262134400380536, 0.03915344667471569]
[0.262134400380536, 0.03915344667471569], 0, -1.0, [0.2985218576673082, 0.036387457286772215]
[0.2985218576673082, 0.036387457286772215], 0, -1.0, [0.33234662132613235, 0.033824763658824156]
[0.33234662132613235, 0.033824763658824156], 0, -1.0, [0.36381440797587755, 0.0314677866497452]
[0.36381440797587755, 0.0314677866497452], 0, -1.0, [0.39312918141440406, 0.0293147734385265]
[0.39312918141440406, 0.0293147734385265], 0, -1.0, [0.42049022727002133, 0.02736104585561725]
[0.42049022727002133, 0.02736104585561725], 0, -1.0, [0.44609023223511424, 0.025600004965092918]
[0.44609023223511424, 0.025600004965092918], 0, -1.0, [0.470114147412824, 0.024023915177709767]
[0.470114147412824, 0.024023915177709767], 0, -1.0, [0.49273864689701924, 0.022624499484195267]
[0.49273864689701924, 0.022624499484195267], 0, -1.0, [0.5141320259069264, 0.021393379009907145]
