[-0.40443094001269353, 0.0], 0, -1.0, [-0.4063057817072816, -0.001874841694588062]
[-0.4063057817072816, -0.001874841694588062], 0, -1.0, [-0.4100422790649094, -0.003736497357627811]
[-0.4100422790649094, -0.003736497357627811], 0, -1.0, [-0.41561407187703864, -0.005571792812129234]
[-0.41561407187703864, -0.005571792812129234], 0, -1.0, [-0.4229816583743654, -0.007367586497326793]
[-0.4229816583743654, -0.007367586497326793], 0, -1.0, [-0.43209246577921523, -0.009110807404849817]
[-0.43209246577921523, -0.009110807404849817], 0, -1.0, [-0.4428809829619148, -0.010788517182699551]
[-0.4428809829619148, -0.010788517182699551], 0, -1.0, [-0.4552689844731902, -0.012388001511275379]
[-0.4552689844731902, -0.012388001511275379], 0, -1.0, [-0.4691658778739147, -0.013896893400724551]
[-0.4691658778739147, -0.013896893400724551], 0, -1.0, [-0.4844692060091602, -0.015303328135245485]
[-0.4844692060091602, -0.015303328135245485], 0, -1.0, [-0.501065332368405, -0.0165961263592448]
[-0.501065332368405, -0.0165961263592448], 0, -1.0, [-0.5188303308644914, -0.0177649984960864]
[-0.5188303308644914, -0.0177649984960864], 0, -1.0, [-0.5376310914763103, -0.01880076061181886]
[-0.5376310914763103, -0.01880076061181886], 0, -1.0, [-0.5573266408005532, -0.019695549324242938]
[-0.5573266408005532, -0.019695549324242938], 0, -1.0, [-0.5777696625522902, -0.020443021751737046]
[-0.5777696625522902, -0.020443021751737046], 0, -1.0, [-0.5988081886329367, -0.02103852608064647]
[-0.5988081886329367, -0.02103852608064647], 0, -1.0, [-0.6202874179089845, -0.021479229276047743]
[-0.6202874179089845, -0.021479229276047743], 0, -1.0, [-0.6420516086886265, -0.021764190779642145]
[-0.6420516086886265, -0.021764190779642145], 0, -1.0, [-0.6639459832470817, -0.021894374558455124]
[-0.6639459832470817, -0.021894374558455124], 0, -1.0, [-0.6858185794903511, -0.021872596243269482]
[-0.6858185794903511, -0.021872596243269482], 0, -1.0, [-0.7075219863415491, -0.021703406851198034]
[-0.7075219863415491, -0.021703406851198034], 0, -1.0, [-0.7289149055312693, -0.02139291918972017]
[-0.7289149055312693, -0.02139291918972017], 0, -1.0, [-0.7498634925152303, -0.020948586983961057]
[-0.7498634925152303, -0.020948586983961057], 0, -1.0, [-0.770242442170163, -0.020378949654932674]
[-0.770242442170163, -0.020378949654932674], 0, -1.0, [-0.7899357994363896, -0.019693357266226546]
[-0.7899357994363896, -0.019693357266226546], 0, -1.0, [-0.8088374898348136, -0.01890169039842407]
[-0.8088374898348136, -0.01890169039842407], 0, -1.0, [-0.8268515785614845, -0.018014088726670874]
[-0.8268515785614845, -0.018014088726670874], 2, -1.0, [-0.8418922786853202, -0.015040700123835744]
[-0.8418922786853202, -0.015040700123835744], 2, -1.0, [-0.8538923670198538, -0.012000088334533554]
[-0.8538923670198538, -0.012000088334533554], 2, -1.0, [-0.8628011830389689, -0.00890881601911505]
[-0.8628011830389689, -0.00890881601911505], 2, -1.0, [-0.8685828658444422, -0.005781682805473343]
[-0.8685828658444422, -0.005781682805473343], 2, -1.0, [-0.8712149536787459, -0.002632087834303726]
[-0.8712149536787459, -0.002632087834303726], 2, -1.0, [-0.8706874347325633, 0.0005275189461826139]
[-0.8706874347325633, 0.0005275189461826139], 2, -1.0, [-0.8670023047879015, 0.003685129944661702]
[-0.8670023047879015, 0.003685129944661702], 2, -1.0, [-0.8601736563816714, 0.006828648406230124]
[-0.8601736563816714, 0.006828648406230124], 2, -1.0, [-0.8502282945739478, 0.009945361807723603]
[-0.8502282945739478, 0.009945361807723603], 2, -1.0, [-0.8372068445436479, 0.013021450030299909]
[-0.8372068445436479, 0.013021450030299909], 2, -1.0, [-0.8211652846799025, 0.016041559863745423]
[-0.8211652846799025, 0.016041559863745423], 2, -1.0, [-0.8021768047437968, 0.01898847993610559]
[-0.8021768047437968, 0.01898847993610559], 2, -1.0, [-0.7803338522700632, 0.021842952473733607]
[-0.7803338522700632, 0.021842952473733607], 2, -1.0, [-0.7557501933943706, 0.024583658875692707]
[-0.7557501933943706, 0.024583658875692707], 2, -1.0, [-0.7285627802519897, 0.02718741314238077]
[-0.7285627802519897, 0.02718741314238077], 2, -1.0, [-0.698933191312628, 0.029629588939361733]
[-0.698933191312628, 0.029629588939361733], 1, -1.0, [-0.668048400158107, 0.030884791154521047]
[-0.668048400158107, 0.030884791154521047], 2, -1.0, [-0.6351138278270294, 0.03293457233107758]
[-0.6351138278270294, 0.03293457233107758], 2, -1.0, [-0.6003584065530378, 0.03475542127399159]
[-0.6003584065530378, 0.03475542127399159], 2, -1.0, [-0.5640323626208583, 0.03632604393217953]
[-0.5640323626208583, 0.03632604393217953], 2, -1.0, [-0.5264038099075021, 0.03762855271335614]
[-0.5264038099075021, 0.03762855271335614], 2, -1.0, [-0.48775421968512056, 0.03864959022238157]
[-0.48775421968512056, 0.03864959022238157], 2, -1.0, [-0.4483729458213722, 0.039381273863748366]
[-0.4483729458213722, 0.039381273863748366], 2, -1.0, [-0.40855108876634005, 0.03982185705503217]
[-0.40855108876634005, 0.03982185705503217], 2, -1.0, [-0.36857505997257645, 0.039976028793763614]
[-0.36857505997257645, 0.039976028793763614], 2, -1.0, [-0.3287202471611223, 0.03985481281145414]
[-0.3287202471611223, 0.03985481281145414], 2, -1.0, [-0.28924517317152165, 0.03947507398960066]
[-0.28924517317152165, 0.03947507398960066], 2, -1.0, [-0.25038648843299566, 0.038858684738525974]
[-0.25038648843299566, 0.038858684738525974], 2, -1.0, [-0.212355048796309, 0.03803143963668666]
[-0.212355048796309, 0.03803143963668666], 2, -1.0, [-0.17533322161511294, 0.037021827181196065]
[-0.17533322161511294, 0.037021827181196065], 2, -1.0, [-0.13947345059470095, 0.035859771020412]
[-0.13947345059470095, 0.035859771020412], 2, -1.0, [-0.1048980093715557, 0.03457544122314525]
[-0.1048980093715557, 0.03457544122314525], 2, -1.0, [-0.0716997959722509, 0.03319821339930481]
[-0.0716997959722509, 0.03319821339930481], 2, -1.0, [-0.039943970536009066, 0.031755825436241836]
[-0.039943970536009066, 0.031755825436241836], 2, -1.0, [-0.00967021695991956, 0.030273753576089506]
[-0.00967021695991956, 0.030273753576089506], 2, -1.0, [0.0191045885647192, 0.02877480552463876]
[0.0191045885647192, 0.02877480552463876], 2, -1.0, [0.046383499050158164, 0.02727891048543896]
[0.046383499050158164, 0.02727891048543896], 2, -1.0, [0.07218657408266034, 0.025803075032502173]
[0.07218657408266034, 0.025803075032502173], 2, -1.0, [0.09654804300703762, 0.02436146892437728]
[0.09654804300703762, 0.02436146892437728], 2, -1.0, [0.11951364798908785, 0.02296560498205023]
[0.11951364798908785, 0.02296560498205023], 2, -1.0, [0.14113822843325913, 0.021624580444171287]
[0.14113822843325913, 0.021624580444171287], 2, -1.0, [0.161483580762292, 0.020345352329032864]
[0.161483580762292, 0.020345352329032864], 2, -1.0, [0.18061660588085773, 0.019133025118565735]
[0.18061660588085773, 0.019133025118565735], 2, -1.0, [0.19860774060788858, 0.017991134727030848]
[0.19860774060788858, 0.017991134727030848], 2, -1.0, [0.21552965834682702, 0.01692191773893845]
[0.21552965834682702, 0.01692191773893845], 2, -1.0, [0.23145621741268602, 0.015926559065858995]
[0.23145621741268602, 0.015926559065858995], 2, -1.0, [0.24646163184202965, 0.015005414429343642]
[0.24646163184202965, 0.015005414429343642], 2, -1.0, [0.26061983833008956, 0.014158206488059898]
[0.26061983833008956, 0.014158206488059898], 2, -1.0, [0.2740040334405321, 0.013384195110442528]
[0.2740040334405321, 0.013384195110442528], 2, -1.0, [0.28668635682967697, 0.01268232338914487]
[0.28668635682967697, 0.01268232338914487], 2, -1.0, [0.2987376984665843, 0.012051341636907378]
[0.2987376984665843, 0.012051341636907378], 2, -1.0, [0.3102276103826937, 0.0114899119161094]
[0.3102276103826937, 0.0114899119161094], 2, -1.0, [0.32122430611907127, 0.010996695736377574]
[0.32122430611907127, 0.010996695736377574], 2, -1.0, [0.33179473360393436, 0.010570427484863091]
[0.33179473360393436, 0.010570427484863091], 2, -1.0, [0.34200470959519264, 0.010209975991258306]
[0.34200470959519264, 0.010209975991258306], 2, -1.0, [0.3519191060119922, 0.009914396416799583]
[0.3519191060119922, 0.009914396416799583], 2, -1.0, [0.3616020804345409, 0.009682974422548701]
[0.3616020804345409, 0.009682974422548701], 2, -1.0, [0.3711173447705088, 0.009515264335967884]
[0.3711173447705088, 0.009515264335967884], 2, -1.0, [0.3805284675777236, 0.009411122807214784]
[0.3805284675777236, 0.009411122807214784], 2, -1.0, [0.38989920681063467, 0.009370739232911103]
[0.38989920681063467, 0.009370739232911103], 2, -1.0, [0.3992938708369568, 0.009394664026322086]
[0.3992938708369568, 0.009394664026322086], 2, -1.0, [0.4087777064635607, 0.009483835626603938]
[0.4087777064635607, 0.009483835626603938], 2, -1.0, [0.41841731342463473, 0.009639606961074042]
[0.41841731342463473, 0.009639606961074042], 2, -1.0, [0.4282810853206417, 0.009863771896006951]
[0.4282810853206417, 0.009863771896006951], 2, -1.0, [0.4384396773441645, 0.010158592023522792]
[0.4384396773441645, 0.010158592023522792], 2, -1.0, [0.4489665012664183, 0.010526823922253806]
[0.4489665012664183, 0.010526823922253806], 2, -1.0, [0.4599382480483051, 0.010971746781886777]
[0.4599382480483051, 0.010971746781886777], 2, -1.0, [0.47143543802479704, 0.011497189976491977]
[0.47143543802479704, 0.011497189976491977], 2, -1.0, [0.48354299780848214, 0.012107559783685102]
[0.48354299780848214, 0.012107559783685102], 2, -1.0, [0.4963508617531012, 0.012807863944619096]
[0.4963508617531012, 0.012807863944619096], 2, -1.0, [0.5099545938573936, 0.01360373210429237]
