[-0.4333265818560462, 0.0], 0, -1.0, [-0.43499537771827956, -0.0016687958622333184]
[-0.43499537771827956, -0.0016687958622333184], 0, -1.0, [-0.4383209013152875, -0.0033255235970079374]
[-0.4383209013152875, -0.0033255235970079374], 0, -1.0, [-0.44327905488011626, -0.004958153564828769]
[-0.44327905488011626, -0.004958153564828769], 0, -1.0, [-0.44983379391386197, -0.006554739033745717]
[-0.44983379391386197, -0.006554739033745717], 0, -1.0, [-0.4579372658809315, -0.008103471967069509]
[-0.4579372658809315, -0.008103471967069509], 0, -1.0, [-0.4675300205225601, -0.009592754641628596]
[-0.4675300205225601, -0.009592754641628596], 0, -1.0, [-0.4785413106646296, -0.01101129014206952]
[-0.4785413106646296, -0.01101129014206952], 0, -1.0, [-0.4908895036448099, -0.012348192980180278]
[-0.4908895036448099, -0.012348192980180278], 0, -1.0, [-0.504482622654381, -0.013593119009571213]
[-0.504482622654381, -0.013593119009571213], 0, -1.0, [-0.5192190342363563, -0.01473641158197522]
[-0.5192190342363563, -0.01473641158197522], 0, -1.0, [-0.5349882929334104, -0.01576925869705409]
[-0.5349882929334104, -0.01576925869705409], 0, -1.0, [-0.5516721468709147, -0.016683853937504236]
[-0.5516721468709147, -0.016683853937504236], 0, -1.0, [-0.5691456993421098, -0.01747355247119507]
[-0.5691456993421098, -0.01747355247119507], 0, -1.0, [-0.5872787118845348, -0.018133012542425074]
[-0.5872787118845348, -0.018133012542425074], 0, -1.0, [-0.6059370247034647, -0.018658312818929775]
[-0.6059370247034647, -0.018658312818929775], 0, -1.0, [-0.6249840614905334, -0.019047036787068736]
[-0.6249840614905334, -0.019047036787068736], 0, -1.0, [-0.6442823785632736, -0.01929831707274026]
[-0.6442823785632736, -0.01929831707274026], 0, -1.0, [-0.6636952135443634, -0.01941283498108982]
[-0.6636952135443634, -0.01941283498108982], 0, -1.0, [-0.6830879870123119, -0.019392773467948484]
[-0.6830879870123119, -0.019392773467948484], 0, -1.0, [-0.7023297118970999, -0.01924172488478803]
[-0.7023297118970999, -0.01924172488478803], 0, -1.0, [-0.7212942697504866, -0.018964557853386636]
[-0.7212942697504866, -0.018964557853386636], 0, -1.0, [-0.7398615199723239, -0.0185672502218372]
[-0.7398615199723239, -0.0185672502218372], 0, -1.0, [-0.7579182169599822, -0.018056696987658327]
[-0.7579182169599822, -0.018056696987658327], 0, -1.0, [-0.7753587201576171, -0.017440503197634957]
[-0.7753587201576171, -0.017440503197634957], 0, -1.0, [-0.7920854922634324, -0.0167267721058153]
[-0.7920854922634324, -0.0167267721058153], 0, -1.0, [-0.8080093906147331, -0.015923898351300734]
[-0.8080093906147331, -0.015923898351300734], 2, -1.0, [-0.8210497653630386, -0.013040374748305533]
[-0.8210497653630386, -0.013040374748305533], 2, -1.0, [-0.8311437636557989, -0.01009399829276025]
[-0.8311437636557989, -0.01009399829276025], 2, -1.0, [-0.8382447740219264, -0.007101010366127584]
[-0.8382447740219264, -0.007101010366127584], 2, -1.0, [-0.8423210983502137, -0.0040763243282873375]
[-0.8423210983502137, -0.0040763243282873375], 2, -1.0, [-0.8433549545896428, -0.0010338562394290578]
[-0.8433549545896428, -0.0010338562394290578], 2, -1.0, [-0.8413418812277604, 0.0020130733618823854]
[-0.8413418812277604, 0.0020130733618823854], 2, -1.0, [-0.8362905836178632, 0.005051297609897226]
[-0.8362905836178632, 0.005051297609897226], 2, -1.0, [-0.8282232322237953, 0.008067351394067885]
[-0.8282232322237953, 0.008067351394067885], 2, -1.0, [-0.8171761931407502, 0.011047039083045114]
[-0.8171761931407502, 0.011047039083045114], 2, -1.0, [-0.8032011409881453, 0.013975052152604861]
[-0.8032011409881453, 0.013975052152604861], 2, -1.0, [-0.7863664729070973, 0.016834668081048026]
[-0.7863664729070973, 0.016834668081048026], 2, -1.0, [-0.7667589101023935, 0.01960756280470374]
[-0.7667589101023935, 0.01960756280470374], 2, -1.0, [-0.7444851414101947, 0.022273768692198805]
[-0.7444851414101947, 0.022273768692198805], 2, -1.0, [-0.7196733343474883, 0.02481180706270648]
[-0.7196733343474883, 0.02481180706270648], 2, -1.0, [-0.6924743169690971, 0.027199017378391147]
[-0.6924743169690971, 0.027199017378391147], 2, -1.0, [-0.6630622236418448, 0.02941209332725233]
[-0.6630622236418448, 0.02941209332725233], 2, -1.0, [-0.6316344048984166, 0.03142781874342811]
[-0.6316344048984166, 0.03142781874342811], 2, -1.0, [-0.5984104304042602, 0.033223974494156414]
[-0.5984104304042602, 0.033223974494156414], 2, -1.0, [-0.5636300670771281, 0.0347803633271321]
[-0.5636300670771281, 0.0347803633271321], 2, -1.0, [-0.5275501902347147, 0.03607987684241344]
[-0.5275501902347147, 0.03607987684241344], 2, -1.0, [-0.49044067847660455, 0.03710951175811015]
[-0.49044067847660455, 0.03710951175811015], 2, -1.0, [-0.4525794425199794, 0.037861235956625154]
[-0.4525794425199794, 0.037861235956625154], 2, -1.0, [-0.41424683090906117, 0.03833261161091823]
[-0.41424683090906117, 0.03833261161091823], 2, -1.0, [-0.37571972718277563, 0.038527103726285546]
[-0.37571972718277563, 0.038527103726285546], 2, -1.0, [-0.3372656918407038, 0.03845403534207179]
[-0.3372656918407038, 0.03845403534207179], 2, -1.0, [-0.29913750160512576, 0.03812819023557805]
[-0.29913750160512576, 0.03812819023557805], 2, -1.0, [-0.2615683982188892, 0.03756910338623653]
[-0.2615683982188892, 0.03756910338623653], 2, -1.0, [-0.22476828636831456, 0.036800111850574656]
[-0.22476828636831456, 0.036800111850574656], 2, -1.0, [-0.1889210274031164, 0.03584725896519817]
[-0.1889210274031164, 0.03584725896519817], 2, -1.0, [-0.15418287670323938, 0.034738150699877]
[-0.15418287670323938, 0.034738150699877], 2, -1.0, [-0.12068202132605743, 0.03350085537718194]
[-0.12068202132605743, 0.03350085537718194], 2, -1.0, [-0.08851910117275934, 0.032162920153298094]
[-0.08851910117275934, 0.032162920153298094], 2, -1.0, [-0.05776854698961021, 0.030750554183149127]
[-0.05776854698961021, 0.030750554183149127], 2, -1.0, [-0.028480543123853876, 0.029288003865756335]
[-0.028480543123853876, 0.029288003865756335], 2, -1.0, [-0.0006834194681651154, 0.02779712365568876]
[-0.0006834194681651154, 0.02779712365568876], 2, -1.0, [0.02561370944197121, 0.026297128910136327]
[0.02561370944197121, 0.026297128910136327], 2, -1.0, [0.05041821541992764, 0.02480450597795642]
[0.05041821541992764, 0.02480450597795642], 2, -1.0, [0.07375126437848238, 0.023333048958554745]
[0.07375126437848238, 0.023333048958554745], 2, -1.0, [0.09564525566817467, 0.021893991289692293]
[0.09564525566817467, 0.021893991289692293], 2, -1.0, [0.11614145795871339, 0.020496202290538716]
[0.11614145795871339, 0.020496202290538716], 2, -1.0, [0.13528788068593947, 0.019146422727226085]
[0.13528788068593947, 0.019146422727226085], 2, -1.0, [0.15313739900500023, 0.01784951831906077]
[0.15313739900500023, 0.01784951831906077], 2, -1.0, [0.1697461340822251, 0.01660873507722487]
[0.1697461340822251, 0.01660873507722487], 2, -1.0, [0.18517207903646304, 0.015425944954237927]
[0.18517207903646304, 0.015425944954237927], 2, -1.0, [0.19947395324233533, 0.014301874205872292]
[0.19947395324233533, 0.014301874205872292], 2, -1.0, [0.21271026326869033, 0.013236310026354994]
[0.21271026326869033, 0.013236310026354994], 2, -1.0, [0.22493854669554159, 0.012228283426851266]
[0.22493854669554159, 0.012228283426851266], 2, -1.0, [0.2362147747626943, 0.011276228067152727]
[0.2362147747626943, 0.011276228067152727], 2, -1.0, [0.24659289069471876, 0.010378115932024439]
[0.24659289069471876, 0.010378115932024439], 2, -1.0, [0.2561244621782952, 0.009531571483576435]
[0.2561244621782952, 0.009531571483576435], 2, -1.0, [0.2648584285060845, 0.008733966327789274]
[0.2648584285060845, 0.008733966327789274], 2, -1.0, [0.2728409251061652, 0.00798249660008074]
[0.2728409251061652, 0.00798249660008074], 2, -1.0, [0.2801151703832677, 0.007274245277102511]
[0.2801151703832677, 0.007274245277102511], 2, -1.0, [0.28672140190160605, 0.00660623151833831]
[0.28672140190160605, 0.00660623151833831], 2, -1.0, [0.2926968508767033, 0.005975448975097244]
[0.2926968508767033, 0.005975448975097244], 2, -1.0, [0.2980757456840337, 0.00537889480733046]
[0.2980757456840337, 0.00537889480733046], 2, -1.0, [0.3028893366257831, 0.004813590941749389]
[0.3028893366257831, 0.004813590941749389], 2, -1.0, [0.3071659355277629, 0.0042765989019797656]
[0.3071659355277629, 0.0042765989019797656], 2, -1.0, [0.31093096487926997, 0.0037650293515070644]
[0.31093096487926997, 0.0037650293515070644], 2, -1.0, [0.31420701219694064, 0.0032760473176706648]
[0.31420701219694064, 0.0032760473176706648], 2, -1.0, [0.3170138861089793, 0.002806873912038637]
[0.3170138861089793, 0.002806873912038637], 2, -1.0, [0.3193686713385052, 0.002354785229525899]
[0.3193686713385052, 0.002354785229525899], 2, -1.0, [0.3212857803334472, 0.001917108994941949]
[0.3212857803334472, 0.001917108994941949], 0, -1.0, [0.32077699976347535, -0.0005087805699718253]
[0.32077699976347535, -0.0005087805699718253], 0, -1.0, [0.31783919695672597, -0.0029378028067493867]
[0.31783919695672597, -0.0029378028067493867], 0, -1.0, [0.31245434856571935, -0.005384848391006598]
[0.31245434856571935, -0.005384848391006598], 0, -1.0, [0.3045897115101671, -0.007864637055552244]
[0.3045897115101671, -0.007864637055552244], 0, -1.0, [0.2941981603266615, -0.010391551183505578]
[0.2941981603266615, -0.010391551183505578], 0, -1.0, [0.28121873580654705, -0.012979424520114444]
[0.28121873580654705, -0.012979424520114444], 0, -1.0, [0.26557747178408386, -0.0156412640224632]
[0.26557747178408386, -0.0156412640224632], 0, -1.0, [0.24718859024281578, -0.018388881541268078]
[0.24718859024281578, -0.018388881541268078], 0, -1.0, [0.22595617901740317, -0.021232411225412622]
[0.22595617901740317, -0.021232411225412622], 0, -1.0, [0.2017764897908389, -0.02417968922656426]
[0.2017764897908389, -0.02417968922656426], 0, -1.0, [0.17454101390599946, -0.027235475884839426]
[0.17454101390599946, -0.027235475884839426], 0, -1.0, [0.144140504844986, -0.030400509061013457]
[0.144140504844986, -0.030400509061013457], 0, -1.0, [0.11047011171649912, -0.03367039312848688]
[0.11047011171649912, -0.03367039312848688], 0, -1.0, [0.07343575760414564, -0.037034354112353486]
[0.07343575760414564, -0.037034354112353486], 0, -1.0, [0.03296182762371423, -0.04047392998043141]
[0.03296182762371423, -0.04047392998043141], 0, -1.0, [-0.01099988939005845, -0.04396171701377268]
[-0.01099988939005845, -0.04396171701377268], 0, -1.0, [-0.058460245304730936, -0.047460355914672486]
[-0.058460245304730936, -0.047460355914672486], 0, -1.0, [-0.10938225166518517, -0.05092200636045424]
[-0.10938225166518517, -0.05092200636045424], 0, -1.0, [-0.16367086114991294, -0.05428860948472778]
[-0.16367086114991294, -0.05428860948472778], 0, -1.0, [-0.22116411028055857, -0.05749324913064563]
[-0.22116411028055857, -0.05749324913064563], 0, -1.0, [-0.28162697493981026, -0.06046286465925168]
[-0.28162697493981026, -0.06046286465925168], 0, -1.0, [-0.344749390455503, -0.06312241551569277]
[-0.344749390455503, -0.06312241551569277], 0, -1.0, [-0.4101497366148341, -0.06540034615933113]
[-0.4101497366148341, -0.06540034615933113], 0, -1.0, [-0.47738461856958464, -0.06723488195475051]
[-0.47738461856958464, -0.06723488195475051], 0, -1.0, [-0.5459649973734111, -0.06858037880382645]
[-0.5459649973734111, -0.06858037880382645], 0, -1.0, [-0.61537775535796, -0.06941275798454899]
[-0.61537775535796, -0.06941275798454899], 0, -1.0, [-0.6851108353415389, -0.06973307998357889]
[-0.6851108353415389, -0.06973307998357889], 0, -1.0, [-0.7546794203783693, -0.06956858503683036]
[-0.7546794203783693, -0.06956858503683036], 0, -1.0, [-0.8236504200108523, -0.06897099963248293]
[-0.8236504200108523, -0.06897099963248293], 0, -1.0, [-0.8916628616226592, -0.06801244161180685]
[-0.8916628616226592, -0.06801244161180685], 0, -1.0, [-0.9584425504469467, -0.06677968882428749]
[-0.9584425504469467, -0.06677968882428749], 0, -1.0, [-1.023810338238806, -0.06536778779185937]
[-1.023810338238806, -0.06536778779185937], 0, -1.0, [-1.0876842768263186, -0.06387393858751259]
[-1.0876842768263186, -0.06387393858751259], 0, -1.0, [-1.1500766334725165, -0.0623923566461979]
[-1.1500766334725165, -0.0623923566461979], 0, -1.0, [-1.2, 0.0]
[-1.2, 0.0], 2, -1.0, [-1.1967581039591646, 0.003241896040835368]
[-1.1967581039591646, 0.003241896040835368], 2, -1.0, [-1.1902636585360942, 0.006494445423070332]
[-1.1902636585360942, 0.006494445423070332], 2, -1.0, [-1.1804959639787937, 0.009767694557300442]
[-1.1804959639787937, 0.009767694557300442], 2, -1.0, [-1.1674255149588486, 0.013070449019945182]
[-1.1674255149588486, 0.013070449019945182], 2, -1.0, [-1.1510159267200155, 0.016409588238833067]
[-1.1510159267200155, 0.016409588238833067], 2, -1.0, [-1.1312266168239755, 0.019789309896040046]
[-1.1312266168239755, 0.019789309896040046], 2, -1.0, [-1.108016322100852, 0.02321029472312345]
[-1.108016322100852, 0.02321029472312345], 2, -1.0, [-1.081347524946184, 0.02666879715466819]
[-1.081347524946184, 0.02666879715466819], 2, -1.0, [-1.0511918363028878, 0.03015568864329602]
[-1.0511918363028878, 0.03015568864329602], 2, -1.0, [-1.0175363271434712, 0.0336555091594167]
[-1.0175363271434712, 0.0336555091594167], 2, -1.0, [-0.9803907090723114, 0.03714561807115983]
[-0.9803907090723114, 0.03714561807115983], 2, -1.0, [-0.9397951336374217, 0.04059557543488971]
[-0.9397951336374217, 0.04059557543488971], 2, -1.0, [-0.8958282112564235, 0.043966922380998245]
[-0.8958282112564235, 0.043966922380998245], 2, -1.0, [-0.8486146572192776, 0.04721355403714586]
[-0.8486146572192776, 0.04721355403714586], 2, -1.0, [-0.7983317816221248, 0.05028287559715283]
[-0.7983317816221248, 0.05028287559715283], 2, -1.0, [-0.7452138959379592, 0.0531178856841656]
[-0.7452138959379592, 0.0531178856841656], 2, -1.0, [-0.6895536666604415, 0.0556602292775177]
[-0.6895536666604415, 0.0556602292775177], 2, -1.0, [-0.6316995610792892, 0.057854105581152386]
[-0.6316995610792892, 0.057854105581152386], 2, -1.0, [-0.5720488365336812, 0.05965072454560789]
[-0.5720488365336812, 0.05965072454560789], 2, -1.0, [-0.5110360146660762, 0.061012821867605024]
[-0.5110360146660762, 0.061012821867605024], 2, -1.0, [-0.44911739120176025, 0.061918623464315904]
[-0.44911739120176025, 0.061918623464315904], 1, -1.0, [-0.38775274139346727, 0.061364649808292995]
[-0.38775274139346727, 0.061364649808292995], 1, -1.0, [-0.3273789672475157, 0.06037377414595155]
[-0.3273789672475157, 0.06037377414595155], 1, -1.0, [-0.2683933095642128, 0.058985657683302876]
[-0.2683933095642128, 0.058985657683302876], 1, -1.0, [-0.2111401056951295, 0.05725320386908331]
[-0.2111401056951295, 0.05725320386908331], 2, -1.0, [-0.15490192113600001, 0.056238184559129496]
[-0.15490192113600001, 0.056238184559129496], 2, -1.0, [-0.0998986202501463, 0.055003300885853715]
[-0.0998986202501463, 0.055003300885853715], 2, -1.0, [-0.04628388517487625, 0.05361473507527005]
[-0.04628388517487625, 0.05361473507527005], 2, -1.0, [0.005854910933279278, 0.05213879610815553]
[0.005854910933279278, 0.05213879610815553], 2, -1.0, [0.05649409268131777, 0.05063918174803849]
[0.05649409268131777, 0.05063918174803849], 1, -1.0, [0.10466909386876569, 0.04817500118744792]
[0.10466909386876569, 0.04817500118744792], 1, -1.0, [0.1504663363790307, 0.04579724251026501]
[0.1504663363790307, 0.04579724251026501], 1, -1.0, [0.1940139846377825, 0.0435476482587518]
[0.1940139846377825, 0.0435476482587518], 0, -1.0, [0.23447327822847452, 0.040459293590692044]
[0.23447327822847452, 0.040459293590692044], 0, -1.0, [0.2720259853164822, 0.03755270708800769]
[0.2720259853164822, 0.03755270708800769], 1, -1.0, [0.307865983557029, 0.035839998240546816]
[0.307865983557029, 0.035839998240546816], 1, -1.0, [0.3421985975320893, 0.03433261397506031]
[0.3421985975320893, 0.03433261397506031], 1, -1.0, [0.375236875807449, 0.03303827827535971]
[0.375236875807449, 0.03303827827535971], 1, -1.0, [0.4071988160030893, 0.03196194019564028]
[0.4071988160030893, 0.03196194019564028], 1, -1.0, [0.43830539098438126, 0.031106574981291907]
[0.43830539098438126, 0.031106574981291907], 0, -1.0, [0.467779223457203, 0.02947383247282173]
[0.467779223457203, 0.02947383247282173], 0, -1.0, [0.4958363631902229, 0.028057139733019886]
[0.4958363631902229, 0.028057139733019886], 0, -1.0, [0.5226855254733275, 0.026849162283104588]
