[-0.5628527594092592, 0.0], 2, -1.0, [-0.5615590345207888, 0.0012937248884703281]
[-0.5615590345207888, 0.0012937248884703281], 2, -1.0, [-0.5589812226667316, 0.0025778118540572947]
[-0.5589812226667316, 0.0025778118540572947], 2, -1.0, [-0.555138540507948, 0.0038426821587835554]
[-0.555138540507948, 0.0038426821587835554], 2, -1.0, [-0.5500596629163159, 0.00507887759163211]
[-0.5500596629163159, 0.00507887759163211], 2, -1.0, [-0.543782537036777, 0.006277125879538853]
[-0.543782537036777, 0.006277125879538853], 2, -1.0, [-0.5363541254331359, 0.007428411603641187]
[-0.5363541254331359, 0.007428411603641187], 2, -1.0, [-0.5278300720509468, 0.008524053382189043]
[-0.5278300720509468, 0.008524053382189043], 2, -1.0, [-0.5182742847976175, 0.009555787253329241]
[-0.5182742847976175, 0.009555787253329241], 2, -1.0, [-0.5077584295271231, 0.010515855270494368]
[-0.5077584295271231, 0.010515855270494368], 0, -1.0, [-0.49836133214290257, 0.009397097384220555]
[-0.49836133214290257, 0.009397097384220555], 0, -1.0, [-0.49015333479887807, 0.008207997344024493]
[-0.49015333479887807, 0.008207997344024493], 0, -1.0, [-0.4831957575878072, 0.006957577211070867]
[-0.4831957575878072, 0.006957577211070867], 2, -1.0, [-0.4755404615736908, 0.007655296014116385]
[-0.4755404615736908, 0.007655296014116385], 0, -1.0, [-0.46924435551190696, 0.006296106061783812]
[-0.46924435551190696, 0.006296106061783812], 0, -1.0, [-0.46435410342138067, 0.004890252090526317]
[-0.46435410342138067, 0.004890252090526317], 2, -1.0, [-0.4589058506862539, 0.005448252735126785]
[-0.4589058506862539, 0.005448252735126785], 0, -1.0, [-0.45493975466855574, 0.003966096017698163]
[-0.45493975466855574, 0.003966096017698163], 0, -1.0, [-0.4524849678174603, 0.002454786851095476]
[-0.4524849678174603, 0.002454786851095476], 2, -1.0, [-0.4495594978297528, 0.002925469987707466]
[-0.4495594978297528, 0.002925469987707466], 0, -1.0, [-0.4481847676426789, 0.0013747301870739009]
[-0.4481847676426789, 0.0013747301870739009], 0, -1.0, [-0.4483708297238105, -0.00018606208113161604]
[-0.4483708297238105, -0.00018606208113161604], 0, -1.0, [-0.4501163240819403, -0.0017454943581298424]
[-0.4501163240819403, -0.0017454943581298424], 0, -1.0, [-0.4534084838735526, -0.003292159791612284]
[-0.4534084838735526, -0.003292159791612284], 0, -1.0, [-0.45822318916370547, -0.004814705290152902]
[-0.45822318916370547, -0.004814705290152902], 0, -1.0, [-0.46452507399464826, -0.006301884830942801]
[-0.46452507399464826, -0.006301884830942801], 0, -1.0, [-0.47226769604355123, -0.007742622048902944]
[-0.47226769604355123, -0.007742622048902944], 0, -1.0, [-0.4813937814159875, -0.009126085372436248]
[-0.4813937814159875, -0.009126085372436248], 0, -1.0, [-0.4918355591684688, -0.010441777752481337]
[-0.4918355591684688, -0.010441777752481337], 0, -1.0, [-0.5035152006906531, -0.011679641522184347]
[-0.5035152006906531, -0.011679641522184347], 0, -1.0, [-0.5163453779082022, -0.012830177217549043]
[-0.5163453779082022, -0.012830177217549043], 0, -1.0, [-0.5302299513153694, -0.013884573407167228]
[-0.5302299513153694, -0.013884573407167228], 0, -1.0, [-0.5450647941849736, -0.014834842869604107]
[-0.5450647941849736, -0.014834842869604107], 0, -1.0, [-0.5607387531695202, -0.01567395898454665]
[-0.5607387531695202, -0.01567395898454665], 0, -1.0, [-0.5771347383028809, -0.016395985133360724]
[-0.5771347383028809, -0.016395985133360724], 0, -1.0, [-0.5941309276840612, -0.016996189381180346]
[-0.5941309276840612, -0.016996189381180346], 0, -1.0, [-0.6116020645224702, -0.01747113683840902]
[-0.6116020645224702, -0.01747113683840902], 0, -1.0, [-0.6294208174364548, -0.017818752913984607]
[-0.6294208174364548, -0.017818752913984607], 0, -1.0, [-0.6474591695755809, -0.018038352139126104]
[-0.6474591695755809, -0.018038352139126104], 0, -1.0, [-0.6655897988185563, -0.01813062924297539]
[-0.6655897988185563, -0.01813062924297539], 0, -1.0, [-0.6836874103351607, -0.018097611516604394]
[-0.6836874103351607, -0.018097611516604394], 0, -1.0, [-0.7016299843145191, -0.017942573979358445]
[-0.7016299843145191, -0.017942573979358445], 0, -1.0, [-0.7192999055310673, -0.017669921216548187]
[-0.7192999055310673, -0.017669921216548187], 0, -1.0, [-0.7365849472951153, -0.017285041764047947]
[-0.7365849472951153, -0.017285041764047947], 0, -1.0, [-0.7533790896916648, -0.016794142396549486]
[-0.7533790896916648, -0.016794142396549486], 0, -1.0, [-0.7695831602172732, -0.01620407052560842]
[-0.7695831602172732, -0.01620407052560842], 0, -1.0, [-0.7851052933212027, -0.015522133103929461]
[-0.7851052933212027, -0.015522133103929461], 0, -1.0, [-0.7998612133324119, -0.014755920011209211]
[-0.7998612133324119, -0.014755920011209211], 0, -1.0, [-0.8137743523041662, -0.013913138971754295]
[-0.8137743523041662, -0.013913138971754295], 2, -1.0, [-0.824775820074562, -0.011001467770395824]
[-0.824775820074562, -0.011001467770395824], 2, -1.0, [-0.8328134953219679, -0.008037675247405989]
[-0.8328134953219679, -0.008037675247405989], 2, -1.0, [-0.8378506472793904, -0.005037151957422457]
[-0.8378506472793904, -0.005037151957422457], 2, -1.0, [-0.8398648485842061, -0.0020142013048156213]
[-0.8398648485842061, -0.0020142013048156213], 2, -1.0, [-0.8388472602343986, 0.0010175883498075244]
[-0.8388472602343986, 0.0010175883498075244], 2, -1.0, [-0.8348023385024196, 0.004044921731979047]
[-0.8348023385024196, 0.004044921731979047], 2, -1.0, [-0.8277479835123854, 0.007054354990034161]
[-0.8277479835123854, 0.007054354990034161], 2, -1.0, [-0.8177161195424628, 0.010031863969922637]
[-0.8177161195424628, 0.010031863969922637], 2, -1.0, [-0.8047536672090225, 0.012962452333440249]
[-0.8047536672090225, 0.012962452333440249], 2, -1.0, [-0.7889238369064189, 0.015829830302603633]
[-0.7889238369064189, 0.015829830302603633], 2, -1.0, [-0.7703076411742232, 0.018616195732195685]
[-0.7703076411742232, 0.018616195732195685], 2, -1.0, [-0.7490054919572083, 0.02130214921701488]
[-0.7490054919572083, 0.02130214921701488], 2, -1.0, [-0.7251387191647065, 0.023866772792501816]
[-0.7251387191647065, 0.023866772792501816], 2, -1.0, [-0.69885082300941, 0.026287896155296482]
[-0.69885082300941, 0.026287896155296482], 2, -1.0, [-0.6703082589308518, 0.028542564078558215]
[-0.6703082589308518, 0.028542564078558215], 2, -1.0, [-0.6397005556600415, 0.030607703270810287]
[-0.6397005556600415, 0.030607703270810287], 2, -1.0, [-0.6072395888926044, 0.03246096676743701]
[-0.6072395888926044, 0.03246096676743701], 2, -1.0, [-0.5731578780818395, 0.03408171081076496]
[-0.5731578780818395, 0.03408171081076496], 2, -1.0, [-0.537705841866087, 0.03545203621575239]
[-0.537705841866087, 0.03545203621575239], 2, -1.0, [-0.5011480342341714, 0.03655780763191561]
[-0.5011480342341714, 0.03655780763191561], 2, -1.0, [-0.46375847988661595, 0.0373895543475555]
[-0.46375847988661595, 0.0373895543475555], 2, -1.0, [-0.4258153209908742, 0.03794315889574175]
[-0.4258153209908742, 0.03794315889574175], 2, -1.0, [-0.3875950647946715, 0.03822025619620275]
[-0.3875950647946715, 0.03822025619620275], 2, -1.0, [-0.3493667698708163, 0.038228294923855224]
[-0.3493667698708163, 0.038228294923855224], 2, -1.0, [-0.3113865199085646, 0.0379802499622517]
[-0.3113865199085646, 0.0379802499622517], 2, -1.0, [-0.27389250603142684, 0.037494013877137765]
[-0.27389250603142684, 0.037494013877137765], 2, -1.0, [-0.23710097649827927, 0.03679152953314756]
[-0.23710097649827927, 0.03679152953314756], 2, -1.0, [-0.2012032268128261, 0.03589774968545316]
[-0.2012032268128261, 0.03589774968545316], 2, -1.0, [-0.16636370728605965, 0.03483951952676644]
[-0.16636370728605965, 0.03483951952676644], 2, -1.0, [-0.13271923260618165, 0.033644474679877995]
[-0.13271923260618165, 0.033644474679877995], 2, -1.0, [-0.10037920006826093, 0.03234003253792072]
[-0.10037920006826093, 0.03234003253792072], 2, -1.0, [-0.06942666674829957, 0.030952533319961357]
[-0.06942666674829957, 0.030952533319961357], 2, -1.0, [-0.03992010347539192, 0.02950656327290765]
[-0.03992010347539192, 0.02950656327290765], 2, -1.0, [-0.011895633455240688, 0.02802447002015123]
[-0.011895633455240688, 0.02802447002015123], 2, -1.0, [0.014630428339537566, 0.026526061794778254]
[0.014630428339537566, 0.026526061794778254], 2, -1.0, [0.03965889780388408, 0.02502846946434652]
[0.03965889780388408, 0.02502846946434652], 2, -1.0, [0.06320504072245559, 0.023546142918571496]
[0.06320504072245559, 0.023546142918571496], 2, -1.0, [0.08529599151606448, 0.022090950793608895]
[0.08529599151606448, 0.022090950793608895], 2, -1.0, [0.10596834499288689, 0.020672353476822402]
[0.10596834499288689, 0.020672353476822402], 0, -1.0, [0.12326596761845154, 0.01729762262556466]
[0.12326596761845154, 0.01729762262556466], 0, -1.0, [0.13723258922398582, 0.013966621605534274]
[0.13723258922398582, 0.013966621605534274], 0, -1.0, [0.1479081039411456, 0.010675514717159771]
[0.1479081039411456, 0.010675514717159771], 0, -1.0, [0.15532572100622966, 0.007417617065084068]
[0.15532572100622966, 0.007417617065084068], 0, -1.0, [0.15950988067939745, 0.004184159673167805]
[0.15950988067939745, 0.004184159673167805], 0, -1.0, [0.16047485799156103, 0.0009649773121635651]
[0.16047485799156103, 0.0009649773121635651], 0, -1.0, [0.15822399484280514, -0.002250863148755892]
[0.15822399484280514, -0.002250863148755892], 0, -1.0, [0.15274952497438535, -0.005474469868419783]
[0.15274952497438535, -0.005474469868419783], 0, -1.0, [0.14403298344431614, -0.008716541530069203]
[0.14403298344431614, -0.008716541530069203], 0, -1.0, [0.13204622002189145, -0.011986763422424693]
[0.13204622002189145, -0.011986763422424693], 0, -1.0, [0.11675306209850118, -0.015293157923390267]
[0.11675306209850118, -0.015293157923390267], 0, -1.0, [0.09811169465790204, -0.018641367440599146]
[0.09811169465790204, -0.018641367440599146], 1, -1.0, [0.07707783909634008, -0.021033855561561947]
[0.07707783909634008, -0.021033855561561947], 0, -1.0, [0.052610522434498916, -0.024467316661841168]
[0.052610522434498916, -0.024467316661841168], 0, -1.0, [0.024674279690424534, -0.027936242744074382]
[0.024674279690424534, -0.027936242744074382], 0, -1.0, [-0.006755116954658146, -0.03142939664508268]
[-0.006755116954658146, -0.03142939664508268], 0, -1.0, [-0.041684000261752466, -0.034928883307094316]
[-0.041684000261752466, -0.034928883307094316], 0, -1.0, [-0.08009336152560628, -0.038409361263853824]
[-0.08009336152560628, -0.038409361263853824], 0, -1.0, [-0.12193090118924489, -0.04183753966363861]
[-0.12193090118924489, -0.04183753966363861], 0, -1.0, [-0.1671030421346916, -0.04517214094544671]
[-0.1671030421346916, -0.04517214094544671], 0, -1.0, [-0.2154675685337199, -0.04836452639902831]
[-0.2154675685337199, -0.04836452639902831], 0, -1.0, [-0.2668277341243856, -0.05136016559066569]
[-0.2668277341243856, -0.05136016559066569], 0, -1.0, [-0.32092879971470134, -0.054101065590315724]
[-0.32092879971470134, -0.054101065590315724], 0, -1.0, [-0.37745795322484815, -0.05652915351014681]
[-0.37745795322484815, -0.05652915351014681], 0, -1.0, [-0.43604838588540207, -0.058590432660553936]
[-0.43604838588540207, -0.058590432660553936], 0, -1.0, [-0.49628792281772244, -0.06023953693232036]
[-0.49628792281772244, -0.06023953693232036], 0, -1.0, [-0.5577320620525196, -0.06144413923479715]
[-0.5577320620525196, -0.06144413923479715], 0, -1.0, [-0.6199206487949911, -0.062188586742471484]
[-0.6199206487949911, -0.062188586742471484], 0, -1.0, [-0.6823968333284312, -0.062476184533440046]
[-0.6823968333284312, -0.062476184533440046], 0, -1.0, [-0.7447265732859222, -0.06232973995749106]
[-0.7447265732859222, -0.06232973995749106], 0, -1.0, [-0.8065168477638336, -0.061790274477911404]
[-0.8065168477638336, -0.061790274477911404], 0, -1.0, [-0.8674309781761135, -0.060914130412279915]
[-0.8674309781761135, -0.060914130412279915], 0, -1.0, [-0.9271999373117388, -0.0597689591356253]
[-0.9271999373117388, -0.0597689591356253], 0, -1.0, [-0.9856291480839776, -0.058429210772238796]
[-0.9856291480839776, -0.058429210772238796], 0, -1.0, [-1.0426008827721152, -0.056971734688137474]
[-1.0426008827721152, -0.056971734688137474], 0, -1.0, [-1.0980728551617926, -0.05547197238967738]
[-1.0980728551617926, -0.05547197238967738], 0, -1.0, [-1.1520738894064033, -0.054001034244610766]
[-1.1520738894064033, -0.054001034244610766], 0, -1.0, [-1.2, 0.0]
[-1.2, 0.0], 2, -1.0, [-1.1967581039591646, 0.003241896040835368]
[-1.1967581039591646, 0.003241896040835368], 2, -1.0, [-1.1902636585360942, 0.006494445423070332]
[-1.1902636585360942, 0.006494445423070332], 2, -1.0, [-1.1804959639787937, 0.009767694557300442]
[-1.1804959639787937, 0.009767694557300442], 2, -1.0, [-1.1674255149588486, 0.013070449019945182]
[-1.1674255149588486, 0.013070449019945182], 2, -1.0, [-1.1510159267200155, 0.016409588238833067]
[-1.1510159267200155, 0.016409588238833067], 2, -1.0, [-1.1312266168239755, 0.019789309896040046]
[-1.1312266168239755, 0.019789309896040046], 2, -1.0, [-1.108016322100852, 0.02321029472312345]
[-1.108016322100852, 0.02321029472312345], 2, -1.0, [-1.081347524946184, 0.02666879715466819]
[-1.081347524946184, 0.02666879715466819], 2, -1.0, [-1.0511918363028878, 0.03015568864329602]
[-1.0511918363028878, 0.03015568864329602], 2, -1.0, [-1.0175363271434712, 0.0336555091594167]
[-1.0175363271434712, 0.0336555091594167], 2, -1.0, [-0.9803907090723114, 0.03714561807115983]
[-0.9803907090723114, 0.03714561807115983], 2, -1.0, [-0.9397951336374217, 0.04059557543488971]
[-0.9397951336374217, 0.04059557543488971], 2, -1.0, [-0.8958282112564235, 0.043966922380998245]
[-0.8958282112564235, 0.043966922380998245], 2, -1.0, [-0.8486146572192776, 0.04721355403714586]
[-0.8486146572192776, 0.04721355403714586], 2, -1.0, [-0.7983317816221248, 0.05028287559715283]
[-0.7983317816221248, 0.05028287559715283], 0, -1.0, [-0.7472138959379592, 0.0511178856841656]
[-0.7472138959379592, 0.0511178856841656], 2, -1.0, [-0.6935418893104172, 0.053672006627542054]
[-0.6935418893104172, 0.053672006627542054], 2, -1.0, [-0.6376498119374032, 0.055892077373013944]
[-0.6376498119374032, 0.055892077373013944], 2, -1.0, [-0.5799189441365358, 0.05773086780086746]
[-0.5799189441365358, 0.05773086780086746], 2, -1.0, [-0.5207676819656303, 0.05915126217090548]
[-0.5207676819656303, 0.05915126217090548], 2, -1.0, [-0.46063765274169166, 0.06013002922393862]
[-0.46063765274169166, 0.06013002922393862], 2, -1.0, [-0.3999770291194281, 0.060660623622263515]
[-0.3999770291194281, 0.060660623622263515], 2, -1.0, [-0.33922246045439414, 0.060754568665033995]
[-0.33922246045439414, 0.060754568665033995], 2, -1.0, [-0.27878127221100163, 0.060441188243392494]
[-0.27878127221100163, 0.060441188243392494], 2, -1.0, [-0.2190155362435004, 0.059765735967501246]
[-0.2190155362435004, 0.059765735967501246], 2, -1.0, [-0.1602292991696585, 0.0587862370738419]
[-0.1602292991696585, 0.0587862370738419], 2, -1.0, [-0.10265975473630529, 0.05756954443335322]
[-0.10265975473630529, 0.05756954443335322], 2, -1.0, [-0.04647258047296514, 0.05618717426334015]
[-0.04647258047296514, 0.05618717426334015], 0, -1.0, [0.006238851094050084, 0.05271143156701522]
[0.006238851094050084, 0.05271143156701522], 0, -1.0, [0.05545072053499093, 0.049211869440940845]
[0.05545072053499093, 0.049211869440940845], 0, -1.0, [0.1011971015810215, 0.04574638104603058]
[0.1011971015810215, 0.04574638104603058], 0, -1.0, [0.14355781005809712, 0.04236070847707561]
[0.14355781005809712, 0.04236070847707561], 0, -1.0, [0.18264680650965456, 0.03908899645155745]
[0.18264680650965456, 0.03908899645155745], 0, -1.0, [0.218601804887316, 0.03595499837766143]
[0.218601804887316, 0.03595499837766143], 0, -1.0, [0.2515754106521113, 0.03297360576479531]
[0.2515754106521113, 0.03297360576479531], 0, -1.0, [0.28172786860183935, 0.03015245794972802]
[0.28172786860183935, 0.03015245794972802], 0, -1.0, [0.3092213417029135, 0.027493473101074133]
[0.3092213417029135, 0.027493473101074133], 0, -1.0, [0.3342155525201992, 0.02499421081728568]
[0.3342155525201992, 0.02499421081728568], 2, -1.0, [0.35886458001105603, 0.02464902749085682]
[0.35886458001105603, 0.02464902749085682], 2, -1.0, [0.38332778299786746, 0.024463202986811438]
[0.38332778299786746, 0.024463202986811438], 2, -1.0, [0.40776972938651457, 0.024441946388647093]
[0.40776972938651457, 0.024441946388647093], 0, -1.0, [0.4303603352403272, 0.02259060585381261]
[0.4303603352403272, 0.02259060585381261], 2, -1.0, [0.453260735981291, 0.022900400740963854]
[0.453260735981291, 0.022900400740963854], 2, -1.0, [0.4766375076420807, 0.02337677166078969]
[0.4766375076420807, 0.02337677166078969], 0, -1.0, [0.498663233760972, 0.02202572611889131]
[0.498663233760972, 0.02202572611889131], 0, -1.0, [0.5195021176923738, 0.020838883931401726]
