[-0.4550865040492079, 0.0], 0, -1.0, [-0.45659673581127197, -0.0015102317620640721]
[-0.45659673581127197, -0.0015102317620640721], 0, -1.0, [-0.4596061058084203, -0.0030093699971483418]
[-0.4596061058084203, -0.0030093699971483418], 0, -1.0, [-0.46409247815014587, -0.004486372341725543]
[-0.46409247815014587, -0.004486372341725543], 0, -1.0, [-0.4700227809897879, -0.005930302839642024]
[-0.4700227809897879, -0.005930302839642024], 0, -1.0, [-0.47735317595400245, -0.0073303949642145655]
[-0.47735317595400245, -0.0073303949642145655], 0, -1.0, [-0.4860293013225694, -0.008676125368566958]
[-0.4860293013225694, -0.008676125368566958], 0, -1.0, [-0.49598660156185814, -0.00995730023928878]
[-0.49598660156185814, -0.00995730023928878], 0, -1.0, [-0.5071507563480601, -0.011164154786201922]
[-0.5071507563480601, -0.011164154786201922], 0, -1.0, [-0.5194382212244454, -0.012287464876385315]
[-0.5194382212244454, -0.012287464876385315], 0, -1.0, [-0.532756889448415, -0.013318668223969614]
[-0.532756889448415, -0.013318668223969614], 0, -1.0, [-0.5470068804593146, -0.01424999101089957]
[-0.5470068804593146, -0.01424999101089957], 0, -1.0, [-0.5620814549431824, -0.015074574483867849]
[-0.5620814549431824, -0.015074574483867849], 0, -1.0, [-0.5778680500382789, -0.015786595095096462]
[-0.5778680500382789, -0.015786595095096462], 0, -1.0, [-0.594249421296529, -0.01638137125825009]
[-0.594249421296529, -0.01638137125825009], 0, -1.0, [-0.6111048711639442, -0.016855449867415183]
[-0.6111048711639442, -0.016855449867415183], 0, -1.0, [-0.6283115375784251, -0.017206666414480907]
[-0.6283115375784251, -0.017206666414480907], 0, -1.0, [-0.6457457113886705, -0.01743417381024547]
[-0.6457457113886705, -0.01743417381024547], 0, -1.0, [-0.6632841481591365, -0.017538436770465984]
[-0.6632841481591365, -0.017538436770465984], 0, -1.0, [-0.6808053388719955, -0.017521190712859014]
[-0.6808053388719955, -0.017521190712859014], 0, -1.0, [-0.6981907051979066, -0.017385366325911093]
[-0.6981907051979066, -0.017385366325911093], 0, -1.0, [-0.7153256882985821, -0.01713498310067549]
[-0.7153256882985821, -0.01713498310067549], 0, -1.0, [-0.7321007052596994, -0.016775016961117294]
[-0.7321007052596994, -0.016775016961117294], 0, -1.0, [-0.7484119537850794, -0.016311248525380063]
[-0.7484119537850794, -0.016311248525380063], 0, -1.0, [-0.7641620531621116, -0.015750099377032173]
[-0.7641620531621116, -0.015750099377032173], 0, -1.0, [-0.779260517149599, -0.01509846398748733]
[-0.779260517149599, -0.01509846398748733], 0, -1.0, [-0.7936240617896378, -0.014363544640038842]
[-0.7936240617896378, -0.014363544640038842], 2, -1.0, [-0.8051767577380415, -0.011552695948403743]
[-0.8051767577380415, -0.011552695948403743], 2, -1.0, [-0.8138599674423945, -0.008683209704352934]
[-0.8138599674423945, -0.008683209704352934], 2, -1.0, [-0.819631092215164, -0.005771124772769431]
[-0.819631092215164, -0.005771124772769431], 2, -1.0, [-0.8224625356417394, -0.0028314434265755218]
[-0.8224625356417394, -0.0028314434265755218], 2, -1.0, [-0.8223409703968095, 0.00012156524492991719]
[-0.8223409703968095, 0.00012156524492991719], 2, -1.0, [-0.819266965787676, 0.0030740046091334923]
[-0.819266965787676, 0.0030740046091334923], 2, -1.0, [-0.8132550039163833, 0.0060119618712927035]
[-0.8132550039163833, 0.0060119618712927035], 2, -1.0, [-0.8043338832667177, 0.008921120649665541]
[-0.8043338832667177, 0.008921120649665541], 2, -1.0, [-0.7925474794192114, 0.011786403847506306]
[-0.7925474794192114, 0.011786403847506306], 2, -1.0, [-0.7779558031353871, 0.014591676283824245]
[-0.7779558031353871, 0.014591676283824245], 2, -1.0, [-0.7606362662913515, 0.017319536844035692]
[-0.7606362662913515, 0.017319536844035692], 2, -1.0, [-0.7406850368875466, 0.01995122940380488]
[-0.7406850368875466, 0.01995122940380488], 2, -1.0, [-0.7182183374251307, 0.022466699462415807]
[-0.7182183374251307, 0.022466699462415807], 2, -1.0, [-0.6933735192247624, 0.024844818200368303]
[-0.6933735192247624, 0.024844818200368303], 2, -1.0, [-0.6663097326202119, 0.02706378660455052]
[-0.6663097326202119, 0.02706378660455052], 2, -1.0, [-0.6372080137143545, 0.029101718905857294]
[-0.6372080137143545, 0.029101718905857294], 2, -1.0, [-0.6062706265350539, 0.030937387179300627]
[-0.6062706265350539, 0.030937387179300627], 2, -1.0, [-0.573719537561148, 0.032551088973905906]
[-0.573719537561148, 0.032551088973905906], 2, -1.0, [-0.5397939577360737, 0.03392557982507427]
[-0.5397939577360737, 0.03392557982507427], 2, -1.0, [-0.5047469618263555, 0.03504699590971826]
[-0.5047469618263555, 0.03504699590971826], 2, -1.0, [-0.4688412791596491, 0.035905682666706365]
[-0.4688412791596491, 0.035905682666706365], 2, -1.0, [-0.4323444331371784, 0.036496846022470705]
[-0.4323444331371784, 0.036496846022470705], 2, -1.0, [-0.39552347770445156, 0.03682095543272683]
[-0.39552347770445156, 0.03682095543272683], 2, -1.0, [-0.3586396262311531, 0.03688385147329845]
[-0.3586396262311531, 0.03688385147329845], 2, -1.0, [-0.32194308427252444, 0.03669654195862867]
[-0.32194308427252444, 0.03669654195862867], 2, -1.0, [-0.28566837979946547, 0.036274704473058965]
[-0.28566837979946547, 0.036274704473058965], 2, -1.0, [-0.25003043575563016, 0.03563794404383531]
[-0.25003043575563016, 0.03563794404383531], 2, -1.0, [-0.21522155827992404, 0.03480887747570613]
[-0.21522155827992404, 0.03480887747570613], 2, -1.0, [-0.18140943077666388, 0.03381212750326015]
[-0.18140943077666388, 0.03381212750326015], 2, -1.0, [-0.14873612103172723, 0.032673309744936645]
[-0.14873612103172723, 0.032673309744936645], 2, -1.0, [-0.11731803592963214, 0.03141808510209509]
[-0.11731803592963214, 0.03141808510209509], 2, -1.0, [-0.08724670297874504, 0.03007133295088709]
[-0.08724670297874504, 0.03007133295088709], 2, -1.0, [-0.058590222945584525, 0.028656480033160514]
[-0.058590222945584525, 0.028656480033160514], 2, -1.0, [-0.03139522307935606, 0.02719499986622846]
[-0.03139522307935606, 0.02719499986622846], 2, -1.0, [-0.005689142732589882, 0.02570608034676618]
[-0.005689142732589882, 0.02570608034676618], 2, -1.0, [0.018517301726719032, 0.024206444459308914]
[0.018517301726719032, 0.024206444459308914], 2, -1.0, [0.04122760271181189, 0.02271030098509286]
[0.04122760271181189, 0.02271030098509286], 2, -1.0, [0.06245700112941026, 0.02122939841759837]
[0.06245700112941026, 0.02122939841759837], 1, -1.0, [0.08123015617120699, 0.018773155041796736]
[0.08123015617120699, 0.018773155041796736], 0, -1.0, [0.09657717589251501, 0.015347019721308017]
[0.09657717589251501, 0.015347019721308017], 0, -1.0, [0.10852839408573327, 0.01195121819321826]
[0.10852839408573327, 0.01195121819321826], 0, -1.0, [0.1171109530031178, 0.008582558917384527]
[0.1171109530031178, 0.008582558917384527], 0, -1.0, [0.12234622481013512, 0.005235271807017312]
[0.12234622481013512, 0.005235271807017312], 0, -1.0, [0.12424801132447667, 0.0019017865143415558]
[0.12424801132447667, 0.0019017865143415558], 0, -1.0, [0.1228214689594687, -0.001426542365007966]
[0.1228214689594687, -0.001426542365007966], 0, -1.0, [0.11806272274365447, -0.00475874621581424]
[0.11806272274365447, -0.00475874621581424], 0, -1.0, [0.10995915561608582, -0.008103567127568635]
[0.10995915561608582, -0.008103567127568635], 0, -1.0, [0.09849038338241783, -0.011468772233667986]
[0.09849038338241783, -0.011468772233667986], 0, -1.0, [0.08362994851373426, -0.014860434868683582]
[0.08362994851373426, -0.014860434868683582], 0, -1.0, [0.06534778392798787, -0.018282164585746392]
[0.06534778392798787, -0.018282164585746392], 0, -1.0, [0.043613506919865236, -0.021734277008122638]
[0.043613506919865236, -0.021734277008122638], 0, -1.0, [0.018400598453535855, -0.02521290846632938]
[0.018400598453535855, -0.02521290846632938], 0, -1.0, [-0.010308501932187814, -0.02870910038572367]
[-0.010308501932187814, -0.02870910038572367], 0, -1.0, [-0.04251640692955122, -0.03220790499736341]
[-0.04251640692955122, -0.03220790499736341], 0, -1.0, [-0.07820400347751877, -0.035687596547967555]
[-0.07820400347751877, -0.035687596547967555], 2, -1.0, [-0.11532311154743743, -0.037119108069918666]
[-0.11532311154743743, -0.037119108069918666], 2, -1.0, [-0.1537940875793084, -0.03847097603187098]
[-0.1537940875793084, -0.03847097603187098], 0, -1.0, [-0.1955036585831138, -0.0417095710038054]
[-0.1955036585831138, -0.0417095710038054], 0, -1.0, [-0.2402954215234866, -0.044791762940372806]
[-0.2402954215234866, -0.044791762940372806], 0, -1.0, [-0.28796523707557403, -0.047669815552087415]
[-0.28796523707557403, -0.047669815552087415], 0, -1.0, [-0.3382587531001053, -0.05029351602453125]
[-0.3382587531001053, -0.05029351602453125], 0, -1.0, [-0.39087179407892036, -0.0526130409788151]
[-0.39087179407892036, -0.0526130409788151], 0, -1.0, [-0.4454541906525705, -0.054582396573650147]
[-0.4454541906525705, -0.054582396573650147], 0, -1.0, [-0.5016173178928998, -0.05616312724032929]
[-0.5016173178928998, -0.05616312724032929], 0, -1.0, [-0.5589451866046306, -0.05732786871173076]
[-0.5589451866046306, -0.05732786871173076], 0, -1.0, [-0.6170084537624737, -0.05806326715784311]
[-0.6170084537624737, -0.05806326715784311], 0, -1.0, [-0.6753802815299208, -0.058371827767447045]
[-0.6753802815299208, -0.058371827767447045], 0, -1.0, [-0.733652679910798, -0.058272398380877215]
[-0.733652679910798, -0.058272398380877215], 0, -1.0, [-0.7914518897448245, -0.05779920983402655]
[-0.7914518897448245, -0.05779920983402655], 0, -1.0, [-0.8484515211804416, -0.056999631435617114]
[-0.8484515211804416, -0.056999631435617114], 0, -1.0, [-0.9043825178560958, -0.05593099667565411]
[-0.9043825178560958, -0.05593099667565411], 0, -1.0, [-0.9590394824242348, -0.054656964568138955]
[-0.9590394824242348, -0.054656964568138955], 0, -1.0, [-1.0122833717981001, -0.05324388937386539]
[-1.0122833717981001, -0.05324388937386539], 0, -1.0, [-1.06404096238789, -0.05175759058978975]
[-1.06404096238789, -0.05175759058978975], 0, -1.0, [-1.1143017439292684, -0.050260781541378426]
[-1.1143017439292684, -0.050260781541378426], 0, -1.0, [-1.1631130130590854, -0.04881126912981711]
[-1.1631130130590854, -0.04881126912981711], 0, -1.0, [-1.2, 0.0]
[-1.2, 0.0], 2, -1.0, [-1.1967581039591646, 0.003241896040835368]
[-1.1967581039591646, 0.003241896040835368], 2, -1.0, [-1.1902636585360942, 0.006494445423070332]
[-1.1902636585360942, 0.006494445423070332], 2, -1.0, [-1.1804959639787937, 0.009767694557300442]
[-1.1804959639787937, 0.009767694557300442], 2, -1.0, [-1.1674255149588486, 0.013070449019945182]
[-1.1674255149588486, 0.013070449019945182], 2, -1.0, [-1.1510159267200155, 0.016409588238833067]
[-1.1510159267200155, 0.016409588238833067], 2, -1.0, [-1.1312266168239755, 0.019789309896040046]
[-1.1312266168239755, 0.019789309896040046], 2, -1.0, [-1.108016322100852, 0.02321029472312345]
[-1.108016322100852, 0.02321029472312345], 2, -1.0, [-1.081347524946184, 0.02666879715466819]
[-1.081347524946184, 0.02666879715466819], 2, -1.0, [-1.0511918363028878, 0.03015568864329602]
[-1.0511918363028878, 0.03015568864329602], 2, -1.0, [-1.0175363271434712, 0.0336555091594167]
[-1.0175363271434712, 0.0336555091594167], 2, -1.0, [-0.9803907090723114, 0.03714561807115983]
[-0.9803907090723114, 0.03714561807115983], 2, -1.0, [-0.9397951336374217, 0.04059557543488971]
[-0.9397951336374217, 0.04059557543488971], 2, -1.0, [-0.8958282112564235, 0.043966922380998245]
[-0.8958282112564235, 0.043966922380998245], 2, -1.0, [-0.8486146572192776, 0.04721355403714586]
[-0.8486146572192776, 0.04721355403714586], 2, -1.0, [-0.7983317816221248, 0.05028287559715283]
[-0.7983317816221248, 0.05028287559715283], 2, -1.0, [-0.7452138959379592, 0.0531178856841656]
[-0.7452138959379592, 0.0531178856841656], 2, -1.0, [-0.6895536666604415, 0.0556602292775177]
[-0.6895536666604415, 0.0556602292775177], 2, -1.0, [-0.6316995610792892, 0.057854105581152386]
[-0.6316995610792892, 0.057854105581152386], 2, -1.0, [-0.5720488365336812, 0.05965072454560789]
[-0.5720488365336812, 0.05965072454560789], 2, -1.0, [-0.5110360146660762, 0.061012821867605024]
[-0.5110360146660762, 0.061012821867605024], 2, -1.0, [-0.44911739120176025, 0.061918623464315904]
[-0.44911739120176025, 0.061918623464315904], 2, -1.0, [-0.38675274139346727, 0.06236464980829299]
[-0.38675274139346727, 0.06236464980829299], 1, -1.0, [-0.3253858485235833, 0.06136689286988392]
[-0.3253858485235833, 0.06136689286988392], 1, -1.0, [-0.2654194795915768, 0.05996636893200651]
[-0.2654194795915768, 0.05996636893200651], 2, -1.0, [-0.20620157530489172, 0.05921790428668509]
[-0.20620157530489172, 0.05921790428668509], 2, -1.0, [-0.14802039193689825, 0.05818118336799346]
[-0.14802039193689825, 0.05818118336799346], 2, -1.0, [-0.09109674454848206, 0.056923647388416196]
[-0.09109674454848206, 0.056923647388416196], 2, -1.0, [-0.03558031734128986, 0.0555164272071922]
[-0.03558031734128986, 0.0555164272071922], 2, -1.0, [0.018450338387208165, 0.05403065572849802]
[0.018450338387208165, 0.05403065572849802], 2, -1.0, [0.07098482280664788, 0.05253448441943971]
[0.07098482280664788, 0.05253448441943971], 1, -1.0, [0.12107578032890431, 0.05009095752225644]
[0.12107578032890431, 0.05009095752225644], 1, -1.0, [0.1688298502447609, 0.047754069915856595]
[0.1688298502447609, 0.047754069915856595], 0, -1.0, [0.21339778804045945, 0.04456793779569854]
[0.21339778804045945, 0.04456793779569854], 0, -1.0, [0.2549607751693626, 0.04156298712890316]
[0.2549607751693626, 0.04156298712890316], 0, -1.0, [0.29372010268231263, 0.03875932751295001]
[0.29372010268231263, 0.03875932751295001], 0, -1.0, [0.3298887891428301, 0.03616868646051745]
[0.3298887891428301, 0.03616868646051745], 0, -1.0, [0.3636850537145076, 0.0337962645716775]
[0.3636850537145076, 0.0337962645716775], 0, -1.0, [0.3953274443478789, 0.03164239063337131]
[0.3953274443478789, 0.03164239063337131], 0, -1.0, [0.42503136813137066, 0.02970392378349172]
[0.42503136813137066, 0.02970392378349172], 0, -1.0, [0.45300676274915835, 0.02797539461778771]
[0.45300676274915835, 0.02797539461778771], 0, -1.0, [0.47945666589003544, 0.026449903140877102]
[0.47945666589003544, 0.026449903140877102], 0, -1.0, [0.504576469995467, 0.02511980410543153]
