[-0.5180928204523547, 0.0], 0, -1.0, [-0.5191341132381697, -0.001041292785815031]
[-0.5191341132381697, -0.001041292785815031], 0, -1.0, [-0.5212088899905003, -0.0020747767523306413]
[-0.5212088899905003, -0.0020747767523306413], 0, -1.0, [-0.5243015907313278, -0.003092700740827488]
[-0.5243015907313278, -0.003092700740827488], 0, -1.0, [-0.5283890203625631, -0.004087429631235264]
[-0.5283890203625631, -0.004087429631235264], 0, -1.0, [-0.5334405243946433, -0.005051504032080248]
[-0.5334405243946433, -0.005051504032080248], 0, -1.0, [-0.5394182260345933, -0.005977701639949999]
[-0.5394182260345933, -0.005977701639949999], 0, -1.0, [-0.5462773263288444, -0.0068591002942510245]
[-0.5462773263288444, -0.0068591002942510245], 0, -1.0, [-0.553966468681761, -0.00768914235291657]
[-0.553966468681761, -0.00768914235291657], 0, -1.0, [-0.5624281682619576, -0.008461699580196597]
[-0.5624281682619576, -0.008461699580196597], 0, -1.0, [-0.5715993055695564, -0.009171137307598748]
[-0.5715993055695564, -0.009171137307598748], 0, -1.0, [-0.5814116818142022, -0.009812376244645765]
[-0.5814116818142022, -0.009812376244645765], 0, -1.0, [-0.5917926318317654, -0.010380950017563267]
[-0.5917926318317654, -0.010380950017563267], 0, -1.0, [-0.6026656881684891, -0.010873056336723669]
[-0.6026656881684891, -0.010873056336723669], 0, -1.0, [-0.6139512878329325, -0.011285599664443476]
[-0.6139512878329325, -0.011285599664443476], 0, -1.0, [-0.6255675112212713, -0.011616223388338842]
[-0.6255675112212713, -0.011616223388338842], 0, -1.0, [-0.637430841023487, -0.011863329802215685]
[-0.637430841023487, -0.011863329802215685], 0, -1.0, [-0.6494569276647995, -0.012026086641312456]
[-0.6494569276647995, -0.012026086641312456], 0, -1.0, [-0.6615613471467086, -0.012104419481909063]
[-0.6615613471467086, -0.012104419481909063], 0, -1.0, [-0.6736603371018542, -0.012098989955145722]
[-0.6736603371018542, -0.012098989955145722], 0, -1.0, [-0.685671497493688, -0.01201116039183377]
[-0.685671497493688, -0.01201116039183377], 0, -1.0, [-0.6975144436506747, -0.011842946156986613]
[-0.6975144436506747, -0.011842946156986613], 0, -1.0, [-0.7091114011513054, -0.011596957500630764]
[-0.7091114011513054, -0.011596957500630764], 0, -1.0, [-0.7203877343554104, -0.01127633320410496]
[-0.7203877343554104, -0.01127633320410496], 2, -1.0, [-0.7292724029648119, -0.008884668609401465]
[-0.7292724029648119, -0.008884668609401465], 0, -1.0, [-0.7377105517095597, -0.008438148744747794]
[-0.7377105517095597, -0.008438148744747794], 0, -1.0, [-0.7456510330339813, -0.007940481324421628]
[-0.7456510330339813, -0.007940481324421628], 0, -1.0, [-0.7530465918503533, -0.00739555881637199]
[-0.7530465918503533, -0.00739555881637199], 0, -1.0, [-0.7598540039145241, -0.006807412064170824]
[-0.7598540039145241, -0.006807412064170824], 0, -1.0, [-0.7660341729356047, -0.006180169021080676]
[-0.7660341729356047, -0.006180169021080676], 2, -1.0, [-0.769552192304006, -0.0035180193684012147]
[-0.769552192304006, -0.0035180193684012147], 2, -1.0, [-0.7703884460944099, -0.000836253790403967]
[-0.7703884460944099, -0.000836253790403967], 2, -1.0, [-0.7685382989620759, 0.0018501471323340043]
[-0.7685382989620759, 0.0018501471323340043], 2, -1.0, [-0.7640120204439519, 0.004526278518124026]
[-0.7640120204439519, 0.004526278518124026], 2, -1.0, [-0.7568349514144719, 0.007177069029479983]
[-0.7568349514144719, 0.007177069029479983], 2, -1.0, [-0.7470478955615621, 0.009787055852909685]
[-0.7470478955615621, 0.009787055852909685], 2, -1.0, [-0.7347076941642154, 0.012340201397346734]
[-0.7347076941642154, 0.012340201397346734], 2, -1.0, [-0.7198879187594132, 0.014819775404802303]
[-0.7198879187594132, 0.014819775404802303], 2, -1.0, [-0.7026795944361779, 0.017208324323235276]
[-0.7026795944361779, 0.017208324323235276], 2, -1.0, [-0.683191847935674, 0.0194877465005039]
[-0.683191847935674, 0.0194877465005039], 2, -1.0, [-0.6615523614266673, 0.02163948650900667]
[-0.6615523614266673, 0.02163948650900667], 2, -1.0, [-0.6379075070937905, 0.023644854332876726]
[-0.6379075070937905, 0.023644854332876726], 2, -1.0, [-0.6124220419010422, 0.025485465192748295]
[-0.6124220419010422, 0.025485465192748295], 2, -1.0, [-0.5852782580166926, 0.02714378388434962]
[-0.5852782580166926, 0.02714378388434962], 2, -1.0, [-0.5566745133208607, 0.02860374469583195]
[-0.5566745133208607, 0.02860374469583195], 2, -1.0, [-0.5268231074730385, 0.029851405847822216]
[-0.5268231074730385, 0.029851405847822216], 0, -1.0, [-0.49794751951326716, 0.02887558795977133]
[-0.49794751951326716, 0.02887558795977133], 0, -1.0, [-0.4702641261506939, 0.027683393362573264]
[-0.4702641261506939, 0.027683393362573264], 0, -1.0, [-0.4439790380494325, 0.026285088101261376]
[-0.4439790380494325, 0.026285088101261376], 0, -1.0, [-0.4192854359029644, 0.024693602146468107]
[-0.4192854359029644, 0.024693602146468107], 0, -1.0, [-0.39636147673865385, 0.022923959164310583]
[-0.39636147673865385, 0.022923959164310583], 0, -1.0, [-0.37536879183169664, 0.020992684906957212]
[-0.37536879183169664, 0.020992684906957212], 0, -1.0, [-0.35645155194061895, 0.018917239891077697]
[-0.35645155194061895, 0.018917239891077697], 0, -1.0, [-0.33973603761266447, 0.01671551432795448]
[-0.33973603761266447, 0.01671551432795448], 0, -1.0, [-0.32533062468592705, 0.014405412926737436]
[-0.32533062468592705, 0.014405412926737436], 0, -1.0, [-0.3133260787632171, 0.01200454592270995]
[-0.3133260787632171, 0.01200454592270995], 0, -1.0, [-0.30379604684138717, 0.009530031921829938]
[-0.30379604684138717, 0.009530031921829938], 0, -1.0, [-0.2967976379605123, 0.006998408880874882]
[-0.2967976379605123, 0.006998408880874882], 0, -1.0, [-0.29237199571893807, 0.004425642241574205]
[-0.29237199571893807, 0.004425642241574205], 0, -1.0, [-0.2905447817578204, 0.0018272139611176914]
[-0.2905447817578204, 0.0018272139611176914], 0, -1.0, [-0.2913265090697467, -0.0007817273119263496]
[-0.2913265090697467, -0.0007817273119263496], 0, -1.0, [-0.2947126858355016, -0.00338617676575488]
[-0.2947126858355016, -0.00338617676575488], 0, -1.0, [-0.30068375344218146, -0.00597106760667988]
[-0.30068375344218146, -0.00597106760667988], 0, -1.0, [-0.30920482568441393, -0.008521072242232464]
[-0.30920482568441393, -0.008521072242232464], 0, -1.0, [-0.3202252593321092, -0.011020433647695296]
[-0.3202252593321092, -0.011020433647695296], 0, -1.0, [-0.3336781086386085, -0.013452849306499256]
[-0.3336781086386085, -0.013452849306499256], 0, -1.0, [-0.349479537099509, -0.01580142846090055]
[-0.349479537099509, -0.01580142846090055], 0, -1.0, [-0.36752827762451584, -0.018048740525006837]
[-0.36752827762451584, -0.018048740525006837], 0, -1.0, [-0.3877052456159989, -0.020176967991483073]
[-0.3877052456159989, -0.020176967991483073], 0, -1.0, [-0.40987341630359164, -0.022168170687592775]
[-0.40987341630359164, -0.022168170687592775], 0, -1.0, [-0.43387807602659606, -0.024004659723004418]
[-0.43387807602659606, -0.024004659723004418], 0, -1.0, [-0.45954754524529473, -0.0256694692186987]
[-0.45954754524529473, -0.0256694692186987], 0, -1.0, [-0.48669444793669997, -0.027146902691405263]
[-0.48669444793669997, -0.027146902691405263], 0, -1.0, [-0.5151175679947553, -0.02842312005805527]
[-0.5151175679947553, -0.02842312005805527], 0, -1.0, [-0.5446042902468758, -0.029486722252120595]
[-0.5446042902468758, -0.029486722252120595], 0, -1.0, [-0.5749335753867814, -0.03032928513990551]
[-0.5749335753867814, -0.03032928513990551], 0, -1.0, [-0.6058793696316012, -0.030945794244819753]
[-0.6058793696316012, -0.030945794244819753], 0, -1.0, [-0.6372143071415634, -0.031334937509962225]
[-0.6372143071415634, -0.031334937509962225], 0, -1.0, [-0.6687135318925914, -0.03149922475102801]
[-0.6687135318925914, -0.03149922475102801], 0, -1.0, [-0.7001584501848098, -0.03144491829221838]
[-0.7001584501848098, -0.03144491829221838], 0, -1.0, [-0.7313402275405322, -0.031181777355722414]
[-0.7313402275405322, -0.031181777355722414], 0, -1.0, [-0.7620628639728063, -0.03072263643227414]
[-0.7620628639728063, -0.03072263643227414], 0, -1.0, [-0.7921457164975991, -0.030082852524792838]
[-0.7921457164975991, -0.030082852524792838], 0, -1.0, [-0.821425382381456, -0.029279665883856887]
[-0.821425382381456, -0.029279665883856887], 0, -1.0, [-0.8497569050676868, -0.028331522686230695]
[-0.8497569050676868, -0.028331522686230695], 0, -1.0, [-0.8770143112432173, -0.02725740617553049]
[-0.8770143112432173, -0.02725740617553049], 2, -1.0, [-0.9010905273810897, -0.024076216137872444]
[-0.9010905273810897, -0.024076216137872444], 2, -1.0, [-0.9219030797448203, -0.020812552363730533]
[-0.9219030797448203, -0.020812552363730533], 2, -1.0, [-0.9393901728874248, -0.01748709314260439]
[-0.9393901728874248, -0.01748709314260439], 2, -1.0, [-0.9535068825982208, -0.01411670971079602]
[-0.9535068825982208, -0.01411670971079602], 2, -1.0, [-0.9642216957307918, -0.010714813132570892]
[-0.9642216957307918, -0.010714813132570892], 2, -1.0, [-0.9715135658913642, -0.007291870160572475]
[-0.9715135658913642, -0.007291870160572475], 2, -1.0, [-0.9753696004249996, -0.0038560345336355263]
[-0.9753696004249996, -0.0038560345336355263], 2, -1.0, [-0.9757834523306292, -0.0004138519056295616]
[-0.9757834523306292, -0.0004138519056295616], 2, -1.0, [-0.9727544598167199, 0.003028992513909261]
[-0.9727544598167199, 0.003028992513909261], 2, -1.0, [-0.9662875535628578, 0.0064669062538621185]
[-0.9662875535628578, 0.0064669062538621185], 2, -1.0, [-0.9563939337351106, 0.009893619827747162]
[-0.9563939337351106, 0.009893619827747162], 2, -1.0, [-0.943092501292236, 0.013301432442874597]
[-0.943092501292236, 0.013301432442874597], 2, -1.0, [-0.9264120069446411, 0.016680494347594887]
[-0.9264120069446411, 0.016680494347594887], 2, -1.0, [-0.9063938524855539, 0.020018154459087115]
[-0.9063938524855539, 0.020018154459087115], 2, -1.0, [-0.8830954401826019, 0.02329841230295205]
[-0.8830954401826019, 0.02329841230295205], 2, -1.0, [-0.8565939151474075, 0.02650152503519443]
[-0.8565939151474075, 0.02650152503519443], 2, -1.0, [-0.8269900841843058, 0.029603830963101697]
[-0.8269900841843058, 0.029603830963101697], 2, -1.0, [-0.7944122270363471, 0.03257785714795873]
[-0.7944122270363471, 0.03257785714795873], 2, -1.0, [-0.7590194507971576, 0.035392776239189475]
[-0.7590194507971576, 0.035392776239189475], 2, -1.0, [-0.7210041883417457, 0.03801526245541191]
[-0.7210041883417457, 0.03801526245541191], 2, -1.0, [-0.6805934228424252, 0.040410765499320524]
[-0.6805934228424252, 0.040410765499320524], 2, -1.0, [-0.6380482490499682, 0.042545173792457]
[-0.6380482490499682, 0.042545173792457], 2, -1.0, [-0.5936614703684101, 0.044386778681558096]
[-0.5936614703684101, 0.044386778681558096], 2, -1.0, [-0.5477530820657823, 0.04590838830262781]
[-0.5477530820657823, 0.04590838830262781], 2, -1.0, [-0.5006636949620757, 0.047089387103706616]
[-0.5006636949620757, 0.047089387103706616], 2, -1.0, [-0.45274618527229954, 0.0479175096897762]
[-0.45274618527229954, 0.0479175096897762], 2, -1.0, [-0.40435607756831266, 0.0483901077039869]
[-0.40435607756831266, 0.0483901077039869], 2, -1.0, [-0.3558413375054209, 0.048514740062891776]
[-0.3558413375054209, 0.048514740062891776], 2, -1.0, [-0.3075323341739673, 0.04830900333145363]
[-0.3075323341739673, 0.04830900333145363], 2, -1.0, [-0.2597327106840138, 0.0477996234899535]
[-0.2597327106840138, 0.0477996234899535], 2, -1.0, [-0.21271178031061191, 0.0470209303734019]
[-0.21271178031061191, 0.0470209303734019], 2, -1.0, [-0.1666988697589845, 0.046012910551627415]
[-0.1666988697589845, 0.046012910551627415], 2, -1.0, [-0.12187979980945814, 0.04481906994952638]
[-0.12187979980945814, 0.04481906994952638], 2, -1.0, [-0.07839546820257104, 0.04348433160688709]
[-0.07839546820257104, 0.04348433160688709], 2, -1.0, [-0.0363423138992632, 0.04205315430330784]
[-0.0363423138992632, 0.04205315430330784], 2, -1.0, [0.004225684283877165, 0.040567998183140365]
[0.004225684283877165, 0.040567998183140365], 2, -1.0, [0.043293883348913494, 0.03906819906503633]
[0.043293883348913494, 0.03906819906503633], 2, -1.0, [0.08088313934153679, 0.0375892559926233]
[0.08088313934153679, 0.0375892559926233], 2, -1.0, [0.11704563335202198, 0.03616249401048518]
[0.11704563335202198, 0.03616249401048518], 2, -1.0, [0.15186067169924294, 0.03481503834722097]
[0.15186067169924294, 0.03481503834722097], 2, -1.0, [0.18543069729058315, 0.03357002559134019]
[0.18543069729058315, 0.03357002559134019], 2, -1.0, [0.21787767570230002, 0.03244697841171688]
[0.21787767570230002, 0.03244697841171688], 2, -1.0, [0.24933995438635423, 0.031462278684054205]
[0.24933995438635423, 0.031462278684054205], 2, -1.0, [0.27996964014151243, 0.03062968575515819]
[0.27996964014151243, 0.03062968575515819], 0, -1.0, [0.30793049928454064, 0.027960859143028222]
[0.30793049928454064, 0.027960859143028222], 2, -1.0, [0.3353843602086419, 0.027453860924101257]
[0.3353843602086419, 0.027453860924101257], 0, -1.0, [0.3605004349534265, 0.0251160747447846]
[0.3605004349534265, 0.0251160747447846], 2, -1.0, [0.38544150033330643, 0.024941065379879945]
[0.38544150033330643, 0.024941065379879945], 2, -1.0, [0.4103757993798502, 0.02493429904654375]
[0.4103757993798502, 0.02493429904654375], 0, -1.0, [0.4334771610393558, 0.023101361659505614]
[0.4334771610393558, 0.023101361659505614], 2, -1.0, [0.4569108150872463, 0.02343365404789049]
[0.4569108150872463, 0.02343365404789049], 0, -1.0, [0.47884763928877366, 0.021936824201527393]
[0.47884763928877366, 0.021936824201527393], 2, -1.0, [0.5014498373016028, 0.02260219801282905]
