[-0.45664974674484093, 0.0], 0, -1.0, [-0.4581484953964509, -0.0014987486516099774]
[-0.4581484953964509, -0.0014987486516099774], 0, -1.0, [-0.46113497304005513, -0.0029864776436042146]
[-0.46113497304005513, -0.0029864776436042146], 0, -1.0, [-0.4655871922001639, -0.0044522191601088]
[-0.4655871922001639, -0.0044522191601088], 0, -1.0, [-0.4714723052341029, -0.005885113033938943]
[-0.4714723052341029, -0.005885113033938943], 0, -1.0, [-0.4787467753331639, -0.007274470099060994]
[-0.4787467753331639, -0.007274470099060994], 0, -1.0, [-0.4873566212781066, -0.00860984594494266]
[-0.4873566212781066, -0.00860984594494266], 0, -1.0, [-0.49723774815367056, -0.009881126875563985]
[-0.49723774815367056, -0.009881126875563985], 0, -1.0, [-0.5083163767177582, -0.011078628564087641]
[-0.5083163767177582, -0.011078628564087641], 0, -1.0, [-0.5205095831238269, -0.012193206406068727]
[-0.5205095831238269, -0.012193206406068727], 0, -1.0, [-0.5337259581417999, -0.013216375017973021]
[-0.5337259581417999, -0.013216375017973021], 0, -1.0, [-0.5478663909748809, -0.014140432833080929]
[-0.5478663909748809, -0.014140432833080929], 0, -1.0, [-0.562824977430703, -0.01495858645582213]
[-0.562824977430703, -0.01495858645582213], 0, -1.0, [-0.5784900459207939, -0.015665068490090826]
[-0.5784900459207939, -0.015665068490090826], 0, -1.0, [-0.5947452880023621, -0.016255242081568234]
[-0.5947452880023621, -0.016255242081568234], 0, -1.0, [-0.6114709734992888, -0.01672568549692667]
[-0.6114709734992888, -0.01672568549692667], 0, -1.0, [-0.628545224238941, -0.017074250739652148]
[-0.628545224238941, -0.017074250739652148], 0, -1.0, [-0.6458453156838071, -0.017300091444866075]
[-0.6458453156838071, -0.017300091444866075], 0, -1.0, [-0.6632489726932721, -0.017403657009464998]
[-0.6632489726932721, -0.017403657009464998], 0, -1.0, [-0.6806356246396896, -0.017386651946417517]
[-0.6806356246396896, -0.017386651946417517], 0, -1.0, [-0.6978875862498614, -0.0172519616101717]
[-0.6978875862498614, -0.0172519616101717], 0, -1.0, [-0.714891133765595, -0.01700354751573363]
[-0.714891133765595, -0.01700354751573363], 0, -1.0, [-0.7315374510374033, -0.016646317271808375]
[-0.7315374510374033, -0.016646317271808375], 0, -1.0, [-0.7477234265490095, -0.016185975511606176]
[-0.7477234265490095, -0.016185975511606176], 0, -1.0, [-0.7633522895827697, -0.015628863033760185]
[-0.7633522895827697, -0.015628863033760185], 0, -1.0, [-0.7783340812091522, -0.014981791626382475]
[-0.7783340812091522, -0.014981791626382475], 0, -1.0, [-0.7925859629788086, -0.014251881769656414]
[-0.7925859629788086, -0.014251881769656414], 0, -1.0, [-0.8060323726581982, -0.013446409679389584]
[-0.8060323726581982, -0.013446409679389584], 1, -1.0, [-0.8176050417421776, -0.011572669083979423]
[-0.8176050417421776, -0.011572669083979423], 2, -1.0, [-0.8262476518582443, -0.008642610116066658]
[-0.8262476518582443, -0.008642610116066658], 2, -1.0, [-0.8319196574035306, -0.005672005545286257]
[-0.8319196574035306, -0.005672005545286257], 2, -1.0, [-0.8345951672454153, -0.002675509841884715]
[-0.8345951672454153, -0.002675509841884715], 2, -1.0, [-0.8342621686190995, 0.0003329986263157763]
[-0.8342621686190995, 0.0003329986263157763], 2, -1.0, [-0.8309221496196838, 0.0033400189994157604]
[-0.8309221496196838, 0.0033400189994157604], 2, -1.0, [-0.8245901465830036, 0.006332003036680252]
[-0.8245901465830036, 0.006332003036680252], 2, -1.0, [-0.815295213094413, 0.009294933488590552]
[-0.815295213094413, 0.009294933488590552], 2, -1.0, [-0.8030812777353246, 0.012213935359088384]
[-0.8030812777353246, 0.012213935359088384], 2, -1.0, [-0.7880083273981202, 0.015072950337204339]
[-0.7880083273981202, 0.015072950337204339], 2, -1.0, [-0.7701538219608819, 0.01785450543723835]
[-0.7701538219608819, 0.01785450543723835], 2, -1.0, [-0.7496142150497112, 0.02053960691117073]
[-0.7496142150497112, 0.02053960691117073], 2, -1.0, [-0.7265064263999776, 0.023107788649733563]
[-0.7265064263999776, 0.023107788649733563], 2, -1.0, [-0.7009690870909328, 0.02553733930904491]
[-0.7009690870909328, 0.02553733930904491], 2, -1.0, [-0.6731633639251228, 0.02780572316581001]
[-0.6731633639251228, 0.02780572316581001], 2, -1.0, [-0.643273168339744, 0.029890195585378716]
[-0.643273168339744, 0.029890195585378716], 2, -1.0, [-0.6115045731019736, 0.03176859523777045]
[-0.6115045731019736, 0.03176859523777045], 2, -1.0, [-0.5780842998187316, 0.03342027328324208]
[-0.5780842998187316, 0.03342027328324208], 2, -1.0, [-0.5432572023582404, 0.03482709746049114]
[-0.5432572023582404, 0.03482709746049114], 2, -1.0, [-0.5072827521492546, 0.03597445020898584]
[-0.5072827521492546, 0.03597445020898584], 2, -1.0, [-0.4704306232572621, 0.03685212889199247]
[-0.4704306232572621, 0.03685212889199247], 2, -1.0, [-0.43297556679908483, 0.03745505645817727]
[-0.43297556679908483, 0.03745505645817727], 2, -1.0, [-0.3951918424933278, 0.03778372430575705]
[-0.3951918424933278, 0.03778372430575705], 2, -1.0, [-0.3573475275976961, 0.03784431489563169]
[-0.3573475275976961, 0.03784431489563169], 2, -1.0, [-0.31969904138717653, 0.03764848621051957]
[-0.31969904138717653, 0.03764848621051957], 2, -1.0, [-0.2824862036278662, 0.03721283775931032]
[-0.2824862036278662, 0.03721283775931032], 2, -1.0, [-0.24592809163948826, 0.03655811198837795]
[-0.24592809163948826, 0.03655811198837795], 2, -1.0, [-0.21021988160464317, 0.035708210034845075]
[-0.21021988160464317, 0.035708210034845075], 2, -1.0, [-0.17553076833544082, 0.03468911326920235]
[-0.17553076833544082, 0.03468911326920235], 2, -1.0, [-0.14200296696873208, 0.03352780136670875]
[-0.14200296696873208, 0.03352780136670875], 2, -1.0, [-0.10975172129839776, 0.032251245670334314]
[-0.10975172129839776, 0.032251245670334314], 2, -1.0, [-0.07886618422813861, 0.030885537070259147]
[-0.07886618422813861, 0.030885537070259147], 2, -1.0, [-0.049410999375740894, 0.029455184852397714]
[-0.049410999375740894, 0.029455184852397714], 2, -1.0, [-0.02142839850244612, 0.027982600873294773]
[-0.02142839850244612, 0.027982600873294773], 2, -1.0, [0.005059366325059003, 0.026487764827505124]
[0.005059366325059003, 0.026487764827505124], 2, -1.0, [0.03004741911539641, 0.024988052790337407]
[0.03004741911539641, 0.024988052790337407], 2, -1.0, [0.053545622063107506, 0.023498202947711093]
[0.053545622063107506, 0.023498202947711093], 2, -1.0, [0.07557601096383264, 0.022030388900725135]
[0.07557601096383264, 0.022030388900725135], 2, -1.0, [0.09617038207277301, 0.02059437110894037]
[0.09617038207277301, 0.02059437110894037], 2, -1.0, [0.11536808179585178, 0.019197699723078773]
[0.11536808179585178, 0.019197699723078773], 2, -1.0, [0.13321402795191145, 0.017845946156059656]
[0.13321402795191145, 0.017845946156059656], 2, -1.0, [0.14975697332268184, 0.016542945370770376]
[0.14975697332268184, 0.016542945370770376], 2, -1.0, [0.16504800872422645, 0.015291035401544603]
[0.16504800872422645, 0.015291035401544603], 2, -1.0, [0.1791392934164736, 0.014091284692247167]
[0.1791392934164736, 0.014091284692247167], 2, -1.0, [0.1920829946555458, 0.012943701239072177]
[0.1920829946555458, 0.012943701239072177], 2, -1.0, [0.2039304148768438, 0.011847420221298017]
[0.2039304148768438, 0.011847420221298017], 2, -1.0, [0.21473128370391972, 0.01080086882707593]
[0.21473128370391972, 0.01080086882707593], 2, -1.0, [0.22453319212428216, 0.009801908420362432]
[0.22453319212428216, 0.009801908420362432], 2, -1.0, [0.2333811472790008, 0.008847955154718647]
[0.2333811472790008, 0.008847955154718647], 2, -1.0, [0.24131722800459998, 0.007936080725599171]
[0.24131722800459998, 0.007936080725599171], 2, -1.0, [0.24838032326510773, 0.007063095260507737]
[0.24838032326510773, 0.007063095260507737], 2, -1.0, [0.25460593772178974, 0.006225614456682007]
[0.25460593772178974, 0.006225614456682007], 2, -1.0, [0.2600260507752754, 0.005420113053485663]
[0.2600260507752754, 0.005420113053485663], 2, -1.0, [0.26466901739646365, 0.004642966621188255]
[0.26466901739646365, 0.004642966621188255], 2, -1.0, [0.2685595008926346, 0.0038904834961709343]
[0.2685595008926346, 0.0038904834961709343], 0, -1.0, [0.269718429413817, 0.0011589285211824254]
[0.269718429413817, 0.0011589285211824254], 0, -1.0, [0.26815208293304915, -0.0015663464807678463]
[0.26815208293304915, -0.0015663464807678463], 0, -1.0, [0.26385197873961685, -0.004300104193432297]
[0.26385197873961685, -0.004300104193432297], 0, -1.0, [0.2567950265468574, -0.007056952192759476]
[0.2567950265468574, -0.007056952192759476], 0, -1.0, [0.2469439679818931, -0.009851058564964276]
[0.2469439679818931, -0.009851058564964276], 0, -1.0, [0.23424814101571312, -0.012695826966179977]
[0.23424814101571312, -0.012695826966179977], 0, -1.0, [0.21864463579129279, -0.015603505224420326]
[0.21864463579129279, -0.015603505224420326], 0, -1.0, [0.20005993385678816, -0.018584701934504618]
[0.20005993385678816, -0.018584701934504618], 0, -1.0, [0.17841214672736894, -0.02164778712941922]
[0.17841214672736894, -0.02164778712941922], 0, -1.0, [0.15361398945214608, -0.02479815727522287]
[0.15361398945214608, -0.02479815727522287], 0, -1.0, [0.12557663620267037, -0.02803735324947571]
[0.12557663620267037, -0.02803735324947571], 0, -1.0, [0.09421460142340285, -0.03136203477926753]
[0.09421460142340285, -0.03136203477926753], 0, -1.0, [0.05945176301869778, -0.03476283840470507]
[0.05945176301869778, -0.03476283840470507], 0, -1.0, [0.021228582579319394, -0.03822318043937838]
[0.021228582579319394, -0.03822318043937838], 0, -1.0, [-0.02048952973030009, -0.041718112309619484]
[-0.02048952973030009, -0.041718112309619484], 0, -1.0, [-0.06570292054251628, -0.045213390812216196]
[-0.06570292054251628, -0.045213390812216196], 2, -1.0, [-0.11236790355753527, -0.04666498301501899]
[-0.11236790355753527, -0.04666498301501899], 0, -1.0, [-0.16239217803540829, -0.05002427447787301]
[-0.16239217803540829, -0.05002427447787301], 0, -1.0, [-0.21562559785335617, -0.05323341981794787]
[-0.21562559785335617, -0.05323341981794787], 0, -1.0, [-0.2718539427585337, -0.05622834490517756]
[-0.2718539427585337, -0.05622834490517756], 0, -1.0, [-0.3307959362347426, -0.05894199347620894]
[-0.3307959362347426, -0.05894199347620894], 0, -1.0, [-0.39210465978134473, -0.06130872354660211]
[-0.39210465978134473, -0.06130872354660211], 0, -1.0, [-0.4553742091923163, -0.0632695494109716]
[-0.4553742091923163, -0.0632695494109716], 0, -1.0, [-0.5201518778050589, -0.0647776686127426]
[-0.5201518778050589, -0.0647776686127426], 0, -1.0, [-0.5859553976905325, -0.06580351988547364]
[-0.5859553976905325, -0.06580351988547364], 0, -1.0, [-0.6522939658644377, -0.06633856817390517]
[-0.6522939658644377, -0.06633856817390517], 0, -1.0, [-0.7186911214869104, -0.0663971556224727]
[-0.7186911214869104, -0.0663971556224727], 0, -1.0, [-0.7847072012824158, -0.06601607979550542]
[-0.7847072012824158, -0.06601607979550542], 0, -1.0, [-0.8499591823002289, -0.0652519810178132]
[-0.8499591823002289, -0.0652519810178132], 0, -1.0, [-0.9141362002207608, -0.06417701792053186]
[-0.9141362002207608, -0.06417701792053186], 0, -1.0, [-0.9770097720610007, -0.06287357184023984]
[-0.9770097720610007, -0.06287357184023984], 0, -1.0, [-1.0384385605855346, -0.06142878852453389]
[-1.0384385605855346, -0.06142878852453389], 0, -1.0, [-1.098368212159468, -0.05992965157393327]
[-1.098368212159468, -0.05992965157393327], 0, -1.0, [-1.1568272633406662, -0.058459051181198235]
[-1.1568272633406662, -0.058459051181198235], 0, -1.0, [-1.2, 0.0]
[-1.2, 0.0], 1, -1.0, [-1.1977581039591645, 0.002241896040835368]
[-1.1977581039591645, 0.002241896040835368], 2, -1.0, [-1.192266922003125, 0.00549118195603954]
[-1.192266922003125, 0.00549118195603954], 2, -1.0, [-1.1835087842422778, 0.008758137760847242]
[-1.1835087842422778, 0.008758137760847242], 2, -1.0, [-1.1714567831343694, 0.012052001107908413]
[-1.1714567831343694, 0.012052001107908413], 2, -1.0, [-1.1560764837952135, 0.015380299339155815]
[-1.1560764837952135, 0.015380299339155815], 2, -1.0, [-1.137328367422801, 0.018748116372412627]
[-1.137328367422801, 0.018748116372412627], 2, -1.0, [-1.1151710856910118, 0.022157281731789262]
[-1.1151710856910118, 0.022157281731789262], 2, -1.0, [-1.0895656035996981, 0.02560548209131374]
[-1.0895656035996981, 0.02560548209131374], 2, -1.0, [-1.060480288669089, 0.02908531493060923]
[-1.060480288669089, 0.02908531493060923], 2, -1.0, [-1.0278969583258928, 0.03258333034319622]
[-1.0278969583258928, 0.03258333034319622], 2, -1.0, [-0.9918178175819486, 0.03607914074394418]
[-0.9918178175819486, 0.03607914074394418], 2, -1.0, [-0.9522731003407132, 0.03954471724123545]
[-0.9522731003407132, 0.03954471724123545], 2, -1.0, [-0.9093290697204207, 0.04294403062029249]
[-0.9093290697204207, 0.04294403062029249], 2, -1.0, [-0.8630958448470684, 0.046233224873352366]
[-0.8630958448470684, 0.046233224873352366], 2, -1.0, [-0.8137343264690569, 0.04936151837801154]
[-0.8137343264690569, 0.04936151837801154], 2, -1.0, [-0.7614613303554927, 0.052272996113564126]
[-0.7614613303554927, 0.052272996113564126], 2, -1.0, [-0.7065519584468999, 0.054909371908592776]
[-0.7065519584468999, 0.054909371908592776], 2, -1.0, [-0.6493382999723089, 0.05721365847459106]
[-0.6493382999723089, 0.05721365847459106], 2, -1.0, [-0.5902038014347583, 0.05913449853755058]
[-0.5902038014347583, 0.05913449853755058], 2, -1.0, [-0.529573082669591, 0.06063071876516724]
[-0.529573082669591, 0.06063071876516724], 2, -1.0, [-0.46789755900026714, 0.061675523669323884]
[-0.46789755900026714, 0.061675523669323884], 1, -1.0, [-0.40663785294292787, 0.0612597060573393]
[-0.40663785294292787, 0.0612597060573393], 1, -1.0, [-0.3462374641902894, 0.06040038875263849]
[-0.3462374641902894, 0.06040038875263849], 1, -1.0, [-0.2871054011260917, 0.059132063064197736]
[-0.2871054011260917, 0.059132063064197736], 2, -1.0, [-0.2286019366328243, 0.05850346449326737]
[-0.2286019366328243, 0.05850346449326737], 2, -1.0, [-0.17103324459342029, 0.057568692039404006]
[-0.17103324459342029, 0.057568692039404006], 2, -1.0, [-0.11464262029839707, 0.056390624295023214]
[-0.11464262029839707, 0.056390624295023214], 2, -1.0, [-0.059605589767236664, 0.05503703053116041]
[-0.059605589767236664, 0.05503703053116041], 2, -1.0, [-0.006028696329371773, 0.05357689343786489]
[-0.006028696329371773, 0.05357689343786489], 2, -1.0, [0.04604860598061614, 0.052077302309987916]
[0.04604860598061614, 0.052077302309987916], 2, -1.0, [0.09664972571003534, 0.0506011197294192]
[0.09664972571003534, 0.0506011197294192], 1, -1.0, [0.14485519942148486, 0.04820547371144953]
[0.14485519942148486, 0.04820547371144953], 1, -1.0, [0.1907930405875896, 0.04593784116610474]
[0.1907930405875896, 0.04593784116610474], 0, -1.0, [0.2336293448953169, 0.04283630430772727]
[0.2336293448953169, 0.04283630430772727], 0, -1.0, [0.2735549747077224, 0.039925629812405494]
[0.2735549747077224, 0.039925629812405494], 0, -1.0, [0.31077626727010166, 0.03722129256237927]
[0.31077626727010166, 0.03722129256237927], 1, -1.0, [0.3465076459602708, 0.035731378690169145]
[0.3465076459602708, 0.035731378690169145], 1, -1.0, [0.38097244560043864, 0.03446479964016783]
[0.38097244560043864, 0.03446479964016783], 1, -1.0, [0.41439989038875735, 0.03342744478831873]
[0.41439989038875735, 0.03342744478831873], 0, -1.0, [0.44602291410408595, 0.03162302371532858]
[0.44602291410408595, 0.03162302371532858], 0, -1.0, [0.4760693567455424, 0.03004644264145647]
[0.4760693567455424, 0.03004644264145647], 0, -1.0, [0.5047605354434375, 0.028691178697895055]
