[-0.5362591967049534, 0.0], 0, -1.0, [-0.5371642663745372, -0.0009050696695837797]
[-0.5371642663745372, -0.0009050696695837797], 0, -1.0, [-0.5389676229449794, -0.00180335657044222]
[-0.5389676229449794, -0.00180335657044222], 0, -1.0, [-0.5416557539951045, -0.0026881310501250797]
[-0.5416557539951045, -0.0026881310501250797], 0, -1.0, [-0.545208523932569, -0.003552769937464536]
[-0.545208523932569, -0.003552769937464536], 0, -1.0, [-0.5495993342613225, -0.004390810328753479]
[-0.5495993342613225, -0.004390810328753479], 0, -1.0, [-0.5547953380827022, -0.005196003821379757]
[-0.5547953380827022, -0.005196003821379757], 0, -1.0, [-0.5607577091004091, -0.0059623710177069186]
[-0.5607577091004091, -0.0059623710177069186], 0, -1.0, [-0.56744196497946, -0.006684255879050812]
[-0.56744196497946, -0.006684255879050812], 0, -1.0, [-0.5747983442288392, -0.007356379249379284]
[-0.5747983442288392, -0.007356379249379284], 0, -1.0, [-0.5827722348446314, -0.007973890615792125]
[-0.5827722348446314, -0.007973890615792125], 0, -1.0, [-0.5913046517983734, -0.008532416953742053]
[-0.5913046517983734, -0.008532416953742053], 0, -1.0, [-0.6003327591422521, -0.00902810734387869]
[-0.6003327591422521, -0.00902810734387869], 0, -1.0, [-0.6097904311075593, -0.00945767196530714]
[-0.6097904311075593, -0.00945767196530714], 0, -1.0, [-0.6196088451897092, -0.009818414082149948]
[-0.6196088451897092, -0.009818414082149948], 0, -1.0, [-0.6297170989438863, -0.01010825375417714]
[-0.6297170989438863, -0.01010825375417714], 0, -1.0, [-0.6400428411605944, -0.010325742216708175]
[-0.6400428411605944, -0.010325742216708175], 0, -1.0, [-0.650512907340221, -0.010470066179626617]
[-0.650512907340221, -0.010470066179626617], 0, -1.0, [-0.6610539490115354, -0.010541041671314332]
[-0.6610539490115354, -0.010541041671314332], 0, -1.0, [-0.6715930464863897, -0.010539097474854382]
[-0.6715930464863897, -0.010539097474854382], 0, -1.0, [-0.6820582951271682, -0.01046524864077844]
[-0.6820582951271682, -0.01046524864077844], 0, -1.0, [-0.6923793561084545, -0.010321060981286231]
[-0.6923793561084545, -0.010321060981286231], 0, -1.0, [-0.7024879639336948, -0.010108607825240366]
[-0.7024879639336948, -0.010108607825240366], 0, -1.0, [-0.7123183845495602, -0.009830420615865396]
[-0.7123183845495602, -0.009830420615865396], 0, -1.0, [-0.7218078196948176, -0.009489435145257316]
[-0.7218078196948176, -0.009489435145257316], 0, -1.0, [-0.7308967550258064, -0.009088935330988887]
[-0.7308967550258064, -0.009088935330988887], 0, -1.0, [-0.7395292514740571, -0.008632496448250678]
[-0.7395292514740571, -0.008632496448250678], 0, -1.0, [-0.7476531811160692, -0.008123929642012001]
[-0.7476531811160692, -0.008123929642012001], 0, -1.0, [-0.7552204104861726, -0.00756722937010347]
[-0.7552204104861726, -0.00756722937010347], 0, -1.0, [-0.7621869356732398, -0.006966525187067208]
[-0.7621869356732398, -0.006966525187067208], 0, -1.0, [-0.7685129746630308, -0.006326038989791015]
[-0.7685129746630308, -0.006326038989791015], 2, -1.0, [-0.7721630231925534, -0.003650048529522577]
[-0.7721630231925534, -0.003650048529522577], 2, -1.0, [-0.7731168695356329, -0.0009538463430794559]
[-0.7731168695356329, -0.0009538463430794559], 2, -1.0, [-0.771369265298364, 0.0017476042372688147]
[-0.771369265298364, 0.0017476042372688147], 2, -1.0, [-0.7669298369963117, 0.004439428302052299]
[-0.7669298369963117, 0.004439428302052299], 2, -1.0, [-0.7598232473041991, 0.0071065896921124845]
[-0.7598232473041991, 0.0071065896921124845], 2, -1.0, [-0.7500895896961887, 0.009733657608010513]
[-0.7500895896961887, 0.009733657608010513], 2, -1.0, [-0.7377849752830392, 0.012304614413149397]
[-0.7377849752830392, 0.012304614413149397], 2, -1.0, [-0.7229822465553323, 0.014802728727706948]
[-0.7229822465553323, 0.014802728727706948], 2, -1.0, [-0.7057717303818201, 0.01721051617351225]
[-0.7057717303818201, 0.01721051617351225], 2, -1.0, [-0.6862619234223568, 0.0195098069594632]
[-0.6862619234223568, 0.0195098069594632], 2, -1.0, [-0.6645799890677343, 0.021681934354622463]
[-0.6645799890677343, 0.021681934354622463], 2, -1.0, [-0.6408719384929762, 0.02370805057475815]
[-0.6408719384929762, 0.02370805057475815], 2, -1.0, [-0.6153023718758546, 0.025569566617121592]
[-0.6153023718758546, 0.025569566617121592], 2, -1.0, [-0.588053671355599, 0.0272487005202555]
[-0.588053671355599, 0.0272487005202555], 2, -1.0, [-0.5593245659432265, 0.028729105412372485]
[-0.5593245659432265, 0.028729105412372485], 1, -1.0, [-0.5303280297859142, 0.02899653615731232]
[-0.5303280297859142, 0.02899653615731232], 0, -1.0, [-0.5022810276502236, 0.028047002135690547]
[-0.5022810276502236, 0.028047002135690547], 0, -1.0, [-0.47539379965897954, 0.02688722799124412]
[-0.47539379965897954, 0.02688722799124412], 0, -1.0, [-0.4498668501372577, 0.025526949521721836]
[-0.4498668501372577, 0.025526949521721836], 0, -1.0, [-0.42588839167029546, 0.02397845846696225]
[-0.42588839167029546, 0.02397845846696225], 0, -1.0, [-0.4036323112670078, 0.022256080403287644]
[-0.4036323112670078, 0.022256080403287644], 0, -1.0, [-0.3832566810480076, 0.020375630219000254]
[-0.3832566810480076, 0.020375630219000254], 0, -1.0, [-0.3649027941450269, 0.018353886902980704]
[-0.3649027941450269, 0.018353886902980704], 0, -1.0, [-0.34869467143537297, 0.01620812270965395]
[-0.34869467143537297, 0.01620812270965395], 0, -1.0, [-0.33473895882833116, 0.013955712607041842]
[-0.33473895882833116, 0.013955712607041842], 0, -1.0, [-0.32312511905464497, 0.011613839773686161]
[-0.32312511905464497, 0.011613839773686161], 0, -1.0, [-0.31392581598044467, 0.009199303074200287]
[-0.31392581598044467, 0.009199303074200287], 0, -1.0, [-0.3071973921603423, 0.006728423820102335]
[-0.3071973921603423, 0.006728423820102335], 0, -1.0, [-0.30298034996800555, 0.004217042192336758]
[-0.30298034996800555, 0.004217042192336758], 0, -1.0, [-0.3012997614013534, 0.0016805885666521321]
[-0.3012997614013534, 0.0016805885666521321], 0, -1.0, [-0.30216554992510813, -0.0008657885237547168]
[-0.30216554992510813, -0.0008657885237547168], 0, -1.0, [-0.30557260816272735, -0.003407058237619223]
[-0.30557260816272735, -0.003407058237619223], 0, -1.0, [-0.31150073688274715, -0.005928128720019791]
[-0.31150073688274715, -0.005928128720019791], 0, -1.0, [-0.31991441278686356, -0.008413675904116418]
[-0.31991441278686356, -0.008413675904116418], 0, -1.0, [-0.33076241445131777, -0.010848001664454215]
[-0.33076241445131777, -0.010848001664454215], 0, -1.0, [-0.343977356696161, -0.013214942244843183]
[-0.343977356696161, -0.013214942244843183], 0, -1.0, [-0.35947520274946554, -0.015497846053304579]
[-0.35947520274946554, -0.015497846053304579], 0, -1.0, [-0.3771548396191542, -0.01767963686968865]
[-0.3771548396191542, -0.01767963686968865], 0, -1.0, [-0.3968978135442033, -0.01974297392504908]
[-0.3968978135442033, -0.01974297392504908], 0, -1.0, [-0.4185683275047274, -0.021670513960524128]
[-0.4185683275047274, -0.021670513960524128], 0, -1.0, [-0.4420135997646173, -0.023445272259889877]
[-0.4420135997646173, -0.023445272259889877], 0, -1.0, [-0.46706466988862305, -0.02505107012400578]
[-0.46706466988862305, -0.02505107012400578], 0, -1.0, [-0.4935377159764273, -0.02647304608780428]
[-0.4935377159764273, -0.02647304608780428], 0, -1.0, [-0.5212359145271839, -0.02769819855075657]
[-0.5212359145271839, -0.02769819855075657], 0, -1.0, [-0.5499518343875628, -0.028715919860378965]
[-0.5499518343875628, -0.028715919860378965], 0, -1.0, [-0.5794703121375983, -0.029518477750035462]
[-0.5794703121375983, -0.029518477750035462], 0, -1.0, [-0.609571712723779, -0.030101400586180722]
[-0.609571712723779, -0.030101400586180722], 0, -1.0, [-0.6400354414180511, -0.030463728694272184]
[-0.6400354414180511, -0.030463728694272184], 0, -1.0, [-0.6706435462215211, -0.03060810480346995]
[-0.6706435462215211, -0.03060810480346995], 0, -1.0, [-0.7011842373715503, -0.030540691150029255]
[-0.7011842373715503, -0.030540691150029255], 0, -1.0, [-0.7314551544053238, -0.03027091703377354]
[-0.7314551544053238, -0.03027091703377354], 0, -1.0, [-0.7612662306971236, -0.029811076291799805]
[-0.7612662306971236, -0.029811076291799805], 0, -1.0, [-0.7904420377161671, -0.029175807019043435]
[-0.7904420377161671, -0.029175807019043435], 0, -1.0, [-0.8188235319954158, -0.028381494279248725]
[-0.8188235319954158, -0.028381494279248725], 0, -1.0, [-0.8462691717277349, -0.02744563973231911]
[-0.8462691717277349, -0.02744563973231911], 0, -1.0, [-0.8726554119389447, -0.026386240211209826]
[-0.8726554119389447, -0.026386240211209826], 0, -1.0, [-0.8978766231942389, -0.025221211255294203]
[-0.8978766231942389, -0.025221211255294203], 2, -1.0, [-0.9198445060696756, -0.02196788287543669]
[-0.9198445060696756, -0.02196788287543669], 2, -1.0, [-0.9384926417154422, -0.01864813564576665]
[-0.9384926417154422, -0.01864813564576665], 2, -1.0, [-0.9537725418734135, -0.01527990015797137]
[-0.9537725418734135, -0.01527990015797137], 2, -1.0, [-0.9656499935403061, -0.011877451666892545]
[-0.9656499935403061, -0.011877451666892545], 2, -1.0, [-0.9741018853697803, -0.008451891829474102]
[-0.9741018853697803, -0.008451891829474102], 2, -1.0, [-0.9791136452004324, -0.005011759830652175]
[-0.9791136452004324, -0.005011759830652175], 2, -1.0, [-0.9806773724409638, -0.0015637272405312815]
[-0.9806773724409638, -0.0015637272405312815], 2, -1.0, [-0.9787907152035829, 0.0018866572373808796]
[-0.9787907152035829, 0.0018866572373808796], 2, -1.0, [-0.973456517784867, 0.005334197418715932]
[-0.973456517784867, 0.005334197418715932], 2, -1.0, [-0.964683245859313, 0.008773271925554018]
[-0.964683245859313, 0.008773271925554018], 2, -1.0, [-0.952486180462213, 0.012197065397100013]
[-0.952486180462213, 0.012197065397100013], 2, -1.0, [-0.9368893532059273, 0.015596827256285778]
[-0.9368893532059273, 0.015596827256285778], 2, -1.0, [-0.9179281701222243, 0.018961183083702954]
[-0.9179281701222243, 0.018961183083702954], 2, -1.0, [-0.8956526366485104, 0.022275533473713895]
[-0.8956526366485104, 0.022275533473713895], 2, -1.0, [-0.8701310494631497, 0.025521587185360708]
[-0.8701310494631497, 0.025521587185360708], 2, -1.0, [-0.8414539621275899, 0.028677087335559782]
[-0.8414539621275899, 0.028677087335559782], 2, -1.0, [-0.8097381639031456, 0.031715798224444376]
[-0.8097381639031456, 0.031715798224444376], 2, -1.0, [-0.7751303417619262, 0.03460782214121934]
[-0.7751303417619262, 0.03460782214121934], 2, -1.0, [-0.7378100360136466, 0.037320305748279554]
[-0.7378100360136466, 0.037320305748279554], 2, -1.0, [-0.6979914654844368, 0.039818570529209785]
[-0.6979914654844368, 0.039818570529209785], 2, -1.0, [-0.6559238059208997, 0.042067659563537065]
[-0.6559238059208997, 0.042067659563537065], 2, -1.0, [-0.6118895702592739, 0.04403423566162573]
[-0.6118895702592739, 0.04403423566162573], 2, -1.0, [-0.566200869335758, 0.04568870092351593]
[-0.566200869335758, 0.04568870092351593], 2, -1.0, [-0.5191935218510337, 0.04700734748472427]
[-0.5191935218510337, 0.04700734748472427], 2, -1.0, [-0.47121921280766543, 0.04797430904336828]
[-0.47121921280766543, 0.04797430904336828], 2, -1.0, [-0.42263613574776276, 0.04858307705990266]
[-0.42263613574776276, 0.04858307705990266], 2, -1.0, [-0.373798753451414, 0.04883738229634874]
[-0.373798753451414, 0.04883738229634874], 2, -1.0, [-0.3250474342736454, 0.048751319177768586]
[-0.3250474342736454, 0.048751319177768586], 2, -1.0, [-0.2766987407547626, 0.048348693518882824]
[-0.2766987407547626, 0.048348693518882824], 2, -1.0, [-0.22903705911467906, 0.04766168164008353]
[-0.22903705911467906, 0.04766168164008353], 2, -1.0, [-0.1823080815679376, 0.04672897754674147]
[-0.1823080815679376, 0.04672897754674147], 2, -1.0, [-0.1367144243836565, 0.04559365718428109]
[-0.1367144243836565, 0.04559365718428109], 2, -1.0, [-0.09241342645784895, 0.04430099792580756]
[-0.09241342645784895, 0.04430099792580756], 2, -1.0, [-0.049516964637045496, 0.04289646182080345]
[-0.049516964637045496, 0.04289646182080345], 2, -1.0, [-0.008092969294751388, 0.04142399534229411]
[-0.008092969294751388, 0.04142399534229411], 2, -1.0, [0.03183176284305876, 0.03992473213781015]
[0.03183176284305876, 0.03992473213781015], 2, -1.0, [0.07026788550840057, 0.038436122665341806]
[0.07026788550840057, 0.038436122665341806], 2, -1.0, [0.10725935050187724, 0.036991464993476664]
[0.10725935050187724, 0.036991464993476664], 2, -1.0, [0.1428791289894976, 0.03561977848762036]
[0.1428791289894976, 0.03561977848762036], 2, -1.0, [0.17722507512901234, 0.034345946139514756]
[0.17722507512901234, 0.034345946139514756], 2, -1.0, [0.2104161238236729, 0.03319104869466055]
[0.2104161238236729, 0.03319104869466055], 2, -1.0, [0.2425889439999148, 0.03217282017624191]
[0.2425889439999148, 0.03217282017624191], 1, -1.0, [0.2728951097388316, 0.0303061657389168]
[0.2728951097388316, 0.0303061657389168], 1, -1.0, [0.30149332089397346, 0.028598211155141898]
[0.30149332089397346, 0.028598211155141898], 1, -1.0, [0.3285462958820645, 0.027052974988091037]
[0.3285462958820645, 0.027052974988091037], 2, -1.0, [0.35521844428413796, 0.026672148402073426]
[0.35521844428413796, 0.026672148402073426], 0, -1.0, [0.3796807656116759, 0.02446232132753796]
[0.3796807656116759, 0.02446232132753796], 2, -1.0, [0.4040969256554826, 0.024416160043806687]
[0.4040969256554826, 0.024416160043806687], 0, -1.0, [0.42663589772617494, 0.022538972070692342]
[0.42663589772617494, 0.022538972070692342], 2, -1.0, [0.44945786069734395, 0.022821962971169014]
[0.44945786069734395, 0.022821962971169014], 0, -1.0, [0.47072834034182853, 0.02127047964448461]
[0.47072834034182853, 0.02127047964448461], 2, -1.0, [0.4926039522448084, 0.0218756119029799]
[0.4926039522448084, 0.0218756119029799], 0, -1.0, [0.5132474378087328, 0.0206434855639244]
