[-0.5723161426804064, 0.0], 2, -1.0, [-0.5709520618190298, 0.0013640808613766134]
[-0.5709520618190298, 0.0013640808613766134], 2, -1.0, [-0.5682340246522601, 0.0027180371667696415]
[-0.5682340246522601, 0.0027180371667696415], 2, -1.0, [-0.5641822226503623, 0.004051802001897848]
[-0.5641822226503623, 0.004051802001897848], 2, -1.0, [-0.5588267962063734, 0.005355426443988856]
[-0.5588267962063734, 0.005355426443988856], 2, -1.0, [-0.5522076511657578, 0.006619145040615641]
[-0.5522076511657578, 0.006619145040615641], 2, -1.0, [-0.5443742028851077, 0.007833448280649998]
[-0.5443742028851077, 0.007833448280649998], 2, -1.0, [-0.5353850397595976, 0.008989163125510095]
[-0.5353850397595976, 0.008989163125510095], 0, -1.0, [-0.5273074980713619, 0.008077541688235657]
[-0.5273074980713619, 0.008077541688235657], 0, -1.0, [-0.5202021415384606, 0.0071053565329013135]
[-0.5202021415384606, 0.0071053565329013135], 0, -1.0, [-0.5141222593201522, 0.006079882218308316]
[-0.5141222593201522, 0.006079882218308316], 0, -1.0, [-0.5091134414002014, 0.00500881791995079]
[-0.5091134414002014, 0.00500881791995079], 2, -1.0, [-0.5032132292968959, 0.005900212103305512]
[-0.5032132292968959, 0.005900212103305512], 0, -1.0, [-0.4984658135028164, 0.004747415794079563]
[-0.4984658135028164, 0.004747415794079563], 0, -1.0, [-0.4949067163743511, 0.003559097128465325]
[-0.4949067163743511, 0.003559097128465325], 0, -1.0, [-0.49256254406026856, 0.002344172314082542]
[-0.49256254406026856, 0.002344172314082542], 2, -1.0, [-0.48945080730322654, 0.0031117367570419915]
[-0.48945080730322654, 0.0031117367570419915], 0, -1.0, [-0.4875947325752611, 0.0018560747279654632]
[-0.4875947325752611, 0.0018560747279654632], 2, -1.0, [-0.4850081634193036, 0.002586569155957488]
[-0.4850081634193036, 0.002586569155957488], 0, -1.0, [-0.48371037774466763, 0.0012977856746359743]
[-0.48371037774466763, 0.0012977856746359743], 0, -1.0, [-0.4837110415746853, -6.638300176615118e-07]
[-0.4837110415746853, -6.638300176615118e-07], 0, -1.0, [-0.4850101499662354, -0.0012991083915501259]
[-0.4850101499662354, -0.0012991083915501259], 0, -1.0, [-0.4875980270397357, -0.0025878770735002624]
[-0.4875980270397357, -0.0025878770735002624], 0, -1.0, [-0.4914553851207394, -0.003857358081003687]
[-0.4914553851207394, -0.003857358081003687], 0, -1.0, [-0.496553445186182, -0.005098060065442616]
[-0.496553445186182, -0.005098060065442616], 0, -1.0, [-0.5028541227520356, -0.00630067756585354]
[-0.5028541227520356, -0.00630067756585354], 0, -1.0, [-0.5103102848019316, -0.007456162049896126]
[-0.5103102848019316, -0.007456162049896126], 0, -1.0, [-0.5188660841363828, -0.008555799334451187]
[-0.5188660841363828, -0.008555799334451187], 0, -1.0, [-0.528457377464259, -0.009591293327876196]
[-0.528457377464259, -0.009591293327876196], 0, -1.0, [-0.5390122325684142, -0.0105548551041552]
[-0.5390122325684142, -0.0105548551041552], 0, -1.0, [-0.5504515279366654, -0.011439295368251133]
[-0.5504515279366654, -0.011439295368251133], 0, -1.0, [-0.5626896454223347, -0.012238117485669301]
[-0.5626896454223347, -0.012238117485669301], 0, -1.0, [-0.5756352529366848, -0.012945607514350189]
[-0.5756352529366848, -0.012945607514350189], 0, -1.0, [-0.5891921701118317, -0.013556917175146876]
[-0.5891921701118317, -0.013556917175146876], 0, -1.0, [-0.6032603056071643, -0.014068135495332635]
[-0.6032603056071643, -0.014068135495332635], 0, -1.0, [-0.6177366506080296, -0.014476345000865393]
[-0.6177366506080296, -0.014476345000865393], 0, -1.0, [-0.6325163094368803, -0.014779658828850675]
[-0.6325163094368803, -0.014779658828850675], 0, -1.0, [-0.6474935453939559, -0.014977235957075608]
[-0.6474935453939559, -0.014977235957075608], 0, -1.0, [-0.6625628182360578, -0.015069272842101926]
[-0.6625628182360578, -0.015069272842101926], 0, -1.0, [-0.6776197892662928, -0.015056971030235065]
[-0.6776197892662928, -0.015056971030235065], 0, -1.0, [-0.6925622709116619, -0.014942481645369028]
[-0.6925622709116619, -0.014942481645369028], 0, -1.0, [-0.7072910998574583, -0.014728828945796399]
[-0.7072910998574583, -0.014728828945796399], 0, -1.0, [-0.7217109161249275, -0.014419816267469205]
[-0.7217109161249275, -0.014419816267469205], 0, -1.0, [-0.7357308346682457, -0.014019918543318159]
[-0.7357308346682457, -0.014019918543318159], 0, -1.0, [-0.749265000815059, -0.013534166146813248]
[-0.749265000815059, -0.013534166146813248], 0, -1.0, [-0.7622330258430661, -0.012968025028007108]
[-0.7622330258430661, -0.012968025028007108], 0, -1.0, [-0.7745603038449934, -0.012327278001927308]
[-0.7745603038449934, -0.012327278001927308], 0, -1.0, [-0.7861782154975605, -0.011617911652567044]
[-0.7861782154975605, -0.011617911652567044], 0, -1.0, [-0.7970242281904012, -0.010846012692840683]
[-0.7970242281904012, -0.010846012692840683], 1, -1.0, [-0.8060419050358915, -0.009017676845490272]
[-0.8060419050358915, -0.009017676845490272], 2, -1.0, [-0.8121857939578675, -0.006143888921976066]
[-0.8121857939578675, -0.006143888921976066], 2, -1.0, [-0.8154257111447861, -0.0032399171869185884]
[-0.8154257111447861, -0.0032399171869185884], 2, -1.0, [-0.8157459993090772, -0.00032028816429111474]
[-0.8157459993090772, -0.00032028816429111474], 2, -1.0, [-0.8131451204460054, 0.0026008788630718076]
[-0.8131451204460054, 0.0026008788630718076], 2, -1.0, [-0.8076356149759718, 0.0055095054700336045]
[-0.8076356149759718, 0.0055095054700336045], 2, -1.0, [-0.7992444304127019, 0.008391184563269934]
[-0.7992444304127019, 0.008391184563269934], 2, -1.0, [-0.7880135939889554, 0.011230836423746402]
[-0.7880135939889554, 0.011230836423746402], 2, -1.0, [-0.7740011747546438, 0.014012419234311575]
[-0.7740011747546438, 0.014012419234311575], 2, -1.0, [-0.7572824516301456, 0.016718723124498146]
[-0.7572824516301456, 0.016718723124498146], 2, -1.0, [-0.7379511755009064, 0.019331276129239246]
[-0.7379511755009064, 0.019331276129239246], 2, -1.0, [-0.7161207873376003, 0.021830388163306024]
[-0.7161207873376003, 0.021830388163306024], 2, -1.0, [-0.6919254331871094, 0.024195354150490934]
[-0.6919254331871094, 0.024195354150490934], 2, -1.0, [-0.6655206042543602, 0.026404828932749244]
[-0.6655206042543602, 0.026404828932749244], 2, -1.0, [-0.6370832302010152, 0.028437374053345045]
[-0.6370832302010152, 0.028437374053345045], 2, -1.0, [-0.606811069975922, 0.030272160225093117]
[-0.606811069975922, 0.030272160225093117], 2, -1.0, [-0.5749212794645575, 0.031889790511364556]
[-0.5749212794645575, 0.031889790511364556], 2, -1.0, [-0.5416480891863442, 0.03327319027821333]
[-0.5416480891863442, 0.03327319027821333], 2, -1.0, [-0.5072395951972463, 0.03440849398909791]
[-0.5072395951972463, 0.03440849398909791], 2, -1.0, [-0.47195374581358185, 0.035285849383664414]
[-0.47195374581358185, 0.035285849383664414], 2, -1.0, [-0.4360536863461659, 0.035900059467415944]
[-0.4360536863461659, 0.035900059467415944], 2, -1.0, [-0.39980269276032265, 0.036250993585843286]
[-0.39980269276032265, 0.036250993585843286], 2, -1.0, [-0.36345897263733573, 0.036343720122986915]
[-0.36345897263733573, 0.036343720122986915], 2, -1.0, [-0.3272706303855136, 0.03618834225182214]
[-0.3272706303855136, 0.03618834225182214], 2, -1.0, [-0.291471080289717, 0.03579955009579657]
[-0.291471080289717, 0.03579955009579657], 2, -1.0, [-0.2562751479713018, 0.03519593231841523]
[-0.2562751479713018, 0.03519593231841523], 2, -1.0, [-0.22187603521312646, 0.034399112758175344]
[-0.22187603521312646, 0.034399112758175344], 2, -1.0, [-0.18844324508396842, 0.03343279012915805]
[-0.18844324508396842, 0.03343279012915805], 2, -1.0, [-0.15612148497741912, 0.03232176010654931]
[-0.15612148497741912, 0.03232176010654931], 2, -1.0, [-0.12503049439916894, 0.031090990578250176]
[-0.12503049439916894, 0.031090990578250176], 2, -1.0, [-0.0952656890965099, 0.02976480530265905]
[-0.0952656890965099, 0.02976480530265905], 2, -1.0, [-0.06689947690992382, 0.02836621218658609]
[-0.06689947690992382, 0.02836621218658609], 2, -1.0, [-0.03998308367845252, 0.026916393231471297]
[-0.03998308367845252, 0.026916393231471297], 2, -1.0, [-0.014548727221596149, 0.02543435645685637]
[-0.014548727221596149, 0.02543435645685637], 2, -1.0, [0.009388010093732479, 0.023936737315328627]
[0.009388010093732479, 0.023936737315328627], 2, -1.0, [0.031825738859274706, 0.022437728765542227]
[0.031825738859274706, 0.022437728765542227], 2, -1.0, [0.05277485384484398, 0.02094911498556928]
[0.05277485384484398, 0.02094911498556928], 2, -1.0, [0.07225523676670635, 0.019480382921862372]
[0.07225523676670635, 0.019480382921862372], 0, -1.0, [0.0882941242843796, 0.01603888751767326]
[0.0882941242843796, 0.01603888751767326], 0, -1.0, [0.1009202035474413, 0.01262607926306169]
[0.1009202035474413, 0.01262607926306169], 0, -1.0, [0.11015999022640122, 0.009239786678959918]
[0.11015999022640122, 0.009239786678959918], 0, -1.0, [0.11603506014683322, 0.005875069920432]
[0.11603506014683322, 0.005875069920432], 0, -1.0, [0.11856007817827195, 0.002525018031438727]
[0.11856007817827195, 0.002525018031438727], 0, -1.0, [0.1177415716373763, -0.0008185065408956634]
[0.1177415716373763, -0.0008185065408956634], 0, -1.0, [0.11357740988916326, -0.004164161748213029]
[0.11357740988916326, -0.004164161748213029], 0, -1.0, [0.10605697258176577, -0.0075204373073974855]
[0.10605697258176577, -0.0075204373073974855], 0, -1.0, [0.09516201227931184, -0.010894960302453936]
[0.09516201227931184, -0.010894960302453936], 0, -1.0, [0.08086823976077567, -0.014293772518536162]
[0.08086823976077567, -0.014293772518536162], 0, -1.0, [0.06314767841251984, -0.01772056134825583]
[0.06314767841251984, -0.01772056134825583], 0, -1.0, [0.041971843887894586, -0.02117583452462525]
[0.041971843887894586, -0.02117583452462525], 0, -1.0, [0.017315801593894172, -0.024656042294000414]
[0.017315801593894172, -0.024656042294000414], 0, -1.0, [-0.010836868292508534, -0.028152669886402706]
[-0.010836868292508534, -0.028152669886402706], 2, -1.0, [-0.04048821712098703, -0.029651348828478495]
[-0.04048821712098703, -0.029651348828478495], 0, -1.0, [-0.07362114653541763, -0.03313292941443059]
[-0.07362114653541763, -0.03313292941443059], 0, -1.0, [-0.11019334759353522, -0.03657220105811759]
[-0.11019334759353522, -0.03657220105811759], 0, -1.0, [-0.15013018421558258, -0.03993683662204736]
[-0.15013018421558258, -0.03993683662204736], 0, -1.0, [-0.19331771372948792, -0.04318752951390534]
[-0.19331771372948792, -0.04318752951390534], 0, -1.0, [-0.2395964640652613, -0.04627875033577338]
[-0.2395964640652613, -0.04627875033577338], 0, -1.0, [-0.2887567229866932, -0.049160258921431915]
[-0.2887567229866932, -0.049160258921431915], 0, -1.0, [-0.3405361640909552, -0.05177944110426203]
[-0.3405361640909552, -0.05177944110426203], 0, -1.0, [-0.3946205918593054, -0.05408442776835019]
[-0.3946205918593054, -0.05408442776835019], 0, -1.0, [-0.45064839805741147, -0.05602780619810605]
[-0.45064839805741147, -0.05602780619810605], 0, -1.0, [-0.5082189750119278, -0.05757057695451638]
[-0.5082189750119278, -0.05757057695451638], 0, -1.0, [-0.5669048595486952, -0.058685884536767416]
[-0.5669048595486952, -0.058685884536767416], 0, -1.0, [-0.6262668613758692, -0.05936200182717395]
[-0.6262668613758692, -0.05936200182717395], 0, -1.0, [-0.6858709696594335, -0.05960410828356432]
[-0.6858709696594335, -0.05960410828356432], 0, -1.0, [-0.7453055412578011, -0.05943457159836768]
[-0.7453055412578011, -0.05943457159836768], 0, -1.0, [-0.8041972283762323, -0.05889168711843117]
[-0.8041972283762323, -0.05889168711843117], 0, -1.0, [-0.8622243148592487, -0.0580270864830164]
[-0.8622243148592487, -0.0580270864830164], 0, -1.0, [-0.9191265444764439, -0.05690222961719527]
[-0.9191265444764439, -0.05690222961719527], 0, -1.0, [-0.9747110398358605, -0.05558449535941662]
[-0.9747110398358605, -0.05558449535941662], 0, -1.0, [-1.0288544134341506, -0.054143373598290044]
[-1.0288544134341506, -0.054143373598290044], 0, -1.0, [-1.0815015713727147, -0.05264715793856414]
[-1.0815015713727147, -0.05264715793856414], 0, -1.0, [-1.1326619562465934, -0.05116038487387867]
[-1.1326619562465934, -0.05116038487387867], 0, -1.0, [-1.1824040638091298, -0.04974210756253636]
[-1.1824040638091298, -0.04974210756253636], 0, -1.0, [-1.2, 0.0]
[-1.2, 0.0], 2, -1.0, [-1.1967581039591646, 0.003241896040835368]
[-1.1967581039591646, 0.003241896040835368], 2, -1.0, [-1.1902636585360942, 0.006494445423070332]
[-1.1902636585360942, 0.006494445423070332], 2, -1.0, [-1.1804959639787937, 0.009767694557300442]
[-1.1804959639787937, 0.009767694557300442], 2, -1.0, [-1.1674255149588486, 0.013070449019945182]
[-1.1674255149588486, 0.013070449019945182], 2, -1.0, [-1.1510159267200155, 0.016409588238833067]
[-1.1510159267200155, 0.016409588238833067], 2, -1.0, [-1.1312266168239755, 0.019789309896040046]
[-1.1312266168239755, 0.019789309896040046], 2, -1.0, [-1.108016322100852, 0.02321029472312345]
[-1.108016322100852, 0.02321029472312345], 2, -1.0, [-1.081347524946184, 0.02666879715466819]
[-1.081347524946184, 0.02666879715466819], 2, -1.0, [-1.0511918363028878, 0.03015568864329602]
[-1.0511918363028878, 0.03015568864329602], 2, -1.0, [-1.0175363271434712, 0.0336555091594167]
[-1.0175363271434712, 0.0336555091594167], 2, -1.0, [-0.9803907090723114, 0.03714561807115983]
[-0.9803907090723114, 0.03714561807115983], 2, -1.0, [-0.9397951336374217, 0.04059557543488971]
[-0.9397951336374217, 0.04059557543488971], 2, -1.0, [-0.8958282112564235, 0.043966922380998245]
[-0.8958282112564235, 0.043966922380998245], 2, -1.0, [-0.8486146572192776, 0.04721355403714586]
[-0.8486146572192776, 0.04721355403714586], 2, -1.0, [-0.7983317816221248, 0.05028287559715283]
[-0.7983317816221248, 0.05028287559715283], 0, -1.0, [-0.7472138959379592, 0.0511178856841656]
[-0.7472138959379592, 0.0511178856841656], 2, -1.0, [-0.6935418893104172, 0.053672006627542054]
[-0.6935418893104172, 0.053672006627542054], 2, -1.0, [-0.6376498119374032, 0.055892077373013944]
[-0.6376498119374032, 0.055892077373013944], 2, -1.0, [-0.5799189441365358, 0.05773086780086746]
[-0.5799189441365358, 0.05773086780086746], 2, -1.0, [-0.5207676819656303, 0.05915126217090548]
[-0.5207676819656303, 0.05915126217090548], 2, -1.0, [-0.46063765274169166, 0.06013002922393862]
[-0.46063765274169166, 0.06013002922393862], 2, -1.0, [-0.3999770291194281, 0.060660623622263515]
[-0.3999770291194281, 0.060660623622263515], 1, -1.0, [-0.34022246045439414, 0.059754568665033994]
[-0.34022246045439414, 0.059754568665033994], 1, -1.0, [-0.28177488467367906, 0.0584475757807151]
[-0.28177488467367906, 0.0584475757807151], 2, -1.0, [-0.2239860299321721, 0.05778885474150696]
[-0.2239860299321721, 0.05778885474150696], 2, -1.0, [-0.16715368573491984, 0.05683234419725224]
[-0.16715368573491984, 0.05683234419725224], 2, -1.0, [-0.11151354443096731, 0.05564014130395254]
[-0.11151354443096731, 0.05564014130395254], 2, -1.0, [-0.057234806216001306, 0.054278738214966]
[-0.057234806216001306, 0.054278738214966], 2, -1.0, [-0.004419305445824882, 0.052815500770176424]
[-0.004419305445824882, 0.052815500770176424], 2, -1.0, [0.04689641503656525, 0.05131572048239013]
[0.04689641503656525, 0.05131572048239013], 2, -1.0, [0.09673683656494167, 0.04984042152837643]
[0.09673683656494167, 0.04984042152837643], 2, -1.0, [0.14518179894690428, 0.0484449623819626]
[0.14518179894690428, 0.0484449623819626], 1, -1.0, [0.1913601611500383, 0.046178362203133996]
[0.1913601611500383, 0.046178362203133996], 0, -1.0, [0.23443929332150323, 0.04307913217146495]
[0.23443929332150323, 0.04307913217146495], 0, -1.0, [0.27461167413187804, 0.040172380810374816]
[0.27461167413187804, 0.040172380810374816], 0, -1.0, [0.3120855243505367, 0.0374738502186587]
[0.3120855243505367, 0.0374738502186587], 1, -1.0, [0.34807735726842337, 0.035991832917886664]
[0.34807735726842337, 0.035991832917886664], 1, -1.0, [0.3828127752407906, 0.03473541797236724]
[0.3828127752407906, 0.03473541797236724], 1, -1.0, [0.41652341225776557, 0.033710637016974986]
[0.41652341225776557, 0.033710637016974986], 0, -1.0, [0.4484447238448521, 0.031921311587086575]
[0.4484447238448521, 0.031921311587086575], 0, -1.0, [0.4788071433206545, 0.030362419475802385]
[0.4788071433206545, 0.030362419475802385], 0, -1.0, [0.5078346356234782, 0.029027492302823754]
