[-0.4000144427323536, 0.0], 0, -1.0, [-0.401920236158762, -0.00190579342640842]
[-0.401920236158762, -0.00190579342640842], 0, -1.0, [-0.40571848600059096, -0.003798249841828987]
[-0.40571848600059096, -0.003798249841828987], 0, -1.0, [-0.411382524992378, -0.005664038991787005]
[-0.411382524992378, -0.005664038991787005], 0, -1.0, [-0.41887237853547266, -0.007489853543094685]
[-0.41887237853547266, -0.007489853543094685], 0, -1.0, [-0.4281348219408263, -0.009262443405353656]
[-0.4281348219408263, -0.009262443405353656], 0, -1.0, [-0.439103497581493, -0.010968675640666644]
[-0.439103497581493, -0.010968675640666644], 0, -1.0, [-0.4516991230152096, -0.012595625433716597]
[-0.4516991230152096, -0.012595625433716597], 0, -1.0, [-0.46582982405230666, -0.014130701037097054]
[-0.46582982405230666, -0.014130701037097054], 0, -1.0, [-0.4813916265985452, -0.015561802546238485]
[-0.4813916265985452, -0.015561802546238485], 0, -1.0, [-0.49826913755658353, -0.016877510958038362]
[-0.49826913755658353, -0.016877510958038362], 0, -1.0, [-0.5163364380260741, -0.018067300469490576]
[-0.5163364380260741, -0.018067300469490576], 0, -1.0, [-0.5354582017184057, -0.0191217636923317]
[-0.5354582017184057, -0.0191217636923317], 0, -1.0, [-0.555491038478432, -0.0200328367600262]
[-0.555491038478432, -0.0200328367600262], 0, -1.0, [-0.5762850480289916, -0.020794009550559607]
[-0.5762850480289916, -0.020794009550559607], 0, -1.0, [-0.5976855537817614, -0.021400505752769722]
[-0.5976855537817614, -0.021400505752769722], 0, -1.0, [-0.6195349722384178, -0.021849418456656437]
[-0.6195349722384178, -0.021849418456656437], 0, -1.0, [-0.6416747616078562, -0.022139789369438393]
[-0.6416747616078562, -0.022139789369438393], 0, -1.0, [-0.6639473850791104, -0.022272623471254256]
[-0.6639473850791104, -0.022272623471254256], 0, -1.0, [-0.686198220639679, -0.022250835560568474]
[-0.686198220639679, -0.022250835560568474], 0, -1.0, [-0.7082773508306516, -0.022079130190972653]
[-0.7082773508306516, -0.022079130190972653], 0, -1.0, [-0.7300411722261412, -0.02176382139548964]
[-0.7300411722261412, -0.02176382139548964], 0, -1.0, [-0.7513537750131063, -0.02131260278696513]
[-0.7513537750131063, -0.02131260278696513], 0, -1.0, [-0.7720880566962253, -0.02073428168311892]
[-0.7720880566962253, -0.02073428168311892], 0, -1.0, [-0.7921265492738634, -0.020038492577638164]
[-0.7921265492738634, -0.020038492577638164], 2, -1.0, [-0.8093619547847585, -0.01723540551089504]
[-0.8093619547847585, -0.01723540551089504], 2, -1.0, [-0.8237071818605926, -0.014345227075834131]
[-0.8237071818605926, -0.014345227075834131], 2, -1.0, [-0.8350935863678304, -0.011386404507237772]
[-0.8350935863678304, -0.011386404507237772], 2, -1.0, [-0.8434692588310805, -0.008375672463250081]
[-0.8434692588310805, -0.008375672463250081], 2, -1.0, [-0.8487975096315661, -0.005328250800485608]
[-0.8487975096315661, -0.005328250800485608], 2, -1.0, [-0.8510556696555189, -0.0022581600239528154]
[-0.8510556696555189, -0.0022581600239528154], 2, -1.0, [-0.8502342907821624, 0.0008213788733565297]
[-0.8502342907821624, 0.0008213788733565297], 2, -1.0, [-0.8463367986322295, 0.0038974921499328177]
[-0.8463367986322295, 0.0038974921499328177], 2, -1.0, [-0.8393796194511236, 0.006957179181105999]
[-0.8393796194511236, 0.006957179181105999], 2, -1.0, [-0.8293927731951906, 0.009986846255933018]
[-0.8293927731951906, 0.009986846255933018], 2, -1.0, [-0.8164208948047562, 0.012971878390434314]
[-0.8164208948047562, 0.012971878390434314], 2, -1.0, [-0.8005246143871395, 0.015896280417616704]
[-0.8005246143871395, 0.015896280417616704], 2, -1.0, [-0.7817821942821366, 0.018742420105002894]
[-0.7817821942821366, 0.018742420105002894], 2, -1.0, [-0.760291287431996, 0.02149090685014051]
[-0.760291287431996, 0.02149090685014051], 2, -1.0, [-0.73617064915928, 0.024120638272716034]
[-0.73617064915928, 0.024120638272716034], 2, -1.0, [-0.7095616069020688, 0.026609042257211134]
[-0.7095616069020688, 0.026609042257211134], 2, -1.0, [-0.6806290745678841, 0.028932532334184708]
[-0.6806290745678841, 0.028932532334184708], 2, -1.0, [-0.6495618956717102, 0.031067178896173924]
[-0.6495618956717102, 0.031067178896173924], 2, -1.0, [-0.6165723178551403, 0.03298957781656984]
[-0.6165723178551403, 0.03298957781656984], 2, -1.0, [-0.581894444662896, 0.034677873192244336]
[-0.581894444662896, 0.034677873192244336], 2, -1.0, [-0.5457815792969831, 0.03611286536591284]
[-0.5457815792969831, 0.03611286536591284], 2, -1.0, [-0.50850246567712, 0.03727911361986308]
[-0.50850246567712, 0.03727911361986308], 2, -1.0, [-0.4703365356808256, 0.038165929996294375]
[-0.4703365356808256, 0.038165929996294375], 2, -1.0, [-0.43156837480181337, 0.038768160879012234]
[-0.43156837480181337, 0.038768160879012234], 2, -1.0, [-0.3924817063621874, 0.039086668439626]
[-0.3924817063621874, 0.039086668439626], 2, -1.0, [-0.3533532525146207, 0.03912845384756671]
[-0.3533532525146207, 0.03912845384756671], 2, -1.0, [-0.3144468485449707, 0.03890640396965]
[-0.3144468485449707, 0.03890640396965], 2, -1.0, [-0.2760081622117449, 0.03843868633322578]
[-0.2760081622117449, 0.03843868633322578], 2, -1.0, [-0.23826030646728516, 0.037747855744459734]
[-0.23826030646728516, 0.037747855744459734], 2, -1.0, [-0.20140054286318884, 0.036859763604096325]
[-0.20140054286318884, 0.036859763604096325], 2, -1.0, [-0.1655981690561801, 0.03580237380700874]
[-0.1655981690561801, 0.03580237380700874], 2, -1.0, [-0.13099358236349226, 0.03460458669268784]
[-0.13099358236349226, 0.03460458669268784], 2, -1.0, [-0.09769842493876854, 0.03329515742472373]
[-0.09769842493876854, 0.03329515742472373], 2, -1.0, [-0.0657966529787262, 0.031901771960042354]
[-0.0657966529787262, 0.031901771960042354], 2, -1.0, [-0.03534633545394656, 0.030450317524779634]
[-0.03534633545394656, 0.030450317524779634], 2, -1.0, [-0.006381975755813382, 0.02896435969813318]
[-0.006381975755813382, 0.02896435969813318], 2, -1.0, [0.02108284213648665, 0.02746481789230003]
[0.02108284213648665, 0.02746481789230003], 2, -1.0, [0.04705265883214507, 0.02596981669565842]
[0.04705265883214507, 0.02596981669565842], 2, -1.0, [0.07154734116603656, 0.02449468233389148]
[0.07154734116603656, 0.02449468233389148], 2, -1.0, [0.09459939173749574, 0.023052050571459183]
[0.09459939173749574, 0.023052050571459183], 2, -1.0, [0.11625144515517767, 0.021652053417681935]
[0.11625144515517767, 0.021652053417681935], 2, -1.0, [0.13655400077393032, 0.020302555618752646]
[0.13655400077393032, 0.020302555618752646], 2, -1.0, [0.15556341764404708, 0.019009416870116758]
[0.15556341764404708, 0.019009416870116758], 2, -1.0, [0.17334017866114143, 0.017776761017094352]
[0.17334017866114143, 0.017776761017094352], 2, -1.0, [0.1899474172393048, 0.01660723857816339]
[0.1899474172393048, 0.01660723857816339], 2, -1.0, [0.20544969059067966, 0.015502273351374862]
[0.20544969059067966, 0.015502273351374862], 2, -1.0, [0.21991197807850618, 0.014462287487826526]
[0.21991197807850618, 0.014462287487826526], 2, -1.0, [0.23339888029852685, 0.013486902220020653]
[0.23339888029852685, 0.013486902220020653], 2, -1.0, [0.24597399378615997, 0.012575113487633113]
[0.24597399378615997, 0.012575113487633113], 2, -1.0, [0.25769943690839653, 0.011725443122236577]
[0.25769943690839653, 0.011725443122236577], 2, -1.0, [0.26863550407066766, 0.010936067162271114]
[0.26863550407066766, 0.010936067162271114], 2, -1.0, [0.2788404274615797, 0.01020492339091204]
[0.2788404274615797, 0.01020492339091204], 2, -1.0, [0.28837022788970046, 0.009529800428120724]
[0.28837022788970046, 0.009529800428120724], 2, -1.0, [0.2972786386405781, 0.008908410750877638]
[0.2972786386405781, 0.008908410750877638], 2, -1.0, [0.3056170885708614, 0.008338449930283306]
[0.3056170885708614, 0.008338449930283306], 2, -1.0, [0.3134347327826542, 0.00781764421179281]
[0.3134347327826542, 0.00781764421179281], 2, -1.0, [0.32077852114468114, 0.007343788362026908]
[0.32077852114468114, 0.007343788362026908], 2, -1.0, [0.3276932966324441, 0.006914775487762962]
[0.3276932966324441, 0.006914775487762962], 2, -1.0, [0.33422191694903075, 0.006528620316586612]
[0.33422191694903075, 0.006528620316586612], 2, -1.0, [0.34040539417366766, 0.006183477224636932]
[0.34040539417366766, 0.006183477224636932], 2, -1.0, [0.3462830482843806, 0.005877654110712941]
[0.3462830482843806, 0.005877654110712941], 2, -1.0, [0.35189267133479063, 0.00560962305041003]
[0.35189267133479063, 0.00560962305041003], 2, -1.0, [0.3572706998543277, 0.005378028519537064]
[0.3572706998543277, 0.005378028519537064], 2, -1.0, [0.3624523937064769, 0.005181693852149239]
[0.3624523937064769, 0.005181693852149239], 2, -1.0, [0.3674720202001624, 0.005019626493685461]
[0.3674720202001624, 0.005019626493685461], 2, -1.0, [0.37236304272226745, 0.0048910225221050615]
[0.37236304272226745, 0.0048910225221050615], 2, -1.0, [0.3771583135598841, 0.004795270837616644]
[0.3771583135598841, 0.004795270837616644], 2, -1.0, [0.3818902709225106, 0.004731957362626469]
[0.3818902709225106, 0.004731957362626469], 2, -1.0, [0.38659114046854764, 0.004700869546037021]
[0.38659114046854764, 0.004700869546037021], 2, -1.0, [0.39129314189680076, 0.004702001428253108]
[0.39129314189680076, 0.004702001428253108], 2, -1.0, [0.39602870139038426, 0.00473555949358349]
[0.39602870139038426, 0.00473555949358349], 2, -1.0, [0.40083067090402896, 0.004801969513644715]
[0.40083067090402896, 0.004801969513644715], 2, -1.0, [0.4057325554714563, 0.004901884567427324]
[0.4057325554714563, 0.004901884567427324], 2, -1.0, [0.4107687498808804, 0.005036194409424116]
[0.4107687498808804, 0.005036194409424116], 2, -1.0, [0.4159747862260061, 0.0052060363451256865]
[0.4159747862260061, 0.0052060363451256865], 2, -1.0, [0.4213875939875783, 0.005412807761572198]
[0.4213875939875783, 0.005412807761572198], 2, -1.0, [0.42704577443511316, 0.005658180447534851]
[0.42704577443511316, 0.005658180447534851], 2, -1.0, [0.43298989125597703, 0.005944116820863851]
[0.43298989125597703, 0.005944116820863851], 2, -1.0, [0.43926277941249375, 0.00627288815651671]
[0.43926277941249375, 0.00627288815651671], 2, -1.0, [0.4459098742863028, 0.006647094873809037]
[0.4459098742863028, 0.006647094873809037], 2, -1.0, [0.45297956317662535, 0.00706968889032256]
[0.45297956317662535, 0.00706968889032256], 2, -1.0, [0.4605235611524569, 0.007543997975831525]
[0.4605235611524569, 0.007543997975831525], 2, -1.0, [0.4685973130860187, 0.00807375193356179]
[0.4685973130860187, 0.00807375193356179], 2, -1.0, [0.47726042337224106, 0.008663110286222353]
[0.47726042337224106, 0.008663110286222353], 2, -1.0, [0.486577114307256, 0.009316690935014901]
[0.486577114307256, 0.009316690935014901], 2, -1.0, [0.4966167132782778, 0.010039598971021796]
[0.4966167132782778, 0.010039598971021796], 2, -1.0, [0.5074541677022193, 0.010837454423941515]
