[-0.5748654365532194, 0.0], 2, -1.0, [-0.5734824506590891, 0.0013829858941303208]
[-0.5734824506590891, 0.0013829858941303208], 2, -1.0, [-0.5707267320970226, 0.0027557185620664696]
[-0.5707267320970226, 0.0027557185620664696], 2, -1.0, [-0.5666187302592074, 0.0041080018378152365]
[-0.5666187302592074, 0.0041080018378152365], 2, -1.0, [-0.561188973715346, 0.005429756543861344]
[-0.561188973715346, 0.005429756543861344], 2, -1.0, [-0.5544778878586726, 0.0067110858566734235]
[-0.5544778878586726, 0.0067110858566734235], 2, -1.0, [-0.5465355397611215, 0.007942348097551136]
[-0.5465355397611215, 0.007942348097551136], 2, -1.0, [-0.5374213016530687, 0.009114238108052822]
[-0.5374213016530687, 0.009114238108052822], 0, -1.0, [-0.52920342430788, 0.00821787734518867]
[-0.52920342430788, 0.00821787734518867], 0, -1.0, [-0.5219435140779458, 0.007259910229934245]
[-0.5219435140779458, 0.007259910229934245], 0, -1.0, [-0.5156960182583928, 0.006247495819552935]
[-0.5156960182583928, 0.006247495819552935], 0, -1.0, [-0.5105077875665466, 0.005188230691846259]
[-0.5105077875665466, 0.005188230691846259], 0, -1.0, [-0.5064177140480209, 0.004090073518525604]
[-0.5064177140480209, 0.004090073518525604], 2, -1.0, [-0.5014564414425458, 0.004961272605475228]
[-0.5014564414425458, 0.004961272605475228], 0, -1.0, [-0.4976611142400779, 0.003795327202467862]
[-0.4976611142400779, 0.003795327202467862], 0, -1.0, [-0.49506012324606874, 0.002600990994009161]
[-0.49506012324606874, 0.002600990994009161], 2, -1.0, [-0.4916729107518336, 0.003387212494235138]
[-0.4916729107518336, 0.003387212494235138], 0, -1.0, [-0.4895247763280008, 0.0021481344238328238]
[-0.4895247763280008, 0.0021481344238328238], 0, -1.0, [-0.4886317520677985, 0.0008930242602022539]
[-0.4886317520677985, 0.0008930242602022539], 0, -1.0, [-0.48900049976698423, -0.000368747699185692]
[-0.48900049976698423, -0.000368747699185692], 0, -1.0, [-0.49062826886094946, -0.0016277690939652443]
[-0.49062826886094946, -0.0016277690939652443], 0, -1.0, [-0.4935029137444075, -0.00287464488345808]
[-0.4935029137444075, -0.00287464488345808], 0, -1.0, [-0.4976029710456243, -0.00410005730121674]
[-0.4976029710456243, -0.00410005730121674], 0, -1.0, [-0.502897799306782, -0.005294828261157735]
[-0.502897799306782, -0.005294828261157735], 0, -1.0, [-0.5093477851106414, -0.006449985803859307]
[-0.5093477851106414, -0.006449985803859307], 0, -1.0, [-0.5169046207858881, -0.007556835675246646]
[-0.5169046207858881, -0.007556835675246646], 0, -1.0, [-0.52551165924756, -0.008607038461671985]
[-0.52551165924756, -0.008607038461671985], 0, -1.0, [-0.5351043511606066, -0.009592691913046526]
[-0.5351043511606066, -0.009592691913046526], 0, -1.0, [-0.5456107683906571, -0.010506417230050517]
[-0.5456107683906571, -0.010506417230050517], 0, -1.0, [-0.5569522156346153, -0.011341447243958169]
[-0.5569522156346153, -0.011341447243958169], 0, -1.0, [-0.5690439292905114, -0.01209171365589611]
[-0.5690439292905114, -0.01209171365589611], 0, -1.0, [-0.5817958591945208, -0.012751929904009446]
[-0.5817958591945208, -0.012751929904009446], 0, -1.0, [-0.5951135250563703, -0.013317665861849425]
[-0.5951135250563703, -0.013317665861849425], 0, -1.0, [-0.6088989355492721, -0.013785410492901839]
[-0.6088989355492721, -0.013785410492901839], 0, -1.0, [-0.6230515543732978, -0.014152618824025721]
[-0.6230515543732978, -0.014152618824025721], 0, -1.0, [-0.6374692945274936, -0.01441774015419572]
[-0.6374692945274936, -0.01441774015419572], 0, -1.0, [-0.652049519778911, -0.014580225251417417]
[-0.652049519778911, -0.014580225251417417], 0, -1.0, [-0.6666900311253008, -0.01464051134638974]
[-0.6666900311253008, -0.01464051134638974], 0, -1.0, [-0.6812900160435627, -0.014599984918261854]
[-0.6812900160435627, -0.014599984918261854], 0, -1.0, [-0.695750939526439, -0.014460923482876292]
[-0.695750939526439, -0.014460923482876292], 0, -1.0, [-0.7099773582584048, -0.014226418731965814]
[-0.7099773582584048, -0.014226418731965814], 0, -1.0, [-0.7238776425961424, -0.013900284337737549]
[-0.7238776425961424, -0.013900284337737549], 0, -1.0, [-0.7373645950530976, -0.013486952456955165]
[-0.7373645950530976, -0.013486952456955165], 0, -1.0, [-0.7503559584493984, -0.012991363396300847]
[-0.7503559584493984, -0.012991363396300847], 0, -1.0, [-0.7627748114717503, -0.01241885302235192]
[-0.7627748114717503, -0.01241885302235192], 0, -1.0, [-0.7745498538028298, -0.011775042331079526]
[-0.7745498538028298, -0.011775042331079526], 0, -1.0, [-0.7856155869773921, -0.011065733174562314]
[-0.7856155869773921, -0.011065733174562314], 0, -1.0, [-0.795912400512466, -0.01029681353507395]
[-0.795912400512466, -0.01029681353507395], 0, -1.0, [-0.8053865755181987, -0.009474175005732702]
[-0.8053865755181987, -0.009474175005732702], 2, -1.0, [-0.8119902198675065, -0.006603644349307828]
[-0.8119902198675065, -0.006603644349307828], 2, -1.0, [-0.81569084338852, -0.0037006235210135232]
[-0.81569084338852, -0.0037006235210135232], 2, -1.0, [-0.8164705646112389, -0.0007797212227188257]
[-0.8164705646112389, -0.0007797212227188257], 2, -1.0, [-0.8143256460342779, 0.0021449185769610137]
[-0.8143256460342779, 0.0021449185769610137], 2, -1.0, [-0.8092663943704287, 0.005059251663849228]
[-0.8092663943704287, 0.005059251663849228], 2, -1.0, [-0.8013174334236094, 0.007948960946819341]
[-0.8013174334236094, 0.007948960946819341], 2, -1.0, [-0.790518328520252, 0.010799104903357448]
[-0.790518328520252, 0.010799104903357448], 2, -1.0, [-0.7769245124992463, 0.013593816021005579]
[-0.7769245124992463, 0.013593816021005579], 2, -1.0, [-0.7606084341621697, 0.01631607833707662]
[-0.7606084341621697, 0.01631607833707662], 2, -1.0, [-0.7416608214207385, 0.018947612741431242]
[-0.7416608214207385, 0.018947612741431242], 2, -1.0, [-0.7201919246551566, 0.02146889676558198]
[-0.7201919246551566, 0.02146889676558198], 2, -1.0, [-0.6963325835319127, 0.023859341123243782]
[-0.6963325835319127, 0.023859341123243782], 2, -1.0, [-0.6702349461684419, 0.026097637363470857]
[-0.6702349461684419, 0.026097637363470857], 2, -1.0, [-0.6420726670822177, 0.02816227908622431]
[-0.6420726670822177, 0.02816227908622431], 2, -1.0, [-0.6120404237062664, 0.030032243375951246]
[-0.6120404237062664, 0.030032243375951246], 2, -1.0, [-0.5803526231911981, 0.03168780051506841]
[-0.5803526231911981, 0.03168780051506841], 2, -1.0, [-0.5472412223864891, 0.03311140080470893]
[-0.5472412223864891, 0.03311140080470893], 2, -1.0, [-0.5129526518656823, 0.03428857052080685]
[-0.5129526518656823, 0.03428857052080685], 2, -1.0, [-0.4777439136989621, 0.035208738166720197]
[-0.4777439136989621, 0.035208738166720197], 2, -1.0, [-0.44187800332473465, 0.03586591037422743]
[-0.44187800332473465, 0.03586591037422743], 2, -1.0, [-0.4056188774285043, 0.03625912589623038]
[-0.4056188774285043, 0.03625912589623038], 2, -1.0, [-0.36922624147805616, 0.036392635950448136]
[-0.36922624147805616, 0.036392635950448136], 2, -1.0, [-0.3329504542285059, 0.0362757872495503]
[-0.3329504542285059, 0.0362757872495503], 2, -1.0, [-0.29702783821445344, 0.03592261601405244]
[-0.29702783821445344, 0.03592261601405244], 2, -1.0, [-0.2616766464220385, 0.03535119179241499]
[-0.2616766464220385, 0.03535119179241499], 2, -1.0, [-0.2270938723971809, 0.034582774024857564]
[-0.2270938723971809, 0.034582774024857564], 2, -1.0, [-0.19345301389338324, 0.03364085850379767]
[-0.19345301389338324, 0.03364085850379767], 2, -1.0, [-0.16090281997101005, 0.032550193922373176]
[-0.16090281997101005, 0.032550193922373176], 2, -1.0, [-0.12956697844997694, 0.031335841521033095]
[-0.12956697844997694, 0.031335841521033095], 2, -1.0, [-0.09954464235050647, 0.030022336099470467]
[-0.09954464235050647, 0.030022336099470467], 2, -1.0, [-0.07091165450042877, 0.0286329878500777]
[-0.07091165450042877, 0.0286329878500777], 2, -1.0, [-0.0437223094687801, 0.02718934503164867]
[-0.0437223094687801, 0.02718934503164867], 2, -1.0, [-0.018011489299306346, 0.025710820169473753]
[-0.018011489299306346, 0.025710820169473753], 2, -1.0, [0.006202979636906487, 0.024214468936212832]
[0.006202979636906487, 0.024214468936212832], 2, -1.0, [0.028917881426387175, 0.02271490178948069]
[0.028917881426387175, 0.02271490178948069], 2, -1.0, [0.05014218506046671, 0.021224303634079535]
[0.05014218506046671, 0.021224303634079535], 0, -1.0, [0.06789472058360835, 0.01775253552314164]
[0.06789472058360835, 0.01775253552314164], 0, -1.0, [0.08219893611097578, 0.014304215527367435]
[0.08219893611097578, 0.014304215527367435], 0, -1.0, [0.09307877970746742, 0.010879843596491637]
[0.09307877970746742, 0.010879843596491637], 0, -1.0, [0.10055545780382351, 0.007476678096356087]
[0.10055545780382351, 0.007476678096356087], 0, -1.0, [0.10464502911030575, 0.0040895713064822425]
[0.10464502911030575, 0.0040895713064822425], 0, -1.0, [0.10535678599874558, 0.000711756888439836]
[0.10535678599874558, 0.000711756888439836], 0, -1.0, [0.10269238233770435, -0.0026644036610412253]
[0.10269238233770435, -0.0026644036610412253], 0, -1.0, [0.09664568269697986, -0.00604669964072449]
[0.09664568269697986, -0.00604669964072449], 0, -1.0, [0.08720332836912431, -0.009442354327855547]
[0.08720332836912431, -0.009442354327855547], 0, -1.0, [0.07434603696630104, -0.012857291402823268]
[0.07434603696630104, -0.012857291402823268], 0, -1.0, [0.05805067071164419, -0.016295366254656857]
[0.05805067071164419, -0.016295366254656857], 0, -1.0, [0.03829311989092511, -0.01975755082071907]
[0.03829311989092511, -0.01975755082071907], 0, -1.0, [0.01505204751979794, -0.023241072371127172]
[0.01505204751979794, -0.023241072371127172], 0, -1.0, [-0.011686476437894142, -0.026738523957692082]
[-0.011686476437894142, -0.026738523957692082], 0, -1.0, [-0.04192346409847952, -0.030236987660585374]
[-0.04192346409847952, -0.030236987660585374], 1, -1.0, [-0.07464070506993495, -0.03271724097145543]
[-0.07464070506993495, -0.03271724097145543], 0, -1.0, [-0.11079553110064416, -0.03615482603070921]
[-0.11079553110064416, -0.03615482603070921], 0, -1.0, [-0.15031352285909255, -0.03951799175844839]
[-0.15031352285909255, -0.03951799175844839], 0, -1.0, [-0.19308160859054224, -0.042768085731449676]
[-0.19308160859054224, -0.042768085731449676], 0, -1.0, [-0.23894188498428467, -0.04586027639374244]
[-0.23894188498428467, -0.04586027639374244], 0, -1.0, [-0.28768689900883687, -0.04874501402455219]
[-0.28768689900883687, -0.04874501402455219], 0, -1.0, [-0.33905720025672814, -0.05137030124789129]
[-0.33905720025672814, -0.05137030124789129], 0, -1.0, [-0.39274193639534477, -0.053684736138616615]
[-0.39274193639534477, -0.053684736138616615], 0, -1.0, [-0.4483830841626402, -0.05564114776729547]
[-0.4483830841626402, -0.05564114776729547], 0, -1.0, [-0.5055835746289384, -0.05720049046629826]
[-0.5055835746289384, -0.05720049046629826], 0, -1.0, [-0.5639191133357496, -0.05833553870681118]
[-0.5639191133357496, -0.05833553870681118], 0, -1.0, [-0.6229529864073644, -0.059033873071614756]
[-0.6229529864073644, -0.059033873071614756], 0, -1.0, [-0.682252687440773, -0.059299701033408675]
[-0.682252687440773, -0.059299701033408675], 0, -1.0, [-0.7414069047243128, -0.05915421728353975]
[-0.7414069047243128, -0.05915421728353975], 0, -1.0, [-0.8000413496293887, -0.0586344449050759]
[-0.8000413496293887, -0.0586344449050759], 0, -1.0, [-0.8578321007836545, -0.057790751154265844]
[-0.8578321007836545, -0.057790751154265844], 0, -1.0, [-0.9145155351405456, -0.05668343435689116]
[-0.9145155351405456, -0.05668343435689116], 0, -1.0, [-0.9698944191476108, -0.05537888400706515]
[-0.9698944191476108, -0.05537888400706515], 0, -1.0, [-1.023840229852246, -0.05394581070463513]
[-1.023840229852246, -0.05394581070463513], 0, -1.0, [-1.076292175646129, -0.05245194579388304]
[-1.076292175646129, -0.05245194579388304], 0, -1.0, [-1.127253638488777, -0.05096146284264803]
[-1.127253638488777, -0.05096146284264803], 0, -1.0, [-1.1767868564193953, -0.049533217930618156]
[-1.1767868564193953, -0.049533217930618156], 0, -1.0, [-1.2, 0.0]
[-1.2, 0.0], 1, -1.0, [-1.1977581039591645, 0.002241896040835368]
[-1.1977581039591645, 0.002241896040835368], 2, -1.0, [-1.192266922003125, 0.00549118195603954]
[-1.192266922003125, 0.00549118195603954], 2, -1.0, [-1.1835087842422778, 0.008758137760847242]
[-1.1835087842422778, 0.008758137760847242], 2, -1.0, [-1.1714567831343694, 0.012052001107908413]
[-1.1714567831343694, 0.012052001107908413], 2, -1.0, [-1.1560764837952135, 0.015380299339155815]
[-1.1560764837952135, 0.015380299339155815], 2, -1.0, [-1.137328367422801, 0.018748116372412627]
[-1.137328367422801, 0.018748116372412627], 2, -1.0, [-1.1151710856910118, 0.022157281731789262]
[-1.1151710856910118, 0.022157281731789262], 2, -1.0, [-1.0895656035996981, 0.02560548209131374]
[-1.0895656035996981, 0.02560548209131374], 2, -1.0, [-1.060480288669089, 0.02908531493060923]
[-1.060480288669089, 0.02908531493060923], 2, -1.0, [-1.0278969583258928, 0.03258333034319622]
[-1.0278969583258928, 0.03258333034319622], 2, -1.0, [-0.9918178175819486, 0.03607914074394418]
[-0.9918178175819486, 0.03607914074394418], 2, -1.0, [-0.9522731003407132, 0.03954471724123545]
[-0.9522731003407132, 0.03954471724123545], 2, -1.0, [-0.9093290697204207, 0.04294403062029249]
[-0.9093290697204207, 0.04294403062029249], 2, -1.0, [-0.8630958448470684, 0.046233224873352366]
[-0.8630958448470684, 0.046233224873352366], 2, -1.0, [-0.8137343264690569, 0.04936151837801154]
[-0.8137343264690569, 0.04936151837801154], 0, -1.0, [-0.7634613303554927, 0.05027299611356413]
[-0.7634613303554927, 0.05027299611356413], 2, -1.0, [-0.7105406476930216, 0.05292068266247104]
[-0.7105406476930216, 0.05292068266247104], 2, -1.0, [-0.6552902512195045, 0.05525039647351715]
[-0.6552902512195045, 0.05525039647351715], 2, -1.0, [-0.5980776625372828, 0.05721258868222165]
[-0.5980776625372828, 0.05721258868222165], 2, -1.0, [-0.5393111184643353, 0.058766544072947444]
[-0.5393111184643353, 0.058766544072947444], 2, -1.0, [-0.47942677545410256, 0.05988434301023278]
[-0.47942677545410256, 0.05988434301023278], 2, -1.0, [-0.41887275369345117, 0.0605540217606514]
[-0.41887275369345117, 0.0605540217606514], 1, -1.0, [-0.3590913191191023, 0.059781434574348896]
[-0.3590913191191023, 0.059781434574348896], 1, -1.0, [-0.30049421170598944, 0.058597107413112845]
[-0.30049421170598944, 0.058597107413112845], 1, -1.0, [-0.2434482240366205, 0.057045987669368935]
[-0.2434482240366205, 0.057045987669368935], 2, -1.0, [-0.18726459763405753, 0.05618362640256297]
[-0.18726459763405753, 0.05618362640256297], 2, -1.0, [-0.13219672350746905, 0.05506787412658847]
[-0.13219672350746905, 0.05506787412658847], 2, -1.0, [-0.07843480809842696, 0.0537619154090421]
[-0.07843480809842696, 0.0537619154090421], 2, -1.0, [-0.02610400122240609, 0.05233080687602087]
[-0.02610400122240609, 0.05233080687602087], 2, -1.0, [0.024734467699014925, 0.050838468921421014]
[0.024734467699014925, 0.050838468921421014], 2, -1.0, [0.07407981614421771, 0.04934534844520278]
[0.07407981614421771, 0.04934534844520278], 2, -1.0, [0.12198664886785346, 0.04790683272363574]
[0.12198664886785346, 0.04790683272363574], 2, -1.0, [0.16855902989509391, 0.04657238102724047]
[0.16855902989509391, 0.04657238102724047], 0, -1.0, [0.2119442941903052, 0.04338526429521129]
[0.2119442941903052, 0.04338526429521129], 0, -1.0, [0.25231811506031404, 0.04037382087000884]
[0.25231811506031404, 0.04037382087000884], 0, -1.0, [0.2898746087737612, 0.03755649371344714]
[0.2898746087737612, 0.03755649371344714], 0, -1.0, [0.32481831743211437, 0.034943708658353154]
[0.32481831743211437, 0.034943708658353154], 1, -1.0, [0.358357978322504, 0.03353966089038964]
[0.358357978322504, 0.03353966089038964], 1, -1.0, [0.39070847118921265, 0.03235049286670868]
[0.39070847118921265, 0.03235049286670868], 0, -1.0, [0.4210884794840792, 0.03038000829486652]
[0.4210884794840792, 0.03038000829486652], 0, -1.0, [0.4497117220514027, 0.028623242567323525]
[0.4497117220514027, 0.028623242567323525], 2, -1.0, [0.4787853385095508, 0.029073616458148103]
[0.4787853385095508, 0.029073616458148103], 0, -1.0, [0.5065238657335872, 0.02773852722403646]
