[-0.4877852019783714, 0.0], 2, -1.0, [-0.48705328731084024, 0.0007319146675311164]
[-0.48705328731084024, 0.0007319146675311164], 2, -1.0, [-0.48559491503236973, 0.0014583722784705126]
[-0.48559491503236973, 0.0014583722784705126], 2, -1.0, [-0.48342095461118756, 0.002173960421182186]
[-0.48342095461118756, 0.002173960421182186], 2, -1.0, [-0.4805475987321671, 0.00287335587902042]
[-0.4805475987321671, 0.00287335587902042], 2, -1.0, [-0.4769962297768342, 0.003551368955332938]
[-0.4769962297768342, 0.003551368955332938], 0, -1.0, [-0.47479324240051074, 0.002202987376323435]
[-0.47479324240051074, 0.002202987376323435], 0, -1.0, [-0.4739549900690003, 0.0008382523315104136]
[-0.4739549900690003, 0.0008382523315104136], 0, -1.0, [-0.4744876912466077, -0.0005327011776074023]
[-0.4744876912466077, -0.0005327011776074023], 0, -1.0, [-0.4763873944291659, -0.0018997031825581747]
[-0.4763873944291659, -0.0018997031825581747], 0, -1.0, [-0.4796400003183378, -0.0032526058891719414]
[-0.4796400003183378, -0.0032526058891719414], 0, -1.0, [-0.48422134222385027, -0.004581341905512475]
[-0.48422134222385027, -0.004581341905512475], 0, -1.0, [-0.4900973284568729, -0.005875986233022676]
[-0.4900973284568729, -0.005875986233022676], 0, -1.0, [-0.4972241527542621, -0.00712682429738919]
[-0.4972241527542621, -0.00712682429738919], 0, -1.0, [-0.5055485803868195, -0.008324427632557321]
[-0.5055485803868195, -0.008324427632557321], 0, -1.0, [-0.5150083183327456, -0.009459737945926111]
[-0.5150083183327456, -0.009459737945926111], 0, -1.0, [-0.5255324775765639, -0.010524159243818268]
[-0.5255324775765639, -0.010524159243818268], 0, -1.0, [-0.5370421341368882, -0.011509656560324323]
[-0.5370421341368882, -0.011509656560324323], 0, -1.0, [-0.5494509928382307, -0.01240885870134255]
[-0.5494509928382307, -0.01240885870134255], 0, -1.0, [-0.5626661542292872, -0.013215161391056472]
[-0.5626661542292872, -0.013215161391056472], 0, -1.0, [-0.5765889806235696, -0.01392282639428228]
[-0.5765889806235696, -0.01392282639428228], 0, -1.0, [-0.5911160523040968, -0.0145270716805272]
[-0.5911160523040968, -0.0145270716805272], 0, -1.0, [-0.6061401998730231, -0.01502414756892634]
[-0.6061401998730231, -0.01502414756892634], 0, -1.0, [-0.6215515939627867, -0.015411394089763593]
[-0.6215515939627867, -0.015411394089763593], 0, -1.0, [-0.6372388694817663, -0.01568727551897959]
[-0.6372388694817663, -0.01568727551897959], 0, -1.0, [-0.6530902586241967, -0.015851389142430304]
[-0.6530902586241967, -0.015851389142430304], 0, -1.0, [-0.6689947053231422, -0.01590444669894551]
[-0.6689947053231422, -0.01590444669894551], 0, -1.0, [-0.6848429338364368, -0.015848228513294604]
[-0.6848429338364368, -0.015848228513294604], 0, -1.0, [-0.7005284457563026, -0.015685511919865735]
[-0.7005284457563026, -0.015685511919865735], 0, -1.0, [-0.7159484228071854, -0.015419977050882808]
[-0.7159484228071854, -0.015419977050882808], 0, -1.0, [-0.7310045170981458, -0.015056094290960477]
[-0.7310045170981458, -0.015056094290960477], 0, -1.0, [-0.745603515683846, -0.014598998585700155]
[-0.745603515683846, -0.014598998585700155], 0, -1.0, [-0.7596578719641253, -0.014054356280279257]
[-0.7596578719641253, -0.014054356280279257], 0, -1.0, [-0.7730861022080489, -0.0134282302439236]
[-0.7730861022080489, -0.0134282302439236], 0, -1.0, [-0.7858130509469279, -0.012726948738879052]
[-0.7858130509469279, -0.012726948738879052], 0, -1.0, [-0.7977700338292101, -0.011956982882282228]
[-0.7977700338292101, -0.011956982882282228], 0, -1.0, [-0.808894870540869, -0.011124836711658887]
[-0.808894870540869, -0.011124836711658887], 0, -1.0, [-0.8191318234342609, -0.010236952893392022]
[-0.8191318234342609, -0.010236952893392022], 2, -1.0, [-0.8264314595327963, -0.007299636098535336]
[-0.8264314595327963, -0.007299636098535336], 2, -1.0, [-0.8307596430432947, -0.004328183510498412]
[-0.8307596430432947, -0.004328183510498412], 2, -1.0, [-0.832096579214602, -0.0013369361713072062]
[-0.832096579214602, -0.0013369361713072062], 2, -1.0, [-0.830436221341684, 0.0016603578729179978]
[-0.830436221341684, 0.0016603578729179978], 2, -1.0, [-0.8257860837192028, 0.004650137622481261]
[-0.8257860837192028, 0.004650137622481261], 2, -1.0, [-0.8181674736631417, 0.007618610056061124]
[-0.8181674736631417, 0.007618610056061124], 2, -1.0, [-0.8076161263006929, 0.010551347362448789]
[-0.8076161263006929, 0.010551347362448789], 2, -1.0, [-0.7941831960827302, 0.013432930217962647]
[-0.7941831960827302, 0.013432930217962647], 2, -1.0, [-0.7779365285358346, 0.016246667546895674]
[-0.7779365285358346, 0.016246667546895674], 2, -1.0, [-0.7589621049072017, 0.018974423628632872]
[-0.7589621049072017, 0.018974423628632872], 2, -1.0, [-0.73736552229904, 0.021596582608161774]
[-0.73736552229904, 0.021596582608161774], 2, -1.0, [-0.7132733450575726, 0.024092177241467408]
[-0.7132733450575726, 0.024092177241467408], 2, -1.0, [-0.6868341431890503, 0.02643920186852221]
[-0.6868341431890503, 0.02643920186852221], 2, -1.0, [-0.6582190249388569, 0.028615118250193472]
[-0.6582190249388569, 0.028615118250193472], 2, -1.0, [-0.6276214781494746, 0.03059754678938235]
[-0.6276214781494746, 0.03059754678938235], 2, -1.0, [-0.5952563625825776, 0.03236511556689695]
[-0.5952563625825776, 0.03236511556689695], 2, -1.0, [-0.5613579449748918, 0.033898417607685846]
[-0.5613579449748918, 0.033898417607685846], 2, -1.0, [-0.5261769388557698, 0.035181006119122046]
[-0.5261769388557698, 0.035181006119122046], 2, -1.0, [-0.4899765967050058, 0.03620034215076398]
[-0.4899765967050058, 0.03620034215076398], 2, -1.0, [-0.4530279935208994, 0.03694860318410642]
[-0.4530279935208994, 0.03694860318410642], 2, -1.0, [-0.4156047261392026, 0.03742326738169684]
[-0.4156047261392026, 0.03742326738169684], 2, -1.0, [-0.37797731888947694, 0.03762740724972566]
[-0.37797731888947694, 0.03762740724972566], 2, -1.0, [-0.34040766266329553, 0.037569656226181414]
[-0.34040766266329553, 0.037569656226181414], 2, -1.0, [-0.30314381504270266, 0.03726384762059286]
[-0.30314381504270266, 0.03726384762059286], 2, -1.0, [-0.26641545373827014, 0.03672836130443254]
[-0.26641545373827014, 0.03672836130443254], 2, -1.0, [-0.23043021028087296, 0.03598524345739718]
[-0.23043021028087296, 0.03598524345739718], 2, -1.0, [-0.19537102641938175, 0.035059183861491205]
[-0.19537102641938175, 0.035059183861491205], 2, -1.0, [-0.16139458487757377, 0.03397644154180799]
[-0.16139458487757377, 0.03397644154180799], 2, -1.0, [-0.12863078132268993, 0.03276380355488385]
[-0.12863078132268993, 0.03276380355488385], 2, -1.0, [-0.09718313510728824, 0.031447646215401685]
[-0.09718313510728824, 0.031447646215401685], 2, -1.0, [-0.06712998806584519, 0.03005314704144304]
[-0.06712998806584519, 0.03005314704144304], 2, -1.0, [-0.03852631474422419, 0.028603673321621004]
[-0.03852631474422419, 0.028603673321621004], 2, -1.0, [-0.011405961887361215, 0.027120352856862973]
[-0.011405961887361215, 0.027120352856862973], 2, -1.0, [0.014215854406326958, 0.025621816293688173]
[0.014215854406326958, 0.025621816293688173], 2, -1.0, [0.0383399438737543, 0.02412408946742734]
[0.0383399438737543, 0.02412408946742734], 2, -1.0, [0.060980552069916635, 0.022640608196162332]
[0.060980552069916635, 0.022640608196162332], 2, -1.0, [0.08216287828276216, 0.021182326212845524]
[0.08216287828276216, 0.021182326212845524], 2, -1.0, [0.10192076656465784, 0.019757888281895692]
[0.10192076656465784, 0.019757888281895692], 2, -1.0, [0.12029461044141923, 0.018373843876761387]
[0.12029461044141923, 0.018373843876761387], 2, -1.0, [0.13732949155024352, 0.017034881108824285]
[0.13732949155024352, 0.017034881108824285], 2, -1.0, [0.15307355669498524, 0.01574406514474173]
[0.15307355669498524, 0.01574406514474173], 2, -1.0, [0.16757662632117704, 0.01450306962619181]
[0.16757662632117704, 0.01450306962619181], 2, -1.0, [0.18088901964774892, 0.013312393326571881]
[0.18088901964774892, 0.013312393326571881], 2, -1.0, [0.19306057697064946, 0.012171557322900551]
[0.19306057697064946, 0.012171557322900551], 2, -1.0, [0.20413985729135156, 0.011079280320702089]
[0.20413985729135156, 0.011079280320702089], 2, -1.0, [0.21417348879715145, 0.010033631505799893]
[0.21417348879715145, 0.010033631505799893], 2, -1.0, [0.2232056503012438, 0.009032161504092352]
[0.2232056503012438, 0.009032161504092352], 2, -1.0, [0.23127766311410514, 0.008072012812861315]
[0.23127766311410514, 0.008072012812861315], 2, -1.0, [0.23842767463885656, 0.007150011524751426]
[0.23842767463885656, 0.007150011524751426], 2, -1.0, [0.24469041702470162, 0.006262742385845068]
[0.24469041702470162, 0.006262742385845068], 0, -1.0, [0.24809702630936878, 0.0034066092846671624]
[0.24809702630936878, 0.0034066092846671624], 0, -1.0, [0.24866471472871732, 0.0005676884193485496]
[0.24866471472871732, 0.0005676884193485496], 0, -1.0, [0.24639636930429928, -0.0022683454244180425]
[0.24639636930429928, -0.0022683454244180425], 0, -1.0, [0.2412804861533484, -0.005115883150950873]
[0.2412804861533484, -0.005115883150950873], 0, -1.0, [0.2332914350288315, -0.007989051124516906]
[0.2332914350288315, -0.007989051124516906], 0, -1.0, [0.2223900760139926, -0.010901359014838904]
[0.2223900760139926, -0.010901359014838904], 0, -1.0, [0.20852477756415042, -0.01386529844984219]
[0.20852477756415042, -0.01386529844984219], 0, -1.0, [0.19163291175110767, -0.01689186581304276]
[0.19163291175110767, -0.01689186581304276], 0, -1.0, [0.17164292751453963, -0.019989984236568017]
[0.17164292751453963, -0.019989984236568017], 0, -1.0, [0.1484771237850463, -0.02316580372949335]
[0.1484771237850463, -0.02316580372949335], 0, -1.0, [0.12205525781999475, -0.026421865965051545]
[0.12205525781999475, -0.026421865965051545], 0, -1.0, [0.09229912434370602, -0.029756133476288735]
[0.09229912434370602, -0.029756133476288735], 0, -1.0, [0.05913822026810247, -0.03316090407560355]
[0.05913822026810247, -0.03316090407560355], 0, -1.0, [0.02251655805136759, -0.03662166221673488]
[0.02251655805136759, -0.03662166221673488], 0, -1.0, [-0.017599402635751, -0.04011596068711859]
[-0.017599402635751, -0.04011596068711859], 0, -1.0, [-0.061211879568825435, -0.043612476933074434]
[-0.061211879568825435, -0.043612476933074434], 0, -1.0, [-0.10828232226495985, -0.04707044269613442]
[-0.10828232226495985, -0.04707044269613442], 0, -1.0, [-0.15872201391150664, -0.050439691646546804]
[-0.15872201391150664, -0.050439691646546804], 0, -1.0, [-0.21238360266171086, -0.05366158875020422]
[-0.21238360266171086, -0.05366158875020422], 0, -1.0, [-0.26905467647292153, -0.05667107381121068]
[-0.26905467647292153, -0.05667107381121068], 0, -1.0, [-0.3284546245706186, -0.059399948097697046]
[-0.3284546245706186, -0.059399948097697046], 0, -1.0, [-0.39023597234843044, -0.06178134777781188]
[-0.39023597234843044, -0.06178134777781188], 0, -1.0, [-0.45399106955513857, -0.0637550972067081]
[-0.45399106955513857, -0.0637550972067081], 0, -1.0, [-0.5192644385840859, -0.06527336902894731]
[-0.5192644385840859, -0.06527336902894731], 0, -1.0, [-0.5855703142245946, -0.06630587564050876]
[-0.5855703142245946, -0.06630587564050876], 0, -1.0, [-0.6524140762011839, -0.0668437619765893]
[-0.6524140762011839, -0.0668437619765893], 0, -1.0, [-0.7193155911696913, -0.06690151496850749]
[-0.7193155911696913, -0.06690151496850749], 0, -1.0, [-0.7858321287442905, -0.06651653757459915]
[-0.7858321287442905, -0.06651653757459915], 0, -1.0, [-0.8515785994159002, -0.0657464706716096]
[-0.8515785994159002, -0.0657464706716096], 0, -1.0, [-0.9162433568504577, -0.0646647574345575]
[-0.9162433568504577, -0.0646647574345575], 0, -1.0, [-0.9795985719077431, -0.0633552150572855]
[-0.9795985719077431, -0.0633552150572855], 0, -1.0, [-1.0415050192667, -0.0619064473589568]
[-1.0415050192667, -0.0619064473589568], 0, -1.0, [-1.1019118311721443, -0.06040681190544429]
[-1.1019118311721443, -0.06040681190544429], 0, -1.0, [-1.1608522461188464, -0.05894041494670206]
[-1.1608522461188464, -0.05894041494670206], 0, -1.0, [-1.2, 0.0]
[-1.2, 0.0], 2, -1.0, [-1.1967581039591646, 0.003241896040835368]
[-1.1967581039591646, 0.003241896040835368], 2, -1.0, [-1.1902636585360942, 0.006494445423070332]
[-1.1902636585360942, 0.006494445423070332], 2, -1.0, [-1.1804959639787937, 0.009767694557300442]
[-1.1804959639787937, 0.009767694557300442], 2, -1.0, [-1.1674255149588486, 0.013070449019945182]
[-1.1674255149588486, 0.013070449019945182], 2, -1.0, [-1.1510159267200155, 0.016409588238833067]
[-1.1510159267200155, 0.016409588238833067], 2, -1.0, [-1.1312266168239755, 0.019789309896040046]
[-1.1312266168239755, 0.019789309896040046], 2, -1.0, [-1.108016322100852, 0.02321029472312345]
[-1.108016322100852, 0.02321029472312345], 2, -1.0, [-1.081347524946184, 0.02666879715466819]
[-1.081347524946184, 0.02666879715466819], 2, -1.0, [-1.0511918363028878, 0.03015568864329602]
[-1.0511918363028878, 0.03015568864329602], 2, -1.0, [-1.0175363271434712, 0.0336555091594167]
[-1.0175363271434712, 0.0336555091594167], 2, -1.0, [-0.9803907090723114, 0.03714561807115983]
[-0.9803907090723114, 0.03714561807115983], 2, -1.0, [-0.9397951336374217, 0.04059557543488971]
[-0.9397951336374217, 0.04059557543488971], 2, -1.0, [-0.8958282112564235, 0.043966922380998245]
[-0.8958282112564235, 0.043966922380998245], 1, -1.0, [-0.8496146572192776, 0.04621355403714586]
[-0.8496146572192776, 0.04621355403714586], 2, -1.0, [-0.8003275824757488, 0.04928707474352887]
[-0.8003275824757488, 0.04928707474352887], 2, -1.0, [-0.7481953648095883, 0.05213221766616049]
[-0.7481953648095883, 0.05213221766616049], 2, -1.0, [-0.693503267087163, 0.05469209772242519]
[-0.693503267087163, 0.05469209772242519], 2, -1.0, [-0.6365913514565833, 0.056911915630579776]
[-0.6365913514565833, 0.056911915630579776], 2, -1.0, [-0.577848127911112, 0.05874322354547131]
[-0.577848127911112, 0.05874322354547131], 2, -1.0, [-0.5176998279696033, 0.06014829994150864]
[-0.5176998279696033, 0.06014829994150864], 2, -1.0, [-0.4565957678260685, 0.061104060143534866]
[-0.4565957678260685, 0.061104060143534866], 2, -1.0, [-0.39499085303133563, 0.06160491479473285]
[-0.39499085303133563, 0.06160491479473285], 0, -1.0, [-0.335326744426226, 0.05966410860510963]
[-0.335326744426226, 0.05966410860510963], 2, -1.0, [-0.2760007870252114, 0.059325957401014616]
[-0.2760007870252114, 0.059325957401014616], 2, -1.0, [-0.21736570095658478, 0.058635086068626635]
[-0.21736570095658478, 0.058635086068626635], 2, -1.0, [-0.15971764716497558, 0.057648053791609206]
[-0.15971764716497558, 0.057648053791609206], 2, -1.0, [-0.10328805776961039, 0.05642958939536518]
[-0.10328805776961039, 0.05642958939536518], 2, -1.0, [-0.048239405864760304, 0.05504865190485009]
[-0.048239405864760304, 0.05504865190485009], 2, -1.0, [0.0053353795850591135, 0.05357478544981942]
[0.0053353795850591135, 0.05357478544981942], 2, -1.0, [0.057410485273638755, 0.05207510568857964]
[0.057410485273638755, 0.05207510568857964], 0, -1.0, [0.10602257898602266, 0.04861209371238391]
[0.10602257898602266, 0.04861209371238391], 0, -1.0, [0.15126006902092612, 0.04523749003490345]
[0.15126006902092612, 0.04523749003490345], 0, -1.0, [0.1932505680237963, 0.041990499002870184]
[0.1932505680237963, 0.041990499002870184], 0, -1.0, [0.23214957028606212, 0.03889900226226581]
[0.23214957028606212, 0.03889900226226581], 0, -1.0, [0.2681307596413388, 0.03598118935527669]
[0.2681307596413388, 0.03598118935527669], 1, -1.0, [0.30237807606917244, 0.034247316427833616]
[0.30237807606917244, 0.034247316427833616], 1, -1.0, [0.335085378087751, 0.0327073020185786]
[0.335085378087751, 0.0327073020185786], 1, -1.0, [0.36645300016051974, 0.03136762207276871]
[0.36645300016051974, 0.03136762207276871], 1, -1.0, [0.3966852040040679, 0.03023220384354817]
[0.3966852040040679, 0.03023220384354817], 0, -1.0, [0.42498838723956733, 0.0283031832354994]
[0.42498838723956733, 0.0283031832354994], 0, -1.0, [0.4515627329497394, 0.0265743457101721]
[0.4515627329497394, 0.0265743457101721], 0, -1.0, [0.47660100388007604, 0.025038270930336618]
[0.47660100388007604, 0.025038270930336618], 0, -1.0, [0.5002879582049224, 0.023686954324846427]
