[-0.40303543060516367, 0.0], 0, -1.0, [-0.40492006917467704, -0.0018846385695133758]
[-0.40492006917467704, -0.0018846385695133758], 0, -1.0, [-0.4086761119743946, -0.003756042799717557]
[-0.4086761119743946, -0.003756042799717557], 0, -1.0, [-0.41427710059924233, -0.005600988624847741]
[-0.41427710059924233, -0.005600988624847741], 0, -1.0, [-0.42168338218972024, -0.007406281590477911]
[-0.42168338218972024, -0.007406281590477911], 0, -1.0, [-0.43084217586339374, -0.009158793673673523]
[-0.43084217586339374, -0.009158793673673523], 0, -1.0, [-0.44168770057922163, -0.010845524715827918]
[-0.44168770057922163, -0.010845524715827918], 0, -1.0, [-0.4541413942663471, -0.01245369368712547]
[-0.4541413942663471, -0.01245369368712547], 0, -1.0, [-0.4681122567806026, -0.013970862514255505]
[-0.4681122567806026, -0.013970862514255505], 0, -1.0, [-0.4834973490168619, -0.015385092236259355]
[-0.4834973490168619, -0.015385092236259355], 0, -1.0, [-0.500182476986372, -0.01668512796951005]
[-0.500182476986372, -0.01668512796951005], 0, -1.0, [-0.5180430827845282, -0.017860605798156202]
[-0.5180430827845282, -0.017860605798156202], 0, -1.0, [-0.5369453543496591, -0.01890227156513095]
[-0.5369453543496591, -0.01890227156513095], 0, -1.0, [-0.5567475533182291, -0.01980219896857003]
[-0.5567475533182291, -0.01980219896857003], 0, -1.0, [-0.5773015460353967, -0.020553992717167593]
[-0.5773015460353967, -0.020553992717167593], 0, -1.0, [-0.5984545080933001, -0.021152962057903436]
[-0.5984545080933001, -0.021152962057903436], 0, -1.0, [-0.6200507590314339, -0.021596250938133804]
[-0.6200507590314339, -0.021596250938133804], 0, -1.0, [-0.641933672446668, -0.02188291341523408]
[-0.641933672446668, -0.02188291341523408], 0, -1.0, [-0.6639475989536393, -0.0220139265069713]
[-0.6639475989536393, -0.0220139265069713], 0, -1.0, [-0.6859397360859614, -0.021992137132322075]
[-0.6859397360859614, -0.021992137132322075], 0, -1.0, [-0.7077618807260085, -0.021822144640047125]
[-0.7077618807260085, -0.021822144640047125], 0, -1.0, [-0.7292720058418524, -0.02151012511584378]
[-0.7292720058418524, -0.02151012511584378], 0, -1.0, [-0.750335613522262, -0.0210636076804096]
[-0.750335613522262, -0.0210636076804096], 0, -1.0, [-0.7708268294530456, -0.02049121593078362]
[-0.7708268294530456, -0.02049121593078362], 0, -1.0, [-0.7906292187460086, -0.019802389292962946]
[-0.7906292187460086, -0.019802389292962946], 0, -1.0, [-0.809636318038701, -0.01900709929269235]
[-0.809636318038701, -0.01900709929269235], 1, -1.0, [-0.8267518927784169, -0.017115574739715943]
[-0.8267518927784169, -0.017115574739715943], 2, -1.0, [-0.8408945380090684, -0.01414264523065151]
[-0.8408945380090684, -0.01414264523065151], 2, -1.0, [-0.8520009035932878, -0.011106365584219437]
[-0.8520009035932878, -0.011106365584219437], 2, -1.0, [-0.8600238037405792, -0.008022900147291371]
[-0.8600238037405792, -0.008022900147291371], 2, -1.0, [-0.8649305887178057, -0.0049067849772264855]
[-0.8649305887178057, -0.0049067849772264855], 2, -1.0, [-0.8667018929650645, -0.0017713042472588402]
[-0.8667018929650645, -0.0017713042472588402], 2, -1.0, [-0.8653308391468248, 0.0013710538182396884]
[-0.8653308391468248, 0.0013710538182396884], 2, -1.0, [-0.8608227452901605, 0.004508093856664347]
[-0.8608227452901605, 0.004508093856664347], 2, -1.0, [-0.8531953517249836, 0.007627393565176825]
[-0.8531953517249836, 0.007627393565176825], 2, -1.0, [-0.842479554903035, 0.010715796821948525]
[-0.842479554903035, 0.010715796821948525], 2, -1.0, [-0.8287206049114084, 0.013758949991626659]
[-0.8287206049114084, 0.013758949991626659], 2, -1.0, [-0.8119796914071945, 0.016740913504213924]
[-0.8119796914071945, 0.016740913504213924], 2, -1.0, [-0.7923358082840204, 0.01964388312317407]
[-0.7923358082840204, 0.01964388312317407], 2, -1.0, [-0.7698877513112917, 0.022448056972728704]
[-0.7698877513112917, 0.022448056972728704], 2, -1.0, [-0.7447560674878606, 0.02513168382343112]
[-0.7447560674878606, 0.02513168382343112], 2, -1.0, [-0.7170847438993219, 0.0276713235885387]
[-0.7170847438993219, 0.0276713235885387], 2, -1.0, [-0.6870424030616004, 0.03004234083772155]
[-0.6870424030616004, 0.03004234083772155], 2, -1.0, [-0.6548227676968589, 0.03221963536474149]
[-0.6548227676968589, 0.03221963536474149], 2, -1.0, [-0.6206441771108193, 0.034178590586039545]
[-0.6206441771108193, 0.034178590586039545], 2, -1.0, [-0.584747984521446, 0.03589619258937329]
[-0.584747984521446, 0.03589619258937329], 2, -1.0, [-0.5473957408606348, 0.037352243660811246]
[-0.5473957408606348, 0.037352243660811246], 2, -1.0, [-0.5088651715280277, 0.03853056933260711]
[-0.5088651715280277, 0.03853056933260711], 2, -1.0, [-0.4694450682479422, 0.03942010328008552]
[-0.4694450682479422, 0.03942010328008552], 2, -1.0, [-0.42942933348908996, 0.04001573475885223]
[-0.42942933348908996, 0.04001573475885223], 2, -1.0, [-0.38911051227354126, 0.040318821215548716]
[-0.38911051227354126, 0.040318821215548716], 2, -1.0, [-0.3487732092614547, 0.04033730301208653]
[-0.3487732092614547, 0.04033730301208653], 2, -1.0, [-0.3086878065273495, 0.040085402734105186]
[-0.3086878065273495, 0.040085402734105186], 2, -1.0, [-0.26910486625146507, 0.03958294027588444]
[-0.26910486625146507, 0.03958294027588444], 2, -1.0, [-0.2302505283410262, 0.03885433791043887]
[-0.2302505283410262, 0.03885433791043887], 2, -1.0, [-0.19232310889408388, 0.03792741944694231]
[-0.19232310889408388, 0.03792741944694231], 2, -1.0, [-0.1554909886657707, 0.036832120228313184]
[-0.1554909886657707, 0.036832120228313184], 2, -1.0, [-0.11989176864914822, 0.0355992200166225]
[-0.11989176864914822, 0.0355992200166225], 2, -1.0, [-0.08563257652175146, 0.03425919212739675]
[-0.08563257652175146, 0.03425919212739675], 2, -1.0, [-0.052791341544220584, 0.03284123497753088]
[-0.052791341544220584, 0.03284123497753088], 2, -1.0, [-0.02141881913100864, 0.031372522413211944]
[-0.02141881913100864, 0.031372522413211944], 2, -1.0, [0.00845886262203609, 0.02987768175304473]
[0.00845886262203609, 0.02987768175304473], 2, -1.0, [0.0368373492958986, 0.028378486673862512]
[0.0368373492958986, 0.028378486673862512], 2, -1.0, [0.06373108657999133, 0.02689373728409273]
[0.06373108657999133, 0.02689373728409273], 2, -1.0, [0.08917037841825325, 0.025439291838261924]
[0.08917037841825325, 0.025439291838261924], 2, -1.0, [0.11319859083367251, 0.02402821241541926]
[0.11319859083367251, 0.02402821241541926], 2, -1.0, [0.13586957976620456, 0.02267098893253206]
[0.13586957976620456, 0.02267098893253206], 2, -1.0, [0.15724539025217749, 0.02137581048597291]
[0.15724539025217749, 0.02137581048597291], 2, -1.0, [0.17739424909579096, 0.020148858843613466]
[0.17739424909579096, 0.020148858843613466], 2, -1.0, [0.19638885402818004, 0.01899460493238908]
[0.19638885402818004, 0.01899460493238908], 2, -1.0, [0.21430494875350867, 0.017916094725328614]
[0.21430494875350867, 0.017916094725328614], 2, -1.0, [0.23122016442879226, 0.016915215675283597]
[0.23122016442879226, 0.016915215675283597], 2, -1.0, [0.2472131030713754, 0.015992938642583127]
[0.2472131030713754, 0.015992938642583127], 2, -1.0, [0.2623626362125028, 0.01514953314112739]
[0.2623626362125028, 0.01514953314112739], 2, -1.0, [0.2767473919987346, 0.014384755786231815]
[0.2767473919987346, 0.014384755786231815], 2, -1.0, [0.29044540520742235, 0.013698013208687767]
[0.29044540520742235, 0.013698013208687767], 2, -1.0, [0.30353390675706543, 0.013088501549643096]
[0.30353390675706543, 0.013088501549643096], 2, -1.0, [0.3160892318616973, 0.012555325104631853]
[0.3160892318616973, 0.012555325104631853], 2, -1.0, [0.3281868287182059, 0.012097596856508623]
[0.3281868287182059, 0.012097596856508623], 2, -1.0, [0.3399013523355685, 0.01171452361736261]
[0.3399013523355685, 0.01171452361736261], 2, -1.0, [0.35130683069361157, 0.011405478358043087]
[0.35130683069361157, 0.011405478358043087], 2, -1.0, [0.36247689278459494, 0.011170062090983365]
[0.36247689278459494, 0.011170062090983365], 2, -1.0, [0.3734850502066669, 0.011008157422071964]
[0.3734850502066669, 0.011008157422071964], 2, -1.0, [0.3844050258290186, 0.010919975622351724]
[0.3844050258290186, 0.010919975622351724], 2, -1.0, [0.39531112463153145, 0.010906098802512885]
[0.39531112463153145, 0.010906098802512885], 2, -1.0, [0.40627864313858475, 0.01096751850705329]
[0.40627864313858475, 0.01096751850705329], 2, -1.0, [0.4173843149177, 0.011105671779115284]
[0.4173843149177, 0.011105671779115284], 2, -1.0, [0.42870679039248943, 0.011322475474789418]
[0.42870679039248943, 0.011322475474789418], 2, -1.0, [0.4403271497083499, 0.01162035931586045]
[0.4403271497083499, 0.01162035931586045], 2, -1.0, [0.4523294475549828, 0.012002297846632887]
[0.4523294475549828, 0.012002297846632887], 2, -1.0, [0.4648012886375228, 0.012471841082540003]
[0.4648012886375228, 0.012471841082540003], 2, -1.0, [0.4778344318162066, 0.013033143178683817]
[0.4778344318162066, 0.013033143178683817], 2, -1.0, [0.49152541968740937, 0.013690987871202792]
[0.49152541968740937, 0.013690987871202792], 2, -1.0, [0.5059762283984894, 0.014450808711080013]
