[-0.4876769085017503, 0.0], 0, -1.0, [-0.4889458013378145, -0.0012688928360642527]
[-0.4889458013378145, -0.0012688928360642527], 0, -1.0, [-0.4914741235955478, -0.0025283222577333194]
[-0.4914741235955478, -0.0025283222577333194], 0, -1.0, [-0.495243007951691, -0.0037688843561431906]
[-0.495243007951691, -0.0037688843561431906], 0, -1.0, [-0.5002243041642451, -0.004981296212554164]
[-0.5002243041642451, -0.004981296212554164], 0, -1.0, [-0.5063807652739621, -0.006156461109716999]
[-0.5063807652739621, -0.006156461109716999], 0, -1.0, [-0.5136663040437178, -0.007285538769755691]
[-0.5136663040437178, -0.007285538769755691], 0, -1.0, [-0.5220263253269952, -0.008360021283277362]
[-0.5220263253269952, -0.008360021283277362], 0, -1.0, [-0.531398139943567, -0.009371814616571734]
[-0.531398139943567, -0.009371814616571734], 0, -1.0, [-0.541711464664808, -0.010313324721241007]
[-0.541711464664808, -0.010313324721241007], 0, -1.0, [-0.5528890110581673, -0.01117754639335931]
[-0.5528890110581673, -0.01117754639335931], 0, -1.0, [-0.5648471632734012, -0.011958152215233888]
[-0.5648471632734012, -0.011958152215233888], 0, -1.0, [-0.5774967415155463, -0.012649578242145045]
[-0.5774967415155463, -0.012649578242145045], 0, -1.0, [-0.590743844159378, -0.013247102643831714]
[-0.590743844159378, -0.013247102643831714], 0, -1.0, [-0.6044907574961507, -0.013746913336772694]
[-0.6044907574961507, -0.013746913336772694], 0, -1.0, [-0.6186369182830745, -0.014146160786923915]
[-0.6186369182830745, -0.014146160786923915], 0, -1.0, [-0.6330799109158233, -0.01444299263274873]
[-0.6330799109158233, -0.01444299263274873], 0, -1.0, [-0.6477164784672386, -0.014636567551415286]
[-0.6477164784672386, -0.014636567551415286], 0, -1.0, [-0.6624435252779336, -0.014727046810695078]
[-0.6624435252779336, -0.014727046810695078], 0, -1.0, [-0.6771590884095495, -0.014715563131615934]
[-0.6771590884095495, -0.014715563131615934], 0, -1.0, [-0.6917632561397197, -0.014604167730170186]
[-0.6917632561397197, -0.014604167730170186], 0, -1.0, [-0.7061590137416153, -0.01439575760189559]
[-0.7061590137416153, -0.01439575760189559], 1, -1.0, [-0.7192529999007805, -0.013093986159165263]
[-0.7192529999007805, -0.013093986159165263], 2, -1.0, [-0.7299623995053354, -0.010709399604554873]
[-0.7299623995053354, -0.010709399604554873], 2, -1.0, [-0.7382210616083857, -0.008258662103050367]
[-0.7382210616083857, -0.008258662103050367], 2, -1.0, [-0.7439789923133079, -0.0057579307049221]
[-0.7439789923133079, -0.0057579307049221], 1, -1.0, [-0.7482018791240459, -0.004222886810738046]
[-0.7482018791240459, -0.004222886810738046], 1, -1.0, [-0.7508648476986163, -0.002662968574570427]
[-0.7508648476986163, -0.002662968574570427], 1, -1.0, [-0.7519523406467458, -0.0010874929481295256]
[-0.7519523406467458, -0.0010874929481295256], 1, -1.0, [-0.7514580335603063, 0.0004943070864395322]
[-0.7514580335603063, 0.0004943070864395322], 1, -1.0, [-0.7493847990412832, 0.002073234519023118]
[-0.7493847990412832, 0.002073234519023118], 1, -1.0, [-0.7457447231733849, 0.0036400758678982537]
[-0.7457447231733849, 0.0036400758678982537], 2, -1.0, [-0.7395591724128323, 0.006185550760552626]
[-0.7395591724128323, 0.006185550760552626], 2, -1.0, [-0.7308648759058033, 0.008694296507029051]
[-0.7308648759058033, 0.008694296507029051], 2, -1.0, [-0.7197143348522059, 0.011150541053597402]
[-0.7197143348522059, 0.011150541053597402], 2, -1.0, [-0.7061763276725184, 0.013538007179687596]
[-0.7061763276725184, 0.013538007179687596], 2, -1.0, [-0.6903364381906069, 0.015839889481911458]
[-0.6903364381906069, 0.015839889481911458], 2, -1.0, [-0.6722975176034768, 0.018038920587130042]
[-0.6722975176034768, 0.018038920587130042], 2, -1.0, [-0.6521799792994643, 0.020117538304012486]
[-0.6521799792994643, 0.020117538304012486], 2, -1.0, [-0.630121820469314, 0.022058158830150273]
[-0.630121820469314, 0.022058158830150273], 2, -1.0, [-0.6062782677923032, 0.023843552677010767]
[-0.6062782677923032, 0.023843552677010767], 2, -1.0, [-0.5808209577650031, 0.025457310027300076]
[-0.5808209577650031, 0.025457310027300076], 2, -1.0, [-0.5539365861471806, 0.026884371617822547]
[-0.5539365861471806, 0.026884371617822547], 2, -1.0, [-0.5258249949471359, 0.028111591200044653]
[-0.5258249949471359, 0.028111591200044653], 2, -1.0, [-0.4966967072260988, 0.02912828772103703]
[-0.4966967072260988, 0.02912828772103703], 0, -1.0, [-0.4687699660561821, 0.0279267411699167]
[-0.4687699660561821, 0.0279267411699167], 0, -1.0, [-0.44225258916906984, 0.026517376887112275]
[-0.44225258916906984, 0.026517376887112275], 0, -1.0, [-0.41733927099022217, 0.02491331817884769]
[-0.41733927099022217, 0.02491331817884769], 0, -1.0, [-0.394209469932106, 0.02312980105811618]
[-0.394209469932106, 0.02312980105811618], 0, -1.0, [-0.3730259020436106, 0.021183567888495416]
[-0.3730259020436106, 0.021183567888495416], 0, -1.0, [-0.3539336152000579, 0.019092286843552707]
[-0.3539336152000579, 0.019092286843552707], 0, -1.0, [-0.33705957913765683, 0.016874036062401086]
[-0.33705957913765683, 0.016874036062401086], 0, -1.0, [-0.32251269847460157, 0.014546880663055236]
[-0.32251269847460157, 0.014546880663055236], 0, -1.0, [-0.3103841393262698, 0.01212855914833179]
[-0.3103841393262698, 0.01212855914833179], 0, -1.0, [-0.3007478546386328, 0.009636284687636982]
[-0.3007478546386328, 0.009636284687636982], 0, -1.0, [-0.2936611973542344, 0.007086657284398369]
[-0.2936611973542344, 0.007086657284398369], 0, -1.0, [-0.28916552192851136, 0.004495675425723027]
[-0.28916552192851136, 0.004495675425723027], 0, -1.0, [-0.2872866914323671, 0.0018788304961442396]
[-0.2872866914323671, 0.0018788304961442396], 0, -1.0, [-0.28803542767829354, -0.0007487362459263984]
[-0.28803542767829354, -0.0007487362459263984], 0, -1.0, [-0.2914074640749726, -0.003372036396679057]
[-0.2914074640749726, -0.003372036396679057], 0, -1.0, [-0.2973834842519047, -0.005976020176932103]
[-0.2973834842519047, -0.005976020176932103], 0, -1.0, [-0.30592885321993696, -0.008545368968032244]
[-0.30592885321993696, -0.008545368968032244], 0, -1.0, [-0.31699317140765365, -0.011064318187716676]
[-0.31699317140765365, -0.011064318187716676], 0, -1.0, [-0.33050970474158986, -0.013516533333936234]
[-0.33050970474158986, -0.013516533333936234], 0, -1.0, [-0.3463947651765088, -0.015885060434918937]
[-0.3463947651765088, -0.015885060434918937], 0, -1.0, [-0.3645471345007414, -0.018152369324232562]
[-0.3645471345007414, -0.018152369324232562], 0, -1.0, [-0.38484763817853906, -0.020300503677797666]
[-0.38484763817853906, -0.020300503677797666], 0, -1.0, [-0.40715898343480145, -0.022311345256262393]
[-0.40715898343480145, -0.022311345256262393], 0, -1.0, [-0.43132597461338595, -0.024166991178584493]
[-0.43132597461338595, -0.024166991178584493], 0, -1.0, [-0.4571762072016398, -0.025850232588253884]
[-0.4571762072016398, -0.025850232588253884], 0, -1.0, [-0.4845213187396987, -0.02734511153805888]
[-0.4845213187396987, -0.02734511153805888], 0, -1.0, [-0.5131588403425569, -0.02863752160285814]
[-0.5131588403425569, -0.02863752160285814], 0, -1.0, [-0.5428746486594007, -0.02971580831684388]
[-0.5428746486594007, -0.02971580831684388], 0, -1.0, [-0.5734459684887728, -0.030571319829372137]
[-0.5734459684887728, -0.030571319829372137], 0, -1.0, [-0.6046448262105548, -0.031198857721782016]
[-0.6046448262105548, -0.031198857721782016], 0, -1.0, [-0.6362418097897681, -0.031596983579213235]
[-0.6362418097897681, -0.031596983579213235], 0, -1.0, [-0.6680099582934121, -0.031768148503644046]
[-0.6680099582934121, -0.031768148503644046], 0, -1.0, [-0.699728587291049, -0.03171862899763684]
[-0.699728587291049, -0.03171862899763684], 0, -1.0, [-0.7311868585903174, -0.03145827129926841]
[-0.7311868585903174, -0.03145827129926841], 0, -1.0, [-0.7621869231383402, -0.031000064548022867]
[-0.7621869231383402, -0.031000064548022867], 0, -1.0, [-0.7925465015600274, -0.03035957842168717]
[-0.7925465015600274, -0.03035957842168717], 2, -1.0, [-0.8201008126188751, -0.027554311058847716]
[-0.8201008126188751, -0.027554311058847716], 2, -1.0, [-0.8447132216949034, -0.024612409076028186]
[-0.8447132216949034, -0.024612409076028186], 2, -1.0, [-0.8662728696268384, -0.021559647931935023]
[-0.8662728696268384, -0.021559647931935023], 2, -1.0, [-0.884691819691787, -0.01841895006494865]
[-0.884691819691787, -0.01841895006494865], 2, -1.0, [-0.8999020232305971, -0.015210203538810039]
[-0.8999020232305971, -0.015210203538810039], 2, -1.0, [-0.9118523605617439, -0.01195033733114683]
[-0.9118523605617439, -0.01195033733114683], 2, -1.0, [-0.9205059632187564, -0.008653602657012531]
[-0.9205059632187564, -0.008653602657012531], 2, -1.0, [-0.9258379736219996, -0.0053320104032431185]
[-0.9258379736219996, -0.0053320104032431185], 2, -1.0, [-0.9278338534992141, -0.0019958798772145305]
[-0.9278338534992141, -0.0019958798772145305], 2, -1.0, [-0.9264883144343831, 0.0013455390648310227]
[-0.9264883144343831, 0.0013455390648310227], 2, -1.0, [-0.9218049124488988, 0.004683401985484196]
[-0.9218049124488988, 0.004683401985484196], 2, -1.0, [-0.9137963216181214, 0.008008590830777406]
[-0.9137963216181214, 0.008008590830777406], 2, -1.0, [-0.9024852766504271, 0.011311044967694256]
[-0.9024852766504271, 0.011311044967694256], 2, -1.0, [-0.887906148042961, 0.01457912860746612]
[-0.887906148042961, 0.01457912860746612], 2, -1.0, [-0.8701070830262833, 0.017799065016677752]
[-0.8701070830262833, 0.017799065016677752], 2, -1.0, [-0.8491526089196881, 0.020954474106595126]
[-0.8491526089196881, 0.020954474106595126], 2, -1.0, [-0.8251265519981683, 0.024026056921519823]
[-0.8251265519981683, 0.024026056921519823], 2, -1.0, [-0.7981350757887792, 0.026991476209389107]
[-0.7981350757887792, 0.026991476209389107], 2, -1.0, [-0.7683095917503622, 0.02982548403841697]
[-0.7683095917503622, 0.02982548403841697], 2, -1.0, [-0.7358092493945801, 0.03250034235578204]
[-0.7358092493945801, 0.03250034235578204], 2, -1.0, [-0.7008226816998557, 0.03498656769472447]
[-0.7008226816998557, 0.03498656769472447], 2, -1.0, [-0.6635686764938463, 0.03725400520600946]
[-0.6635686764938463, 0.03725400520600946], 2, -1.0, [-0.6242954762830389, 0.03927320021080735]
[-0.6242954762830389, 0.03927320021080735], 2, -1.0, [-0.5832784852960511, 0.0410169909869879]
[-0.5832784852960511, 0.0410169909869879], 2, -1.0, [-0.5408162839487043, 0.04246220134734675]
[-0.5408162839487043, 0.04246220134734675], 2, -1.0, [-0.4972250087011021, 0.0435912752476022]
[-0.4972250087011021, 0.0435912752476022], 2, -1.0, [-0.4528313303891508, 0.04439367831195127]
[-0.4528313303891508, 0.04439367831195127], 2, -1.0, [-0.40796442982914927, 0.04486690056000155]
[-0.40796442982914927, 0.04486690056000155], 2, -1.0, [-0.3629474966828082, 0.0450169331463411]
[-0.3629474966828082, 0.0450169331463411], 2, -1.0, [-0.3180893418772102, 0.04485815480559797]
[-0.3180893418772102, 0.04485815480559797], 2, -1.0, [-0.27367670238112807, 0.04441263949608216]
[-0.27367670238112807, 0.04441263949608216], 2, -1.0, [-0.22996773210234406, 0.04370897027878402]
[-0.22996773210234406, 0.04370897027878402], 2, -1.0, [-0.1871870308998933, 0.04278070120245076]
[-0.1871870308998933, 0.04278070120245076], 2, -1.0, [-0.14552239181761734, 0.04166463908227595]
[-0.14552239181761734, 0.04166463908227595], 2, -1.0, [-0.10512327399753951, 0.040399117820077816]
[-0.10512327399753951, 0.040399117820077816], 2, -1.0, [-0.06610086051984301, 0.039022413477696506]
[-0.06610086051984301, 0.039022413477696506], 2, -1.0, [-0.028529453019063983, 0.03757140750077903]
[-0.028529453019063983, 0.03757140750077903], 2, -1.0, [0.00755110560239939, 0.03608055862146337]
[0.00755110560239939, 0.03608055862146337], 2, -1.0, [0.04213230566238429, 0.0345812000599849]
[0.04213230566238429, 0.0345812000599849], 2, -1.0, [0.07523344937497592, 0.03310114371259163]
[0.07523344937497592, 0.03310114371259163], 2, -1.0, [0.10689799904782457, 0.03166454967284866]
[0.10689799904782457, 0.03166454967284866], 2, -1.0, [0.13719000651763727, 0.030292007469812705]
[0.13719000651763727, 0.030292007469812705], 2, -1.0, [0.16619077931669668, 0.0290007727990594]
[0.16619077931669668, 0.0290007727990594], 2, -1.0, [0.19399588680337473, 0.027805107486678048]
[0.19399588680337473, 0.027805107486678048], 1, -1.0, [0.21971256500804215, 0.025716678204667408]
[0.21971256500804215, 0.025716678204667408], 2, -1.0, [0.2444529416341173, 0.024740376626075155]
[0.2444529416341173, 0.024740376626075155], 2, -1.0, [0.26833599249817996, 0.023883050864062644]
[0.26833599249817996, 0.023883050864062644], 2, -1.0, [0.29148627965079943, 0.023150287152619468]
[0.29148627965079943, 0.023150287152619468], 2, -1.0, [0.31403303648109604, 0.0225467568302966]
[0.31403303648109604, 0.0225467568302966], 2, -1.0, [0.33610956437623746, 0.022076527895141435]
[0.33610956437623746, 0.022076527895141435], 2, -1.0, [0.357852904036924, 0.02174333966068653]
[0.357852904036924, 0.02174333966068653], 2, -1.0, [0.3794037449693295, 0.02155084093240552]
[0.3794037449693295, 0.02155084093240552], 2, -1.0, [0.40090653798451864, 0.021502793015189127]
[0.40090653798451864, 0.021502793015189127], 2, -1.0, [0.42250977692209435, 0.021603238937575688]
[0.42250977692209435, 0.021603238937575688], 1, -1.0, [0.44336641659830944, 0.02085663967621509]
[0.44336641659830944, 0.02085663967621509], 2, -1.0, [0.4646271071095696, 0.021260690511260165]
[0.4646271071095696, 0.021260690511260165], 1, -1.0, [0.48544781368608697, 0.020820706576517346]
[0.48544781368608697, 0.020820706576517346], 0, -1.0, [0.5049830123356259, 0.019535198649539006]
