[-0.5116961362172552, 0.0], 0, -1.0, [-0.5127853870431663, -0.001089250825911182]
[-0.5127853870431663, -0.001089250825911182], 0, -1.0, [-0.5149557240594587, -0.002170337016292376]
[-0.5149557240594587, -0.002170337016292376], 0, -1.0, [-0.5181908766989045, -0.0032351526394458923]
[-0.5181908766989045, -0.0032351526394458923], 0, -1.0, [-0.5224665868008642, -0.0042757101019596875]
[-0.5224665868008642, -0.0042757101019596875], 0, -1.0, [-0.5277507883024776, -0.0052842015016133555]
[-0.5277507883024776, -0.0052842015016133555], 0, -1.0, [-0.5340038505140493, -0.006253062211571708]
[-0.5340038505140493, -0.006253062211571708], 0, -1.0, [-0.54117888733639, -0.007175036822340673]
[-0.54117888733639, -0.007175036822340673], 0, -1.0, [-0.5492221344369895, -0.00804324710059951]
[-0.5492221344369895, -0.00804324710059951], 0, -1.0, [-0.5580733955512013, -0.008851261114211717]
[-0.5580733955512013, -0.008851261114211717], 0, -1.0, [-0.5676665577162939, -0.00959316216509268]
[-0.5676665577162939, -0.00959316216509268], 0, -1.0, [-0.5779301734302225, -0.010263615713928578]
[-0.5779301734302225, -0.010263615713928578], 0, -1.0, [-0.5887881055502776, -0.010857932120055164]
[-0.5887881055502776, -0.010857932120055164], 0, -1.0, [-0.6001602283483297, -0.011372122798052152]
[-0.6001602283483297, -0.011372122798052152], 0, -1.0, [-0.6119631756903346, -0.011802947342004957]
[-0.6119631756903346, -0.011802947342004957], 0, -1.0, [-0.624111124997591, -0.012147949307256368]
[-0.624111124997591, -0.012147949307256368], 0, -1.0, [-0.6365166036667813, -0.012405478669190322]
[-0.6365166036667813, -0.012405478669190322], 0, -1.0, [-0.6490913031490271, -0.01257469948224579]
[-0.6490913031490271, -0.01257469948224579], 0, -1.0, [-0.6617468850545895, -0.012655581905562412]
[-0.6617468850545895, -0.012655581905562412], 0, -1.0, [-0.6743957635501853, -0.012648878495595803]
[-0.6743957635501853, -0.012648878495595803], 0, -1.0, [-0.6869518489826544, -0.012556085432469085]
[-0.6869518489826544, -0.012556085432469085], 0, -1.0, [-0.6993312390670414, -0.012379390084387033]
[-0.6993312390670414, -0.012379390084387033], 0, -1.0, [-0.7114528460323984, -0.012121606965356977]
[-0.7114528460323984, -0.012121606965356977], 0, -1.0, [-0.7232389506900798, -0.011786104657681339]
[-0.7232389506900798, -0.011786104657681339], 0, -1.0, [-0.7346156773086282, -0.011376726618548357]
[-0.7346156773086282, -0.011376726618548357], 0, -1.0, [-0.7455133862615275, -0.010897708952899328]
[-0.7455133862615275, -0.010897708952899328], 0, -1.0, [-0.7558669844748093, -0.01035359821328178]
[-0.7558669844748093, -0.01035359821328178], 2, -1.0, [-0.7636161565726463, -0.007749172097836977]
[-0.7636161565726463, -0.007749172097836977], 2, -1.0, [-0.7687167689894249, -0.005100612416778633]
[-0.7687167689894249, -0.005100612416778633], 2, -1.0, [-0.771140257138708, -0.0024234881492831753]
[-0.771140257138708, -0.0024234881492831753], 2, -1.0, [-0.7708731861452615, 0.00026707099344662694]
[-0.7708731861452615, 0.00026707099344662694], 2, -1.0, [-0.767917032178316, 0.0029561539669454902]
[-0.767917032178316, 0.0029561539669454902], 2, -1.0, [-0.7622882068626965, 0.005628825315619508]
[-0.7622882068626965, 0.005628825315619508], 2, -1.0, [-0.754018322287441, 0.008269884575255477]
[-0.754018322287441, 0.008269884575255477], 2, -1.0, [-0.7431546692149131, 0.010863653072527893]
[-0.7431546692149131, 0.010863653072527893], 2, -1.0, [-0.7297608566765292, 0.013393812538383917]
[-0.7297608566765292, 0.013393812538383917], 2, -1.0, [-0.7139175379349484, 0.015843318741580806]
[-0.7139175379349484, 0.015843318741580806], 2, -1.0, [-0.6957231269412805, 0.018194410993667868]
[-0.6957231269412805, 0.018194410993667868], 2, -1.0, [-0.6752943925893451, 0.020428734351935422]
[-0.6752943925893451, 0.020428734351935422], 2, -1.0, [-0.6527668074199279, 0.022527585169417254]
[-0.6527668074199279, 0.022527585169417254], 2, -1.0, [-0.6282945253790002, 0.024472282040927617]
[-0.6282945253790002, 0.024472282040927617], 2, -1.0, [-0.6020498720823937, 0.026244653296606496]
[-0.6020498720823937, 0.026244653296606496], 2, -1.0, [-0.574222252410704, 0.027827619671689723]
[-0.574222252410704, 0.027827619671689723], 2, -1.0, [-0.5450164144952405, 0.0292058379154635]
[-0.5450164144952405, 0.0292058379154635], 2, -1.0, [-0.5146500547919612, 0.03036635970327924]
[-0.5146500547919612, 0.03036635970327924], 0, -1.0, [-0.4853508024331573, 0.02929925235880391]
[-0.4853508024331573, 0.02929925235880391], 0, -1.0, [-0.45733778081334453, 0.028013021619812787]
[-0.45733778081334453, 0.028013021619812787], 0, -1.0, [-0.4308184502625411, 0.026519330550803424]
[-0.4308184502625411, 0.026519330550803424], 0, -1.0, [-0.4059860218491125, 0.024832428413428666]
[-0.4059860218491125, 0.024832428413428666], 0, -1.0, [-0.38301749995543144, 0.02296852189368105]
[-0.38301749995543144, 0.02296852189368105], 0, -1.0, [-0.3620723583151231, 0.020945141640308355]
[-0.3620723583151231, 0.020945141640308355], 0, -1.0, [-0.34329180690692684, 0.018780551408196237]
[-0.34329180690692684, 0.018780551408196237], 0, -1.0, [-0.3267985696053927, 0.01649323730153415]
[-0.3267985696053927, 0.01649323730153415], 0, -1.0, [-0.31269706697394023, 0.0141015026314525]
[-0.31269706697394023, 0.0141015026314525], 0, -1.0, [-0.30107388538199414, 0.01162318159194611]
[-0.30107388538199414, 0.01162318159194611], 0, -1.0, [-0.2919984116320981, 0.009075473749896047]
[-0.2919984116320981, 0.009075473749896047], 0, -1.0, [-0.2855235195191029, 0.006474892112995257]
[-0.2855235195191029, 0.006474892112995257], 0, -1.0, [-0.2816862089138193, 0.0038373106052835733]
[-0.2816862089138193, 0.0038373106052835733], 0, -1.0, [-0.28050811688412886, 0.001178092029690444]
[-0.28050811688412886, 0.001178092029690444], 0, -1.0, [-0.28199584223839347, -0.0014877253542646307]
[-0.28199584223839347, -0.0014877253542646307], 0, -1.0, [-0.286141048386441, -0.004145206148047512]
[-0.286141048386441, -0.004145206148047512], 0, -1.0, [-0.2929203336951117, -0.006779285308670721]
[-0.2929203336951117, -0.006779285308670721], 0, -1.0, [-0.30229488300262636, -0.009374549307514645]
[-0.30229488300262636, -0.009374549307514645], 0, -1.0, [-0.3142099381812505, -0.011915055178624111]
[-0.3142099381812505, -0.011915055178624111], 0, -1.0, [-0.3285941490098198, -0.014384210828569338]
[-0.3285941490098198, -0.014384210828569338], 0, -1.0, [-0.34535888722340224, -0.016764738213582417]
[-0.34535888722340224, -0.016764738213582417], 0, -1.0, [-0.364397625077233, -0.019038737853830746]
[-0.364397625077233, -0.019038737853830746], 0, -1.0, [-0.38558549324401326, -0.02118786816678024]
[-0.38558549324401326, -0.02118786816678024], 0, -1.0, [-0.4087791391434149, -0.023193645899401674]
[-0.4087791391434149, -0.023193645899401674], 0, -1.0, [-0.43381700359444064, -0.02503786445102573]
[-0.43381700359444064, -0.02503786445102573], 0, -1.0, [-0.46052011908096013, -0.02670311548651952]
[-0.46052011908096013, -0.02670311548651952], 0, -1.0, [-0.488693505964458, -0.028173386883497856]
[-0.488693505964458, -0.028173386883497856], 0, -1.0, [-0.5181282041946221, -0.029434698230164102]
[-0.5181282041946221, -0.029434698230164102], 0, -1.0, [-0.5486039298685041, -0.030475725673882015]
[-0.5486039298685041, -0.030475725673882015], 0, -1.0, [-0.5798922927258721, -0.03128836285736795]
[-0.5798922927258721, -0.03128836285736795], 0, -1.0, [-0.6117604582537746, -0.03186816552790245]
[-0.6117604582537746, -0.03186816552790245], 0, -1.0, [-0.643975093138928, -0.03221463488515344]
[-0.643975093138928, -0.03221463488515344], 0, -1.0, [-0.6763064015447543, -0.03233130840582636]
[-0.6763064015447543, -0.03233130840582636], 0, -1.0, [-0.7085320466360598, -0.03222564509130559]
[-0.7085320466360598, -0.03222564509130559], 0, -1.0, [-0.7404407588505587, -0.03190871221449882]
[-0.7404407588505587, -0.03190871221449882], 0, -1.0, [-0.7718354585098258, -0.031394699659267125]
[-0.7718354585098258, -0.031394699659267125], 0, -1.0, [-0.8025357615633627, -0.03070030305353693]
[-0.8025357615633627, -0.03070030305353693], 0, -1.0, [-0.8323797876918481, -0.02984402612848541]
[-0.8323797876918481, -0.02984402612848541], 0, -1.0, [-0.8612252429993491, -0.028845455307500992]
[-0.8612252429993491, -0.028845455307500992], 2, -1.0, [-0.8869497988745653, -0.025724555875216177]
[-0.8869497988745653, -0.025724555875216177], 2, -1.0, [-0.909457726106731, -0.02250792723216576]
[-0.909457726106731, -0.02250792723216576], 2, -1.0, [-0.9286760714409577, -0.01921834533422661]
[-0.9286760714409577, -0.01921834533422661], 2, -1.0, [-0.9445507914106451, -0.015874719969687506]
[-0.9445507914106451, -0.015874719969687506], 2, -1.0, [-0.9570431116680843, -0.01249232025743917]
[-0.9570431116680843, -0.01249232025743917], 2, -1.0, [-0.9661263138972864, -0.00908320222920208]
[-0.9661263138972864, -0.00908320222920208], 2, -1.0, [-0.9717830934953625, -0.00565677959807614]
[-0.9717830934953625, -0.00565677959807614], 2, -1.0, [-0.9740035832204734, -0.0022204897251108875]
[-0.9740035832204734, -0.0022204897251108875], 2, -1.0, [-0.972784101433133, 0.0012194817873404217]
[-0.972784101433133, 0.0012194817873404217], 2, -1.0, [-0.9681266566783594, 0.004657444754773568]
[-0.9681266566783594, 0.004657444754773568], 2, -1.0, [-0.9600392200405624, 0.008087436637796944]
[-0.9600392200405624, 0.008087436637796944], 2, -1.0, [-0.9485367590655265, 0.011502460975035928]
[-0.9485367590655265, 0.011502460975035928], 2, -1.0, [-0.9336430079287048, 0.0148937511368217]
[-0.9336430079287048, 0.0148937511368217], 2, -1.0, [-0.915392923926947, 0.018250084001757712]
[-0.915392923926947, 0.018250084001757712], 2, -1.0, [-0.8938357468746779, 0.021557177052269158]
[-0.8938357468746779, 0.021557177052269158], 2, -1.0, [-0.8690385333840773, 0.024797213490600642]
[-0.8690385333840773, 0.024797213490600642], 2, -1.0, [-0.8410899820653482, 0.02794855131872914]
[-0.8410899820653482, 0.02794855131872914], 2, -1.0, [-0.8101043010532737, 0.030985681012074603]
[-0.8101043010532737, 0.030985681012074603], 2, -1.0, [-0.7762248023645447, 0.03387949868872896]
[-0.7762248023645447, 0.03387949868872896], 2, -1.0, [-0.7396268490470541, 0.036597953317490585]
[-0.7396268490470541, 0.036597953317490585], 2, -1.0, [-0.7005197452922028, 0.03910710375485124]
[-0.7005197452922028, 0.03910710375485124], 2, -1.0, [-0.6591471629439191, 0.04137258234828377]
[-0.6591471629439191, 0.04137258234828377], 2, -1.0, [-0.615785754848527, 0.04336140809539197]
[-0.615785754848527, 0.04336140809539197], 2, -1.0, [-0.570741724524751, 0.045044030323776046]
[-0.570741724524751, 0.045044030323776046], 2, -1.0, [-0.5243452996043398, 0.04639642492041118]
[-0.5243452996043398, 0.04639642492041118], 2, -1.0, [-0.47694327575856377, 0.04740202384577608]
[-0.47694327575856377, 0.04740202384577608], 2, -1.0, [-0.4288900267674226, 0.04805324899114114]
[-0.4288900267674226, 0.04805324899114114], 2, -1.0, [-0.3805375748671388, 0.04835245190028378]
[-0.3805375748671388, 0.04835245190028378], 2, -1.0, [-0.33222544443171526, 0.04831213043542353]
[-0.33222544443171526, 0.04831213043542353], 2, -1.0, [-0.2842710542100966, 0.04795439022161868]
[-0.2842710542100966, 0.04795439022161868], 2, -1.0, [-0.23696133164647465, 0.047309722563621925]
[-0.23696133164647465, 0.047309722563621925], 2, -1.0, [-0.19054607248785477, 0.046415259158619875]
[-0.19054607248785477, 0.046415259158619875], 2, -1.0, [-0.14523335285719294, 0.04531271963066183]
[-0.14523335285719294, 0.04531271963066183], 2, -1.0, [-0.10118707024687978, 0.04404628261031315]
[-0.10118707024687978, 0.04404628261031315], 2, -1.0, [-0.058526482695886034, 0.04266058755099375]
[-0.058526482695886034, 0.04266058755099375], 2, -1.0, [-0.01732745886231047, 0.041199023833575564]
[-0.01732745886231047, 0.041199023833575564], 2, -1.0, [0.022374941920083435, 0.039702400782393905]
[0.022374941920083435, 0.039702400782393905], 2, -1.0, [0.06058297276582483, 0.0382080308457414]
[0.06058297276582483, 0.0382080308457414], 2, -1.0, [0.09733218091105988, 0.03674920814523506]
[0.09733218091105988, 0.03674920814523506], 2, -1.0, [0.13268721143082524, 0.03535503051976534]
[0.13268721143082524, 0.03535503051976534], 2, -1.0, [0.1667377067046961, 0.03405049527387085]
[0.1667377067046961, 0.03405049527387085], 2, -1.0, [0.19959450106172774, 0.03285679435703164]
[0.19959450106172774, 0.03285679435703164], 2, -1.0, [0.23138624069421365, 0.03179173963248591]
[0.23138624069421365, 0.03179173963248591], 2, -1.0, [0.26225649989654215, 0.030870259202328484]
[0.26225649989654215, 0.030870259202328484], 2, -1.0, [0.29236141801032167, 0.030104918113779522]
[0.29236141801032167, 0.030104918113779522], 2, -1.0, [0.32186784684559716, 0.029506428835275482]
[0.32186784684559716, 0.029506428835275482], 0, -1.0, [0.3489519740988973, 0.02708412725330012]
[0.3489519740988973, 0.02708412725330012], 2, -1.0, [0.37578536177689076, 0.026833387677993484]
[0.37578536177689076, 0.026833387677993484], 0, -1.0, [0.4005461256984767, 0.024760763921585945]
[0.4005461256984767, 0.024760763921585945], 2, -1.0, [0.42540481402672586, 0.024858688328249185]
[0.42540481402672586, 0.024858688328249185], 0, -1.0, [0.4485376529271726, 0.02313283890044674]
[0.4485376529271726, 0.02313283890044674], 2, -1.0, [0.4721122790665225, 0.023574626139349828]
[0.4721122790665225, 0.023574626139349828], 0, -1.0, [0.4943022900902382, 0.022190011023715726]
[0.4943022900902382, 0.022190011023715726], 0, -1.0, [0.5152728602413577, 0.02097057015111947]
