[-0.5430546091084301, 0.0], 2, -1.0, [-0.5419087731948111, 0.0011458359136189897]
[-0.5419087731948111, 0.0011458359136189897], 2, -1.0, [-0.5396256813473392, 0.0022830918474719105]
[-0.5396256813473392, 0.0022830918474719105], 2, -1.0, [-0.5362224340142534, 0.003403247333085811]
[-0.5362224340142534, 0.003403247333085811], 2, -1.0, [-0.5317245318726586, 0.004497902141594801]
[-0.5317245318726586, 0.004497902141594801], 2, -1.0, [-0.5261656925947525, 0.00555883927790596]
[-0.5261656925947525, 0.00555883927790596], 2, -1.0, [-0.5195876016296503, 0.0065780909651021804]
[-0.5195876016296503, 0.0065780909651021804], 2, -1.0, [-0.5120395937432675, 0.007548007886382874]
[-0.5120395937432675, 0.007548007886382874], 2, -1.0, [-0.5035782623464821, 0.008461331396785444]
[-0.5035782623464821, 0.008461331396785444], 2, -1.0, [-0.49426699453815404, 0.009311267808328]
[-0.49426699453815404, 0.009311267808328], 2, -1.0, [-0.48417543129608087, 0.010091563242073151]
[-0.48417543129608087, 0.010091563242073151], 2, -1.0, [-0.4733788543108555, 0.010796576985225332]
[-0.4733788543108555, 0.010796576985225332], 2, -1.0, [-0.46195750346394837, 0.011421350846907149]
[-0.46195750346394837, 0.011421350846907149], 2, -1.0, [-0.44999583174047914, 0.011961671723469243]
[-0.44999583174047914, 0.011961671723469243], 0, -1.0, [-0.439581707237711, 0.010414124502768128]
[-0.439581707237711, 0.010414124502768128], 0, -1.0, [-0.4307910599236311, 0.008790647314079901]
[-0.4307910599236311, 0.008790647314079901], 0, -1.0, [-0.4236875122657758, 0.00710354765785531]
[-0.4236875122657758, 0.00710354765785531], 0, -1.0, [-0.41832212929808005, 0.0053653829676957535]
[-0.41832212929808005, 0.0053653829676957535], 0, -1.0, [-0.41473325999872906, 0.0035888692993509743]
[-0.41473325999872906, 0.0035888692993509743], 0, -1.0, [-0.4129464440668655, 0.0017868159318635741]
[-0.4129464440668655, 0.0017868159318635741], 0, -1.0, [-0.4129743626511296, -2.7918584264095044e-05]
[-0.4129743626511296, -2.7918584264095044e-05], 0, -1.0, [-0.41481681779060586, -0.0018424551394762788]
[-0.41481681779060586, -0.0018424551394762788], 0, -1.0, [-0.4184607327155947, -0.0036439149249888423]
[-0.4184607327155947, -0.0036439149249888423], 0, -1.0, [-0.4238801731322541, -0.005419440416659399]
[-0.4238801731322541, -0.005419440416659399], 0, -1.0, [-0.43103639758255813, -0.007156224450304001]
[-0.43103639758255813, -0.007156224450304001], 0, -1.0, [-0.4398779523303191, -0.00884155474776099]
[-0.4398779523303191, -0.00884155474776099], 0, -1.0, [-0.45034083238625716, -0.010462880055938047]
[-0.45034083238625716, -0.010462880055938047], 0, -1.0, [-0.46234873468824517, -0.012007902301987991]
[-0.46234873468824517, -0.012007902301987991], 0, -1.0, [-0.47581343159145956, -0.013464696903214385]
[-0.47581343159145956, -0.013464696903214385], 0, -1.0, [-0.4906352922925832, -0.014821860701123644]
[-0.4906352922925832, -0.014821860701123644], 0, -1.0, [-0.5067039763648739, -0.01606868407229066]
[-0.5067039763648739, -0.01606868407229066], 0, -1.0, [-0.5238993171868984, -0.017195340822024542]
[-0.5238993171868984, -0.017195340822024542], 0, -1.0, [-0.5420924039473138, -0.018193086760415443]
[-0.5420924039473138, -0.018193086760415443], 0, -1.0, [-0.561146859641369, -0.019054455694055134]
[-0.561146859641369, -0.019054455694055134], 0, -1.0, [-0.5809202998741387, -0.019773440232769692]
[-0.5809202998741387, -0.019773440232769692], 0, -1.0, [-0.6012659444209326, -0.0203456445467939]
[-0.6012659444209326, -0.0203456445467939], 0, -1.0, [-0.622034341572225, -0.020768397151292382]
[-0.622034341572225, -0.020768397151292382], 0, -1.0, [-0.6430751555093334, -0.02104081393710832]
[-0.6430751555093334, -0.02104081393710832], 0, -1.0, [-0.6642389603561685, -0.021163804846835117]
[-0.6642389603561685, -0.021163804846835117], 0, -1.0, [-0.6853789818609282, -0.021140021504759677]
[-0.6853789818609282, -0.021140021504759677], 0, -1.0, [-0.7063527291924212, -0.020973747331493004]
[-0.7063527291924212, -0.020973747331493004], 0, -1.0, [-0.7270234649393674, -0.020670735746946257]
[-0.7270234649393674, -0.020670735746946257], 0, -1.0, [-0.747261470491577, -0.02023800555220959]
[-0.747261470491577, -0.02023800555220959], 0, -1.0, [-0.7669450756289053, -0.019683605137328312]
[-0.7669450756289053, -0.019683605137328312], 0, -1.0, [-0.7859614342116041, -0.019016358582698803]
[-0.7859614342116041, -0.019016358582698803], 0, -1.0, [-0.8042070411720644, -0.01824560696046026]
[-0.8042070411720644, -0.01824560696046026], 2, -1.0, [-0.8195879984738142, -0.015380957301749841]
[-0.8195879984738142, -0.015380957301749841], 2, -1.0, [-0.8320294783510583, -0.012441479877244126]
[-0.8320294783510583, -0.012441479877244126], 2, -1.0, [-0.8414739669033554, -0.009444488552297086]
[-0.8414739669033554, -0.009444488552297086], 2, -1.0, [-0.847879657732841, -0.0064056908294856316]
[-0.847879657732841, -0.0064056908294856316], 2, -1.0, [-0.8512191252496915, -0.0033394675168504583]
[-0.8512191252496915, -0.0033394675168504583], 2, -1.0, [-0.8514783736714547, -0.0002592484217632655]
[-0.8514783736714547, -0.0002592484217632655], 2, -1.0, [-0.8486563251976833, 0.002822048473771434]
[-0.8486563251976833, 0.002822048473771434], 2, -1.0, [-0.8427647798218597, 0.005891545375823627]
[-0.8427647798218597, 0.005891545375823627], 2, -1.0, [-0.8338288492809963, 0.00893593054086338]
[-0.8338288492809963, 0.00893593054086338], 2, -1.0, [-0.8218878377713805, 0.011941011509615752]
[-0.8218878377713805, 0.011941011509615752], 2, -1.0, [-0.8069965112693696, 0.014891326502010986]
[-0.8069965112693696, 0.014891326502010986], 2, -1.0, [-0.7892266650061345, 0.017769846263235065]
[-0.7892266650061345, 0.017769846263235065], 2, -1.0, [-0.7686688651382769, 0.02055779986785751]
[-0.7686688651382769, 0.02055779986785751], 2, -1.0, [-0.7454342074590664, 0.023234657679210506]
[-0.7454342074590664, 0.023234657679210506], 2, -1.0, [-0.7196559061145659, 0.025778301344500567]
[-0.7196559061145659, 0.025778301344500567], 2, -1.0, [-0.6914905031989924, 0.0281654029155734]
[-0.6914905031989924, 0.0281654029155734], 2, -1.0, [-0.6611184813586859, 0.030372021840306514]
[-0.6611184813586859, 0.030372021840306514], 2, -1.0, [-0.6287440719186107, 0.032374409440075205]
[-0.6287440719186107, 0.032374409440075205], 2, -1.0, [-0.5945940852699663, 0.03414998664864447]
[-0.5945940852699663, 0.03414998664864447], 2, -1.0, [-0.5589156503785652, 0.035678434891401115]
[-0.5589156503785652, 0.035678434891401115], 2, -1.0, [-0.5219728342117467, 0.03694281616681854]
[-0.5219728342117467, 0.03694281616681854], 2, -1.0, [-0.48404221255696944, 0.037930621654777216]
[-0.48404221255696944, 0.037930621654777216], 2, -1.0, [-0.44540756929625086, 0.038634643260718575]
[-0.44540756929625086, 0.038634643260718575], 2, -1.0, [-0.4063539967921093, 0.03905357250414156]
[-0.4063539967921093, 0.03905357250414156], 2, -1.0, [-0.3671617404860684, 0.03919225630604089]
[-0.3671617404860684, 0.03919225630604089], 2, -1.0, [-0.32810016413334625, 0.03906157635272216]
[-0.32810016413334625, 0.03906157635272216], 2, -1.0, [-0.2894222024288742, 0.038677961704472096]
[-0.2894222024288742, 0.038677961704472096], 2, -1.0, [-0.25135961687452135, 0.038062585554352844]
[-0.25135961687452135, 0.038062585554352844], 2, -1.0, [-0.2141192875385389, 0.037240329335982446]
[-0.2141192875385389, 0.037240329335982446], 2, -1.0, [-0.17788067176443773, 0.03623861577410118]
[-0.17788067176443773, 0.03623861577410118], 2, -1.0, [-0.14279445647077682, 0.0350862152936609]
[-0.14279445647077682, 0.0350862152936609], 2, -1.0, [-0.10898233739632451, 0.033812119074452314]
[-0.10898233739632451, 0.033812119074452314], 2, -1.0, [-0.07653778640313752, 0.032444550993186994]
[-0.07653778640313752, 0.032444550993186994], 2, -1.0, [-0.04552762157904024, 0.031010164824097283]
[-0.04552762157904024, 0.031010164824097283], 2, -1.0, [-0.015994174384203717, 0.02953344719483652]
[-0.015994174384203717, 0.02953344719483652], 2, -1.0, [0.012042150161680181, 0.0280363245458839]
[0.012042150161680181, 0.0280363245458839], 2, -1.0, [0.03858010593067143, 0.026537955768991248]
[0.03858010593067143, 0.026537955768991248], 2, -1.0, [0.06363478779195808, 0.025054681861286645]
[0.06363478779195808, 0.025054681861286645], 0, -1.0, [0.08523488706200642, 0.02160009927004834]
[0.08523488706200642, 0.02160009927004834], 0, -1.0, [0.10341627306228192, 0.018181386000275492]
[0.10341627306228192, 0.018181386000275492], 1, -1.0, [0.11921701497264571, 0.01580074191036379]
[0.11921701497264571, 0.01580074191036379], 0, -1.0, [0.1316759525897064, 0.01245893761706069]
[0.1316759525897064, 0.01245893761706069], 0, -1.0, [0.14082742559649886, 0.009151473006792463]
[0.14082742559649886, 0.009151473006792463], 0, -1.0, [0.146698713718402, 0.005871288121903152]
[0.146698713718402, 0.005871288121903152], 0, -1.0, [0.14930822506848906, 0.0026095113500870463]
[0.14930822506848906, 0.0026095113500870463], 0, -1.0, [0.14866436677517006, -0.000643858293319006]
[0.14866436677517006, -0.000643858293319006], 0, -1.0, [0.1447650516505853, -0.0038993151245847414]
[0.1447650516505853, -0.0038993151245847414], 0, -1.0, [0.1375978194109007, -0.007167232239684613]
[0.1375978194109007, -0.007167232239684613], 0, -1.0, [0.12714057780265653, -0.010457241608244183]
[0.12714057780265653, -0.010457241608244183], 0, -1.0, [0.11336299532650151, -0.013777582476155008]
[0.11336299532650151, -0.013777582476155008], 0, -1.0, [0.09622860038504591, -0.017134394941455598]
[0.09622860038504591, -0.017134394941455598], 0, -1.0, [0.07569765832861994, -0.020530942056425968]
[0.07569765832861994, -0.020530942056425968], 0, -1.0, [0.05173090373141613, -0.023966754597203804]
[0.05173090373141613, -0.023966754597203804], 0, -1.0, [0.024294194730075, -0.027436709001341132]
[0.024294194730075, -0.027436709001341132], 0, -1.0, [-0.006635877371061957, -0.030930072101136956]
[-0.006635877371061957, -0.030930072101136956], 0, -1.0, [-0.04106545409628916, -0.0344295767252272]
[-0.04106545409628916, -0.0344295767252272], 0, -1.0, [-0.07897608312475393, -0.03791062902846477]
[-0.07897608312475393, -0.03791062902846477], 0, -1.0, [-0.12031687103895704, -0.041340787914203106]
[-0.12031687103895704, -0.041340787914203106], 0, -1.0, [-0.16499656276404207, -0.04467969172508504]
[-0.16499656276404207, -0.04467969172508504], 0, -1.0, [-0.21287618850956969, -0.047879625745527635]
[-0.21287618850956969, -0.047879625745527635], 0, -1.0, [-0.26376309929944275, -0.05088691078987305]
[-0.26376309929944275, -0.05088691078987305], 0, -1.0, [-0.317407332274135, -0.053644232974692216]
[-0.317407332274135, -0.053644232974692216], 0, -1.0, [-0.3735012508696312, -0.05609391859549625]
[-0.3735012508696312, -0.05609391859549625], 0, -1.0, [-0.43168324187280005, -0.05818199100316883]
[-0.43168324187280005, -0.05818199100316883], 0, -1.0, [-0.49154589639844953, -0.059862654525649484]
[-0.49154589639844953, -0.059862654525649484], 0, -1.0, [-0.552648577218811, -0.06110268082036142]
[-0.552648577218811, -0.06110268082036142], 0, -1.0, [-0.6145336602145408, -0.061885082995729784]
[-0.6145336602145408, -0.061885082995729784], 0, -1.0, [-0.6767451596406863, -0.06221149942614544]
[-0.6767451596406863, -0.06221149942614544], 0, -1.0, [-0.7388480453467501, -0.06210288570606377]
[-0.7388480453467501, -0.06210288570606377], 0, -1.0, [-0.8004464414414355, -0.061598396094685426]
[-0.8004464414414355, -0.061598396094685426], 0, -1.0, [-0.8611990932406856, -0.060752651799250025]
[-0.8611990932406856, -0.060752651799250025], 0, -1.0, [-0.9208309494457457, -0.05963185620506016]
[-0.9208309494457457, -0.05963185620506016], 0, -1.0, [-0.9791403102510114, -0.05830936080526576]
[-0.9791403102510114, -0.05830936080526576], 0, -1.0, [-1.0360015979095498, -0.056861287658538304]
[-1.0360015979095498, -0.056861287658538304], 0, -1.0, [-1.0913642956159317, -0.055362697706381934]
[-1.0913642956159317, -0.055362697706381934], 0, -1.0, [-1.1452489066241882, -0.05388461100825652]
[-1.1452489066241882, -0.05388461100825652], 0, -1.0, [-1.1977408982659743, -0.05249199164178599]
[-1.1977408982659743, -0.05249199164178599], 0, -1.0, [-1.2, 0.0]
[-1.2, 0.0], 2, -1.0, [-1.1967581039591646, 0.003241896040835368]
[-1.1967581039591646, 0.003241896040835368], 2, -1.0, [-1.1902636585360942, 0.006494445423070332]
[-1.1902636585360942, 0.006494445423070332], 2, -1.0, [-1.1804959639787937, 0.009767694557300442]
[-1.1804959639787937, 0.009767694557300442], 2, -1.0, [-1.1674255149588486, 0.013070449019945182]
[-1.1674255149588486, 0.013070449019945182], 2, -1.0, [-1.1510159267200155, 0.016409588238833067]
[-1.1510159267200155, 0.016409588238833067], 2, -1.0, [-1.1312266168239755, 0.019789309896040046]
[-1.1312266168239755, 0.019789309896040046], 2, -1.0, [-1.108016322100852, 0.02321029472312345]
[-1.108016322100852, 0.02321029472312345], 2, -1.0, [-1.081347524946184, 0.02666879715466819]
[-1.081347524946184, 0.02666879715466819], 2, -1.0, [-1.0511918363028878, 0.03015568864329602]
[-1.0511918363028878, 0.03015568864329602], 2, -1.0, [-1.0175363271434712, 0.0336555091594167]
[-1.0175363271434712, 0.0336555091594167], 2, -1.0, [-0.9803907090723114, 0.03714561807115983]
[-0.9803907090723114, 0.03714561807115983], 2, -1.0, [-0.9397951336374217, 0.04059557543488971]
[-0.9397951336374217, 0.04059557543488971], 2, -1.0, [-0.8958282112564235, 0.043966922380998245]
[-0.8958282112564235, 0.043966922380998245], 2, -1.0, [-0.8486146572192776, 0.04721355403714586]
[-0.8486146572192776, 0.04721355403714586], 2, -1.0, [-0.7983317816221248, 0.05028287559715283]
[-0.7983317816221248, 0.05028287559715283], 2, -1.0, [-0.7452138959379592, 0.0531178856841656]
[-0.7452138959379592, 0.0531178856841656], 2, -1.0, [-0.6895536666604415, 0.0556602292775177]
[-0.6895536666604415, 0.0556602292775177], 2, -1.0, [-0.6316995610792892, 0.057854105581152386]
[-0.6316995610792892, 0.057854105581152386], 2, -1.0, [-0.5720488365336812, 0.05965072454560789]
[-0.5720488365336812, 0.05965072454560789], 2, -1.0, [-0.5110360146660762, 0.061012821867605024]
[-0.5110360146660762, 0.061012821867605024], 2, -1.0, [-0.44911739120176025, 0.061918623464315904]
[-0.44911739120176025, 0.061918623464315904], 2, -1.0, [-0.38675274139346727, 0.06236464980829299]
[-0.38675274139346727, 0.06236464980829299], 0, -1.0, [-0.3263858485235833, 0.06036689286988392]
[-0.3263858485235833, 0.06036689286988392], 0, -1.0, [-0.26841326066670956, 0.057972587856873765]
[-0.26841326066670956, 0.057972587856873765], 2, -1.0, [-0.21117301874204783, 0.05724024192466173]
[-0.21117301874204783, 0.05724024192466173], 2, -1.0, [-0.1549476500070356, 0.05622536873501223]
[-0.1549476500070356, 0.05622536873501223], 2, -1.0, [-0.0999570112204609, 0.05499063878657469]
[-0.0999570112204609, 0.05499063878657469], 2, -1.0, [-0.046354808917235736, 0.05360220230322516]
[-0.046354808917235736, 0.05360220230322516], 2, -1.0, [0.005771528096909492, 0.05212633701414523]
[0.005771528096909492, 0.05212633701414523], 0, -1.0, [0.05439823984522908, 0.04862671174831959]
[0.05439823984522908, 0.04862671174831959], 0, -1.0, [0.09955816842024157, 0.04515992857501248]
[0.09955816842024157, 0.04515992857501248], 0, -1.0, [0.14132877859460996, 0.04177061017436841]
[0.14132877859460996, 0.04177061017436841], 0, -1.0, [0.17982074821984964, 0.03849196962523969]
[0.17982074821984964, 0.03849196962523969], 0, -1.0, [0.2151677552533161, 0.035347007033466465]
[0.2151677552533161, 0.035347007033466465], 0, -1.0, [0.24751776952885726, 0.03235001427554116]
[0.24751776952885726, 0.03235001427554116], 0, -1.0, [0.2770259225836317, 0.029508153054774444]
[0.2770259225836317, 0.029508153054774444], 0, -1.0, [0.30384887551433387, 0.02682295293070218]
[0.30384887551433387, 0.02682295293070218], 1, -1.0, [0.3291405185738366, 0.025291643059502728]
[0.3291405185738366, 0.025291643059502728], 0, -1.0, [0.3520550524317212, 0.022914533857884598]
[0.3520550524317212, 0.022914533857884598], 0, -1.0, [0.3727390517270007, 0.02068399929527954]
[0.3727390517270007, 0.02068399929527954], 1, -1.0, [0.3923298347912288, 0.019590783064228054]
[0.3923298347912288, 0.019590783064228054], 0, -1.0, [0.40996135131459877, 0.017631516523369976]
[0.40996135131459877, 0.017631516523369976], 2, -1.0, [0.42775700033112574, 0.01779564901652698]
[0.42775700033112574, 0.01779564901652698], 2, -1.0, [0.4458436993212938, 0.01808669899016806]
[0.4458436993212938, 0.01808669899016806], 0, -1.0, [0.46235250944607315, 0.016508810124779352]
[0.46235250944607315, 0.016508810124779352], 2, -1.0, [0.4794045528037399, 0.017052043357666732]
[0.4794045528037399, 0.017052043357666732], 0, -1.0, [0.4951261097039439, 0.01572155690020397]
[0.4951261097039439, 0.01572155690020397], 2, -1.0, [0.5116343811942756, 0.016508271490331697]
