[-0.5066376769742996, 0.0], 0, -1.0, [-0.507764830328402, -0.0011271533541024087]
[-0.507764830328402, -0.0011271533541024087], 0, -1.0, [-0.5100106936169413, -0.0022458632885393]
[-0.5100106936169413, -0.0022458632885393], 0, -1.0, [-0.5133584392981376, -0.0033477456811963216]
[-0.5133584392981376, -0.0033477456811963216], 0, -1.0, [-0.5177829754213695, -0.004424536123231892]
[-0.5177829754213695, -0.004424536123231892], 0, -1.0, [-0.5232511278329645, -0.005468152411594902]
[-0.5232511278329645, -0.005468152411594902], 0, -1.0, [-0.5297218876023266, -0.006470759769362226]
[-0.5297218876023266, -0.006470759769362226], 0, -1.0, [-0.5371467266142863, -0.007424839011959726]
[-0.5371467266142863, -0.007424839011959726], 0, -1.0, [-0.5454699839665269, -0.008323257352240578]
[-0.5454699839665269, -0.008323257352240578], 0, -1.0, [-0.5546293249291536, -0.009159340962626716]
[-0.5546293249291536, -0.009159340962626716], 0, -1.0, [-0.5645562727667345, -0.009926947837580835]
[-0.5645562727667345, -0.009926947837580835], 0, -1.0, [-0.5751768117446774, -0.010620538977942906]
[-0.5751768117446774, -0.010620538977942906], 0, -1.0, [-0.5864120572478478, -0.0112352455031705]
[-0.5864120572478478, -0.0112352455031705], 0, -1.0, [-0.5981789862838158, -0.011766929035967934]
[-0.5981789862838158, -0.011766929035967934], 0, -1.0, [-0.6103912189170784, -0.012212232633262505]
[-0.6103912189170784, -0.012212232633262505], 0, -1.0, [-0.6229598385966647, -0.012568619679586345]
[-0.6229598385966647, -0.012568619679586345], 0, -1.0, [-0.6357942371127705, -0.012834398516105835]
[-0.6357942371127705, -0.012834398516105835], 0, -1.0, [-0.6488029682451999, -0.013008731132429407]
[-0.6488029682451999, -0.013008731132429407], 0, -1.0, [-0.6618945932057017, -0.01309162496050181]
[-0.6618945932057017, -0.01309162496050181], 2, -1.0, [-0.6729785008310208, -0.011083907625319198]
[-0.6729785008310208, -0.011083907625319198], 0, -1.0, [-0.6839791854359464, -0.011000684604925579]
[-0.6839791854359464, -0.011000684604925579], 0, -1.0, [-0.6948228921923875, -0.01084370675644112]
[-0.6948228921923875, -0.01084370675644112], 0, -1.0, [-0.7054381515214065, -0.010615259329019043]
[-0.7054381515214065, -0.010615259329019043], 0, -1.0, [-0.7157562581351905, -0.010318106613783967]
[-0.7157562581351905, -0.010318106613783967], 0, -1.0, [-0.7257116900804915, -0.009955431945300974]
[-0.7257116900804915, -0.009955431945300974], 0, -1.0, [-0.7352424653119283, -0.00953077523143673]
[-0.7352424653119283, -0.00953077523143673], 2, -1.0, [-0.7422904354967077, -0.007047970184779375]
[-0.7422904354967077, -0.007047970184779375], 2, -1.0, [-0.7468133771774401, -0.004522941680732425]
[-0.7468133771774401, -0.004522941680732425], 2, -1.0, [-0.7487845519729611, -0.0019711747955210406]
[-0.7487845519729611, -0.0019711747955210406], 2, -1.0, [-0.7481923959425449, 0.0005921560304161266]
[-0.7481923959425449, 0.0005921560304161266], 2, -1.0, [-0.7450403772563663, 0.0031520186861786485]
[-0.7450403772563663, 0.0031520186861786485], 2, -1.0, [-0.7393470393956516, 0.00569333786071465]
[-0.7393470393956516, 0.00569333786071465], 2, -1.0, [-0.7311462246985861, 0.0082008146970655]
[-0.7311462246985861, 0.0082008146970655], 2, -1.0, [-0.7204874508035566, 0.010658773895029564]
[-0.7204874508035566, 0.010658773895029564], 2, -1.0, [-0.707436391090399, 0.0130510597131576]
[-0.707436391090399, 0.0130510597131576], 2, -1.0, [-0.6920753904546922, 0.015361000635706756]
[-0.6920753904546922, 0.015361000635706756], 2, -1.0, [-0.6745039308574564, 0.01757145959723582]
[-0.6745039308574564, 0.01757145959723582], 2, -1.0, [-0.6548389486083865, 0.019664982249069828]
[-0.6548389486083865, 0.019664982249069828], 2, -1.0, [-0.6332148990652867, 0.021624049543099832]
[-0.6332148990652867, 0.021624049543099832], 2, -1.0, [-0.6097834662137124, 0.023431432851574365]
[-0.6097834662137124, 0.023431432851574365], 2, -1.0, [-0.584712825979233, 0.025070640234479354]
[-0.584712825979233, 0.025070640234479354], 2, -1.0, [-0.5581863939403795, 0.026526432038853485]
[-0.5581863939403795, 0.026526432038853485], 2, -1.0, [-0.5304010200078706, 0.02778537393250887]
[-0.5304010200078706, 0.02778537393250887], 0, -1.0, [-0.50356463278308, 0.026836387224790603]
[-0.50356463278308, 0.026836387224790603], 0, -1.0, [-0.4778784111840255, 0.025686221599054437]
[-0.4778784111840255, 0.025686221599054437], 0, -1.0, [-0.4535340181480251, 0.024344393036000445]
[-0.4535340181480251, 0.024344393036000445], 0, -1.0, [-0.4307112498627148, 0.022822768285310286]
[-0.4307112498627148, 0.022822768285310286], 0, -1.0, [-0.4095761567382543, 0.02113509312446048]
[-0.4095761567382543, 0.02113509312446048], 0, -1.0, [-0.3902796532617682, 0.01929650347648611]
[-0.3902796532617682, 0.01929650347648611], 0, -1.0, [-0.37295659747120774, 0.017323055790560506]
[-0.37295659747120774, 0.017323055790560506], 0, -1.0, [-0.3577252903510091, 0.01523130712019864]
[-0.3577252903510091, 0.01523130712019864], 0, -1.0, [-0.3446873230726112, 0.013037967278397875]
[-0.3446873230726112, 0.013037967278397875], 0, -1.0, [-0.33392768650745436, 0.010759636565156801]
[-0.33392768650745436, 0.010759636565156801], 0, -1.0, [-0.3255150525795957, 0.008412633927858687]
[-0.3255150525795957, 0.008412633927858687], 0, -1.0, [-0.31950213978719355, 0.006012912792402134]
[-0.31950213978719355, 0.006012912792402134], 0, -1.0, [-0.3159260841812511, 0.0035760556059424116]
[-0.3159260841812511, 0.0035760556059424116], 0, -1.0, [-0.3148087507157223, 0.0011173334655288475]
[-0.3148087507157223, 0.0011173334655288475], 0, -1.0, [-0.31615693675884055, -0.0013481860431182775]
[-0.31615693675884055, -0.0013481860431182775], 0, -1.0, [-0.31996243849070893, -0.0038055017318683786]
[-0.31996243849070893, -0.0038055017318683786], 0, -1.0, [-0.3262019709541927, -0.0062395324634837565]
[-0.3262019709541927, -0.0062395324634837565], 0, -1.0, [-0.33483695289470733, -0.008634981940514638]
[-0.33483695289470733, -0.008634981940514638], 0, -1.0, [-0.3458131874978637, -0.010976234603156373]
[-0.3458131874978637, -0.010976234603156373], 0, -1.0, [-0.35906048892002146, -0.013247301422157746]
[-0.35906048892002146, -0.013247301422157746], 0, -1.0, [-0.37449232113250874, -0.015431832212487263]
[-0.37449232113250874, -0.015431832212487263], 0, -1.0, [-0.39200552885187423, -0.01751320771936546]
[-0.39200552885187423, -0.01751320771936546], 0, -1.0, [-0.41148024877242245, -0.019474719920548233]
[-0.41148024877242245, -0.019474719920548233], 0, -1.0, [-0.43278009142193974, -0.02129984264951727]
[-0.43278009142193974, -0.02129984264951727], 0, -1.0, [-0.4557526783258796, -0.02297258690393988]
[-0.4557526783258796, -0.02297258690393988], 0, -1.0, [-0.48023060483354973, -0.02447792650767011]
[-0.48023060483354973, -0.02447792650767011], 0, -1.0, [-0.5060328757720196, -0.025802270938469915]
[-0.5060328757720196, -0.025802270938469915], 0, -1.0, [-0.5329668299909794, -0.02693395421895979]
[-0.5329668299909794, -0.02693395421895979], 0, -1.0, [-0.5608305330507557, -0.027863703059776226]
[-0.5608305330507557, -0.027863703059776226], 0, -1.0, [-0.5894155781890849, -0.02858504513832917]
[-0.5894155781890849, -0.02858504513832917], 0, -1.0, [-0.6185101985332739, -0.02909462034418904]
[-0.6185101985332739, -0.02909462034418904], 0, -1.0, [-0.6479025628041285, -0.02939236427085461]
[-0.6479025628041285, -0.02939236427085461], 0, -1.0, [-0.6773841064808593, -0.02948154367673081]
[-0.6773841064808593, -0.02948154367673081], 0, -1.0, [-0.7067527433099787, -0.029368636829119422]
[-0.7067527433099787, -0.029368636829119422], 0, -1.0, [-0.7358158091078266, -0.029063065797847936]
[-0.7358158091078266, -0.029063065797847936], 0, -1.0, [-0.7643926100068864, -0.028576800899059805]
[-0.7643926100068864, -0.028576800899059805], 0, -1.0, [-0.7923164778354963, -0.027923867828609915]
[-0.7923164778354963, -0.027923867828609915], 0, -1.0, [-0.8194362721770788, -0.027119794341582536]
[-0.8194362721770788, -0.027119794341582536], 2, -1.0, [-0.8436173073283607, -0.02418103515128185]
[-0.8436173073283607, -0.02418103515128185], 2, -1.0, [-0.8647502838496733, -0.021132976521312616]
[-0.8647502838496733, -0.021132976521312616], 2, -1.0, [-0.8827484830845506, -0.01799819923487723]
[-0.8827484830845506, -0.01799819923487723], 2, -1.0, [-0.8975448007248967, -0.014796317640346161]
[-0.8975448007248967, -0.014796317640346161], 2, -1.0, [-0.9090888690192436, -0.011544068294346801]
[-0.9090888690192436, -0.011544068294346801], 2, -1.0, [-0.9173444677038481, -0.008255598684604556]
[-0.9173444677038481, -0.008255598684604556], 2, -1.0, [-0.9222873750437588, -0.004942907339910686]
[-0.9222873750437588, -0.004942907339910686], 2, -1.0, [-0.9239037666632951, -0.0016163916195362578]
[-0.9239037666632951, -0.0016163916195362578], 2, -1.0, [-0.9221892326742989, 0.0017145339889961995]
[-0.9221892326742989, 0.0017145339889961995], 2, -1.0, [-0.9171484524825928, 0.005040780191706106]
[-0.9171484524825928, 0.005040780191706106], 2, -1.0, [-0.9087955396670436, 0.008352912815549217]
[-0.9087955396670436, 0.008352912815549217], 2, -1.0, [-0.8971550437764937, 0.01164049589054997]
[-0.8971550437764937, 0.01164049589054997], 2, -1.0, [-0.8822635688178355, 0.014891474958658113]
[-0.8822635688178355, 0.014891474958658113], 2, -1.0, [-0.8641719369242871, 0.018091631893548413]
[-0.8641719369242871, 0.018091631893548413], 2, -1.0, [-0.8429477883277586, 0.021224148596528422]
[-0.8429477883277586, 0.021224148596528422], 2, -1.0, [-0.8186784648708311, 0.024269323456927575]
[-0.8186784648708311, 0.024269323456927575], 2, -1.0, [-0.7914739755035242, 0.02720448936730688]
[-0.7914739755035242, 0.02720448936730688], 2, -1.0, [-0.7614697927607056, 0.030004182742818606]
[-0.7614697927607056, 0.030004182742818606], 2, -1.0, [-0.7288291862403777, 0.03264060652032781]
[-0.7288291862403777, 0.03264060652032781], 2, -1.0, [-0.693744772309331, 0.035084413931046804]
[-0.693744772309331, 0.035084413931046804], 2, -1.0, [-0.6564389597444619, 0.037305812564869104]
[-0.6564389597444619, 0.037305812564869104], 2, -1.0, [-0.6171630090416138, 0.03927595070284811]
[-0.6171630090416138, 0.03927595070284811], 2, -1.0, [-0.5761945050746964, 0.040968503966917376]
[-0.5761945050746964, 0.040968503966917376], 2, -1.0, [-0.5338331679318091, 0.0423613371428872]
[-0.5338331679318091, 0.0423613371428872], 2, -1.0, [-0.49039508490561334, 0.04343808302619578]
[-0.49039508490561334, 0.04343808302619578], 2, -1.0, [-0.4462056179399266, 0.04418946696568675]
[-0.4462056179399266, 0.04418946696568675], 2, -1.0, [-0.4015913986242193, 0.04461421931570729]
[-0.4015913986242193, 0.04461421931570729], 2, -1.0, [-0.3568719390700882, 0.04471945955413109]
[-0.3568719390700882, 0.04471945955413109], 2, -1.0, [-0.31235143937309795, 0.04452049969699024]
[-0.31235143937309795, 0.04452049969699024], 2, -1.0, [-0.26831135035623044, 0.044040089016867484]
[-0.26831135035623044, 0.044040089016867484], 2, -1.0, [-0.2250041582681757, 0.04330719208805471]
[-0.2250041582681757, 0.04330719208805471], 2, -1.0, [-0.18264871406912056, 0.04235544419905515]
[-0.18264871406912056, 0.04235544419905515], 2, -1.0, [-0.14142726049113535, 0.041221453577985206]
[-0.14142726049113535, 0.041221453577985206], 2, -1.0, [-0.10148414349909715, 0.0399431169920382]
[-0.10148414349909715, 0.0399431169920382], 2, -1.0, [-0.06292605460942655, 0.038558088889670605]
[-0.06292605460942655, 0.038558088889670605], 2, -1.0, [-0.02582355136145633, 0.037102503247970216]
[-0.02582355136145633, 0.037102503247970216], 2, -1.0, [0.009786450262941664, 0.035610001624397994]
[0.009786450262941664, 0.035610001624397994], 2, -1.0, [0.043897529274295015, 0.03411107901135335]
[0.043897529274295015, 0.03411107901135335], 0, -1.0, [0.0745302556448762, 0.030632726370581186]
[0.0745302556448762, 0.030632726370581186], 2, -1.0, [0.10372521314573888, 0.029194957500862685]
[0.10372521314573888, 0.029194957500862685], 2, -1.0, [0.13154023496439843, 0.02781502181865956]
[0.13154023496439843, 0.02781502181865956], 2, -1.0, [0.15804740064848463, 0.0265071656840862]
[0.15804740064848463, 0.0265071656840862], 2, -1.0, [0.18333035458650393, 0.025282953938019295]
[0.18333035458650393, 0.025282953938019295], 2, -1.0, [0.20748198554231262, 0.024151630955808686]
[0.20748198554231262, 0.024151630955808686], 2, -1.0, [0.2306024794064149, 0.023120493864102285]
[0.2306024794064149, 0.023120493864102285], 2, -1.0, [0.25279773763495017, 0.022195258228535252]
[0.25279773763495017, 0.022195258228535252], 2, -1.0, [0.2741781408017996, 0.02138040316684943]
[0.2741781408017996, 0.02138040316684943], 2, -1.0, [0.29485762900403556, 0.020679488202235974]
[0.29485762900403556, 0.020679488202235974], 2, -1.0, [0.31495306722412947, 0.020095438220093933]
[0.31495306722412947, 0.020095438220093933], 2, -1.0, [0.3345838629696616, 0.019630795745532115]
[0.3345838629696616, 0.019630795745532115], 2, -1.0, [0.3538718045705855, 0.01928794160092389]
[0.3538718045705855, 0.01928794160092389], 2, -1.0, [0.3729410905975219, 0.019069286026936406]
[0.3729410905975219, 0.019069286026936406], 2, -1.0, [0.391918523329534, 0.01897743273201206]
[0.391918523329534, 0.01897743273201206], 2, -1.0, [0.410933841544344, 0.019015318214810027]
[0.410933841544344, 0.019015318214810027], 2, -1.0, [0.43012016972579115, 0.019186328181447155]
[0.43012016972579115, 0.019186328181447155], 2, -1.0, [0.4496145617392453, 0.01949439201345414]
[0.4496145617392453, 0.01949439201345414], 2, -1.0, [0.4695586167932726, 0.019944055054027326]
[0.4695586167932726, 0.019944055054027326], 2, -1.0, [0.4900991437497112, 0.02054052695643857]
[0.4900991437497112, 0.02054052695643857], 2, -1.0, [0.5113888461877792, 0.021289702438068065]
