[-0.5457361335255331, 0.0], 2, -1.0, [-0.5445702253619464, 0.0011659081635866121]
[-0.5445702253619464, 0.0011659081635866121], 1, -1.0, [-0.5432471350664917, 0.0013230902954547582]
[-0.5432471350664917, 0.0013230902954547582], 2, -1.0, [-0.5407767673960298, 0.0024703676704619093]
[-0.5407767673960298, 0.0024703676704619093], 2, -1.0, [-0.537177621805091, 0.0035991455909387426]
[-0.537177621805091, 0.0035991455909387426], 2, -1.0, [-0.5324766630322991, 0.004700958772791853]
[-0.5324766630322991, 0.004700958772791853], 2, -1.0, [-0.5267091279754067, 0.0057675350568923995]
[-0.5267091279754067, 0.0057675350568923995], 2, -1.0, [-0.5199182656142022, 0.006790862361204543]
[-0.5199182656142022, 0.006790862361204543], 2, -1.0, [-0.5121550065169933, 0.007763259097208882]
[-0.5121550065169933, 0.007763259097208882], 2, -1.0, [-0.503477558828802, 0.008677447688191299]
[-0.503477558828802, 0.008677447688191299], 2, -1.0, [-0.4939509286367128, 0.009526630192089146]
[-0.4939509286367128, 0.009526630192089146], 2, -1.0, [-0.4836463642343577, 0.010304564402355117]
[-0.4836463642343577, 0.010304564402355117], 2, -1.0, [-0.4726407259991097, 0.011005638235247956]
[-0.4726407259991097, 0.011005638235247956], 2, -1.0, [-0.4610157862301916, 0.011624939768918072]
[-0.4610157862301916, 0.011624939768918072], 2, -1.0, [-0.4488574662000259, 0.01215832003016573]
[-0.4488574662000259, 0.01215832003016573], 2, -1.0, [-0.43625502063185584, 0.012602445568170093]
[-0.43625502063185584, 0.012602445568170093], 2, -1.0, [-0.4233001825992411, 0.012954838032614739]
[-0.4233001825992411, 0.012954838032614739], 2, -1.0, [-0.41008628421248494, 0.01321389838675617]
[-0.41008628421248494, 0.01321389838675617], 2, -1.0, [-0.3967073702012721, 0.01337891401121285]
[-0.3967073702012721, 0.01337891401121285], 2, -1.0, [-0.38325732245454613, 0.013450047746725978]
[-0.38325732245454613, 0.013450047746725978], 2, -1.0, [-0.3698290136333941, 0.013428308821152025]
[-0.3698290136333941, 0.013428308821152025], 2, -1.0, [-0.3565135070997717, 0.013315506533622427]
[-0.3565135070997717, 0.013315506533622427], 2, -1.0, [-0.3433993186493498, 0.013114188450421874]
[-0.3433993186493498, 0.013114188450421874], 2, -1.0, [-0.3305717530175527, 0.012827565631797103]
[-0.3305717530175527, 0.012827565631797103], 0, -1.0, [-0.320112325018263, 0.010459427999289743]
[-0.320112325018263, 0.010459427999289743], 0, -1.0, [-0.31208600678495285, 0.00802631823331013]
[-0.31208600678495285, 0.00802631823331013], 2, -1.0, [-0.3045417029384685, 0.007544303846484353]
[-0.3045417029384685, 0.007544303846484353], 0, -1.0, [-0.29952459830711353, 0.0050171046313549905]
[-0.29952459830711353, 0.0050171046313549905], 2, -1.0, [-0.29506430997703986, 0.004460288330073685]
[-0.29506430997703986, 0.004460288330073685], 2, -1.0, [-0.2911868720928113, 0.003877437884228574]
[-0.2911868720928113, 0.003877437884228574], 2, -1.0, [-0.28791468666705233, 0.0032721854257589584]
[-0.28791468666705233, 0.0032721854257589584], 2, -1.0, [-0.2852664899758988, 0.0026481966911534927]
[-0.2852664899758988, 0.0026481966911534927], 2, -1.0, [-0.28325733089308425, 0.002009159082814572]
[-0.28325733089308425, 0.002009159082814572], 0, -1.0, [-0.28389855787567075, -0.0006412269825864791]
[-0.28389855787567075, -0.0006412269825864791], 0, -1.0, [-0.28718655553650335, -0.003287997660832616]
[-0.28718655553650335, -0.003287997660832616], 0, -1.0, [-0.2931026899307264, -0.005916134394223078]
[-0.2931026899307264, -0.005916134394223078], 0, -1.0, [-0.3016130350478122, -0.008510345117085783]
[-0.3016130350478122, -0.008510345117085783], 0, -1.0, [-0.3126679104241487, -0.01105487537633653]
[-0.3126679104241487, -0.01105487537633653], 0, -1.0, [-0.32620128317989383, -0.013533372755745144]
[-0.32620128317989383, -0.013533372755745144], 0, -1.0, [-0.3421301096926177, -0.01592882651272387]
[-0.3421301096926177, -0.01592882651272387], 0, -1.0, [-0.36035371133412275, -0.01822360164150503]
[-0.36035371133412275, -0.01822360164150503], 0, -1.0, [-0.3807532935345596, -0.020399582200436837]
[-0.3807532935345596, -0.020399582200436837], 0, -1.0, [-0.40319172582537827, -0.022438432290818662]
[-0.40319172582537827, -0.022438432290818662], 0, -1.0, [-0.42751370021645463, -0.024321974391076365]
[-0.42751370021645463, -0.024321974391076365], 0, -1.0, [-0.45354637428713107, -0.02603267407067645]
[-0.45354637428713107, -0.02603267407067645], 0, -1.0, [-0.4811005824767488, -0.027554208189617714]
[-0.4811005824767488, -0.027554208189617714], 0, -1.0, [-0.5099726643131761, -0.028872081836427324]
[-0.5099726643131761, -0.028872081836427324], 0, -1.0, [-0.5399469135244296, -0.02997424921125349]
[-0.5399469135244296, -0.02997424921125349], 0, -1.0, [-0.5707986008491602, -0.030851687324730603]
[-0.5707986008491602, -0.030851687324730603], 0, -1.0, [-0.6022974712690244, -0.03149887041986421]
[-0.6022974712690244, -0.03149887041986421], 0, -1.0, [-0.6342115696744683, -0.03191409840544393]
[-0.6342115696744683, -0.03191409840544393], 0, -1.0, [-0.6663112139117341, -0.03209964423726579]
[-0.6663112139117341, -0.03209964423726579], 0, -1.0, [-0.6983729157407492, -0.03206170182901519]
[-0.6983729157407492, -0.03206170182901519], 0, -1.0, [-0.7301830511601766, -0.03181013541942737]
[-0.7301830511601766, -0.03181013541942737], 0, -1.0, [-0.7615411016452173, -0.03135805048504072]
[-0.7615411016452173, -0.03135805048504072], 0, -1.0, [-0.7922623240678472, -0.030721222422629993]
[-0.7922623240678472, -0.030721222422629993], 2, -1.0, [-0.820179754198863, -0.027917430131015768]
[-0.820179754198863, -0.027917430131015768], 2, -1.0, [-0.8451549095234904, -0.024975155324627366]
[-0.8451549095234904, -0.024975155324627366], 2, -1.0, [-0.8670754147141354, -0.021920505190645076]
[-0.8670754147141354, -0.021920505190645076], 2, -1.0, [-0.8858521193060124, -0.01877670459187698]
[-0.8858521193060124, -0.01877670459187698], 2, -1.0, [-0.901416014334783, -0.015563895028770598]
[-0.901416014334783, -0.015563895028770598], 2, -1.0, [-0.9137152105953151, -0.012299196260532073]
[-0.9137152105953151, -0.012299196260532073], 2, -1.0, [-0.9227121897971179, -0.008996979201802726]
[-0.9227121897971179, -0.008996979201802726], 2, -1.0, [-0.9283814889823735, -0.0056692991852555635]
[-0.9283814889823735, -0.0056692991852555635], 2, -1.0, [-0.930707932842543, -0.0023264438601695134]
[-0.930707932842543, -0.0023264438601695134], 2, -1.0, [-0.9296854899307928, 0.0010224429117502436]
[-0.9296854899307928, 0.0010224429117502436], 2, -1.0, [-0.9253167969170726, 0.0043686930137202635]
[-0.9253167969170726, 0.0043686930137202635], 2, -1.0, [-0.9176133681202283, 0.007703428796844242]
[-0.9176133681202283, 0.007703428796844242], 2, -1.0, [-0.9065964828073216, 0.011016885312906692]
[-0.9065964828073216, 0.011016885312906692], 2, -1.0, [-0.8922987170432192, 0.014297765764102497]
[-0.8922987170432192, 0.014297765764102497], 2, -1.0, [-0.8747660572299757, 0.017532659813243496]
[-0.8747660572299757, 0.017532659813243496], 2, -1.0, [-0.8540604966164761, 0.020705560613499607]
[-0.8540604966164761, 0.020705560613499607], 2, -1.0, [-0.8302629729998537, 0.02379752361662237]
[-0.8302629729998537, 0.02379752361662237], 2, -1.0, [-0.8034764565526744, 0.026786516447179384]
[-0.8034764565526744, 0.026786516447179384], 2, -1.0, [-0.7738289447565128, 0.029647511796161662]
[-0.7738289447565128, 0.029647511796161662], 2, -1.0, [-0.7414760733750676, 0.032352871381445124]
[-0.7414760733750676, 0.032352871381445124], 2, -1.0, [-0.7066030177450684, 0.034873055629999206]
[-0.7066030177450684, 0.034873055629999206], 2, -1.0, [-0.6694253488665347, 0.0371776688785337]
[-0.6694253488665347, 0.0371776688785337], 2, -1.0, [-0.630188535270405, 0.03923681359612974]
[-0.630188535270405, 0.03923681359612974], 2, -1.0, [-0.5891658528149849, 0.041022682455420054]
[-0.5891658528149849, 0.041022682455420054], 2, -1.0, [-0.5466545822518034, 0.04251127056318151]
[-0.5466545822518034, 0.04251127056318151], 2, -1.0, [-0.5029705309832707, 0.04368405126853272]
[-0.5029705309832707, 0.04368405126853272], 2, -1.0, [-0.4584410928177498, 0.0445294381655209]
[-0.4584410928177498, 0.0445294381655209], 2, -1.0, [-0.4133972311428245, 0.045043861674925294]
[-0.4133972311428245, 0.045043861674925294], 2, -1.0, [-0.3681649069126364, 0.04523232423018806]
[-0.3681649069126364, 0.04523232423018806], 2, -1.0, [-0.32305654724451527, 0.045108359668121184]
[-0.32305654724451527, 0.045108359668121184], 2, -1.0, [-0.2783631482935617, 0.04469339895095357]
[-0.2783631482935617, 0.04469339895095357], 2, -1.0, [-0.23434752777960072, 0.04401562051396095]
[-0.23434752777960072, 0.04401562051396095], 2, -1.0, [-0.19123910367593416, 0.04310842410366657]
[-0.19123910367593416, 0.04310842410366657], 2, -1.0, [-0.14923040252916858, 0.04200870114676557]
[-0.14923040252916858, 0.04200870114676557], 2, -1.0, [-0.10847532374905221, 0.040755078780116374]
[-0.10847532374905221, 0.040755078780116374], 2, -1.0, [-0.069089031529138, 0.03938629221991421]
[-0.069089031529138, 0.03938629221991421], 2, -1.0, [-0.031149231716376062, 0.037939799812761944]
[-0.031149231716376062, 0.037939799812761944], 2, -1.0, [0.0053014757450186994, 0.03645070746139476]
[0.0053014757450186994, 0.03645070746139476], 2, -1.0, [0.0402524993882556, 0.0349510236432369]
[0.0402524993882556, 0.0349510236432369], 2, -1.0, [0.07372172885837572, 0.03346922947012012]
[0.07372172885837572, 0.03346922947012012], 2, -1.0, [0.10575185205676393, 0.03203012319838821]
[0.10575185205676393, 0.03203012319838821], 2, -1.0, [0.13640673737402714, 0.030654885317263212]
[0.13640673737402714, 0.030654885317263212], 2, -1.0, [0.16576804425461367, 0.02936130688058653]
[0.16576804425461367, 0.02936130688058653], 2, -1.0, [0.1939321715378877, 0.02816412728327403]
[0.1939321715378877, 0.02816412728327403], 2, -1.0, [0.22100760690214374, 0.02707543536425604]
[0.22100760690214374, 0.02707543536425604], 2, -1.0, [0.24711270405952057, 0.026105097157376835]
[0.24711270405952057, 0.026105097157376835], 2, -1.0, [0.2723738871543918, 0.025261183094871232]
[0.2723738871543918, 0.025261183094871232], 2, -1.0, [0.29692426309037023, 0.024550375935978412]
[0.29692426309037023, 0.024550375935978412], 2, -1.0, [0.32090261071139703, 0.02397834762102679]
[0.32090261071139703, 0.02397834762102679], 2, -1.0, [0.34445270920015925, 0.023550098488762244]
[0.34445270920015925, 0.023550098488762244], 2, -1.0, [0.36772296511848473, 0.023270255918325482]
[0.36772296511848473, 0.023270255918325482], 2, -1.0, [0.3908662967722924, 0.02314333165380768]
[0.3908662967722924, 0.02314333165380768], 2, -1.0, [0.4140402348270933, 0.0231739380548009]
[0.4140402348270933, 0.0231739380548009], 0, -1.0, [0.4354071983138713, 0.021366963486778044]
[0.4354071983138713, 0.021366963486778044], 2, -1.0, [0.4571204147472016, 0.021713216433330303]
[0.4571204147472016, 0.021713216433330303], 0, -1.0, [0.47733834207449466, 0.02021792732729303]
[0.47733834207449466, 0.02021792732729303], 0, -1.0, [0.4962104288126689, 0.018872086738174233]
[0.4962104288126689, 0.018872086738174233], 2, -1.0, [0.5158773339985703, 0.019666905185901338]
