[-0.4079277035608926, 0.0], 2, -1.0, [-0.40777793000806767, 0.0001497735528249081]
[-0.40777793000806767, 0.0001497735528249081], 2, -1.0, [-0.40747943916120544, 0.00029849084686223474]
[-0.40747943916120544, 0.00029849084686223474], 2, -1.0, [-0.40703433557597274, 0.0004451035852327158]
[-0.40703433557597274, 0.0004451035852327158], 2, -1.0, [-0.40644575625217527, 0.0005885793237974733]
[-0.40644575625217527, 0.0005885793237974733], 2, -1.0, [-0.40571784703159747, 0.0007279092205778186]
[-0.40571784703159747, 0.0007279092205778186], 2, -1.0, [-0.40485573145668863, 0.0008621155749088256]
[-0.40485573145668863, 0.0008621155749088256], 2, -1.0, [-0.4038654723669901, 0.0009902590896985256]
[-0.4038654723669901, 0.0009902590896985256], 2, -1.0, [-0.4027540265738558, 0.0011114457931343498]
[-0.4027540265738558, 0.0011114457931343498], 2, -1.0, [-0.40152919301396844, 0.0012248335598873455]
[-0.40152919301396844, 0.0012248335598873455], 2, -1.0, [-0.400199554837669, 0.0013296381762994505]
[-0.400199554837669, 0.0013296381762994505], 2, -1.0, [-0.3987744159384949, 0.0014251388991741087]
[-0.3987744159384949, 0.0014251388991741087], 2, -1.0, [-0.3972637324749106, 0.0015106834635842921]
[-0.3972637324749106, 0.0015106834635842921], 2, -1.0, [-0.3956780399734062, 0.0015856925015043464]
[-0.3956780399734062, 0.0015856925015043464], 2, -1.0, [-0.39402837663342416, 0.001649663339982088]
[-0.39402837663342416, 0.001649663339982088], 2, -1.0, [-0.39232620347853114, 0.0017021731548930098]
[-0.39232620347853114, 0.0017021731548930098], 2, -1.0, [-0.3905833220145947, 0.0017428814639364417]
[-0.3905833220145947, 0.0017428814639364417], 2, -1.0, [-0.3888117900642917, 0.0017715319503030392]
[-0.3888117900642917, 0.0017715319503030392], 0, -1.0, [-0.38902383644808314, -0.00021204638379143746]
[-0.38902383644808314, -0.00021204638379143746], 0, -1.0, [-0.39121799887436315, -0.002194162426280031]
[-0.39121799887436315, -0.002194162426280031], 0, -1.0, [-0.3953791229697198, -0.004161124095356634]
[-0.3953791229697198, -0.004161124095356634], 0, -1.0, [-0.4014783546591166, -0.006099231689396795]
[-0.4014783546591166, -0.006099231689396795], 0, -1.0, [-0.40947313772678157, -0.00799478306766499]
[-0.40947313772678157, -0.00799478306766499], 0, -1.0, [-0.4193072382803887, -0.009834100553607093]
[-0.4193072382803887, -0.009834100553607093], 0, -1.0, [-0.43091082623831606, -0.011603587957927375]
[-0.43091082623831606, -0.011603587957927375], 0, -1.0, [-0.4442006501522675, -0.013289823913951474]
[-0.4442006501522675, -0.013289823913951474], 0, -1.0, [-0.4590803449888714, -0.014879694836603915]
[-0.4590803449888714, -0.014879694836603915], 0, -1.0, [-0.475440912339619, -0.016360567350747583]
[-0.475440912339619, -0.016360567350747583], 0, -1.0, [-0.4931614084995893, -0.017720496159970282]
[-0.4931614084995893, -0.017720496159970282], 0, -1.0, [-0.5121098678153772, -0.01894845931578786]
[-0.5121098678153772, -0.01894845931578786], 0, -1.0, [-0.5321444768801682, -0.02003460906479102]
[-0.5321444768801682, -0.02003460906479102], 0, -1.0, [-0.5531150002060606, -0.020970523325892488]
[-0.5531150002060606, -0.020970523325892488], 0, -1.0, [-0.5748644410250143, -0.021749440818953643]
[-0.5748644410250143, -0.021749440818953643], 0, -1.0, [-0.5972309033281674, -0.02236646230315304]
[-0.5972309033281674, -0.02236646230315304], 0, -1.0, [-0.6200496048479254, -0.022818701519757973]
[-0.6200496048479254, -0.022818701519757973], 1, -1.0, [-0.6421549771413, -0.022105372293374614]
[-0.6421549771413, -0.022105372293374614], 1, -1.0, [-0.663389806428975, -0.02123482928767502]
[-0.663389806428975, -0.02123482928767502], 1, -1.0, [-0.6836066658400066, -0.02021685941103163]
[-0.6836066658400066, -0.02021685941103163], 0, -1.0, [-0.7036690248229754, -0.02006235898296884]
[-0.7036690248229754, -0.02006235898296884], 0, -1.0, [-0.7234455919550847, -0.01977656713210934]
[-0.7234455919550847, -0.01977656713210934], 1, -1.0, [-0.7418115012621024, -0.0183659093070176]
[-0.7418115012621024, -0.0183659093070176], 0, -1.0, [-0.7596552299179348, -0.017843728655832444]
[-0.7596552299179348, -0.017843728655832444], 2, -1.0, [-0.7748728475881836, -0.015217617670248883]
[-0.7748728475881836, -0.015217617670248883], 2, -1.0, [-0.7873793891410455, -0.012506541552861957]
[-0.7873793891410455, -0.012506541552861957], 2, -1.0, [-0.7971076879917415, -0.009728298850695939]
[-0.7971076879917415, -0.009728298850695939], 2, -1.0, [-0.8040072241435464, -0.006899536151804913]
[-0.8040072241435464, -0.006899536151804913], 2, -1.0, [-0.80804310921186, -0.004035885068313524]
[-0.80804310921186, -0.004035885068313524], 2, -1.0, [-0.8091953043989133, -0.0011521951870533762]
[-0.8091953043989133, -0.0011521951870533762], 2, -1.0, [-0.8074581394186467, 0.0017371649802665648]
[-0.8074581394186467, 0.0017371649802665648], 2, -1.0, [-0.8028401719809025, 0.004617967437744209]
[-0.8028401719809025, 0.004617967437744209], 2, -1.0, [-0.7953643991087338, 0.007475772872168713]
[-0.7953643991087338, 0.007475772872168713], 2, -1.0, [-0.7850688032849578, 0.010295595823776045]
[-0.7850688032849578, 0.010295595823776045], 2, -1.0, [-0.7720071880666364, 0.013061615218321372]
[-0.7720071880666364, 0.013061615218321372], 2, -1.0, [-0.7562502294419438, 0.015756958624692643]
[-0.7562502294419438, 0.015756958624692643], 2, -1.0, [-0.7378866414427017, 0.01836358799924212]
[-0.7378866414427017, 0.01836358799924212], 2, -1.0, [-0.7170243287707088, 0.02086231267199289]
[-0.7170243287707088, 0.02086231267199289], 2, -1.0, [-0.6937913777707938, 0.023232950999914934]
[-0.6937913777707938, 0.023232950999914934], 2, -1.0, [-0.668336723163809, 0.025454654606984806]
[-0.668336723163809, 0.025454654606984806], 2, -1.0, [-0.6408303252350539, 0.027506397928755064]
[-0.6408303252350539, 0.027506397928755064], 2, -1.0, [-0.6114627042531368, 0.02936762098191714]
[-0.6114627042531368, 0.02936762098191714], 2, -1.0, [-0.5804437083909654, 0.03101899586217135]
[-0.5804437083909654, 0.03101899586217135], 2, -1.0, [-0.5480004389938372, 0.03244326939712818]
[-0.5480004389938372, 0.03244326939712818], 2, -1.0, [-0.5143743205371948, 0.03362611845664238]
[-0.5143743205371948, 0.03362611845664238], 2, -1.0, [-0.4798173766635646, 0.034556943873630175]
[-0.4798173766635646, 0.034556943873630175], 2, -1.0, [-0.44458784998851275, 0.035229526675051845]
[-0.44458784998851275, 0.035229526675051845], 2, -1.0, [-0.40894537183269997, 0.0356424781558128]
[-0.40894537183269997, 0.0356424781558128], 2, -1.0, [-0.37314593861433015, 0.03579943321836981]
[-0.37314593861433015, 0.03579943321836981], 0, -1.0, [-0.33943697639498394, 0.033708962219346245]
[-0.33943697639498394, 0.033708962219346245], 0, -1.0, [-0.30804002536260644, 0.031396951032377524]
[-0.30804002536260644, 0.031396951032377524], 0, -1.0, [-0.27914941704224816, 0.0288906083203583]
[-0.27914941704224816, 0.0288906083203583], 0, -1.0, [-0.2529322107042813, 0.026217206337966856]
[-0.2529322107042813, 0.026217206337966856], 0, -1.0, [-0.2295291656454876, 0.023403045058793693]
[-0.2295291656454876, 0.023403045058793693], 0, -1.0, [-0.20905648147678565, 0.020472684168701922]
[-0.20905648147678565, 0.020472684168701922], 0, -1.0, [-0.19160802699830148, 0.017448454478484175]
[-0.19160802699830148, 0.017448454478484175], 0, -1.0, [-0.17725779242059236, 0.014350234577709115]
[-0.17725779242059236, 0.014350234577709115], 0, -1.0, [-0.1660623308752481, 0.01119546154534425]
[-0.1660623308752481, 0.01119546154534425], 0, -1.0, [-0.1580629951327699, 0.00799933574247821]
[-0.1580629951327699, 0.00799933574247821], 0, -1.0, [-0.153287817733485, 0.00477517739928491]
[-0.153287817733485, 0.00477517739928491], 0, -1.0, [-0.15175292310636268, 0.0015348946271222979]
[-0.15175292310636268, 0.0015348946271222979], 0, -1.0, [-0.1534633966760945, -0.001710473569731807]
[-0.1534633966760945, -0.001710473569731807], 0, -1.0, [-0.15841356825881203, -0.004950171582717538]
[-0.15841356825881203, -0.004950171582717538], 0, -1.0, [-0.16658669637231277, -0.008173128113500728]
[-0.16658669637231277, -0.008173128113500728], 0, -1.0, [-0.17795406837590846, -0.011367372003595696]
[-0.17795406837590846, -0.011367372003595696], 0, -1.0, [-0.19247356079657396, -0.01451949242066551]
[-0.19247356079657396, -0.01451949242066551], 0, -1.0, [-0.21008773670148415, -0.017614175904910195]
[-0.21008773670148415, -0.017614175904910195], 0, -1.0, [-0.23072159363507128, -0.020633856933587127]
[-0.23072159363507128, -0.020633856933587127], 0, -1.0, [-0.2542801161821598, -0.02355852254708849]
[-0.2542801161821598, -0.02355852254708849], 0, -1.0, [-0.28064582951052947, -0.026365713328369702]
[-0.28064582951052947, -0.026365713328369702], 0, -1.0, [-0.3096765899300433, -0.02903076041951386]
[-0.3096765899300433, -0.02903076041951386], 0, -1.0, [-0.34120387899121785, -0.031527289061174524]
[-0.34120387899121785, -0.031527289061174524], 0, -1.0, [-0.37503188065173226, -0.03382800166051444]
[-0.37503188065173226, -0.03382800166051444], 0, -1.0, [-0.4109376078627215, -0.03590572721098924]
[-0.4109376078627215, -0.03590572721098924], 0, -1.0, [-0.4486722984578283, -0.03773469059510683]
[-0.4486722984578283, -0.03773469059510683], 0, -1.0, [-0.48796421742232454, -0.03929191896449623]
[-0.48796421742232454, -0.03929191896449623], 0, -1.0, [-0.5285228868066608, -0.04055866938433624]
[-0.5285228868066608, -0.04055866938433624], 0, -1.0, [-0.5700446267001055, -0.04152173989344464]
[-0.5700446267001055, -0.04152173989344464], 0, -1.0, [-0.6122191487966492, -0.042174522096543744]
[-0.6122191487966492, -0.042174522096543744], 0, -1.0, [-0.654736820315683, -0.0425176715190338]
[-0.654736820315683, -0.0425176715190338], 0, -1.0, [-0.6972961319427115, -0.042559311627028376]
[-0.6972961319427115, -0.042559311627028376], 0, -1.0, [-0.7396108746702031, -0.04231474272749171]
[-0.7396108746702031, -0.04231474272749171], 0, -1.0, [-0.7814165624778672, -0.041805687807664055]
[-0.7814165624778672, -0.041805687807664055], 2, -1.0, [-0.8204757245675252, -0.03905916208965802]
[-0.8204757245675252, -0.03905916208965802], 2, -1.0, [-0.8565912150184173, -0.03611549045089218]
[-0.8565912150184173, -0.03611549045089218], 2, -1.0, [-0.889604410500399, -0.03301319548198172]
[-0.889604410500399, -0.03301319548198172], 2, -1.0, [-0.9193918407726129, -0.02978743027221398]
[-0.9193918407726129, -0.02978743027221398], 2, -1.0, [-0.9458607917143173, -0.026468950941704313]
[-0.9458607917143173, -0.026468950941704313], 2, -1.0, [-0.9689443834260785, -0.02308359171176127]
[-0.9689443834260785, -0.02308359171176127], 2, -1.0, [-0.9885965493599033, -0.01965216593382481]
[-0.9885965493599033, -0.01965216593382481], 2, -1.0, [-1.0047872492646244, -0.016190699904721023]
[-1.0047872492646244, -0.016190699904721023], 2, -1.0, [-1.0174981565172923, -0.012710907252667799]
[-1.0174981565172923, -0.012710907252667799], 2, -1.0, [-1.0267189803151573, -0.009220823797865048]
[-1.0267189803151573, -0.009220823797865048], 2, -1.0, [-1.0324445205627677, -0.005725540247610451]
[-1.0324445205627677, -0.005725540247610451], 2, -1.0, [-1.03467250899472, -0.0022279884319522324]
[-1.03467250899472, -0.0022279884319522324], 2, -1.0, [-1.033402262081707, 0.0012702469130130593]
[-1.033402262081707, 0.0012702469130130593], 2, -1.0, [-1.0286341558506427, 0.004768106231064278]
[-1.0286341558506427, 0.004768106231064278], 2, -1.0, [-1.0203699253637641, 0.008264230486878521]
[-1.0203699253637641, 0.008264230486878521], 2, -1.0, [-1.0086137873741752, 0.011756137989588869]
[-1.0086137873741752, 0.011756137989588869], 2, -1.0, [-0.9933743786451885, 0.015239408728986712]
[-0.9933743786451885, 0.015239408728986712], 2, -1.0, [-0.9746674896747194, 0.018706888970469165]
[-0.9746674896747194, 0.018706888970469165], 2, -1.0, [-0.9525195494334603, 0.022147940241259153]
[-0.9525195494334603, 0.022147940241259153], 2, -1.0, [-0.9269717771885164, 0.02554777224494385]
[-0.9269717771885164, 0.02554777224494385], 2, -1.0, [-0.8980848599287701, 0.02888691725974636]
[-0.8980848599287701, 0.02888691725974636], 2, -1.0, [-0.8659439382767238, 0.032140921652046295]
[-0.8659439382767238, 0.032140921652046295], 2, -1.0, [-0.8306635940304588, 0.03528034424626504]
[-0.8306635940304588, 0.03528034424626504], 2, -1.0, [-0.7923924380906752, 0.03827115593978363]
[-0.7923924380906752, 0.03827115593978363], 2, -1.0, [-0.7513168143177085, 0.04107562377296665]
[-0.7513168143177085, 0.04107562377296665], 2, -1.0, [-0.7076630844275584, 0.043653729890150074]
[-0.7076630844275584, 0.043653729890150074], 2, -1.0, [-0.6616979658017673, 0.045965118625791106]
[-0.6616979658017673, 0.045965118625791106], 2, -1.0, [-0.613726479610047, 0.04797148619172036]
[-0.613726479610047, 0.04797148619172036], 2, -1.0, [-0.5640872417949899, 0.04963923781505707]
[-0.5640872417949899, 0.04963923781505707], 2, -1.0, [-0.5131450866334107, 0.05094215516157923]
[-0.5131450866334107, 0.05094215516157923], 2, -1.0, [-0.46128132128798044, 0.05186376534543029]
[-0.46128132128798044, 0.05186376534543029], 2, -1.0, [-0.40888221901762967, 0.0523991022703508]
[-0.40888221901762967, 0.0523991022703508], 2, -1.0, [-0.3563266075726372, 0.052555611444992496]
[-0.3563266075726372, 0.052555611444992496], 2, -1.0, [-0.3039735433252751, 0.052353064247362066]
[-0.3039735433252751, 0.052353064247362066], 2, -1.0, [-0.2521510497625988, 0.05182249356267633]
[-0.2521510497625988, 0.05182249356267633], 2, -1.0, [-0.20114674356959195, 0.05100430619300683]
[-0.20114674356959195, 0.05100430619300683], 2, -1.0, [-0.1512009079625073, 0.04994583560708464]
[-0.1512009079625073, 0.04994583560708464], 2, -1.0, [-0.10250225785866923, 0.04869865010383805]
[-0.10250225785866923, 0.04869865010383805], 2, -1.0, [-0.05518633572836872, 0.04731592213030051]
[-0.05518633572836872, 0.04731592213030051], 2, -1.0, [-0.009336229555556914, 0.04585010617281181]
[-0.009336229555556914, 0.04585010617281181], 2, -1.0, [0.035014857161451425, 0.04435108671700834]
[0.035014857161451425, 0.04435108671700834], 2, -1.0, [0.07787972415258582, 0.0428648669911344]
[0.07787972415258582, 0.0428648669911344], 1, -1.0, [0.1183125153939538, 0.04043279124136798]
[0.1183125153939538, 0.04043279124136798], 1, -1.0, [0.15640113614698137, 0.03808862075302758]
[0.15640113614698137, 0.03808862075302758], 1, -1.0, [0.19225993497332547, 0.03585879882634411]
[0.19225993497332547, 0.03585879882634411], 1, -1.0, [0.22602317616482245, 0.03376324119149699]
[0.22602317616482245, 0.03376324119149699], 1, -1.0, [0.2578394545160315, 0.03181627835120906]
[0.2578394545160315, 0.03181627835120906], 1, -1.0, [0.28786709043135356, 0.030027635915322017]
[0.28786709043135356, 0.030027635915322017], 1, -1.0, [0.3162704662301271, 0.028403375798773584]
[0.3162704662301271, 0.028403375798773584], 1, -1.0, [0.3432172182662071, 0.026946752036079998]
[0.3432172182662071, 0.026946752036079998], 0, -1.0, [0.3678761766779927, 0.024658958411785597]
[0.3678761766779927, 0.024658958411785597], 0, -1.0, [0.39040923666533583, 0.022533059987343135]
[0.39040923666533583, 0.022533059987343135], 2, -1.0, [0.4129697442130609, 0.022560507547725015]
[0.4129697442130609, 0.022560507547725015], 2, -1.0, [0.43571568245745035, 0.022745938244389478]
[0.43571568245745035, 0.022745938244389478], 0, -1.0, [0.4568101070535244, 0.02109442459607401]
[0.4568101070535244, 0.02109442459607401], 2, -1.0, [0.4784069615811742, 0.021596854527649832]
[0.4784069615811742, 0.021596854527649832], 0, -1.0, [0.4986659148713567, 0.0202589532901825]
[0.4986659148713567, 0.0202589532901825], 2, -1.0, [0.5197380460261464, 0.02107213115478966]
