[-0.4293073368211384, 0.0], 2, -1.0, [-0.42900512902243865, 0.0003022077986997735]
[-0.42900512902243865, 0.0003022077986997735], 2, -1.0, [-0.42840288961692435, 0.0006022394055142683]
[-0.42840288961692435, 0.0006022394055142683], 2, -1.0, [-0.42750495360018254, 0.0008979360167418375]
[-0.42750495360018254, 0.0008979360167418375], 2, -1.0, [-0.4263177801558656, 0.0011871734443169803]
[-0.4263177801558656, 0.0011871734443169803], 2, -1.0, [-0.42484990113363247, 0.0014678790222331093]
[-0.42484990113363247, 0.0014678790222331093], 2, -1.0, [-0.42311185310098376, 0.0017380480326487265]
[-0.42311185310098376, 0.0017380480326487265], 2, -1.0, [-0.4211160936067241, 0.001995759494259702]
[-0.4211160936067241, 0.001995759494259702], 2, -1.0, [-0.4188769024480951, 0.0022391911586289877]
[-0.4188769024480951, 0.0022391911586289877], 2, -1.0, [-0.41641026888313853, 0.002466633564956585]
[-0.41641026888313853, 0.002466633564956585], 2, -1.0, [-0.4137337658724338, 0.0026765030107047246]
[-0.4137337658724338, 0.0026765030107047246], 2, -1.0, [-0.4108664125674484, 0.0028673533049854687]
[-0.4108664125674484, 0.0028673533049854687], 2, -1.0, [-0.4078285263834489, 0.0030378861839994932]
[-0.4078285263834489, 0.0030378861839994932], 2, -1.0, [-0.40464156610017094, 0.0031869602832779904]
[-0.40464156610017094, 0.0031869602832779904], 2, -1.0, [-0.40132796752012834, 0.003313598580042574]
[-0.40132796752012834, 0.003313598580042574], 2, -1.0, [-0.3979109732796479, 0.003416994240480438]
[-0.3979109732796479, 0.003416994240480438], 2, -1.0, [-0.3944144584489017, 0.003496514830746219]
[-0.3944144584489017, 0.003496514830746219], 2, -1.0, [-0.39086275357244066, 0.0035517048764610623]
[-0.39086275357244066, 0.0035517048764610623], 2, -1.0, [-0.3872804667898193, 0.0035822867826213385]
[-0.3872804667898193, 0.0035822867826213385], 2, -1.0, [-0.38369230663656295, 0.003588160153256386]
[-0.38369230663656295, 0.003588160153256386], 2, -1.0, [-0.3801229070596593, 0.0035693995769036646]
[-0.3801229070596593, 0.0035693995769036646], 2, -1.0, [-0.3765966560906679, 0.003526250968991393]
[-0.3765966560906679, 0.003526250968991393], 2, -1.0, [-0.37313752950610907, 0.00345912658455883]
[-0.37313752950610907, 0.00345912658455883], 2, -1.0, [-0.3697689306725855, 0.0033685988335235874]
[-0.3697689306725855, 0.0033685988335235874], 2, -1.0, [-0.3665135376273928, 0.003255393045192693]
[-0.3665135376273928, 0.003255393045192693], 0, -1.0, [-0.3653931582890227, 0.0011203793383701335]
[-0.3653931582890227, 0.0011203793383701335], 2, -1.0, [-0.36441527315771804, 0.0009778851313046201]
[-0.36441527315771804, 0.0009778851313046201], 2, -1.0, [-0.36358640078842597, 0.0008288723692920672]
[-0.36358640078842597, 0.0008288723692920672], 2, -1.0, [-0.3629120586801435, 0.0006743421082824653]
[-0.3629120586801435, 0.0006743421082824653], 2, -1.0, [-0.3623967304157663, 0.000515328264377151]
[-0.3623967304157663, 0.000515328264377151], 0, -1.0, [-0.36404383912637966, -0.0016471087106133529]
[-0.36404383912637966, -0.0016471087106133529], 1, -1.0, [-0.36684243397951694, -0.002798594853137273]
[-0.36684243397951694, -0.002798594853137273], 1, -1.0, [-0.3707738441401996, -0.003931410160682645]
[-0.3707738441401996, -0.003931410160682645], 0, -1.0, [-0.3768117066179265, -0.006037862477726912]
[-0.3768117066179265, -0.006037862477726912], 0, -1.0, [-0.3849152346952869, -0.008103528077360356]
[-0.3849152346952869, -0.008103528077360356], 0, -1.0, [-0.3950291406468331, -0.010113905951546213]
[-0.3950291406468331, -0.010113905951546213], 0, -1.0, [-0.40708358673396067, -0.012054446087127605]
[-0.40708358673396067, -0.012054446087127605], 0, -1.0, [-0.42099421004539317, -0.013910623311432483]
[-0.42099421004539317, -0.013910623311432483], 0, -1.0, [-0.4366622729042214, -0.015668062858828213]
[-0.4366622729042214, -0.015668062858828213], 0, -1.0, [-0.45397499268322894, -0.017312719779007554]
[-0.45397499268322894, -0.017312719779007554], 0, -1.0, [-0.4728061022409556, -0.01883110955772666]
[-0.4728061022409556, -0.01883110955772666], 0, -1.0, [-0.49301668436166446, -0.020210582120708857]
[-0.49301668436166446, -0.020210582120708857], 0, -1.0, [-0.5144563105257408, -0.02143962616407639]
[-0.5144563105257408, -0.02143962616407639], 0, -1.0, [-0.5369644965812733, -0.022508186055532505]
[-0.5369644965812733, -0.022508186055532505], 0, -1.0, [-0.5603724665887392, -0.02340797000746589]
[-0.5603724665887392, -0.02340797000746589], 0, -1.0, [-0.5845051930271775, -0.024132726438438338]
[-0.5845051930271775, -0.024132726438438338], 0, -1.0, [-0.60918365889702, -0.024678465869842424]
[-0.60918365889702, -0.024678465869842424], 0, -1.0, [-0.6342272674424664, -0.025043608545446384]
[-0.6342272674424664, -0.025043608545446384], 0, -1.0, [-0.6594563105103123, -0.02522904306784587]
[-0.6594563105103123, -0.02522904306784587], 0, -1.0, [-0.6846943987254657, -0.0252380882151534]
[-0.6846943987254657, -0.0252380882151534], 0, -1.0, [-0.7097707566597955, -0.025076357934329843]
[-0.7097707566597955, -0.025076357934329843], 0, -1.0, [-0.7345222939973459, -0.024751537337550398]
[-0.7345222939973459, -0.024751537337550398], 0, -1.0, [-0.7587953783879919, -0.024273084390646026]
[-0.7587953783879919, -0.024273084390646026], 0, -1.0, [-0.7824472554744886, -0.02365187708649665]
[-0.7824472554744886, -0.02365187708649665], 2, -1.0, [-0.8033470842262613, -0.02089982875177273]
[-0.8033470842262613, -0.02089982875177273], 2, -1.0, [-0.8213865656684309, -0.01803948144216965]
[-0.8213865656684309, -0.01803948144216965], 2, -1.0, [-0.8364780863756469, -0.015091520707215974]
[-0.8364780863756469, -0.015091520707215974], 2, -1.0, [-0.8485527220319843, -0.012074635656337354]
[-0.8485527220319843, -0.012074635656337354], 2, -1.0, [-0.8575582968160785, -0.00900557478409421]
[-0.8575582968160785, -0.00900557478409421], 2, -1.0, [-0.8634576603709007, -0.005899363554822145]
[-0.8634576603709007, -0.005899363554822145], 2, -1.0, [-0.8662273079735172, -0.0027696476026165327]
[-0.8662273079735172, -0.0027696476026165327], 2, -1.0, [-0.8658564342281544, 0.0003708737453628256]
[-0.8658564342281544, 0.0003708737453628256], 2, -1.0, [-0.8623464774942164, 0.003509956733937926]
[-0.8623464774942164, 0.003509956733937926], 2, -1.0, [-0.8557111813038251, 0.006635296190391336]
[-0.8557111813038251, 0.006635296190391336], 2, -1.0, [-0.8459771692768758, 0.009734012026949228]
[-0.8459771692768758, 0.009734012026949228], 2, -1.0, [-0.8331850001255698, 0.012792169151305965]
[-0.8331850001255698, 0.012792169151305965], 2, -1.0, [-0.817390637933379, 0.015794362192190842]
[-0.817390637933379, 0.015794362192190842], 2, -1.0, [-0.7986672392255739, 0.018723398707805067]
[-0.7986672392255739, 0.018723398707805067], 2, -1.0, [-0.777107122677355, 0.021560116548218905]
[-0.777107122677355, 0.021560116548218905], 2, -1.0, [-0.7528237513318061, 0.02428337134554888]
[-0.7528237513318061, 0.02428337134554888], 2, -1.0, [-0.7259535243358601, 0.026870226995945976]
[-0.7259535243358601, 0.026870226995945976], 2, -1.0, [-0.6966571505646293, 0.029296373771230802]
[-0.6966571505646293, 0.029296373771230802], 2, -1.0, [-0.6651203664772782, 0.03153678408735106]
[-0.6651203664772782, 0.03153678408735106], 2, -1.0, [-0.6315537718056295, 0.033566594671648714]
[-0.6315537718056295, 0.033566594671648714], 2, -1.0, [-0.5961915946688403, 0.035362177136789213]
[-0.5961915946688403, 0.035362177136789213], 2, -1.0, [-0.5592892648110149, 0.0369023298578254]
[-0.5592892648110149, 0.0369023298578254], 2, -1.0, [-0.5211197674490566, 0.0381694973619583]
[-0.5211197674490566, 0.0381694973619583], 2, -1.0, [-0.4819688624768278, 0.03915090497222887]
[-0.4819688624768278, 0.03915090497222887], 2, -1.0, [-0.44212937083530435, 0.039839491641523436]
[-0.44212937083530435, 0.039839491641523436], 2, -1.0, [-0.40189483461613734, 0.040234536219167]
[-0.40189483461613734, 0.040234536219167], 2, -1.0, [-0.36155293276876116, 0.04034190184737616]
[-0.36155293276876116, 0.04034190184737616], 2, -1.0, [-0.32137906692278345, 0.040173865845977694]
[-0.32137906692278345, 0.040173865845977694], 2, -1.0, [-0.28163051589544236, 0.039748551027341116]
[-0.28163051589544236, 0.039748551027341116], 2, -1.0, [-0.24254149586255383, 0.03908902003288853]
[-0.24254149586255383, 0.03908902003288853], 2, -1.0, [-0.20431936696821446, 0.03822212889433936]
[-0.20431936696821446, 0.03822212889433936], 2, -1.0, [-0.16714211266002388, 0.03717725430819058]
[-0.16714211266002388, 0.03717725430819058], 2, -1.0, [-0.1311571029682671, 0.03598500969175679]
[-0.1311571029682671, 0.03598500969175679], 2, -1.0, [-0.09648105262279055, 0.03467605034547654]
[-0.09648105262279055, 0.03467605034547654], 2, -1.0, [-0.06320100967028448, 0.03328004295250607]
[-0.06320100967028448, 0.03328004295250607], 2, -1.0, [-0.03137616454088493, 0.03182484512939955]
[-0.03137616454088493, 0.03182484512939955], 2, -1.0, [-0.0010402523697926533, 0.03033591217109228]
[-0.0010402523697926533, 0.03033591217109228], 2, -1.0, [0.027795671975195915, 0.028835924344988568]
[0.027795671975195915, 0.028835924344988568], 2, -1.0, [0.05514028302795644, 0.027344611052760523]
[0.05514028302795644, 0.027344611052760523], 2, -1.0, [0.0810190212243391, 0.025878738196382665]
[0.0810190212243391, 0.025878738196382665], 2, -1.0, [0.10547124250813049, 0.024452221283791386]
[0.10547124250813049, 0.024452221283791386], 2, -1.0, [0.1285475702098112, 0.023076327701680697]
[0.1285475702098112, 0.023076327701680697], 2, -1.0, [0.15030750574793914, 0.021759935538127936]
[0.15030750574793914, 0.021759935538127936], 2, -1.0, [0.17081732764595067, 0.020509821898011548]
[0.17081732764595067, 0.020509821898011548], 2, -1.0, [0.1901482873364613, 0.019330959690510633]
[0.1901482873364613, 0.019330959690510633], 2, -1.0, [0.20837509495180787, 0.01822680761534656]
[0.20837509495180787, 0.01822680761534656], 2, -1.0, [0.2255746780438704, 0.017199583092062553]
[0.2255746780438704, 0.017199583092062553], 2, -1.0, [0.2418251900181368, 0.016250511974266378]
[0.2418251900181368, 0.016250511974266378], 2, -1.0, [0.25720524206746165, 0.015380052049324836]
[0.25720524206746165, 0.015380052049324836], 2, -1.0, [0.2717933316940949, 0.014588089626633266]
[0.2717933316940949, 0.014588089626633266], 2, -1.0, [0.28566744179123754, 0.013874110097142626]
[0.28566744179123754, 0.013874110097142626], 2, -1.0, [0.29890478614146393, 0.013237344350226363]
[0.29890478614146393, 0.013237344350226363], 2, -1.0, [0.3115816796421209, 0.012676893500656972]
[0.3115816796421209, 0.012676893500656972], 2, -1.0, [0.3237735142714878, 0.01219183462936693]
[0.3237735142714878, 0.01219183462936693], 2, -1.0, [0.33555482454665114, 0.011781310275163343]
[0.33555482454665114, 0.011781310275163343], 2, -1.0, [0.3469994288532928, 0.0114446043066417]
[0.3469994288532928, 0.0114446043066417], 2, -1.0, [0.3581806354634769, 0.011181206610184043]
[0.3581806354634769, 0.011181206610184043], 2, -1.0, [0.3691715042538147, 0.010990868790337784]
[0.3691715042538147, 0.010990868790337784], 2, -1.0, [0.38004515707259695, 0.010873652818782283]
[0.38004515707259695, 0.010873652818782283], 2, -1.0, [0.39087513137527785, 0.01082997430268091]
[0.39087513137527785, 0.01082997430268091], 2, -1.0, [0.4017357731547658, 0.010860641779487938]
[0.4017357731547658, 0.010860641779487938], 2, -1.0, [0.41270266633857877, 0.010966893183813019]
[0.41270266633857877, 0.010966893183813019], 2, -1.0, [0.4238530967066472, 0.011150430368068443]
[0.4238530967066472, 0.011150430368068443], 2, -1.0, [0.4352665489896789, 0.0114134522830317]
[0.4352665489896789, 0.0114134522830317], 2, -1.0, [0.44702523611302836, 0.011758687123349409]
[0.44702523611302836, 0.011758687123349409], 2, -1.0, [0.4592146595108266, 0.012189423397798204]
[0.4592146595108266, 0.012189423397798204], 2, -1.0, [0.47192419898157273, 0.012709539470746168]
[0.47192419898157273, 0.012709539470746168], 2, -1.0, [0.4852477295907857, 0.01332353060921298]
[0.4852477295907857, 0.01332353060921298], 2, -1.0, [0.4992842615118335, 0.01403653192104779]
[0.4992842615118335, 0.01403653192104779], 2, -1.0, [0.5141385962488444, 0.014854334737010835]
