[-0.5077179398852717, 0.0], 0, -1.0, [-0.5088370011001632, -0.0011190612148914945]
[-0.5088370011001632, -0.0011190612148914945], 0, -1.0, [-0.5110667394390357, -0.002229738338872563]
[-0.5110667394390357, -0.002229738338872563], 0, -1.0, [-0.5143904459086373, -0.003323706469601556]
[-0.5143904459086373, -0.003323706469601556], 0, -1.0, [-0.5187832060671903, -0.004392760158553044]
[-0.5187832060671903, -0.004392760158553044], 0, -1.0, [-0.5242120817409336, -0.005428875673743288]
[-0.5242120817409336, -0.005428875673743288], 0, -1.0, [-0.5306363576212024, -0.0064242758802688085]
[-0.5306363576212024, -0.0064242758802688085], 0, -1.0, [-0.5380078555574476, -0.007371497936245188]
[-0.5380078555574476, -0.007371497936245188], 0, -1.0, [-0.5462713190467601, -0.008263463489312513]
[-0.5462713190467601, -0.008263463489312513], 0, -1.0, [-0.5553648695451461, -0.009093550498385977]
[-0.5553648695451461, -0.009093550498385977], 0, -1.0, [-0.5652205347903669, -0.009855665245220805]
[-0.5652205347903669, -0.009855665245220805], 0, -1.0, [-0.5757648473831388, -0.010544312592771837]
[-0.5757648473831388, -0.010544312592771837], 0, -1.0, [-0.586919509527114, -0.01115466214397518]
[-0.586919509527114, -0.01115466214397518], 0, -1.0, [-0.5986021172289997, -0.011682607701885662]
[-0.5986021172289997, -0.011682607701885662], 0, -1.0, [-0.6107269345950697, -0.012124817366069962]
[-0.6107269345950697, -0.012124817366069962], 0, -1.0, [-0.6232057063367141, -0.012478771741644508]
[-0.6232057063367141, -0.012478771741644508], 0, -1.0, [-0.6359484944252777, -0.012742788088563496]
[-0.6359484944252777, -0.012742788088563496], 0, -1.0, [-0.6488645232069197, -0.01291602878164198]
[-0.6488645232069197, -0.01291602878164198], 0, -1.0, [-0.6618630163557297, -0.012998493148810108]
[-0.6618630163557297, -0.012998493148810108], 0, -1.0, [-0.6748540089083045, -0.01299099255257474]
[-0.6748540089083045, -0.01299099255257474], 0, -1.0, [-0.6877491183216847, -0.012895109413380264]
[-0.6877491183216847, -0.012895109413380264], 0, -1.0, [-0.7004622599974482, -0.012713141675763451]
[-0.7004622599974482, -0.012713141675763451], 0, -1.0, [-0.7129102949225978, -0.012448034925149674]
[-0.7129102949225978, -0.012448034925149674], 0, -1.0, [-0.7250135998445847, -0.012103304921986843]
[-0.7250135998445847, -0.012103304921986843], 0, -1.0, [-0.7366965535384962, -0.01168295369391153]
[-0.7366965535384962, -0.01168295369391153], 0, -1.0, [-0.7478879360365278, -0.011191382498031605]
[-0.7478879360365278, -0.011191382498031605], 2, -1.0, [-0.7565212409722436, -0.008633304935715812]
[-0.7565212409722436, -0.008633304935715812], 2, -1.0, [-0.7625463597813437, -0.006025118809100042]
[-0.7625463597813437, -0.006025118809100042], 0, -1.0, [-0.7679289592085615, -0.005382599427217825]
[-0.7679289592085615, -0.005382599427217825], 2, -1.0, [-0.7706388208068463, -0.0027098615982848236]
[-0.7706388208068463, -0.0027098615982848236], 2, -1.0, [-0.7706608957216801, -2.2074914833696176e-05]
[-0.7706608957216801, -2.2074914833696176e-05], 2, -1.0, [-0.7679950618196593, 0.002665833902020784]
[-0.7679950618196593, 0.002665833902020784], 2, -1.0, [-0.7626561216771636, 0.005338940142495672]
[-0.7626561216771636, 0.005338940142495672], 2, -1.0, [-0.7546740416339661, 0.007982080043197413]
[-0.7546740416339661, 0.007982080043197413], 2, -1.0, [-0.7440944072157325, 0.010579634418233608]
[-0.7440944072157325, 0.010579634418233608], 2, -1.0, [-0.7309790457745827, 0.0131153614411498]
[-0.7309790457745827, 0.0131153614411498], 2, -1.0, [-0.7154067438651484, 0.015572301909434361]
[-0.7154067438651484, 0.015572301909434361], 2, -1.0, [-0.6974739657570732, 0.0179327781080751]
[-0.6974739657570732, 0.0179327781080751], 2, -1.0, [-0.6772954621940929, 0.020178503562980357]
[-0.6772954621940929, 0.020178503562980357], 2, -1.0, [-0.6550046471465857, 0.022290815047507212]
[-0.6550046471465857, 0.022290815047507212], 2, -1.0, [-0.6307536172688, 0.02425102987778574]
[-0.6307536172688, 0.02425102987778574], 2, -1.0, [-0.6047126963865533, 0.02604092088224665]
[-0.6047126963865533, 0.02604092088224665], 2, -1.0, [-0.5770694073197632, 0.027643289066790193]
[-0.5770694073197632, 0.027643289066790193], 2, -1.0, [-0.5480268061848926, 0.029042601134870574]
[-0.5480268061848926, 0.029042601134870574], 2, -1.0, [-0.5178011587667893, 0.03022564741810327]
[-0.5178011587667893, 0.03022564741810327], 2, -1.0, [-0.4866189912826502, 0.03118216748413917]
[-0.4866189912826502, 0.03118216748413917], 0, -1.0, [-0.4567136036181518, 0.029905387664498385]
[-0.4567136036181518, 0.029905387664498385], 0, -1.0, [-0.4283064952969766, 0.028407108321175132]
[-0.4283064952969766, 0.028407108321175132], 0, -1.0, [-0.40160438401003784, 0.026702111286938775]
[-0.40160438401003784, 0.026702111286938775], 0, -1.0, [-0.37679694154489585, 0.024807442465141997]
[-0.37679694154489585, 0.024807442465141997], 0, -1.0, [-0.35405526485173083, 0.02274167669316501]
[-0.35405526485173083, 0.02274167669316501], 0, -1.0, [-0.3335310421436066, 0.020524222708124193]
[-0.3335310421436066, 0.020524222708124193], 0, -1.0, [-0.31535632721592405, 0.01817471492768256]
[-0.31535632721592405, 0.01817471492768256], 0, -1.0, [-0.29964380263365376, 0.0157125245822703]
[-0.29964380263365376, 0.0157125245822703], 0, -1.0, [-0.2864873947267664, 0.013156407906887373]
[-0.2864873947267664, 0.013156407906887373], 0, -1.0, [-0.27596309920364437, 0.010524295523121981]
[-0.27596309920364437, 0.010524295523121981], 0, -1.0, [-0.26812988320331177, 0.00783321600033261]
[-0.26812988320331177, 0.00783321600033261], 0, -1.0, [-0.26303054486587196, 0.005099338337439797]
[-0.26303054486587196, 0.005099338337439797], 0, -1.0, [-0.2606924322422285, 0.0023381126236434995]
[-0.2606924322422285, 0.0023381126236434995], 0, -1.0, [-0.26112794733152156, -0.00043551508929307687]
[-0.26112794733152156, -0.00043551508929307687], 0, -1.0, [-0.2643347866358339, -0.0032068393043123114]
[-0.2643347866358339, -0.0032068393043123114], 0, -1.0, [-0.2702958959037878, -0.005961109267953925]
[-0.2702958959037878, -0.005961109267953925], 0, -1.0, [-0.27897914322312484, -0.008683247319337083]
[-0.27897914322312484, -0.008683247319337083], 0, -1.0, [-0.2903367410775257, -0.011357597854400884]
[-0.2903367410775257, -0.011357597854400884], 0, -1.0, [-0.3043044741206333, -0.013967733043107554]
[-0.3043044741206333, -0.013967733043107554], 0, -1.0, [-0.32080081463911203, -0.016496340518478755]
[-0.32080081463911203, -0.016496340518478755], 0, -1.0, [-0.3397260308352479, -0.01892521619613587]
[-0.3397260308352479, -0.01892521619613587], 0, -1.0, [-0.36096141235230067, -0.021235381517052766]
[-0.36096141235230067, -0.021235381517052766], 0, -1.0, [-0.3843687504490135, -0.023407338096712797]
[-0.3843687504490135, -0.023407338096712797], 0, -1.0, [-0.40979021404702626, -0.02542146359801277]
[-0.40979021404702626, -0.02542146359801277], 0, -1.0, [-0.43704875470410265, -0.027258540657076412]
[-0.43704875470410265, -0.027258540657076412], 0, -1.0, [-0.46594915126178404, -0.02890039655768139]
[-0.46594915126178404, -0.02890039655768139], 0, -1.0, [-0.49627976775341726, -0.03033061649163322]
[-0.49627976775341726, -0.03033061649163322], 0, -1.0, [-0.5278150475052713, -0.03153527975185404]
[-0.5278150475052713, -0.03153527975185404], 0, -1.0, [-0.5603187060610314, -0.03250365855576006]
[-0.5603187060610314, -0.03250365855576006], 0, -1.0, [-0.5935475218041422, -0.03322881574311082]
[-0.5935475218041422, -0.03322881574311082], 0, -1.0, [-0.6272555637622608, -0.03370804195811861]
[-0.6272555637622608, -0.03370804195811861], 0, -1.0, [-0.6611986492119885, -0.0339430854497277]
[-0.6611986492119885, -0.0339430854497277], 0, -1.0, [-0.695138796279028, -0.03394014706703947]
[-0.695138796279028, -0.03394014706703947], 0, -1.0, [-0.7288484329554298, -0.033709636676401845]
[-0.7288484329554298, -0.033709636676401845], 0, -1.0, [-0.7621141443795728, -0.03326571142414307]
[-0.7621141443795728, -0.03326571142414307], 0, -1.0, [-0.794739781603409, -0.03262563722383618]
[-0.794739781603409, -0.03262563722383618], 0, -1.0, [-0.8265488110970766, -0.0318090294936676]
[-0.8265488110970766, -0.0318090294936676], 0, -1.0, [-0.8573858469016625, -0.030837035804586015]
[-0.8573858469016625, -0.030837035804586015], 0, -1.0, [-0.8871173685262158, -0.029731521624553246]
[-0.8871173685262158, -0.029731521624553246], 0, -1.0, [-0.9156316806081295, -0.028514312081913636]
[-0.9156316806081295, -0.028514312081913636], 2, -1.0, [-0.9408382104809645, -0.02520652987283504]
[-0.9408382104809645, -0.02520652987283504], 2, -1.0, [-0.9626709277588044, -0.0218327172778399]
[-0.9626709277588044, -0.0218327172778399], 2, -1.0, [-0.9810835936841815, -0.018412665925377138]
[-0.9810835936841815, -0.018412665925377138], 2, -1.0, [-0.9960452729858762, -0.01496167930169464]
[-0.9960452729858762, -0.01496167930169464], 2, -1.0, [-1.0075363308168275, -0.011491057830951192]
[-1.0075363308168275, -0.011491057830951192], 2, -1.0, [-1.0155450641696708, -0.008008733352843363]
[-1.0155450641696708, -0.008008733352843363], 1, -1.0, [-1.0210650602050741, -0.005519996035403418]
[-1.0210650602050741, -0.005519996035403418], 2, -1.0, [-1.0230927350110646, -0.0020276748059903735]
[-1.0230927350110646, -0.0020276748059903735], 2, -1.0, [-1.0216269436933048, 0.00146579131775991]
[-1.0216269436933048, 0.00146579131775991], 2, -1.0, [-1.016668504648629, 0.004958439044675764]
[-1.016668504648629, 0.004958439044675764], 2, -1.0, [-1.0082205435318157, 0.008447961116813292]
[-1.0082205435318157, 0.008447961116813292], 2, -1.0, [-0.9962896540303806, 0.011930889501435067]
[-0.9962896540303806, 0.011930889501435067], 2, -1.0, [-0.9808878635602613, 0.015401790470119393]
[-0.9808878635602613, 0.015401790470119393], 2, -1.0, [-0.9620353761448079, 0.018852487415453326]
[-0.9620353761448079, 0.018852487415453326], 2, -1.0, [-0.9397640375857782, 0.022271338559029793]
[-0.9397640375857782, 0.022271338559029793], 2, -1.0, [-0.9141214259427582, 0.025642611643019984]
[-0.9141214259427582, 0.025642611643019984], 2, -1.0, [-0.8851754112887302, 0.02894601465402806]
[-0.8851754112887302, 0.02894601465402806], 2, -1.0, [-0.8530189534537915, 0.03215645783493866]
[-0.8530189534537915, 0.03215645783493866], 2, -1.0, [-0.817774819902135, 0.035244133551656606]
[-0.817774819902135, 0.035244133551656606], 2, -1.0, [-0.7795998183082539, 0.038175001593881146]
[-0.7795998183082539, 0.038175001593881146], 2, -1.0, [-0.7386880660242716, 0.04091175228398228]
[-0.7386880660242716, 0.04091175228398228], 2, -1.0, [-0.695272782558245, 0.04341528346602661]
[-0.695272782558245, 0.04341528346602661], 2, -1.0, [-0.649626114058398, 0.045646668499846985]
[-0.649626114058398, 0.045646668499846985], 2, -1.0, [-0.6020565989991228, 0.04756951505927516]
[-0.6020565989991228, 0.04756951505927516], 2, -1.0, [-0.552904068503864, 0.049152530495258834]
[-0.552904068503864, 0.049152530495258834], 2, -1.0, [-0.5025320313355647, 0.0503720371682993]
[-0.5025320313355647, 0.0503720371682993], 2, -1.0, [-0.4513178895874247, 0.05121414174813997]
[-0.4513178895874247, 0.05121414174813997], 2, -1.0, [-0.3996416160854944, 0.05167627350193025]
[-0.3996416160854944, 0.05167627350193025], 2, -1.0, [-0.3478737416543091, 0.05176787443118529]
[-0.3478737416543091, 0.05176787443118529], 2, -1.0, [-0.2963636021862349, 0.05151013946807422]
[-0.2963636021862349, 0.05151013946807422], 2, -1.0, [-0.2454287584053266, 0.050934843780908325]
[-0.2454287584053266, 0.050934843780908325], 2, -1.0, [-0.19534633357522044, 0.050082424830106165]
[-0.19534633357522044, 0.050082424830106165], 2, -1.0, [-0.14634675349617896, 0.04899958007904148]
[-0.14634675349617896, 0.04899958007904148], 2, -1.0, [-0.0986100735106575, 0.04773667998552146]
[-0.0986100735106575, 0.04773667998552146], 2, -1.0, [-0.052264794611161215, 0.04634527889949628]
[-0.052264794611161215, 0.04634527889949628], 2, -1.0, [-0.00738884801957141, 0.044875946591589805]
[-0.00738884801957141, 0.044875946591589805], 2, -1.0, [0.03598771274146419, 0.0433765607610356]
[0.03598771274146419, 0.0433765607610356], 2, -1.0, [0.07787882940459454, 0.04189111666313034]
[0.07787882940459454, 0.04189111666313034], 2, -1.0, [0.1183378687643312, 0.04045903935973665]
[0.1183378687643312, 0.04045903935973665], 2, -1.0, [0.15745280372577733, 0.03911493496144614]
[0.15745280372577733, 0.03911493496144614], 2, -1.0, [0.19534149439319431, 0.03788869066741697]
[0.19534149439319431, 0.03788869066741697], 0, -1.0, [0.23014732023688822, 0.03480582584369392]
[0.23014732023688822, 0.03480582584369392], 0, -1.0, [0.26202573454243866, 0.031878414305550454]
[0.26202573454243866, 0.031878414305550454], 0, -1.0, [0.2911375826873634, 0.029111848144924728]
[0.2911375826873634, 0.029111848144924728], 2, -1.0, [0.3196438949945142, 0.028506312307150772]
[0.3196438949945142, 0.028506312307150772], 0, -1.0, [0.34571422026846127, 0.02607032527394708]
[0.34571422026846127, 0.02607032527394708], 2, -1.0, [0.37151283962042814, 0.025798619351966853]
[0.37151283962042814, 0.025798619351966853], 0, -1.0, [0.3952099794580869, 0.02369713983765876]
[0.3952099794580869, 0.02369713983765876], 2, -1.0, [0.41896783594555675, 0.023757856487469878]
[0.41896783594555675, 0.023757856487469878], 2, -1.0, [0.4429537834884688, 0.023985947542912032]
[0.4429537834884688, 0.023985947542912032], 0, -1.0, [0.4653407767907596, 0.022386993302290742]
[0.4653407767907596, 0.022386993302290742], 2, -1.0, [0.4882930561394792, 0.02295227934871964]
[0.4882930561394792, 0.02295227934871964], 0, -1.0, [0.5099810374086877, 0.021687981269208532]
