[-0.5142932067274656, 0.0], 2, -1.0, [-0.5133629894290683, 0.0009302172983972375]
[-0.5133629894290683, 0.0009302172983972375], 2, -1.0, [-0.5115095284628199, 0.0018534609662483508]
[-0.5115095284628199, 0.0018534609662483508], 2, -1.0, [-0.50874671697442, 0.0027628114883999633]
[-0.50874671697442, 0.0027628114883999633], 2, -1.0, [-0.5050952590729936, 0.0036514579014264494]
[-0.5050952590729936, 0.0036514579014264494], 2, -1.0, [-0.5005825062850788, 0.00451275278791474]
[-0.5005825062850788, 0.00451275278791474], 2, -1.0, [-0.49524223838028514, 0.005340267904793673]
[-0.49524223838028514, 0.005340267904793673], 0, -1.0, [-0.4911143880828164, 0.004127850297468739]
[-0.4911143880828164, 0.004127850297468739], 2, -1.0, [-0.4862297852396806, 0.004884602843135788]
[-0.4862297852396806, 0.004884602843135788], 0, -1.0, [-0.4826248631274596, 0.0036049221122209487]
[-0.4826248631274596, 0.0036049221122209487], 0, -1.0, [-0.48032647206106993, 0.002298391066389685]
[-0.48032647206106993, 0.002298391066389685], 2, -1.0, [-0.4773517124846486, 0.002974759576421349]
[-0.4773517124846486, 0.002974759576421349], 0, -1.0, [-0.4757226941831331, 0.0016290183015154746]
[-0.4757226941831331, 0.0016290183015154746], 2, -1.0, [-0.47345151321604023, 0.0022711809670928652]
[-0.47345151321604023, 0.0022711809670928652], 0, -1.0, [-0.4725550196095208, 0.0008964936065194505]
[-0.4725550196095208, 0.0008964936065194505], 0, -1.0, [-0.47303985975802304, -0.0004848401485022659]
[-0.47303985975802304, -0.0004848401485022659], 0, -1.0, [-0.4749024395092229, -0.001862579751199883]
[-0.4749024395092229, -0.001862579751199883], 0, -1.0, [-0.47812894407024753, -0.0032265045610246476]
[-0.47812894407024753, -0.0032265045610246476], 0, -1.0, [-0.48269541574854985, -0.004566471678302342]
[-0.48269541574854985, -0.004566471678302342], 0, -1.0, [-0.48856789331375466, -0.005872477565204827]
[-0.48856789331375466, -0.005872477565204827], 0, -1.0, [-0.4957026191414241, -0.007134725827669445]
[-0.4957026191414241, -0.007134725827669445], 0, -1.0, [-0.504046322005552, -0.008343702864127884]
[-0.504046322005552, -0.008343702864127884], 0, -1.0, [-0.513536584193775, -0.009490262188223034]
[-0.513536584193775, -0.009490262188223034], 0, -1.0, [-0.5241023013568501, -0.010565717163075071]
[-0.5241023013568501, -0.010565717163075071], 0, -1.0, [-0.5356642420781722, -0.011561940721322146]
[-0.5356642420781722, -0.011561940721322146], 0, -1.0, [-0.5481357115595069, -0.012471469481334707]
[-0.5481357115595069, -0.012471469481334707], 0, -1.0, [-0.5614233201694118, -0.013287608609904867]
[-0.5614233201694118, -0.013287608609904867], 0, -1.0, [-0.575427853101801, -0.01400453293238921]
[-0.575427853101801, -0.01400453293238921], 0, -1.0, [-0.5900452323534751, -0.014617379251674025]
[-0.5900452323534751, -0.014617379251674025], 0, -1.0, [-0.6051675570392334, -0.015122324685758318]
[-0.6051675570392334, -0.015122324685758318], 0, -1.0, [-0.6206842031549885, -0.015516646115755145]
[-0.6206842031549885, -0.015516646115755145], 0, -1.0, [-0.6364829597099656, -0.015798756554977103]
[-0.6364829597099656, -0.015798756554977103], 0, -1.0, [-0.6524511750719166, -0.015968215361951085]
[-0.6524511750719166, -0.015968215361951085], 0, -1.0, [-0.6684768857091685, -0.016025710637251903]
[-0.6684768857091685, -0.016025710637251903], 0, -1.0, [-0.6844498994505879, -0.015973013741419392]
[-0.6844498994505879, -0.015973013741419392], 0, -1.0, [-0.7002628069536175, -0.015812907503029622]
[-0.7002628069536175, -0.015812907503029622], 0, -1.0, [-0.715811898156914, -0.015549091203296483]
[-0.715811898156914, -0.015549091203296483], 0, -1.0, [-0.7309979648501684, -0.015186066693254443]
[-0.7309979648501684, -0.015186066693254443], 0, -1.0, [-0.7457269757705381, -0.014729010920369658]
[-0.7457269757705381, -0.014729010920369658], 0, -1.0, [-0.7599106164252089, -0.01418364065467071]
[-0.7599106164252089, -0.01418364065467071], 0, -1.0, [-0.7734666917231168, -0.013556075297907961]
[-0.7734666917231168, -0.013556075297907961], 0, -1.0, [-0.7863193950869913, -0.012852703363874556]
[-0.7863193950869913, -0.012852703363874556], 0, -1.0, [-0.7983994526864153, -0.01208005759942404]
[-0.7983994526864153, -0.01208005759942404], 0, -1.0, [-0.8096441555481017, -0.011244702861686334]
[-0.8096441555481017, -0.011244702861686334], 1, -1.0, [-0.8189972954221901, -0.00935313987408845]
[-0.8189972954221901, -0.00935313987408845], 2, -1.0, [-0.8254137563735059, -0.0064164609513157455]
[-0.8254137563735059, -0.0064164609513157455], 2, -1.0, [-0.8288634675459309, -0.003449711172424978]
[-0.8288634675459309, -0.003449711172424978], 2, -1.0, [-0.8293305623260773, -0.00046709478014639576]
[-0.8293305623260773, -0.00046709478014639576], 2, -1.0, [-0.8268129086416488, 0.0025176536844284158]
[-0.8268129086416488, 0.0025176536844284158], 2, -1.0, [-0.8213220444242193, 0.005490864217429548]
[-0.8213220444242193, 0.005490864217429548], 2, -1.0, [-0.8128835228202232, 0.008438521603996088]
[-0.8128835228202232, 0.008438521603996088], 2, -1.0, [-0.8015376423748314, 0.011345880445391879]
[-0.8015376423748314, 0.011345880445391879], 2, -1.0, [-0.78734050762595, 0.014197134748881382]
[-0.78734050762595, 0.014197134748881382], 2, -1.0, [-0.7703653351581484, 0.016975172467801607]
[-0.7703653351581484, 0.016975172467801607], 2, -1.0, [-0.7507038897287733, 0.01966144542937513]
[-0.7507038897287733, 0.01966144542937513], 2, -1.0, [-0.7284679061640543, 0.022235983564719022]
[-0.7284679061640543, 0.022235983564719022], 2, -1.0, [-0.7037903280848594, 0.02467757807919494]
[-0.7037903280848594, 0.02467757807919494], 2, -1.0, [-0.6768261780170992, 0.02696415006776018]
[-0.6768261780170992, 0.02696415006776018], 2, -1.0, [-0.6477528696354113, 0.029073308381687833]
[-0.6477528696354113, 0.029073308381687833], 2, -1.0, [-0.616769786287764, 0.030983083347647326]
[-0.616769786287764, 0.030983083347647326], 2, -1.0, [-0.5840969839085255, 0.03267280237923852]
[-0.5840969839085255, 0.03267280237923852], 2, -1.0, [-0.5499729319037318, 0.03412405200479377]
[-0.5499729319037318, 0.03412405200479377], 2, -1.0, [-0.5146512800518622, 0.03532165185186949]
[-0.5146512800518622, 0.03532165185186949], 2, -1.0, [-0.47839672635832964, 0.036254553693532574]
[-0.47839672635832964, 0.036254553693532574], 2, -1.0, [-0.44148014996186674, 0.036916576396462876]
[-0.44148014996186674, 0.036916576396462876], 2, -1.0, [-0.4041732522859671, 0.037306897675899606]
[-0.4041732522859671, 0.037306897675899606], 1, -1.0, [-0.36774300650553615, 0.03643024578043096]
[-0.36774300650553615, 0.03643024578043096], 0, -1.0, [-0.33343955081446586, 0.03430345569107031]
[-0.33343955081446586, 0.03430345569107031], 0, -1.0, [-0.3014861804775364, 0.03195337033692946]
[-0.3014861804775364, 0.03195337033692946], 0, -1.0, [-0.27207808840561853, 0.029408092071917864]
[-0.27207808840561853, 0.029408092071917864], 0, -1.0, [-0.2453824204958544, 0.02669566790976413]
[-0.2453824204958544, 0.02669566790976413], 0, -1.0, [-0.22153940490246854, 0.02384301559338587]
[-0.22153940490246854, 0.02384301559338587], 0, -1.0, [-0.20066427008876703, 0.020875134813701512]
[-0.20066427008876703, 0.020875134813701512], 0, -1.0, [-0.18284965715384688, 0.01781461293492016]
[-0.18284965715384688, 0.01781461293492016], 0, -1.0, [-0.16816824936490446, 0.014681407788942431]
[-0.16816824936490446, 0.014681407788942431], 0, -1.0, [-0.15667537651007216, 0.0114928728548323]
[-0.15667537651007216, 0.0114928728548323], 0, -1.0, [-0.1484113947907026, 0.008263981719369571]
[-0.1484113947907026, 0.008263981719369571], 0, -1.0, [-0.14340368765667802, 0.005007707134024559]
[-0.14340368765667802, 0.005007707134024559], 0, -1.0, [-0.14166817488125283, 0.001735512775425193]
[-0.14166817488125283, 0.001735512775425193], 0, -1.0, [-0.14321025427417777, -0.0015420793929249482]
[-0.14321025427417777, -0.0015420793929249482], 0, -1.0, [-0.1480251326968713, -0.004814878422693513]
[-0.1480251326968713, -0.004814878422693513], 0, -1.0, [-0.15609753182381897, -0.008072399126947672]
[-0.15609753182381897, -0.008072399126947672], 0, -1.0, [-0.1674007815716444, -0.011303249747825423]
[-0.1674007815716444, -0.011303249747825423], 0, -1.0, [-0.18189534275488112, -0.014494561183236717]
[-0.18189534275488112, -0.014494561183236717], 0, -1.0, [-0.19952683253841563, -0.01763148978353453]
[-0.19952683253841563, -0.01763148978353453], 0, -1.0, [-0.22022366305809488, -0.020696830519679247]
[-0.22022366305809488, -0.020696830519679247], 0, -1.0, [-0.24389444522507484, -0.02367078216697997]
[-0.24389444522507484, -0.02367078216697997], 0, -1.0, [-0.27042535434619924, -0.02653090912112441]
[-0.27042535434619924, -0.02653090912112441], 0, -1.0, [-0.2996776975566793, -0.029252343210480022]
[-0.2996776975566793, -0.029252343210480022], 0, -1.0, [-0.3314859584724311, -0.03180826091575183]
[-0.3314859584724311, -0.03180826091575183], 0, -1.0, [-0.36565661319146947, -0.034170654719038365]
[-0.36565661319146947, -0.034170654719038365], 0, -1.0, [-0.4019680042508509, -0.03631139105938139]
[-0.4019680042508509, -0.03631139105938139], 0, -1.0, [-0.4401715170612215, -0.03820351281037058]
[-0.4401715170612215, -0.03820351281037058], 0, -1.0, [-0.4799942222848899, -0.03982270522366843]
[-0.4799942222848899, -0.03982270522366843], 0, -1.0, [-0.5211430297430838, -0.04114880745819391]
[-0.5211430297430838, -0.04114880745819391], 0, -1.0, [-0.5633102551285816, -0.04216722538549782]
[-0.5633102551285816, -0.04216722538549782], 0, -1.0, [-0.6061803484498035, -0.042870093321221894]
[-0.6061803484498035, -0.042870093321221894], 0, -1.0, [-0.6494373963667366, -0.04325704791693309]
[-0.6494373963667366, -0.04325704791693309], 0, -1.0, [-0.6927729132924315, -0.043335516925694914]
[-0.6927729132924315, -0.043335516925694914], 0, -1.0, [-0.7358933965921297, -0.04312048329969819]
[-0.7358933965921297, -0.04312048329969819], 0, -1.0, [-0.7785271471277033, -0.042633750535573556]
[-0.7785271471277033, -0.042633750535573556], 0, -1.0, [-0.8204299427432007, -0.04190279561549742]
[-0.8204299427432007, -0.04190279561549742], 2, -1.0, [-0.8593892826871309, -0.038959339943930166]
[-0.8593892826871309, -0.038959339943930166], 2, -1.0, [-0.8952350452903218, -0.035845762603190966]
[-0.8952350452903218, -0.035845762603190966], 2, -1.0, [-0.9278361312838505, -0.0326010859935286]
[-0.9278361312838505, -0.0326010859935286], 2, -1.0, [-0.957095792347883, -0.029259661064032536]
[-0.957095792347883, -0.029259661064032536], 2, -1.0, [-0.9829462298503988, -0.0258504375025158]
[-0.9829462298503988, -0.0258504375025158], 2, -1.0, [-1.0053429663497753, -0.022396736499376364]
[-1.0053429663497753, -0.022396736499376364], 2, -1.0, [-1.024259384790111, -0.018916418440335606]
[-1.024259384790111, -0.018916418440335606], 2, -1.0, [-1.0396817201890742, -0.015422335398963285]
[-1.0396817201890742, -0.015422335398963285], 2, -1.0, [-1.051604691047917, -0.011922970858842846]
[-1.051604691047917, -0.011922970858842846], 2, -1.0, [-1.0600278804109957, -0.008423189363078608]
[-1.0600278804109957, -0.008423189363078608], 2, -1.0, [-1.064952921490601, -0.004925041079605359]
[-1.064952921490601, -0.004925041079605359], 2, -1.0, [-1.066381508329939, -0.001428586839338023]
[-1.066381508329939, -0.001428586839338023], 2, -1.0, [-1.06431423429899, 0.002067274030949113]
[-1.06431423429899, 0.002067274030949113], 2, -1.0, [-1.058750255578303, 0.005563978720686855]
[-1.058750255578303, 0.005563978720686855], 2, -1.0, [-1.0496877781883343, 0.00906247738996871]
[-1.0496877781883343, 0.00906247738996871], 2, -1.0, [-1.037125370561884, 0.012562407626450384]
[-1.037125370561884, 0.012562407626450384], 2, -1.0, [-1.0210641041478543, 0.016061266414029534]
[-1.0210641041478543, 0.016061266414029534], 2, -1.0, [-1.00151051706599, 0.019553587081864464]
[-1.00151051706599, 0.019553587081864464], 2, -1.0, [-0.9784803754285143, 0.023030141637475608]
[-0.9784803754285143, 0.023030141637475608], 2, -1.0, [-0.9520031689852795, 0.026477206443234765]
[-0.9520031689852795, 0.026477206443234765], 2, -1.0, [-0.9221272187083595, 0.029875950276920003]
[-0.9221272187083595, 0.029875950276920003], 2, -1.0, [-0.8889251926348775, 0.03320202607348197]
[-0.8889251926348775, 0.03320202607348197], 2, -1.0, [-0.8524997256487296, 0.03642546698614786]
[-0.8524997256487296, 0.03642546698614786], 2, -1.0, [-0.8129887278503565, 0.039510997798373096]
[-0.8129887278503565, 0.039510997798373096], 2, -1.0, [-0.7705698612202213, 0.04241886663013516]
[-0.7705698612202213, 0.04241886663013516], 2, -1.0, [-0.7254635894855238, 0.04510627173469747]
[-0.7254635894855238, 0.04510627173469747], 2, -1.0, [-0.6779341904876898, 0.047529398997834024]
[-0.6779341904876898, 0.047529398997834024], 2, -1.0, [-0.6282881918652042, 0.0496459986224855]
[-0.6282881918652042, 0.0496459986224855], 2, -1.0, [-0.576869867164708, 0.05141832470049622]
[-0.576869867164708, 0.05141832470049622], 2, -1.0, [-0.5240537078053956, 0.05281615935931241]
[-0.5240537078053956, 0.05281615935931241], 2, -1.0, [-0.4702341364555892, 0.053819571349806396]
[-0.4702341364555892, 0.053819571349806396], 2, -1.0, [-0.4158130924151801, 0.054421044040409115]
[-0.4158130924151801, 0.054421044040409115], 2, -1.0, [-0.36118642690581254, 0.05462666550936755]
[-0.36118642690581254, 0.05462666550936755], 2, -1.0, [-0.30673022702115116, 0.05445619988466139]
[-0.30673022702115116, 0.05445619988466139], 2, -1.0, [-0.25278819823515924, 0.05394202878599189]
[-0.25278819823515924, 0.05394202878599189], 2, -1.0, [-0.1996610737159486, 0.05312712451921066]
[-0.1996610737159486, 0.05312712451921066], 2, -1.0, [-0.14759872245849942, 0.052062351257449166]
[-0.14759872245849942, 0.052062351257449166], 2, -1.0, [-0.09679526402558558, 0.05080345843291383]
[-0.09679526402558558, 0.05080345843291383], 2, -1.0, [-0.04738713930792748, 0.049408124717658104]
[-0.04738713930792748, 0.049408124717658104], 2, -1.0, [0.0005462052286065652, 0.04793334453653404]
[0.0005462052286065652, 0.04793334453653404], 2, -1.0, [0.046979553121466566, 0.04643334789286]
[0.046979553121466566, 0.04643334789286], 2, -1.0, [0.09193768957295118, 0.04495813645148461]
[0.09193768957295118, 0.04495813645148461], 2, -1.0, [0.13549031579140564, 0.04355262621845446]
[0.13549031579140564, 0.04355262621845446], 0, -1.0, [0.17574663745438654, 0.040256321662980904]
[0.17574663745438654, 0.040256321662980904], 1, -1.0, [0.21384246137086232, 0.03809582391647579]
[0.21384246137086232, 0.03809582391647579], 1, -1.0, [0.24993532859782713, 0.0360928672269648]
[0.24993532859782713, 0.0360928672269648], 1, -1.0, [0.2841986430680289, 0.03426331447020177]
[0.2841986430680289, 0.03426331447020177], 1, -1.0, [0.3168168809043074, 0.032618237836278506]
[0.3168168809043074, 0.032618237836278506], 1, -1.0, [0.3479818275639791, 0.031164946659671726]
[0.3479818275639791, 0.031164946659671726], 1, -1.0, [0.3778897399111745, 0.029907912347195423]
[0.3778897399111745, 0.029907912347195423], 0, -1.0, [0.40573930611779596, 0.027849566206621438]
[0.40573930611779596, 0.027849566206621438], 1, -1.0, [0.43272322966410526, 0.026983923546309317]
[0.43272322966410526, 0.026983923546309317], 0, -1.0, [0.4580339982335954, 0.025310768569490168]
[0.4580339982335954, 0.025310768569490168], 0, -1.0, [0.48185619561160853, 0.02382219737801311]
[0.48185619561160853, 0.02382219737801311], 0, -1.0, [0.5043661412566035, 0.022509945644995026]
