[-0.46766185454310955, 0.0], 0, -1.0, [-0.4690794152103358, -0.0014175606672262523]
[-0.4690794152103358, -0.0014175606672262523], 0, -1.0, [-0.47190405044137596, -0.002824635231040133]
[-0.47190405044137596, -0.002824635231040133], 0, -1.0, [-0.4761148438351157, -0.004210793393739738]
[-0.4761148438351157, -0.004210793393739738], 0, -1.0, [-0.48168056347812904, -0.005565719643013354]
[-0.48168056347812904, -0.005565719643013354], 0, -1.0, [-0.48855984173677, -0.006879278258640931]
[-0.48855984173677, -0.006879278258640931], 0, -1.0, [-0.49670142831146313, -0.008141586574693145]
[-0.49670142831146313, -0.008141586574693145], 0, -1.0, [-0.5060445261443689, -0.009343097832905763]
[-0.5060445261443689, -0.009343097832905763], 0, -1.0, [-0.5165192200011895, -0.010474693856820674]
[-0.5165192200011895, -0.010474693856820674], 0, -1.0, [-0.5280470065332626, -0.011527786532073042]
[-0.5280470065332626, -0.011527786532073042], 0, -1.0, [-0.5405414323234954, -0.012494425790232796]
[-0.5405414323234954, -0.012494425790232796], 0, -1.0, [-0.5539088428950446, -0.013367410571549193]
[-0.5539088428950446, -0.013367410571549193], 0, -1.0, [-0.5680492410983579, -0.01414039820331322]
[-0.5680492410983579, -0.01414039820331322], 0, -1.0, [-0.5828572479880618, -0.014808006889703936]
[-0.5828572479880618, -0.014808006889703936], 0, -1.0, [-0.5982231536516255, -0.015365905663563622]
[-0.5982231536516255, -0.015365905663563622], 0, -1.0, [-0.6140340399188623, -0.015810886267236802]
[-0.6140340399188623, -0.015810886267236802], 0, -1.0, [-0.6301749519506413, -0.016140912031778986]
[-0.6301749519506413, -0.016140912031778986], 0, -1.0, [-0.6465300918344353, -0.01635513988379396]
[-0.6465300918344353, -0.01635513988379396], 0, -1.0, [-0.6629840048816228, -0.016453913047187428]
[-0.6629840048816228, -0.016453913047187428], 0, -1.0, [-0.6794227285800808, -0.016438723698457964]
[-0.6794227285800808, -0.016438723698457964], 0, -1.0, [-0.6957348752033443, -0.01631214662326347]
[-0.6957348752033443, -0.01631214662326347], 0, -1.0, [-0.7118126218455649, -0.016077746642220624]
[-0.7118126218455649, -0.016077746642220624], 0, -1.0, [-0.7275525859144698, -0.01573996406890485]
[-0.7275525859144698, -0.01573996406890485], 0, -1.0, [-0.7428565695210357, -0.015303983606565982]
[-0.7428565695210357, -0.015303983606565982], 2, -1.0, [-0.7556321623214574, -0.012775592800421636]
[-0.7556321623214574, -0.012775592800421636], 2, -1.0, [-0.7658046800371154, -0.01017251771565805]
[-0.7658046800371154, -0.01017251771565805], 2, -1.0, [-0.7733163341730082, -0.007511654135892677]
[-0.7733163341730082, -0.007511654135892677], 2, -1.0, [-0.7781254419647449, -0.004809107791736661]
[-0.7781254419647449, -0.004809107791736661], 2, -1.0, [-0.780205769913747, -0.0020803279490021506]
[-0.780205769913747, -0.0020803279490021506], 2, -1.0, [-0.7795460810896976, 0.0006596888240494041]
[-0.7795460810896976, 0.0006596888240494041], 2, -1.0, [-0.7761499314967041, 0.00339614959299354]
[-0.7761499314967041, 0.00339614959299354], 2, -1.0, [-0.770035735156503, 0.006114196340201085]
[-0.770035735156503, 0.006114196340201085], 2, -1.0, [-0.761237091673475, 0.00879864348302807]
[-0.761237091673475, 0.00879864348302807], 2, -1.0, [-0.7498033442299294, 0.011433747443545483]
[-0.7498033442299294, 0.011433747443545483], 2, -1.0, [-0.7358003105971921, 0.01400303363273736]
[-0.7358003105971921, 0.01400303363273736], 2, -1.0, [-0.7193111055338937, 0.016489205063298443]
[-0.7193111055338937, 0.016489205063298443], 2, -1.0, [-0.7004369510847639, 0.018874154449129744]
[-0.7004369510847639, 0.018874154449129744], 2, -1.0, [-0.6792978536072952, 0.021139097477468703]
[-0.6792978536072952, 0.021139097477468703], 2, -1.0, [-0.6560330152125666, 0.023264838394728614]
[-0.6560330152125666, 0.023264838394728614], 2, -1.0, [-0.6308008453971241, 0.025232169815442494]
[-0.6308008453971241, 0.025232169815442494], 2, -1.0, [-0.6037784485191013, 0.027022396878022794]
[-0.6037784485191013, 0.027022396878022794], 2, -1.0, [-0.5751604862379194, 0.028617962281181943]
[-0.5751604862379194, 0.028617962281181943], 2, -1.0, [-0.5451573514608657, 0.030003134777053637]
[-0.5451573514608657, 0.030003134777053637], 2, -1.0, [-0.5139926400643186, 0.031164711396547185]
[-0.5139926400643186, 0.031164711396547185], 2, -1.0, [-0.48189996471231417, 0.0320926753520044]
[-0.48189996471231417, 0.0320926753520044], 2, -1.0, [-0.4491192153929689, 0.03278074931934526]
[-0.4491192153929689, 0.03278074931934526], 2, -1.0, [-0.415892426388324, 0.033226789004644895]
[-0.415892426388324, 0.033226789004644895], 2, -1.0, [-0.3824594517241142, 0.03343297466420979]
[-0.3824594517241142, 0.03343297466420979], 0, -1.0, [-0.3510536745029924, 0.03140577722112181]
[-0.3510536745029924, 0.03140577722112181], 0, -1.0, [-0.32188496383529425, 0.029168710667698144]
[-0.32188496383529425, 0.029168710667698144], 0, -1.0, [-0.29513844917107523, 0.026746514664218984]
[-0.29513844917107523, 0.026746514664218984], 0, -1.0, [-0.27097435451487323, 0.024164094656202]
[-0.27097435451487323, 0.024164094656202], 0, -1.0, [-0.24952870574090277, 0.021445648773970455]
[-0.24952870574090277, 0.021445648773970455], 0, -1.0, [-0.2309146867032057, 0.018614019037697084]
[-0.2309146867032057, 0.018614019037697084], 0, -1.0, [-0.2152244087085372, 0.015690277994668482]
[-0.2152244087085372, 0.015690277994668482], 0, -1.0, [-0.20253086782234045, 0.012693540886196761]
[-0.20253086782234045, 0.012693540886196761], 0, -1.0, [-0.1928898888373761, 0.00964097898496436]
[-0.1928898888373761, 0.00964097898496436], 0, -1.0, [-0.18634188726269943, 0.006548001574676662]
[-0.18634188726269943, 0.006548001574676662], 0, -1.0, [-0.18291331634746621, 0.0034285709152332027]
[-0.18291331634746621, 0.0034285709152332027], 0, -1.0, [-0.1826177015763329, 0.00029561477113333257]
[-0.1826177015763329, 0.00029561477113333257], 0, -1.0, [-0.18545619858326848, -0.002838497006935583]
[-0.18545619858326848, -0.002838497006935583], 0, -1.0, [-0.19141764177065204, -0.0059614431873835656]
[-0.19141764177065204, -0.0059614431873835656], 0, -1.0, [-0.20047808084154614, -0.009060439070894112]
[-0.20047808084154614, -0.009060439070894112], 0, -1.0, [-0.21259983224259507, -0.01212175140104893]
[-0.21259983224259507, -0.01212175140104893], 0, -1.0, [-0.2277301035071127, -0.015130271264517632]
[-0.2277301035071127, -0.015130271264517632], 0, -1.0, [-0.24579928157177489, -0.018069178064662173]
[-0.24579928157177489, -0.018069178064662173], 0, -1.0, [-0.2667190112825367, -0.02091972971076186]
[-0.2667190112825367, -0.02091972971076186], 0, -1.0, [-0.29038022612222436, -0.023661214839687618]
[-0.29038022612222436, -0.023661214839687618], 0, -1.0, [-0.31665132664800827, -0.02627110052578392]
[-0.31665132664800827, -0.02627110052578392], 0, -1.0, [-0.34537672847947964, -0.028725401831471355]
[-0.34537672847947964, -0.028725401831471355], 0, -1.0, [-0.3763760148182073, -0.030999286338727686]
[-0.3763760148182073, -0.030999286338727686], 0, -1.0, [-0.4094439217890799, -0.0330679069708726]
[-0.4094439217890799, -0.0330679069708726], 0, -1.0, [-0.44435135264435943, -0.03490743085527952]
[-0.44435135264435943, -0.03490743085527952], 0, -1.0, [-0.4808475560058195, -0.03649620336146012]
[-0.4808475560058195, -0.03649620336146012], 0, -1.0, [-0.5186635152183223, -0.03781595921250276]
[-0.5186635152183223, -0.03781595921250276], 0, -1.0, [-0.5575164875313596, -0.03885297231303725]
[-0.5575164875313596, -0.03885297231303725], 0, -1.0, [-0.597115515745003, -0.0395990282136434]
[-0.597115515745003, -0.0395990282136434], 0, -1.0, [-0.637167627586786, -0.040052111841783006]
[-0.637167627586786, -0.040052111841783006], 0, -1.0, [-0.6773843566341281, -0.040216729047342116]
[-0.6773843566341281, -0.040216729047342116], 0, -1.0, [-0.7174881771538617, -0.04010382051973355]
[-0.7174881771538617, -0.04010382051973355], 0, -1.0, [-0.7572184512623673, -0.03973027410850563]
[-0.7572184512623673, -0.03973027410850563], 0, -1.0, [-0.7963365391970039, -0.03911808793463658]
[-0.7963365391970039, -0.03911808793463658], 0, -1.0, [-0.8346298128005497, -0.03829327360354584]
[-0.8346298128005497, -0.03829327360354584], 0, -1.0, [-0.8719144232278887, -0.037284610427339014]
[-0.8719144232278887, -0.037284610427339014], 0, -1.0, [-0.9080367888870549, -0.036122365659166135]
[-0.9080367888870549, -0.036122365659166135], 2, -1.0, [-0.9408738728735417, -0.03283708398648693]
[-0.9408738728735417, -0.03283708398648693], 2, -1.0, [-0.9703370603762648, -0.029463187502722983]
[-0.9703370603762648, -0.029463187502722983], 2, -1.0, [-0.996366413709593, -0.026029353333328217]
[-0.996366413709593, -0.026029353333328217], 2, -1.0, [-1.0189247785584838, -0.02255836484889093]
[-1.0189247785584838, -0.02255836484889093], 2, -1.0, [-1.0379921307012605, -0.01906735214277673]
[-1.0379921307012605, -0.01906735214277673], 2, -1.0, [-1.0535604361058237, -0.015568305404563113]
[-1.0535604361058237, -0.015568305404563113], 2, -1.0, [-1.065629196967481, -0.01206876086165717]
[-1.065629196967481, -0.01206876086165717], 2, -1.0, [-1.0742017787680518, -0.008572581800570855]
[-1.0742017787680518, -0.008572581800570855], 2, -1.0, [-1.0792825599012124, -0.005080781133160564]
[-1.0792825599012124, -0.005080781133160564], 2, -1.0, [-1.0808749133829512, -0.0015923534817387352]
[-1.0808749133829512, -0.0015923534817387352], 2, -1.0, [-1.078980015368119, 0.0018948980148321515]
[-1.078980015368119, 0.0018948980148321515], 2, -1.0, [-1.0735964726532448, 0.005383542714874341]
[-1.0735964726532448, 0.005383542714874341], 2, -1.0, [-1.064720766000712, 0.008875706652532607]
[-1.064720766000712, 0.008875706652532607], 2, -1.0, [-1.0523485130120922, 0.01237225298861992]
[-1.0523485130120922, 0.01237225298861992], 2, -1.0, [-1.0364765585071183, 0.01587195450497383]
[-1.0364765585071183, 0.01587195450497383], 2, -1.0, [-1.0171058969621272, 0.019370661544991116]
[-1.0171058969621272, 0.019370661544991116], 2, -1.0, [-0.9942454154618505, 0.022860481500276593]
[-0.9942454154618505, 0.022860481500276593], 2, -1.0, [-0.9679164118792261, 0.026329003582624515]
[-0.9679164118792261, 0.026329003582624515], 2, -1.0, [-0.9381577874443497, 0.029758624434876278]
[-0.9381577874443497, 0.029758624434876278], 2, -1.0, [-0.9050317332833059, 0.03312605416104386]
[-0.9050317332833059, 0.03312605416104386], 2, -1.0, [-0.868629628421146, 0.03640210486215989]
[-0.868629628421146, 0.03640210486215989], 2, -1.0, [-0.8290777495432656, 0.03955187887788038]
[-0.8290777495432656, 0.03955187887788038], 2, -1.0, [-0.7865422756910191, 0.04253547385224652]
[-0.7865422756910191, 0.04253547385224652], 2, -1.0, [-0.7412329777389755, 0.0453092979520436]
[-0.7412329777389755, 0.0453092979520436], 2, -1.0, [-0.6934049433592968, 0.04782803437967866]
[-0.6934049433592968, 0.04782803437967866], 2, -1.0, [-0.6433577348138437, 0.05004720854545312]
[-0.6433577348138437, 0.05004720854545312], 2, -1.0, [-0.5914315328350974, 0.05192620197874634]
[-0.5914315328350974, 0.05192620197874634], 2, -1.0, [-0.5380000892380045, 0.053431443597092974]
[-0.5380000892380045, 0.053431443597092974], 2, -1.0, [-0.48346066938699206, 0.05453941985101241]
[-0.48346066938699206, 0.05453941985101241], 2, -1.0, [-0.4282215583762797, 0.05523911101071239]
[-0.4282215583762797, 0.05523911101071239], 2, -1.0, [-0.372688055549921, 0.055533502826358654]
[-0.372688055549921, 0.055533502826358654], 2, -1.0, [-0.3172481129067972, 0.055439942643123775]
[-0.3172481129067972, 0.055439942643123775], 2, -1.0, [-0.26225882859635896, 0.054989284310438286]
[-0.26225882859635896, 0.054989284310438286], 2, -1.0, [-0.2080348730077067, 0.05422395558865225]
[-0.2080348730077067, 0.05422395558865225], 2, -1.0, [-0.15483963411736848, 0.05319523889033822]
[-0.15483963411736848, 0.05319523889033822], 2, -1.0, [-0.10287948822031458, 0.0519601458970539]
[-0.10287948822031458, 0.0519601458970539], 2, -1.0, [-0.05230121241117014, 0.05057827580914444]
[-0.05230121241117014, 0.05057827580914444], 2, -1.0, [-0.0031922262446554828, 0.04910898616651466]
[-0.0031922262446554828, 0.04910898616651466], 2, -1.0, [0.04441687456195247, 0.047609100806607955]
[0.04441687456195247, 0.047609100806607955], 2, -1.0, [0.09054813720868368, 0.046131262646731216]
[0.09054813720868368, 0.046131262646731216], 2, -1.0, [0.13527107241234762, 0.044722935203663945]
[0.13527107241234762, 0.044722935203663945], 2, -1.0, [0.17869705343990655, 0.043425981027558916]
[0.17869705343990655, 0.043425981027558916], 0, -1.0, [0.2189737549701094, 0.04027670153020284]
[0.2189737549701094, 0.04027670153020284], 0, -1.0, [0.25627076622813594, 0.037297011258026536]
[0.25627076622813594, 0.037297011258026536], 0, -1.0, [0.29077093507666096, 0.034500168848525]
[0.29077093507666096, 0.034500168848525], 0, -1.0, [0.3226634612245779, 0.031892526147916954]
[0.3226634612245779, 0.031892526147916954], 0, -1.0, [0.3521385971416339, 0.02947513591705603]
[0.3521385971416339, 0.02947513591705603], 0, -1.0, [0.379383743961166, 0.027245146819532044]
[0.379383743961166, 0.027245146819532044], 0, -1.0, [0.40458070667574403, 0.02519696271457803]
[0.40458070667574403, 0.02519696271457803], 2, -1.0, [0.42990388001464824, 0.025323173338904235]
[0.42990388001464824, 0.025323173338904235], 0, -1.0, [0.4535335585288322, 0.02362967851418397]
[0.4535335585288322, 0.02362967851418397], 2, -1.0, [0.47764160892105284, 0.024108050392220626]
[0.47764160892105284, 0.024108050392220626], 0, -1.0, [0.5004060714997274, 0.022764462578674545]
