[-0.41631614462085764, 0.0], 0, -1.0, [-0.4181069448907618, -0.001790800269904135]
[-0.4181069448907618, -0.001790800269904135], 0, -1.0, [-0.42167579272576283, -0.0035688478350010535]
[-0.42167579272576283, -0.0035688478350010535], 0, -1.0, [-0.4269972069248979, -0.0053214141991350565]
[-0.4269972069248979, -0.0053214141991350565], 0, -1.0, [-0.4340330338250152, -0.007035826900117278]
[-0.4340330338250152, -0.007035826900117278], 0, -1.0, [-0.44273254981106136, -0.00869951598604619]
[-0.44273254981106136, -0.00869951598604619], 0, -1.0, [-0.4530326308345443, -0.010300081023482979]
[-0.4530326308345443, -0.010300081023482979], 0, -1.0, [-0.46485801365707996, -0.011825382822535653]
[-0.46485801365707996, -0.011825382822535653], 0, -1.0, [-0.47812167554092894, -0.013263661883848978]
[-0.47812167554092894, -0.013263661883848978], 0, -1.0, [-0.4927253585495449, -0.014603683008615986]
[-0.4927253585495449, -0.014603683008615986], 0, -1.0, [-0.5085602612680659, -0.015834902718520998]
[-0.5085602612680659, -0.015834902718520998], 0, -1.0, [-0.5255079145859876, -0.016947653317921717]
[-0.5255079145859876, -0.016947653317921717], 0, -1.0, [-0.5434412494397841, -0.017933334853796508]
[-0.5434412494397841, -0.017933334853796508], 0, -1.0, [-0.5622258536143014, -0.01878460417451736]
[-0.5622258536143014, -0.01878460417451736], 0, -1.0, [-0.5817214026462368, -0.019495549031935365]
[-0.5817214026462368, -0.019495549031935365], 0, -1.0, [-0.6017832375815796, -0.02006183493534272]
[-0.6017832375815796, -0.02006183493534272], 0, -1.0, [-0.622264050957582, -0.0204808133760024]
[-0.622264050957582, -0.0204808133760024], 0, -1.0, [-0.6430156330477546, -0.020751582090172627]
[-0.6430156330477546, -0.020751582090172627], 0, -1.0, [-0.6638906241097752, -0.020874991062020568]
[-0.6638906241097752, -0.020874991062020568], 0, -1.0, [-0.6847442158027678, -0.020853591692992654]
[-0.6847442158027678, -0.020853591692992654], 0, -1.0, [-0.7054357463905871, -0.02069153058781936]
[-0.7054357463905871, -0.02069153058781936], 0, -1.0, [-0.7258301396835554, -0.02039439329296823]
[-0.7258301396835554, -0.02039439329296823], 0, -1.0, [-0.7457991463418546, -0.019969006658299232]
[-0.7457991463418546, -0.019969006658299232], 0, -1.0, [-0.7652223572917914, -0.01942321094993686]
[-0.7652223572917914, -0.01942321094993686], 1, -1.0, [-0.7829879715169993, -0.017765614225207803]
[-0.7829879715169993, -0.017765614225207803], 0, -1.0, [-0.7999986468608433, -0.017010675343844015]
[-0.7999986468608433, -0.017010675343844015], 0, -1.0, [-0.816165844770817, -0.01616719790997368]
[-0.816165844770817, -0.01616719790997368], 0, -1.0, [-0.831409862267128, -0.015244017496311001]
[-0.831409862267128, -0.015244017496311001], 2, -1.0, [-0.8436596876007327, -0.012249825333604712]
[-0.8436596876007327, -0.012249825333604712], 2, -1.0, [-0.852861272040899, -0.009201584440166282]
[-0.852861272040899, -0.009201584440166282], 2, -1.0, [-0.858975831603163, -0.006114559562264029]
[-0.858975831603163, -0.006114559562264029], 2, -1.0, [-0.8619784715845326, -0.0030026399813694853]
[-0.8619784715845326, -0.0030026399813694853], 2, -1.0, [-0.8618572267430753, 0.00012124484145721636]
[-0.8618572267430753, 0.00012124484145721636], 2, -1.0, [-0.8586125768957958, 0.0032446498472794238]
[-0.8586125768957958, 0.0032446498472794238], 2, -1.0, [-0.8522574666431895, 0.006355110252606403]
[-0.8522574666431895, 0.006355110252606403], 2, -1.0, [-0.8428178280699925, 0.00943963857319692]
[-0.8428178280699925, 0.00943963857319692], 2, -1.0, [-0.8303335753611716, 0.012484252708820934]
[-0.8303335753611716, 0.012484252708820934], 2, -1.0, [-0.8148600090707886, 0.015473566290382946]
[-0.8148600090707886, 0.015473566290382946], 2, -1.0, [-0.7964695345542274, 0.018390474516561183]
[-0.7964695345542274, 0.018390474516561183], 2, -1.0, [-0.7752535640579941, 0.02121597049623337]
[-0.7752535640579941, 0.02121597049623337], 2, -1.0, [-0.7513244367704057, 0.023929127287588364]
[-0.7513244367704057, 0.023929127287588364], 2, -1.0, [-0.7248171590270642, 0.026507277743341464]
[-0.7248171590270642, 0.026507277743341464], 2, -1.0, [-0.6958907427323616, 0.028926416294702564]
[-0.6958907427323616, 0.028926416294702564], 2, -1.0, [-0.6647289100256581, 0.03116183270670347]
[-0.6647289100256581, 0.03116183270670347], 2, -1.0, [-0.6315399427107007, 0.03318896731495748]
[-0.6315399427107007, 0.03318896731495748], 2, -1.0, [-0.5965554912574524, 0.03498445145324827]
[-0.5965554912574524, 0.03498445145324827], 2, -1.0, [-0.5600282226458536, 0.03652726861159878]
[-0.5600282226458536, 0.03652726861159878], 2, -1.0, [-0.5222282767456625, 0.037799945900191034]
[-0.5222282767456625, 0.037799945900191034], 2, -1.0, [-0.48343860955790696, 0.03878966718775557]
[-0.48343860955790696, 0.03878966718775557], 2, -1.0, [-0.4439494154604896, 0.039489194097417336]
[-0.4439494154604896, 0.039489194097417336], 2, -1.0, [-0.4040519231772261, 0.03989749228326349]
[-0.4040519231772261, 0.03989749228326349], 2, -1.0, [-0.36403193491899116, 0.040019988258234954]
[-0.36403193491899116, 0.040019988258234954], 2, -1.0, [-0.3241635120498093, 0.03986842286918188]
[-0.3241635120498093, 0.03986842286918188], 2, -1.0, [-0.2847031976115907, 0.03946031443821862]
[-0.2847031976115907, 0.03946031443821862], 2, -1.0, [-0.24588510848554018, 0.03881808912605051]
[-0.24588510848554018, 0.03881808912605051], 2, -1.0, [-0.20791713814228535, 0.037967970343254845]
[-0.20791713814228535, 0.037967970343254845], 2, -1.0, [-0.17097840037702405, 0.036938737765261284]
[-0.17097840037702405, 0.036938737765261284], 2, -1.0, [-0.13521793224119963, 0.03576046813582443]
[-0.13521793224119963, 0.03576046813582443], 2, -1.0, [-0.10075457558681103, 0.03446335665438859]
[-0.10075457558681103, 0.03446335665438859], 2, -1.0, [-0.06767788159468913, 0.033076693992121896]
[-0.06767788159468913, 0.033076693992121896], 2, -1.0, [-0.036049836044600526, 0.0316280455500886]
[-0.036049836044600526, 0.0316280455500886], 2, -1.0, [-0.005907184344217133, 0.030142651700383393]
[-0.005907184344217133, 0.030142651700383393], 2, -1.0, [0.022735859912694816, 0.02864304425691195]
[0.022735859912694816, 0.02864304425691195], 2, -1.0, [0.04988471725782636, 0.027148857345131543]
[0.04988471725782636, 0.027148857345131543], 2, -1.0, [0.07556151784867252, 0.025676800590846153]
[0.07556151784867252, 0.025676800590846153], 2, -1.0, [0.09980227621567649, 0.024240758367003973]
[0.09980227621567649, 0.024240758367003973], 2, -1.0, [0.12265425554476171, 0.02285197932908523]
[0.12265425554476171, 0.02285197932908523], 2, -1.0, [0.14417357961036603, 0.021519324065604334]
[0.14417357961036603, 0.021519324065604334], 2, -1.0, [0.16442312357464695, 0.020249543964280924]
[0.16442312357464695, 0.020249543964280924], 2, -1.0, [0.18347069380062395, 0.01904757022597699]
[0.18347069380062395, 0.01904757022597699], 2, -1.0, [0.20138749137661216, 0.017916797575988217]
[0.20138749137661216, 0.017916797575988217], 2, -1.0, [0.21824684354745622, 0.016859352170844055]
[0.21824684354745622, 0.016859352170844055], 2, -1.0, [0.23412318081939595, 0.01587633727193973]
[0.23412318081939595, 0.01587633727193973], 2, -1.0, [0.24909123424043567, 0.014968053421039719]
[0.24909123424043567, 0.014968053421039719], 2, -1.0, [0.2632254264183275, 0.014134192177891866]
[0.2632254264183275, 0.014134192177891866], 2, -1.0, [0.2765994305090719, 0.013374004090744329]
[0.2765994305090719, 0.013374004090744329], 2, -1.0, [0.2892858731164386, 0.012686442607366722]
[0.2892858731164386, 0.012686442607366722], 2, -1.0, [0.3013561593495488, 0.012070286233110206]
[0.3013561593495488, 0.012070286233110206], 2, -1.0, [0.31288040087233576, 0.011524241522786995]
[0.31288040087233576, 0.011524241522786995], 2, -1.0, [0.32392743042498473, 0.011047029552648989]
[0.32392743042498473, 0.011047029552648989], 2, -1.0, [0.33456488885894703, 0.010637458433962306]
[0.33456488885894703, 0.010637458433962306], 2, -1.0, [0.34485937311664006, 0.01029448425769301]
[0.34485937311664006, 0.01029448425769301], 2, -1.0, [0.35487663575806094, 0.010017262641420867]
[0.35487663575806094, 0.010017262641420867], 2, -1.0, [0.3646818285705689, 0.009805192812507954]
[0.3646818285705689, 0.009805192812507954], 2, -1.0, [0.37433978449396976, 0.009657955923400872]
[0.37433978449396976, 0.009657955923400872], 2, -1.0, [0.3839153335597334, 0.009575549065763635]
[0.3839153335597334, 0.009575549065763635], 2, -1.0, [0.39347364979401284, 0.009558316234279466]
[0.39347364979401284, 0.009558316234279466], 2, -1.0, [0.40308062708254433, 0.009606977288531483]
[0.40308062708254433, 0.009606977288531483], 2, -1.0, [0.4128032828517276, 0.009722655769183275]
[0.4128032828517276, 0.009722655769183275], 2, -1.0, [0.4227101890885076, 0.00990690623678]
[0.4227101890885076, 0.00990690623678], 2, -1.0, [0.4328719306978586, 0.010161741609351021]
[0.4328719306978586, 0.010161741609351021], 2, -1.0, [0.44336159146523674, 0.010489660767378109]
[0.44336159146523674, 0.010489660767378109], 2, -1.0, [0.45425526792246484, 0.010893676457228081]
[0.45425526792246484, 0.010893676457228081], 2, -1.0, [0.4656326111611047, 0.011377343238639879]
[0.4656326111611047, 0.011377343238639879], 2, -1.0, [0.47757739602644483, 0.011944784865340117]
[0.47757739602644483, 0.011944784865340117], 2, -1.0, [0.4901781160578892, 0.012600720031444385]
[0.4901781160578892, 0.012600720031444385], 2, -1.0, [0.5035286008817405, 0.013350484823851235]
