[-0.5562467516204395, 0.0], 0, -1.0, [-0.5570022831031124, -0.0007555314826729648]
[-0.5570022831031124, -0.0007555314826729648], 0, -1.0, [-0.558507707372756, -0.001505424269643617]
[-0.558507707372756, -0.001505424269643617], 0, -1.0, [-0.5607517929801451, -0.002244085607389112]
[-0.5607517929801451, -0.002244085607389112], 0, -1.0, [-0.5637178075444089, -0.002966014564263872]
[-0.5637178075444089, -0.002966014564263872], 0, -1.0, [-0.5673836552899708, -0.0036658477455618487]
[-0.5673836552899708, -0.0036658477455618487], 0, -1.0, [-0.57172205995615, -0.004338404666179215]
[-0.57172205995615, -0.004338404666179215], 0, -1.0, [-0.5767007924549327, -0.0049787324987826944]
[-0.5767007924549327, -0.0049787324987826944], 0, -1.0, [-0.5822829422474717, -0.005582149792539054]
[-0.5822829422474717, -0.005582149792539054], 0, -1.0, [-0.5884272308760155, -0.006144288628543824]
[-0.5884272308760155, -0.006144288628543824], 0, -1.0, [-0.595088365432871, -0.006661134556855628]
[-0.595088365432871, -0.006661134556855628], 0, -1.0, [-0.6022174289933104, -0.0071290635604393865]
[-0.6022174289933104, -0.0071290635604393865], 0, -1.0, [-0.6097623042195797, -0.007544875226269274]
[-0.6097623042195797, -0.007544875226269274], 0, -1.0, [-0.617668125503612, -0.007905821284032355]
[-0.617668125503612, -0.007905821284032355], 0, -1.0, [-0.6258777542092847, -0.008209628705672605]
[-0.6258777542092847, -0.008209628705672605], 0, -1.0, [-0.634332270856893, -0.008454516647608315]
[-0.634332270856893, -0.008454516647608315], 0, -1.0, [-0.642971477517239, -0.008639206660346037]
[-0.642971477517239, -0.008639206660346037], 0, -1.0, [-0.651734403298395, -0.00876292578115602]
[-0.651734403298395, -0.00876292578115602], 0, -1.0, [-0.6605598056522807, -0.008825402353885636]
[-0.6605598056522807, -0.008825402353885636], 0, -1.0, [-0.669386660324097, -0.008826854671816334]
[-0.669386660324097, -0.008826854671816334], 0, -1.0, [-0.6781546331225273, -0.008767972798430291]
[-0.6781546331225273, -0.008767972798430291], 0, -1.0, [-0.6868045272925267, -0.008649894169999396]
[-0.6868045272925267, -0.008649894169999396], 0, -1.0, [-0.6952787010992998, -0.008474173806773065]
[-0.6952787010992998, -0.008474173806773065], 0, -1.0, [-0.703521451241454, -0.008242750142154203]
[-0.703521451241454, -0.008242750142154203], 0, -1.0, [-0.7114793588523451, -0.0079579076108911]
[-0.7114793588523451, -0.0079579076108911], 0, -1.0, [-0.719101596063693, -0.007622237211347819]
[-0.719101596063693, -0.007622237211347819], 0, -1.0, [-0.7263401923347961, -0.0072385962711031815]
[-0.7263401923347961, -0.0072385962711031815], 0, -1.0, [-0.7331502609362447, -0.006810068601448632]
[-0.7331502609362447, -0.006810068601448632], 1, -1.0, [-0.7384901870667033, -0.005339926130458586]
[-0.7384901870667033, -0.005339926130458586], 1, -1.0, [-0.7423277679786439, -0.003837580911940546]
[-0.7423277679786439, -0.003837580911940546], 1, -1.0, [-0.7446400985312241, -0.0023123305525802745]
[-0.7446400985312241, -0.0023123305525802745], 2, -1.0, [-0.7444134746655918, 0.00022662386563229242]
[-0.7444134746655918, 0.00022662386563229242], 2, -1.0, [-0.7416492362084752, 0.002764238457116549]
[-0.7416492362084752, 0.002764238457116549], 2, -1.0, [-0.7363637826783954, 0.0052854535300797725]
[-0.7363637826783954, 0.0052854535300797725], 2, -1.0, [-0.7285887616038523, 0.0077750210745430575]
[-0.7285887616038523, 0.0077750210745430575], 2, -1.0, [-0.7183714055679824, 0.010217356035869953]
[-0.7183714055679824, 0.010217356035869953], 2, -1.0, [-0.7057749731058985, 0.012596432462083817]
[-0.7057749731058985, 0.012596432462083817], 2, -1.0, [-0.6908792290800354, 0.014895744025863154]
[-0.6908792290800354, 0.014895744025863154], 2, -1.0, [-0.6737808833773322, 0.017098345702703223]
[-0.6737808833773322, 0.017098345702703223], 2, -1.0, [-0.6545938941635272, 0.01918698921380496]
[-0.6545938941635272, 0.01918698921380496], 2, -1.0, [-0.6334495352013048, 0.021144358962222387]
[-0.6334495352013048, 0.021144358962222387], 1, -1.0, [-0.6114961276572665, 0.021953407544038267]
[-0.6114961276572665, 0.021953407544038267], 2, -1.0, [-0.5878911032189584, 0.02360502443830799]
[-0.5878911032189584, 0.02360502443830799], 0, -1.0, [-0.5648068704835528, 0.023084232735405656]
[-0.5648068704835528, 0.023084232735405656], 0, -1.0, [-0.5424143636624441, 0.022392506821108743]
[-0.5424143636624441, 0.022392506821108743], 0, -1.0, [-0.5208808148575745, 0.021533548804869542]
[-0.5208808148575745, 0.021533548804869542], 0, -1.0, [-0.500367650532379, 0.020513164325195586]
[-0.500367650532379, 0.020513164325195586], 0, -1.0, [-0.4810285786326238, 0.01933907189975514]
[-0.4810285786326238, 0.01933907189975514], 0, -1.0, [-0.46300791601798236, 0.018020662614641463]
[-0.46300791601798236, 0.018020662614641463], 0, -1.0, [-0.4464391864825116, 0.01656872953547079]
[-0.4464391864825116, 0.01656872953547079], 0, -1.0, [-0.43144399969658426, 0.014995186785927334]
[-0.43144399969658426, 0.014995186785927334], 0, -1.0, [-0.4181312027886582, 0.013312796907926073]
[-0.4181312027886582, 0.013312796907926073], 0, -1.0, [-0.406596280544714, 0.01153492224394419]
[-0.406596280544714, 0.01153492224394419], 0, -1.0, [-0.39692096839411684, 0.009675312150597144]
[-0.39692096839411684, 0.009675312150597144], 0, -1.0, [-0.38917303501020833, 0.007747933383908513]
[-0.38917303501020833, 0.007747933383908513], 0, -1.0, [-0.3834061885433774, 0.0057668464668309705]
[-0.3834061885433774, 0.0057668464668309705], 0, -1.0, [-0.37966006190730406, 0.0037461266360733023]
[-0.37966006190730406, 0.0037461266360733023], 0, -1.0, [-0.3779602375813735, 0.0016998243259305932]
[-0.3779602375813735, 0.0016998243259305932], 0, -1.0, [-0.37831828035569454, -0.00035804277432108147]
[-0.37831828035569454, -0.00035804277432108147], 0, -1.0, [-0.3807317565557011, -0.0024134762000065637]
[-0.3807317565557011, -0.0024134762000065637], 0, -1.0, [-0.3851842297651346, -0.004452473209433538]
[-0.3851842297651346, -0.004452473209433538], 0, -1.0, [-0.3916452351622406, -0.0064610053971059615]
[-0.3916452351622406, -0.0064610053971059615], 0, -1.0, [-0.4000702465511293, -0.00842501138888872]
[-0.4000702465511293, -0.00842501138888872], 0, -1.0, [-0.4104006612621126, -0.010330414710983307]
[-0.4104006612621126, -0.010330414710983307], 0, -1.0, [-0.4225638375473237, -0.012163176285211061]
[-0.4225638375473237, -0.012163176285211061], 0, -1.0, [-0.4364732261319369, -0.013909388584613231]
[-0.4364732261319369, -0.013909388584613231], 0, -1.0, [-0.4520286414342596, -0.015555415302322673]
[-0.4520286414342596, -0.015555415302322673], 0, -1.0, [-0.4691167179601556, -0.017088076525896025]
[-0.4691167179601556, -0.017088076525896025], 0, -1.0, [-0.4876115930104651, -0.018494875050309487]
[-0.4876115930104651, -0.018494875050309487], 0, -1.0, [-0.507375847916098, -0.019764254905632946]
[-0.507375847916098, -0.019764254905632946], 0, -1.0, [-0.5282617267519798, -0.02088587883588175]
[-0.5282617267519798, -0.02088587883588175], 0, -1.0, [-0.5501126345948024, -0.02185090784282259]
[-0.5501126345948024, -0.02185090784282259], 0, -1.0, [-0.5727648981157525, -0.02265226352095006]
[-0.5727648981157525, -0.02265226352095006], 0, -1.0, [-0.5960497513226082, -0.02328485320685575]
[-0.5960497513226082, -0.02328485320685575], 0, -1.0, [-0.6197954905546861, -0.023745739232077945]
[-0.6197954905546861, -0.023745739232077945], 0, -1.0, [-0.6438297273959751, -0.024034236841289067]
[-0.6438297273959751, -0.024034236841289067], 2, -1.0, [-0.665981657762688, -0.022151930366712966]
[-0.665981657762688, -0.022151930366712966], 0, -1.0, [-0.6880978948078025, -0.022116237045114503]
[-0.6880978948078025, -0.022116237045114503], 0, -1.0, [-0.7100298597599055, -0.02193196495210303]
[-0.7100298597599055, -0.02193196495210303], 0, -1.0, [-0.7316353565373469, -0.02160549677744137]
[-0.7316353565373469, -0.02160549677744137], 0, -1.0, [-0.7527799156262084, -0.021144559088861484]
[-0.7527799156262084, -0.021144559088861484], 0, -1.0, [-0.7733378731251321, -0.020557957498923696]
[-0.7733378731251321, -0.020557957498923696], 0, -1.0, [-0.7931931659916086, -0.01985529286647644]
[-0.7931931659916086, -0.01985529286647644], 0, -1.0, [-0.8122398397660935, -0.019046673774484837]
[-0.8122398397660935, -0.019046673774484837], 2, -1.0, [-0.8283822791433191, -0.01614243937722555]
[-0.8283822791433191, -0.01614243937722555], 2, -1.0, [-0.8415443026024365, -0.013162023459117466]
[-0.8415443026024365, -0.013162023459117466], 2, -1.0, [-0.8516672230936968, -0.010122920491260286]
[-0.8516672230936968, -0.010122920491260286], 2, -1.0, [-0.8587080623585912, -0.007040839264894384]
[-0.8587080623585912, -0.007040839264894384], 2, -1.0, [-0.8626380574150492, -0.003929995056457946]
[-0.8626380574150492, -0.003929995056457946], 2, -1.0, [-0.8634415623131801, -0.0008035048981309295]
[-0.8634415623131801, -0.0008035048981309295], 2, -1.0, [-0.8611154144939517, 0.0023261478192284353]
[-0.8611154144939517, 0.0023261478192284353], 2, -1.0, [-0.8556688034482326, 0.005446611045719089]
[-0.8556688034482326, 0.005446611045719089], 2, -1.0, [-0.847123649287764, 0.008545154160468627]
[-0.847123649287764, 0.008545154160468627], 2, -1.0, [-0.8355154691019031, 0.011608180185860848]
[-0.8355154691019031, 0.011608180185860848], 2, -1.0, [-0.8208946782576505, 0.01462079084425265]
[-0.8208946782576505, 0.01462079084425265], 2, -1.0, [-0.8033282411423959, 0.017566437115254678]
[-0.8033282411423959, 0.017566437115254678], 2, -1.0, [-0.7829015511278791, 0.020426690014516802]
[-0.7829015511278791, 0.020426690014516802], 2, -1.0, [-0.7597203839061571, 0.023181167221721876]
[-0.7597203839061571, 0.023181167221721876], 2, -1.0, [-0.7339127345701851, 0.02580764933597199]
[-0.7339127345701851, 0.02580764933597199], 2, -1.0, [-0.705630321336807, 0.028282413233378084]
[-0.705630321336807, 0.028282413233378084], 2, -1.0, [-0.6750495235187242, 0.030580797818082817]
[-0.6750495235187242, 0.030580797818082817], 2, -1.0, [-0.642371524781979, 0.0326779987367452]
[-0.642371524781979, 0.0326779987367452], 2, -1.0, [-0.6078214607626131, 0.03455006401936584]
[-0.6078214607626131, 0.03455006401936584], 2, -1.0, [-0.5716464262739425, 0.03617503448867063]
[-0.5716464262739425, 0.03617503448867063], 2, -1.0, [-0.5341122809784812, 0.03753414529546133]
[-0.5341122809784812, 0.03753414529546133], 2, -1.0, [-0.49549929746561683, 0.03861298351286437]
[-0.49549929746561683, 0.03861298351286437], 2, -1.0, [-0.4560968105258647, 0.039402486939752096]
[-0.4560968105258647, 0.039402486939752096], 2, -1.0, [-0.41619713520761753, 0.03989967531824715]
[-0.41619713520761753, 0.03989967531824715], 2, -1.0, [-0.37608910684819674, 0.0401080283594208]
[-0.37608910684819674, 0.0401080283594208], 2, -1.0, [-0.33605164404655496, 0.04003746280164176]
[-0.33605164404655496, 0.04003746280164176], 2, -1.0, [-0.296347736938432, 0.03970390710812294]
[-0.296347736938432, 0.03970390710812294], 2, -1.0, [-0.2572192179108287, 0.03912851902760335]
[-0.2572192179108287, 0.03912851902760335], 2, -1.0, [-0.21888258821477494, 0.038336629696053746]
[-0.21888258821477494, 0.038336629696053746], 2, -1.0, [-0.18152606627091808, 0.03735652194385686]
[-0.18152606627091808, 0.03735652194385686], 2, -1.0, [-0.14530790903723523, 0.036218157233682866]
[-0.14530790903723523, 0.036218157233682866], 2, -1.0, [-0.11035595277164867, 0.034951956265586566]
[-0.11035595277164867, 0.034951956265586566], 2, -1.0, [-0.07676823593645155, 0.03358771683519713]
[-0.07676823593645155, 0.03358771683519713], 2, -1.0, [-0.044614511309438776, 0.03215372462701277]
[-0.044614511309438776, 0.03215372462701277], 2, -1.0, [-0.013938427476615105, 0.03067608383282367]
[-0.013938427476615105, 0.03067608383282367], 2, -1.0, [0.015239841685062712, 0.029178269161677817]
[0.015239841685062712, 0.029178269161677817], 2, -1.0, [0.04292072323535617, 0.027680881550293465]
[0.04292072323535617, 0.027680881550293465], 2, -1.0, [0.06912230078791118, 0.026201577552555002]
[0.06912230078791118, 0.026201577552555002], 2, -1.0, [0.09387743729317152, 0.024755136505260338]
[0.09387743729317152, 0.024755136505260338], 2, -1.0, [0.1172310661495194, 0.023353628856347883]
[0.1172310661495194, 0.023353628856347883], 2, -1.0, [0.13923771807452767, 0.022006651925008256]
[0.13923771807452767, 0.022006651925008256], 2, -1.0, [0.15995932240654478, 0.02072160433201712]
[0.15995932240654478, 0.02072160433201712], 2, -1.0, [0.17946329856763368, 0.019503976161088902]
[0.17946329856763368, 0.019503976161088902], 2, -1.0, [0.1978209362742264, 0.01835763770659271]
[0.1978209362742264, 0.01835763770659271], 2, -1.0, [0.21510605115788622, 0.01728511488365982]
[0.21510605115788622, 0.01728511488365982], 2, -1.0, [0.23139389490871726, 0.016287843750831033]
[0.23139389490871726, 0.016287843750831033], 2, -1.0, [0.24676029495514773, 0.015366400046430487]
[0.24676029495514773, 0.015366400046430487], 2, -1.0, [0.2612809971707494, 0.014520702215601663]
[0.2612809971707494, 0.014520702215601663], 2, -1.0, [0.27503118539075244, 0.013750188220003061]
[0.27503118539075244, 0.013750188220003061], 2, -1.0, [0.28808515300781684, 0.013053967617064384]
[0.28808515300781684, 0.013053967617064384], 2, -1.0, [0.30051610411872853, 0.012430951110911697]
[0.30051610411872853, 0.012430951110911697], 2, -1.0, [0.31239606425729405, 0.011879960138565536]
[0.31239606425729405, 0.011879960138565536], 2, -1.0, [0.32379588342527044, 0.011399819167976395]
[0.32379588342527044, 0.011399819167976395], 2, -1.0, [0.3347853167573035, 0.010989433332033074]
[0.3347853167573035, 0.010989433332033074], 2, -1.0, [0.3454331706249046, 0.010647853867601061]
[0.3454331706249046, 0.010647853867601061], 2, -1.0, [0.3558075042410971, 0.010374333616192511]
[0.3558075042410971, 0.010374333616192511], 2, -1.0, [0.3659758788452235, 0.010168374604126373]
[0.3659758788452235, 0.010168374604126373], 2, -1.0, [0.37600564832022826, 0.010029769475004773]
[0.37600564832022826, 0.010029769475004773], 2, -1.0, [0.38596428662777477, 0.009958638307546511]
[0.38596428662777477, 0.009958638307546511], 2, -1.0, [0.3959197487502088, 0.009955462122434056]
[0.3959197487502088, 0.009955462122434056], 2, -1.0, [0.4059408629133519, 0.010021114163143118]
[0.4059408629133519, 0.010021114163143118], 2, -1.0, [0.41609775273754396, 0.010156889824192064]
[0.41609775273754396, 0.010156889824192064], 2, -1.0, [0.4264622886266046, 0.010364535889060661]
[0.4264622886266046, 0.010364535889060661], 2, -1.0, [0.4371085681458806, 0.010646279519276016]
[0.4371085681458806, 0.010646279519276016], 2, -1.0, [0.44811342533854354, 0.011004857192662922]
[0.44811342533854354, 0.011004857192662922], 2, -1.0, [0.459556968844088, 0.011443543505544457]
[0.459556968844088, 0.011443543505544457], 2, -1.0, [0.4715231482533127, 0.01196617940922475]
[0.4715231482533127, 0.01196617940922475], 2, -1.0, [0.48410034727155, 0.012577199018237298]
[0.48410034727155, 0.012577199018237298], 2, -1.0, [0.4973820008441314, 0.013281653572581447]
[0.4973820008441314, 0.013281653572581447], 2, -1.0, [0.5114672312604323, 0.014085230416300793]
