[-0.5438174497485224, 0.0], 2, -1.0, [-0.5426659026597881, 0.0011515470887343135]
[-0.5426659026597881, 0.0011515470887343135], 2, -1.0, [-0.5403714300898376, 0.0022944725699505075]
[-0.5403714300898376, 0.0022944725699505075], 2, -1.0, [-0.5369512156877823, 0.0034202144020553326]
[-0.5369512156877823, 0.0034202144020553326], 2, -1.0, [-0.5324308847643788, 0.0045203309234034756]
[-0.5324308847643788, 0.0045203309234034756], 2, -1.0, [-0.5268443207727448, 0.005586563991634049]
[-0.5268443207727448, 0.005586563991634049], 2, -1.0, [-0.520233415576906, 0.00661090519583871]
[-0.520233415576906, 0.00661090519583871], 2, -1.0, [-0.5126477501524376, 0.007585665424468515]
[-0.5126477501524376, 0.007585665424468515], 2, -1.0, [-0.5041442026449711, 0.008503547507466533]
[-0.5041442026449711, 0.008503547507466533], 2, -1.0, [-0.49478648161304595, 0.009357721031925104]
[-0.49478648161304595, 0.009357721031925104], 2, -1.0, [-0.48464458380365294, 0.01014189780939302]
[-0.48464458380365294, 0.01014189780939302], 2, -1.0, [-0.473794177896652, 0.010850405907000944]
[-0.473794177896652, 0.010850405907000944], 2, -1.0, [-0.46231591819566836, 0.01147825970098363]
[-0.46231591819566836, 0.01147825970098363], 0, -1.0, [-0.4522946950739958, 0.010021223121672567]
[-0.4522946950739958, 0.010021223121672567], 0, -1.0, [-0.4438041834222887, 0.008490511651707075]
[-0.4438041834222887, 0.008490511651707075], 2, -1.0, [-0.434906431820767, 0.008897751601521757]
[-0.434906431820767, 0.008897751601521757], 0, -1.0, [-0.42766605159650517, 0.007240380224261835]
[-0.42766605159650517, 0.007240380224261835], 2, -1.0, [-0.42013527548590407, 0.007530776110601083]
[-0.42013527548590407, 0.007530776110601083], 0, -1.0, [-0.41436807562469014, 0.005767199861213906]
[-0.41436807562469014, 0.005767199861213906], 2, -1.0, [-0.4084055227538316, 0.005962552870858583]
[-0.4084055227538316, 0.005962552870858583], 2, -1.0, [-0.4022898254252333, 0.006115697328598268]
[-0.4022898254252333, 0.006115697328598268], 0, -1.0, [-0.3980639946833844, 0.004225830741848891]
[-0.3980639946833844, 0.004225830741848891], 2, -1.0, [-0.39375757621708696, 0.004306418466297433]
[-0.39375757621708696, 0.004306418466297433], 2, -1.0, [-0.38940052710979756, 0.004357049107289419]
[-0.38940052710979756, 0.004357049107289419], 0, -1.0, [-0.38702299537137325, 0.0023775317384243247]
[-0.38702299537137325, 0.0023775317384243247], 2, -1.0, [-0.3846413617620274, 0.002381633609345826]
[-0.3846413617620274, 0.002381633609345826], 2, -1.0, [-0.3822719845064242, 0.0023693772556032146]
[-0.3822719845064242, 0.0023693772556032146], 2, -1.0, [-0.3799310863711535, 0.002340898135270648]
[-0.3799310863711535, 0.002340898135270648], 2, -1.0, [-0.3776346441027008, 0.002296442268452705]
[-0.3776346441027008, 0.002296442268452705], 2, -1.0, [-0.37539828098643013, 0.0022363631162706744]
[-0.37539828098643013, 0.0022363631162706744], 0, -1.0, [-0.3752371632231307, 0.0001611177632994164]
[-0.3752371632231307, 0.0001611177632994164], 0, -1.0, [-0.37715238159394643, -0.0019152183708156922]
[-0.37715238159394643, -0.0019152183708156922], 0, -1.0, [-0.3811309537046047, -0.003978572110658277]
[-0.3811309537046047, -0.003978572110658277], 0, -1.0, [-0.387145798912885, -0.006014845208280252]
[-0.387145798912885, -0.006014845208280252], 0, -1.0, [-0.3951556973899703, -0.008009898477085307]
[-0.3951556973899703, -0.008009898477085307], 0, -1.0, [-0.4051052564933605, -0.009949559103390203]
[-0.4051052564933605, -0.009949559103390203], 0, -1.0, [-0.4169249178916555, -0.01181966139829497]
[-0.4169249178916555, -0.01181966139829497], 0, -1.0, [-0.4305310468862315, -0.013606128994576052]
[-0.4305310468862315, -0.013606128994576052], 0, -1.0, [-0.4458261503273506, -0.01529510344111911]
[-0.4458261503273506, -0.01529510344111911], 0, -1.0, [-0.4626992706858912, -0.01687312035854055]
[-0.4626992706858912, -0.01687312035854055], 0, -1.0, [-0.4810266006320895, -0.018327329946198328]
[-0.4810266006320895, -0.018327329946198328], 0, -1.0, [-0.5006723545775849, -0.01964575394549533]
[-0.5006723545775849, -0.01964575394549533], 0, -1.0, [-0.5214899211435107, -0.020817566565925857]
[-0.5214899211435107, -0.020817566565925857], 0, -1.0, [-0.543323304012338, -0.02183338286882729]
[-0.543323304012338, -0.02183338286882729], 0, -1.0, [-0.5660088392350671, -0.022685535222729123]
[-0.5660088392350671, -0.022685535222729123], 0, -1.0, [-0.5893771564284983, -0.023368317193431236]
[-0.5893771564284983, -0.023368317193431236], 2, -1.0, [-0.6112553313952163, -0.021878174966718]
[-0.6112553313952163, -0.021878174966718], 0, -1.0, [-0.6334836331847026, -0.022228301789486368]
[-0.6334836331847026, -0.022228301789486368], 1, -1.0, [-0.6549026444235075, -0.021419011238804943]
[-0.6549026444235075, -0.021419011238804943], 1, -1.0, [-0.6753621472183101, -0.020459502794802558]
[-0.6753621472183101, -0.020459502794802558], 0, -1.0, [-0.6957223427776611, -0.020360195559350983]
[-0.6957223427776611, -0.020360195559350983], 0, -1.0, [-0.715848220093155, -0.020125877315493867]
[-0.715848220093155, -0.020125877315493867], 2, -1.0, [-0.7336108445417063, -0.01776262444855142]
[-0.7336108445417063, -0.01776262444855142], 0, -1.0, [-0.7509005339560805, -0.017289689414374153]
[-0.7509005339560805, -0.017289689414374153], 2, -1.0, [-0.7656145399410573, -0.01471400598497685]
[-0.7656145399410573, -0.01471400598497685], 2, -1.0, [-0.7776687484833458, -0.012054208542288407]
[-0.7776687484833458, -0.012054208542288407], 2, -1.0, [-0.7869966530502024, -0.00932790456685665]
[-0.7869966530502024, -0.00932790456685665], 2, -1.0, [-0.7935483337512429, -0.006551680701040475]
[-0.7935483337512429, -0.006551680701040475], 2, -1.0, [-0.797289557383898, -0.00374122363265507]
[-0.797289557383898, -0.00374122363265507], 2, -1.0, [-0.7982010885516795, -0.0009115311677815822]
[-0.7982010885516795, -0.0009115311677815822], 2, -1.0, [-0.7962782754701709, 0.0019228130815085458]
[-0.7962782754701709, 0.0019228130815085458], 2, -1.0, [-0.7915309467714392, 0.004747328698731713]
[-0.7915309467714392, 0.004747328698731713], 2, -1.0, [-0.783983628144754, 0.007547318626685208]
[-0.783983628144754, 0.007547318626685208], 2, -1.0, [-0.7736760601657252, 0.010307567979028811]
[-0.7736760601657252, 0.010307567979028811], 2, -1.0, [-0.7606639712205118, 0.013012088945213423]
[-0.7606639712205118, 0.013012088945213423], 2, -1.0, [-0.7450200322942234, 0.01564393892628835]
[-0.7450200322942234, 0.01564393892628835], 2, -1.0, [-0.7268348943332572, 0.018185137960966158]
[-0.7268348943332572, 0.018185137960966158], 2, -1.0, [-0.7062181853960852, 0.02061670893717201]
[-0.7062181853960852, 0.02061670893717201], 2, -1.0, [-0.6832993261600788, 0.022918859236006374]
[-0.6832993261600788, 0.022918859236006374], 2, -1.0, [-0.6582280115267727, 0.025071314633306196]
[-0.6582280115267727, 0.025071314633306196], 2, -1.0, [-0.6311742063774615, 0.027053805149311244]
[-0.6311742063774615, 0.027053805149311244], 2, -1.0, [-0.6023275180240925, 0.028846688353369]
[-0.6023275180240925, 0.028846688353369], 2, -1.0, [-0.5718958385595724, 0.030431679464520106]
[-0.5718958385595724, 0.030431679464520106], 2, -1.0, [-0.5401031971960191, 0.03179264136355328]
[-0.5401031971960191, 0.03179264136355328], 2, -1.0, [-0.5071868232413284, 0.03291637395469075]
[-0.5071868232413284, 0.03291637395469075], 2, -1.0, [-0.47339348920364704, 0.03379333403768133]
[-0.47339348920364704, 0.03379333403768133], 2, -1.0, [-0.43897527278557735, 0.03441821641806972]
[-0.43897527278557735, 0.03441821641806972], 2, -1.0, [-0.4041849370686037, 0.034790335716973673]
[-0.4041849370686037, 0.034790335716973673], 0, -1.0, [-0.37127117117534425, 0.03291376589325945]
[-0.37127117117534425, 0.03291376589325945], 0, -1.0, [-0.3404605116136872, 0.030810659561657072]
[-0.3404605116136872, 0.030810659561657072], 0, -1.0, [-0.3119553226401484, 0.028505188973538743]
[-0.3119553226401484, 0.028505188973538743], 0, -1.0, [-0.28593293728365554, 0.026022385356492875]
[-0.28593293728365554, 0.026022385356492875], 0, -1.0, [-0.262545812027866, 0.023387125255789593]
[-0.262545812027866, 0.023387125255789593], 0, -1.0, [-0.24192249078400538, 0.020623321243860588]
[-0.24192249078400538, 0.020623321243860588], 0, -1.0, [-0.2241691451987948, 0.017753345585210578]
[-0.2241691451987948, 0.017753345585210578], 0, -1.0, [-0.2093714549163597, 0.014797690282435117]
[-0.2093714549163597, 0.014797690282435117], 0, -1.0, [-0.1975966070920701, 0.011774847824289586]
[-0.1975966070920701, 0.011774847824289586], 0, -1.0, [-0.18889522251690144, 0.008701384575168683]
[-0.18889522251690144, 0.008701384575168683], 0, -1.0, [-0.1833030501113456, 0.005592172405555836]
[-0.1833030501113456, 0.005592172405555836], 0, -1.0, [-0.18084230771704318, 0.002460742394302417]
[-0.18084230771704318, 0.002460742394302417], 0, -1.0, [-0.18152258222830758, -0.0006802745112643974]
[-0.18152258222830758, -0.0006802745112643974], 0, -1.0, [-0.1853412349866333, -0.0038186527583257144]
[-0.1853412349866333, -0.0038186527583257144], 0, -1.0, [-0.19228328914635456, -0.006942054159721262]
[-0.19228328914635456, -0.006942054159721262], 0, -1.0, [-0.20232080541822903, -0.010037516271874472]
[-0.20232080541822903, -0.010037516271874472], 0, -1.0, [-0.21541178260671875, -0.01309097718848972]
[-0.21541178260671875, -0.01309097718848972], 0, -1.0, [-0.2314986509657201, -0.016086868359001347]
[-0.2314986509657201, -0.016086868359001347], 0, -1.0, [-0.2505064602963132, -0.0190078093305931]
[-0.2505064602963132, -0.0190078093305931], 0, -1.0, [-0.2723409005164282, -0.021834440220114982]
[-0.2723409005164282, -0.021834440220114982], 0, -1.0, [-0.29688632828582096, -0.024545427769392784]
[-0.29688632828582096, -0.024545427769392784], 0, -1.0, [-0.3240040055837923, -0.027117677297971335]
[-0.3240040055837923, -0.027117677297971335], 0, -1.0, [-0.3535307796422169, -0.029526774058424632]
[-0.3535307796422169, -0.029526774058424632], 0, -1.0, [-0.38527844186568283, -0.03174766222346595]
[-0.38527844186568283, -0.03174766222346595], 0, -1.0, [-0.4190339896932455, -0.033755547827562696]
[-0.4190339896932455, -0.033755547827562696], 0, -1.0, [-0.45456097453968675, -0.035526984846441234]
[-0.45456097453968675, -0.035526984846441234], 0, -1.0, [-0.4916020490219906, -0.03704107448230388]
[-0.4916020490219906, -0.03704107448230388], 0, -1.0, [-0.52988273059648, -0.03828068157448934]
[-0.52988273059648, -0.03828068157448934], 0, -1.0, [-0.5691162853000239, -0.03923355470354394]
[-0.5691162853000239, -0.03923355470354394], 0, -1.0, [-0.6090095186252135, -0.03989323332518952]
[-0.6090095186252135, -0.03989323332518952], 0, -1.0, [-0.6492691579511962, -0.04025963932598276]
[-0.6492691579511962, -0.04025963932598276], 0, -1.0, [-0.6896084393402837, -0.040339281389087454]
[-0.6896084393402837, -0.040339281389087454], 0, -1.0, [-0.7297534835155193, -0.040145044175235595]
[-0.7297534835155193, -0.040145044175235595], 0, -1.0, [-0.7694490665429256, -0.039695583027406244]
[-0.7694490665429256, -0.039695583027406244], 2, -1.0, [-0.8064634563509223, -0.037014389807996775]
[-0.8064634563509223, -0.037014389807996775], 2, -1.0, [-0.840601966772674, -0.03413851042175166]
[-0.840601966772674, -0.03413851042175166], 2, -1.0, [-0.8717054713394172, -0.031103504566743302]
[-0.8717054713394172, -0.031103504566743302], 2, -1.0, [-0.8996475181848416, -0.027942046845424322]
[-0.8996475181848416, -0.027942046845424322], 2, -1.0, [-0.9243305157659387, -0.024682997581097113]
[-0.9243305157659387, -0.024682997581097113], 2, -1.0, [-0.945681432610145, -0.021350916844206303]
[-0.945681432610145, -0.021350916844206303], 2, -1.0, [-0.9636473932519459, -0.01796596064180092]
[-0.9636473932519459, -0.01796596064180092], 2, -1.0, [-0.9781914756763999, -0.014544082424453887]
[-0.9781914756763999, -0.014544082424453887], 2, -1.0, [-0.9892889377354145, -0.011097462059014674]
[-0.9892889377354145, -0.011097462059014674], 2, -1.0, [-0.9969240308417803, -0.007635093106365752]
[-0.9969240308417803, -0.007635093106365752], 2, -1.0, [-1.0010875036432538, -0.004163472801473575]
[-1.0010875036432538, -0.004163472801473575], 2, -1.0, [-1.001774857363157, -0.0006873537199033187]
[-1.001774857363157, -0.0006873537199033187], 2, -1.0, [-0.9989853864253929, 0.002789470937764202]
[-0.9989853864253929, 0.002789470937764202], 2, -1.0, [-0.9927220195768381, 0.006263366848554732]
[-0.9927220195768381, 0.006263366848554732], 2, -1.0, [-0.9829919638040048, 0.009730055772833337]
[-0.9829919638040048, 0.009730055772833337], 2, -1.0, [-0.9698081413442708, 0.013183822459733907]
[-0.9698081413442708, 0.013183822459733907], 2, -1.0, [-0.9531913943868393, 0.016616746957431518]
[-0.9531913943868393, 0.016616746957431518], 2, -1.0, [-0.9331734082663863, 0.020017986120453014]
[-0.9331734082663863, 0.020017986120453014], 2, -1.0, [-0.9098002683628696, 0.023373139903516606]
[-0.9098002683628696, 0.023373139903516606], 2, -1.0, [-0.8831365161362453, 0.026663752226624333]
[-0.8831365161362453, 0.026663752226624333], 2, -1.0, [-0.8532695055820313, 0.029867010554214073]
[-0.8532695055820313, 0.029867010554214073], 2, -1.0, [-0.8203137861042004, 0.03295571947783095]
[-0.8203137861042004, 0.03295571947783095], 2, -1.0, [-0.7844151590665308, 0.0358986270376696]
[-0.7844151590665308, 0.0358986270376696], 2, -1.0, [-0.7457539859228952, 0.038661173143635624]
[-0.7457539859228952, 0.038661173143635624], 2, -1.0, [-0.7045472832812971, 0.041206702641598106]
[-0.7045472832812971, 0.041206702641598106], 2, -1.0, [-0.6610491442979413, 0.04349813898335587]
[-0.6610491442979413, 0.04349813898335587], 2, -1.0, [-0.6155490941329304, 0.04550005016501093]
[-0.6155490941329304, 0.04550005016501093], 2, -1.0, [-0.5683681294187807, 0.0471809647141497]
[-0.5683681294187807, 0.0471809647141497], 2, -1.0, [-0.519852403114572, 0.04851572630420868]
[-0.519852403114572, 0.04851572630420868], 2, -1.0, [-0.4703647740124533, 0.04948762910211872]
[-0.4703647740124533, 0.04948762910211872], 2, -1.0, [-0.42027470493661234, 0.050090069075840966]
[-0.42027470493661234, 0.050090069075840966], 2, -1.0, [-0.36994721629293686, 0.05032748864367547]
[-0.36994721629293686, 0.05032748864367547], 2, -1.0, [-0.3197317360144046, 0.050215480278532273]
[-0.3197317360144046, 0.050215480278532273], 2, -1.0, [-0.2699517034335096, 0.04978003258089495]
[-0.2699517034335096, 0.04978003258089495], 2, -1.0, [-0.22089567927127735, 0.04905602416223226]
[-0.22089567927127735, 0.04905602416223226], 2, -1.0, [-0.1728105098924852, 0.048085169378792134]
[-0.1728105098924852, 0.048085169378792134], 2, -1.0, [-0.12589683414781253, 0.04691367574467268]
[-0.12589683414781253, 0.04691367574467268], 2, -1.0, [-0.08030695539835966, 0.045589878749452854]
[-0.08030695539835966, 0.045589878749452854], 2, -1.0, [-0.036144873325719765, 0.0441620820726399]
[-0.036144873325719765, 0.0441620820726399], 2, -1.0, [0.006531891934811233, 0.042676765260531]
[0.006531891934811233, 0.042676765260531], 2, -1.0, [0.04770913716812098, 0.04117724523330975]
[0.04770913716812098, 0.04117724523330975], 2, -1.0, [0.08741194553722637, 0.039702808369105384]
[0.08741194553722637, 0.039702808369105384], 2, -1.0, [0.1257002219737584, 0.03828827643653206]
[0.1257002219737584, 0.03828827643653206], 1, -1.0, [0.16166415802731937, 0.03596393605356098]
[0.16166415802731937, 0.03596393605356098], 1, -1.0, [0.1954163979365569, 0.03375223990923753]
[0.1954163979365569, 0.03375223990923753], 1, -1.0, [0.22708608376699757, 0.03166968583044068]
[0.22708608376699757, 0.03166968583044068], 1, -1.0, [0.256813817287953, 0.029727733520955407]
[0.256813817287953, 0.029727733520955407], 1, -1.0, [0.2847475425852354, 0.02793372529728238]
[0.2847475425852354, 0.02793372529728238], 1, -1.0, [0.3110392933511559, 0.02629175076592047]
[0.3110392933511559, 0.02629175076592047], 1, -1.0, [0.33584271480285066, 0.024803421451694813]
[0.33584271480285066, 0.024803421451694813], 2, -1.0, [0.3603112554034941, 0.024468540600643473]
[0.3603112554034941, 0.024468540600643473], 2, -1.0, [0.38460353446310225, 0.024292279059608138]
[0.38460353446310225, 0.024292279059608138], 0, -1.0, [0.40688329776726156, 0.022279763304159317]
[0.40688329776726156, 0.022279763304159317], 2, -1.0, [0.42930547267290514, 0.022422174905643574]
[0.42930547267290514, 0.022422174905643574], 2, -1.0, [0.4520298419517971, 0.022724369278891935]
[0.4520298419517971, 0.022724369278891935], 0, -1.0, [0.47322155880425476, 0.021191716852457684]
[0.47322155880425476, 0.021191716852457684], 0, -1.0, [0.49303688320742417, 0.019815324403169434]
[0.49303688320742417, 0.019815324403169434], 2, -1.0, [0.5136233144218568, 0.02058643121443262]
