[-0.46386580383197373, 0.0], 0, -1.0, [-0.46531140726681053, -0.00144560343483677]
[-0.46531140726681053, -0.00144560343483677], 0, -1.0, [-0.4681919415693152, -0.0028805343025046642]
[-0.4681919415693152, -0.0028805343025046642], 0, -1.0, [-0.4724861162068591, -0.004294174637543879]
[-0.4724861162068591, -0.004294174637543879], 0, -1.0, [-0.47816213531964213, -0.00567601911278305]
[-0.47816213531964213, -0.00567601911278305], 0, -1.0, [-0.48517787492608777, -0.00701573960644564]
[-0.48517787492608777, -0.00701573960644564], 0, -1.0, [-0.4934811336606443, -0.008303258734556503]
[-0.4934811336606443, -0.008303258734556503], 0, -1.0, [-0.5030099674977537, -0.009528833837109507]
[-0.5030099674977537, -0.009528833837109507], 0, -1.0, [-0.5136931192291199, -0.010683151731366166]
[-0.5136931192291199, -0.010683151731366166], 0, -1.0, [-0.5254505524491528, -0.01175743322003302]
[-0.5254505524491528, -0.01175743322003302], 0, -1.0, [-0.5381940974142405, -0.012743544965087727]
[-0.5381940974142405, -0.012743544965087727], 0, -1.0, [-0.551828212440241, -0.013634115026000544]
[-0.551828212440241, -0.013634115026000544], 0, -1.0, [-0.566250859679967, -0.014422647239726024]
[-0.566250859679967, -0.014422647239726024], 0, -1.0, [-0.5813544884924391, -0.015103628812472075]
[-0.5813544884924391, -0.015103628812472075], 0, -1.0, [-0.5970271135986279, -0.015672625106188796]
[-0.5970271135986279, -0.015672625106188796], 0, -1.0, [-0.6131534693081918, -0.016126355709563875]
[-0.6131534693081918, -0.016126355709563875], 0, -1.0, [-0.6296162158194315, -0.01646274651123966]
[-0.6296162158194315, -0.01646274651123966], 0, -1.0, [-0.6462971694333491, -0.01668095361391762]
[-0.6462971694333491, -0.01668095361391762], 0, -1.0, [-0.6630785258906736, -0.016781356457324523]
[-0.6630785258906736, -0.016781356457324523], 0, -1.0, [-0.6798440452124082, -0.01676551932173454]
[-0.6798440452124082, -0.01676551932173454], 0, -1.0, [-0.6964801675065522, -0.01663612229414404]
[-0.6964801675065522, -0.01663612229414404], 0, -1.0, [-0.7128770321227046, -0.016396864616152394]
[-0.7128770321227046, -0.016396864616152394], 0, -1.0, [-0.7289293770498734, -0.01605234492716881]
[-0.7289293770498734, -0.01605234492716881], 0, -1.0, [-0.7445373011824322, -0.015607924132558864]
[-0.7445373011824322, -0.015607924132558864], 0, -1.0, [-0.7596068785585803, -0.015069577376148063]
[-0.7596068785585803, -0.015069577376148063], 0, -1.0, [-0.7740506204072191, -0.014443741848638711]
[-0.7740506204072191, -0.014443741848638711], 0, -1.0, [-0.7877877873485465, -0.01373716694132742]
[-0.7877877873485465, -0.01373716694132742], 2, -1.0, [-0.7987445599756887, -0.010956772627142265]
[-0.7987445599756887, -0.010956772627142265], 2, -1.0, [-0.8068642214003309, -0.00811966142464211]
[-0.8068642214003309, -0.00811966142464211], 2, -1.0, [-0.812106017885771, -0.00524179648544005]
[-0.812106017885771, -0.00524179648544005], 2, -1.0, [-0.8144442304387016, -0.002338212552930659]
[-0.8144442304387016, -0.002338212552930659], 2, -1.0, [-0.8138675380118059, 0.0005766924268957364]
[-0.8138675380118059, 0.0005766924268957364], 2, -1.0, [-0.8103787240750556, 0.0034888139367502172]
[-0.8103787240750556, 0.0034888139367502172], 2, -1.0, [-0.8039947495207563, 0.0063839745542992685]
[-0.8039947495207563, 0.0063839745542992685], 2, -1.0, [-0.7947471862464581, 0.009247563274298199]
[-0.7947471862464581, 0.009247563274298199], 2, -1.0, [-0.7826829770891749, 0.012064209157283241]
[-0.7826829770891749, 0.012064209157283241], 2, -1.0, [-0.7678654589150318, 0.01481751817414309]
[-0.7678654589150318, 0.01481751817414309], 2, -1.0, [-0.7503755568818765, 0.017489902033155223]
[-0.7503755568818765, 0.017489902033155223], 2, -1.0, [-0.7303130302085443, 0.02006252667333214]
[-0.7303130302085443, 0.02006252667333214], 2, -1.0, [-0.7077976251676573, 0.022515405040887015]
[-0.7077976251676573, 0.022515405040887015], 2, -1.0, [-0.6829699724120329, 0.024827652755624322]
[-0.6829699724120329, 0.024827652755624322], 2, -1.0, [-0.6559920568584009, 0.026977915553632072]
[-0.6559920568584009, 0.026977915553632072], 2, -1.0, [-0.627047093151556, 0.028944963706844833]
[-0.627047093151556, 0.028944963706844833], 2, -1.0, [-0.5963386616239986, 0.03070843152755741]
[-0.5963386616239986, 0.03070843152755741], 2, -1.0, [-0.5640890004789285, 0.03224966114507015]
[-0.5640890004789285, 0.03224966114507015], 2, -1.0, [-0.5305364088943939, 0.03355259158453465]
[-0.5305364088943939, 0.03355259158453465], 2, -1.0, [-0.49593178881658445, 0.03460462007780947]
[-0.49593178881658445, 0.03460462007780947], 2, -1.0, [-0.4605344329688393, 0.03539735584774518]
[-0.4605344329688393, 0.03539735584774518], 2, -1.0, [-0.42460724307994024, 0.035927189888899064]
[-0.42460724307994024, 0.035927189888899064], 2, -1.0, [-0.3884116246442024, 0.0361956184357378]
[-0.3884116246442024, 0.0361956184357378], 2, -1.0, [-0.35220234303574505, 0.03620928160845739]
[-0.35220234303574505, 0.03620928160845739], 2, -1.0, [-0.31622263427462427, 0.03597970876112075]
[-0.31622263427462427, 0.03597970876112075], 0, -1.0, [-0.2826998408173713, 0.03352279345725298]
[-0.2826998408173713, 0.03352279345725298], 0, -1.0, [-0.2518305717218671, 0.030869269095504213]
[-0.2518305717218671, 0.030869269095504213], 0, -1.0, [-0.22378113884717027, 0.028049432874696856]
[-0.22378113884717027, 0.028049432874696856], 0, -1.0, [-0.19868917276241524, 0.025091966084755037]
[-0.19868917276241524, 0.025091966084755037], 0, -1.0, [-0.17666608086198676, 0.02202309190042847]
[-0.17666608086198676, 0.02202309190042847], 0, -1.0, [-0.15780000885892034, 0.01886607200306642]
[-0.15780000885892034, 0.01886607200306642], 0, -1.0, [-0.14215899513689206, 0.01564101372202827]
[-0.14215899513689206, 0.01564101372202827], 0, -1.0, [-0.1297940532840823, 0.012364941852809765]
[-0.1297940532840823, 0.012364941852809765], 0, -1.0, [-0.1207419708787171, 0.009052082405365206]
[-0.1207419708787171, 0.009052082405365206], 0, -1.0, [-0.11502766440865497, 0.0057143064700621235]
[-0.11502766440865497, 0.0057143064700621235], 0, -1.0, [-0.11266597639192356, 0.002361688016731412]
[-0.11266597639192356, 0.002361688016731412], 0, -1.0, [-0.11366283947630332, -0.0009968630843797547]
[-0.11366283947630332, -0.0009968630843797547], 0, -1.0, [-0.11801576392775937, -0.004352924451456053]
[-0.11801576392775937, -0.004352924451456053], 0, -1.0, [-0.12571363141780917, -0.007697867490049805]
[-0.12571363141780917, -0.007697867490049805], 0, -1.0, [-0.13673580225611398, -0.011022170838304798]
[-0.13673580225611398, -0.011022170838304798], 0, -1.0, [-0.15105056841646503, -0.01431476616035104]
[-0.15105056841646503, -0.01431476616035104], 0, -1.0, [-0.16861301395003478, -0.017562445533569757]
[-0.16861301395003478, -0.017562445533569757], 2, -1.0, [-0.18736238006292066, -0.01874936611288588]
[-0.18736238006292066, -0.01874936611288588], 0, -1.0, [-0.2092271076917332, -0.02186472762881254]
[-0.2092271076917332, -0.02186472762881254], 0, -1.0, [-0.2341153137489473, -0.02488820605721413]
[-0.2341153137489473, -0.02488820605721413], 0, -1.0, [-0.2619118417741504, -0.02779652802520305]
[-0.2619118417741504, -0.02779652802520305], 0, -1.0, [-0.2924755402744714, -0.03056369850032103]
[-0.2924755402744714, -0.03056369850032103], 0, -1.0, [-0.325637069864031, -0.03316152958955958]
[-0.325637069864031, -0.03316152958955958], 0, -1.0, [-0.3611975622481635, -0.03556049238413249]
[-0.3611975622481635, -0.03556049238413249], 0, -1.0, [-0.398928446459946, -0.037730884211782494]
[-0.398928446459946, -0.037730884211782494], 0, -1.0, [-0.4385727108376126, -0.03964426437766662]
[-0.4385727108376126, -0.03964426437766662], 0, -1.0, [-0.4798477778992788, -0.04127506706166618]
[-0.4798477778992788, -0.04127506706166618], 0, -1.0, [-0.5224500361127962, -0.042602258213517374]
[-0.5224500361127962, -0.042602258213517374], 0, -1.0, [-0.5660609098554011, -0.043610873742605014]
[-0.5660609098554011, -0.043610873742605014], 0, -1.0, [-0.6103541781995198, -0.0442932683441186]
[-0.6103541781995198, -0.0442932683441186], 0, -1.0, [-0.6550041020353047, -0.044649923835784935]
[-0.6550041020353047, -0.044649923835784935], 0, -1.0, [-0.6996938148155609, -0.0446897127802562]
[-0.6996938148155609, -0.0446897127802562], 0, -1.0, [-0.7441233951308834, -0.04442958031532257]
[-0.7441233951308834, -0.04442958031532257], 0, -1.0, [-0.7880170768757777, -0.04389368174489431]
[-0.7880170768757777, -0.04389368174489431], 0, -1.0, [-0.8311291574849018, -0.043112080609124054]
[-0.8311291574849018, -0.043112080609124054], 0, -1.0, [-0.8732483163047711, -0.0421191588198693]
[-0.8732483163047711, -0.0421191588198693], 0, -1.0, [-0.9142002260969558, -0.040951909792184736]
[-0.9142002260969558, -0.040951909792184736], 0, -1.0, [-0.9538485032159076, -0.03964827711895186]
[-0.9538485032159076, -0.03964827711895186], 0, -1.0, [-0.9920941743129893, -0.03824567109708163]
[-0.9920941743129893, -0.03824567109708163], 0, -1.0, [-1.0288739269895022, -0.0367797526765129]
[-1.0288739269895022, -0.0367797526765129], 0, -1.0, [-1.0641574559609843, -0.035283528971482125]
[-1.0641574559609843, -0.035283528971482125], 0, -1.0, [-1.0979442201661014, -0.033786764205116976]
[-1.0979442201661014, -0.033786764205116976], 0, -1.0, [-1.130259899733409, -0.03231567956730773]
[-1.130259899733409, -0.03231567956730773], 0, -1.0, [-1.1611527962265953, -0.0308928964931863]
[-1.1611527962265953, -0.0308928964931863], 0, -1.0, [-1.1906903656536045, -0.029537569427009323]
[-1.1906903656536045, -0.029537569427009323], 0, -1.0, [-1.2, 0.0]
[-1.2, 0.0], 2, -1.0, [-1.1967581039591646, 0.003241896040835368]
[-1.1967581039591646, 0.003241896040835368], 2, -1.0, [-1.1902636585360942, 0.006494445423070332]
[-1.1902636585360942, 0.006494445423070332], 2, -1.0, [-1.1804959639787937, 0.009767694557300442]
[-1.1804959639787937, 0.009767694557300442], 2, -1.0, [-1.1674255149588486, 0.013070449019945182]
[-1.1674255149588486, 0.013070449019945182], 2, -1.0, [-1.1510159267200155, 0.016409588238833067]
[-1.1510159267200155, 0.016409588238833067], 2, -1.0, [-1.1312266168239755, 0.019789309896040046]
[-1.1312266168239755, 0.019789309896040046], 2, -1.0, [-1.108016322100852, 0.02321029472312345]
[-1.108016322100852, 0.02321029472312345], 2, -1.0, [-1.081347524946184, 0.02666879715466819]
[-1.081347524946184, 0.02666879715466819], 2, -1.0, [-1.0511918363028878, 0.03015568864329602]
[-1.0511918363028878, 0.03015568864329602], 2, -1.0, [-1.0175363271434712, 0.0336555091594167]
[-1.0175363271434712, 0.0336555091594167], 2, -1.0, [-0.9803907090723114, 0.03714561807115983]
[-0.9803907090723114, 0.03714561807115983], 2, -1.0, [-0.9397951336374217, 0.04059557543488971]
[-0.9397951336374217, 0.04059557543488971], 2, -1.0, [-0.8958282112564235, 0.043966922380998245]
[-0.8958282112564235, 0.043966922380998245], 2, -1.0, [-0.8486146572192776, 0.04721355403714586]
[-0.8486146572192776, 0.04721355403714586], 2, -1.0, [-0.7983317816221248, 0.05028287559715283]
[-0.7983317816221248, 0.05028287559715283], 2, -1.0, [-0.7452138959379592, 0.0531178856841656]
[-0.7452138959379592, 0.0531178856841656], 2, -1.0, [-0.6895536666604415, 0.0556602292775177]
[-0.6895536666604415, 0.0556602292775177], 2, -1.0, [-0.6316995610792892, 0.057854105581152386]
[-0.6316995610792892, 0.057854105581152386], 2, -1.0, [-0.5720488365336812, 0.05965072454560789]
[-0.5720488365336812, 0.05965072454560789], 2, -1.0, [-0.5110360146660762, 0.061012821867605024]
[-0.5110360146660762, 0.061012821867605024], 2, -1.0, [-0.44911739120176025, 0.061918623464315904]
[-0.44911739120176025, 0.061918623464315904], 2, -1.0, [-0.38675274139346727, 0.06236464980829299]
[-0.38675274139346727, 0.06236464980829299], 0, -1.0, [-0.3263858485235833, 0.06036689286988392]
[-0.3263858485235833, 0.06036689286988392], 2, -1.0, [-0.26641326066670956, 0.05997258785687377]
[-0.26641326066670956, 0.05997258785687377], 2, -1.0, [-0.2071838024472931, 0.05922945821941646]
[-0.2071838024472931, 0.05922945821941646], 2, -1.0, [-0.14898678436628338, 0.05819701808100971]
[-0.14898678436628338, 0.05819701808100971], 2, -1.0, [-0.09204417899061942, 0.05694260537566395]
[-0.09204417899061942, 0.05694260537566395], 2, -1.0, [-0.036506866223770036, 0.05553731276684939]
[-0.036506866223770036, 0.05553731276684939], 2, -1.0, [0.017545425014080178, 0.054052291237850214]
[0.017545425014080178, 0.054052291237850214], 2, -1.0, [0.07010117867422344, 0.05255575366014327]
[0.07010117867422344, 0.05255575366014327], 0, -1.0, [0.11921201334791365, 0.0491108346736902]
[0.11921201334791365, 0.0491108346736902], 0, -1.0, [0.16498103059649039, 0.045769017248576745]
[0.16498103059649039, 0.045769017248576745], 0, -1.0, [0.2075500584910359, 0.042569027894545496]
[0.2075500584910359, 0.042569027894545496], 0, -1.0, [0.2470882469975163, 0.03953818850648041]
[0.2470882469975163, 0.03953818850648041], 0, -1.0, [0.2837823975820507, 0.03669415058453439]
[0.2837823975820507, 0.03669415058453439], 0, -1.0, [0.31782912209716496, 0.03404672451511426]
[0.31782912209716496, 0.03404672451511426], 0, -1.0, [0.3494287394116032, 0.03159961731443824]
[0.3494287394116032, 0.03159961731443824], 0, -1.0, [0.3787807144996016, 0.029351975087998413]
[0.3787807144996016, 0.029351975087998413], 0, -1.0, [0.4060804012030964, 0.027299686703494808]
[0.4060804012030964, 0.027299686703494808], 0, -1.0, [0.4315168456603106, 0.02543644445721422]
[0.4315168456603106, 0.02543644445721422], 0, -1.0, [0.4552714258539385, 0.023754580193627865]
[0.4552714258539385, 0.023754580193627865], 0, -1.0, [0.47751713208512525, 0.022245706231186744]
[0.47751713208512525, 0.022245706231186744], 2, -1.0, [0.5004183258093943, 0.022901193724268975]
