[-0.46861273339160253, 0.0], 0, -1.0, [-0.4700232609570424, -0.0014105275654398754]
[-0.4700232609570424, -0.0014105275654398754], 0, -1.0, [-0.47283387709369706, -0.002810616136654682]
[-0.47283387709369706, -0.002810616136654682], 0, -1.0, [-0.477023759894343, -0.004189882800645934]
[-0.477023759894343, -0.004189882800645934], 0, -1.0, [-0.48256181981155133, -0.005538059917208352]
[-0.48256181981155133, -0.005538059917208352], 0, -1.0, [-0.4894068800263371, -0.006845060214785757]
[-0.4894068800263371, -0.006845060214785757], 0, -1.0, [-0.4975079299952942, -0.008101049968957118]
[-0.4975079299952942, -0.008101049968957118], 0, -1.0, [-0.5068044615575797, -0.009296531562285583]
[-0.5068044615575797, -0.009296531562285583], 0, -1.0, [-0.5172268971927177, -0.010422435635137988]
[-0.5172268971927177, -0.010422435635137988], 0, -1.0, [-0.5286971190055355, -0.011470221812817745]
[-0.5286971190055355, -0.011470221812817745], 0, -1.0, [-0.5411291047336515, -0.012431985728116034]
[-0.5411291047336515, -0.012431985728116034], 0, -1.0, [-0.554429673591864, -0.013300568858212465]
[-0.554429673591864, -0.013300568858212465], 0, -1.0, [-0.56849934026813, -0.014069666676265942]
[-0.56849934026813, -0.014069666676265942], 0, -1.0, [-0.5832332701613452, -0.014733929893215255]
[-0.5832332701613452, -0.014733929893215255], 0, -1.0, [-0.5985223233911664, -0.015289053229821228]
[-0.5985223233911664, -0.015289053229821228], 0, -1.0, [-0.6142541696690312, -0.01573184627786484]
[-0.6142541696690312, -0.01573184627786484], 0, -1.0, [-0.6303144512741804, -0.016060281605149176]
[-0.6303144512741804, -0.016060281605149176], 0, -1.0, [-0.6465879675781354, -0.01627351630395496]
[-0.6465879675781354, -0.01627351630395496], 0, -1.0, [-0.6629598521765172, -0.016371884598381767]
[-0.6629598521765172, -0.016371884598381767], 0, -1.0, [-0.6793167129665403, -0.016356860790023128]
[-0.6793167129665403, -0.016356860790023128], 0, -1.0, [-0.6955477065476401, -0.01623099358109975]
[-0.6955477065476401, -0.01623099358109975], 0, -1.0, [-0.7115455210537075, -0.01599781450606746]
[-0.7115455210537075, -0.01599781450606746], 0, -1.0, [-0.727207245727261, -0.01566172467355355]
[-0.727207245727261, -0.01566172467355355], 0, -1.0, [-0.7424351108736565, -0.015227865146395477]
[-0.7424351108736565, -0.015227865146395477], 0, -1.0, [-0.7571370878618985, -0.014701976988241954]
[-0.7571370878618985, -0.014701976988241954], 0, -1.0, [-0.7712273451126315, -0.014090257250732971]
[-0.7712273451126315, -0.014090257250732971], 0, -1.0, [-0.7846265620978703, -0.013399216985238846]
[-0.7846265620978703, -0.013399216985238846], 2, -1.0, [-0.795262108896449, -0.010635546798578678]
[-0.795262108896449, -0.010635546798578678], 2, -1.0, [-0.8030783588455106, -0.007816249949061589]
[-0.8030783588455106, -0.007816249949061589], 2, -1.0, [-0.8080356084536962, -0.004957249608185566]
[-0.8080356084536962, -0.004957249608185566], 2, -1.0, [-0.810109205167832, -0.0020735967141358646]
[-0.810109205167832, -0.0020735967141358646], 2, -1.0, [-0.8092889601948356, 0.0008202449729963705]
[-0.8092889601948356, 0.0008202449729963705], 2, -1.0, [-0.8055788951383621, 0.003710065056473578]
[-0.8055788951383621, 0.003710065056473578], 2, -1.0, [-0.7989973427648631, 0.006581552373499042]
[-0.7989973427648631, 0.006581552373499042], 2, -1.0, [-0.7895773938700078, 0.009419948894855262]
[-0.7895773938700078, 0.009419948894855262], 2, -1.0, [-0.7773676538253924, 0.01220974004461536]
[-0.7773676538253924, 0.01220974004461536], 2, -1.0, [-0.7624332438992389, 0.01493440992615342]
[-0.7624332438992389, 0.01493440992615342], 2, -1.0, [-0.7448569542575137, 0.01757628964172517]
[-0.7448569542575137, 0.01757628964172517], 2, -1.0, [-0.7247404287872317, 0.020116525470282046]
[-0.7247404287872317, 0.020116525470282046], 2, -1.0, [-0.7022052385738107, 0.02253519021342098]
[-0.7022052385738107, 0.02253519021342098], 2, -1.0, [-0.6773936839534264, 0.024811554620384278]
[-0.6773936839534264, 0.024811554620384278], 2, -1.0, [-0.6504691581648042, 0.026924525788622117]
[-0.6504691581648042, 0.026924525788622117], 2, -1.0, [-0.621615912497773, 0.028853245667031194]
[-0.621615912497773, 0.028853245667031194], 2, -1.0, [-0.5910380865627998, 0.03057782593497326]
[-0.5910380865627998, 0.03057782593497326], 2, -1.0, [-0.5589579093187939, 0.03208017724400593]
[-0.5589579093187939, 0.03208017724400593], 2, -1.0, [-0.5256130356367028, 0.03334487368209108]
[-0.5256130356367028, 0.03334487368209108], 2, -1.0, [-0.4912530550962624, 0.03435998054044041]
[-0.4912530550962624, 0.03435998054044041], 2, -1.0, [-0.456135286921143, 0.035117768175119336]
[-0.456135286921143, 0.035117768175119336], 2, -1.0, [-0.420520047688014, 0.03561523923312903]
[-0.420520047688014, 0.03561523923312903], 2, -1.0, [-0.38466563630401474, 0.03585441138399926]
[-0.38466563630401474, 0.03585441138399926], 2, -1.0, [-0.34882331480357515, 0.035842321500439575]
[-0.34882331480357515, 0.035842321500439575], 0, -1.0, [-0.3152325682870156, 0.0335907465165595]
[-0.3152325682870156, 0.0335907465165595], 0, -1.0, [-0.28410476489257125, 0.031127803394444382]
[-0.28410476489257125, 0.031127803394444382], 0, -1.0, [-0.2556225682375597, 0.02848219665501158]
[-0.2556225682375597, 0.02848219665501158], 0, -1.0, [-0.2299405906959643, 0.0256819775415954]
[-0.2299405906959643, 0.0256819775415954], 0, -1.0, [-0.2071870117829691, 0.022753578912995186]
[-0.2071870117829691, 0.022753578912995186], 0, -1.0, [-0.18746585899238463, 0.01972115279058449]
[-0.18746585899238463, 0.01972115279058449], 0, -1.0, [-0.17085965399496467, 0.01660620499741996]
[-0.17085965399496467, 0.01660620499741996], 0, -1.0, [-0.15743215553791945, 0.013427498457045217]
[-0.15743215553791945, 0.013427498457045217], 0, -1.0, [-0.14723097183066977, 0.01020118370724969]
[-0.14723097183066977, 0.01020118370724969], 0, -1.0, [-0.14028986134230334, 0.006941110488366434]
[-0.14028986134230334, 0.006941110488366434], 0, -1.0, [-0.13663058588681712, 0.003659275455486217]
[-0.13663058588681712, 0.003659275455486217], 0, -1.0, [-0.13626422034095606, 0.0003663655458610452]
[-0.13626422034095606, 0.0003663655458610452], 0, -1.0, [-0.13919185832221884, -0.0029276379812627706]
[-0.13919185832221884, -0.0029276379812627706], 0, -1.0, [-0.1454046834047349, -0.006212825082516046]
[-0.1454046834047349, -0.006212825082516046], 0, -1.0, [-0.15488340288902855, -0.009478719484293662]
[-0.15488340288902855, -0.009478719484293662], 0, -1.0, [-0.1675970682866513, -0.012713665397622757]
[-0.1675970682866513, -0.012713665397622757], 0, -1.0, [-0.18350133610975142, -0.015904267823100112]
[-0.18350133610975142, -0.015904267823100112], 0, -1.0, [-0.2025362563705332, -0.019034920260781792]
[-0.2025362563705332, -0.019034920260781792], 0, -1.0, [-0.2246237154601627, -0.022087459089629478]
[-0.2246237154601627, -0.022087459089629478], 0, -1.0, [-0.24966470422766457, -0.025040988767501878]
[-0.24966470422766457, -0.025040988767501878], 0, -1.0, [-0.2775366283711087, -0.027871924143444166]
[-0.2775366283711087, -0.027871924143444166], 0, -1.0, [-0.30809092138380445, -0.030554293012695737]
[-0.30809092138380445, -0.030554293012695737], 0, -1.0, [-0.34115125244358174, -0.03306033105977729]
[-0.34115125244358174, -0.03306033105977729], 0, -1.0, [-0.3765126331566305, -0.03536138071304881]
[-0.3765126331566305, -0.03536138071304881], 0, -1.0, [-0.4139417080989634, -0.03742907494233288]
[-0.4139417080989634, -0.03742907494233288], 0, -1.0, [-0.45317845696899445, -0.03923674887003104]
[-0.45317845696899445, -0.03923674887003104], 0, -1.0, [-0.4939394383081084, -0.040760981339113926]
[-0.4939394383081084, -0.040760981339113926], 0, -1.0, [-0.5359225712736406, -0.041983132965532244]
[-0.5359225712736406, -0.041983132965532244], 0, -1.0, [-0.5788132968266594, -0.04289072555301871]
[-0.5788132968266594, -0.04289072555301871], 0, -1.0, [-0.6222918045797683, -0.043478507753108915]
[-0.6222918045797683, -0.043478507753108915], 0, -1.0, [-0.6660408819495008, -0.043749077369732554]
[-0.6660408819495008, -0.043749077369732554], 0, -1.0, [-0.7097538617419715, -0.04371297979247065]
[-0.7097538617419715, -0.04371297979247065], 0, -1.0, [-0.7531421283964255, -0.04338826665445398]
[-0.7531421283964255, -0.04338826665445398], 0, -1.0, [-0.7959416949927769, -0.042799566596351396]
[-0.7959416949927769, -0.042799566596351396], 0, -1.0, [-0.8379184726862451, -0.04197677769346819]
[-0.8379184726862451, -0.04197677769346819], 0, -1.0, [-0.878872000882527, -0.04095352819628196]
[-0.878872000882527, -0.04095352819628196], 0, -1.0, [-0.9186375646522202, -0.03976556376969316]
[-0.9186375646522202, -0.03976556376969316], 0, -1.0, [-0.9570867712884392, -0.03844920663621899]
[-0.9570867712884392, -0.03844920663621899], 0, -1.0, [-0.9941267724304301, -0.03704000114199087]
[-0.9941267724304301, -0.03704000114199087], 0, -1.0, [-1.0296983924067056, -0.03557161997627553]
[-1.0296983924067056, -0.03557161997627553], 0, -1.0, [-1.0637734565731423, -0.034075064166436624]
[-1.0637734565731423, -0.034075064166436624], 0, -1.0, [-1.096351611159845, -0.03257815458670282]
[-1.096351611159845, -0.03257815458670282], 0, -1.0, [-1.12745689789524, -0.031105286735394963]
[-1.12745689789524, -0.031105286735394963], 0, -1.0, [-1.1571343027838887, -0.029677404888648794]
[-1.1571343027838887, -0.029677404888648794], 0, -1.0, [-1.1854464481422393, -0.02831214535835054]
[-1.1854464481422393, -0.02831214535835054], 0, -1.0, [-1.2, 0.0]
[-1.2, 0.0], 2, -1.0, [-1.1967581039591646, 0.003241896040835368]
[-1.1967581039591646, 0.003241896040835368], 2, -1.0, [-1.1902636585360942, 0.006494445423070332]
[-1.1902636585360942, 0.006494445423070332], 2, -1.0, [-1.1804959639787937, 0.009767694557300442]
[-1.1804959639787937, 0.009767694557300442], 2, -1.0, [-1.1674255149588486, 0.013070449019945182]
[-1.1674255149588486, 0.013070449019945182], 2, -1.0, [-1.1510159267200155, 0.016409588238833067]
[-1.1510159267200155, 0.016409588238833067], 2, -1.0, [-1.1312266168239755, 0.019789309896040046]
[-1.1312266168239755, 0.019789309896040046], 2, -1.0, [-1.108016322100852, 0.02321029472312345]
[-1.108016322100852, 0.02321029472312345], 2, -1.0, [-1.081347524946184, 0.02666879715466819]
[-1.081347524946184, 0.02666879715466819], 2, -1.0, [-1.0511918363028878, 0.03015568864329602]
[-1.0511918363028878, 0.03015568864329602], 2, -1.0, [-1.0175363271434712, 0.0336555091594167]
[-1.0175363271434712, 0.0336555091594167], 2, -1.0, [-0.9803907090723114, 0.03714561807115983]
[-0.9803907090723114, 0.03714561807115983], 2, -1.0, [-0.9397951336374217, 0.04059557543488971]
[-0.9397951336374217, 0.04059557543488971], 2, -1.0, [-0.8958282112564235, 0.043966922380998245]
[-0.8958282112564235, 0.043966922380998245], 2, -1.0, [-0.8486146572192776, 0.04721355403714586]
[-0.8486146572192776, 0.04721355403714586], 2, -1.0, [-0.7983317816221248, 0.05028287559715283]
[-0.7983317816221248, 0.05028287559715283], 2, -1.0, [-0.7452138959379592, 0.0531178856841656]
[-0.7452138959379592, 0.0531178856841656], 2, -1.0, [-0.6895536666604415, 0.0556602292775177]
[-0.6895536666604415, 0.0556602292775177], 2, -1.0, [-0.6316995610792892, 0.057854105581152386]
[-0.6316995610792892, 0.057854105581152386], 2, -1.0, [-0.5720488365336812, 0.05965072454560789]
[-0.5720488365336812, 0.05965072454560789], 2, -1.0, [-0.5110360146660762, 0.061012821867605024]
[-0.5110360146660762, 0.061012821867605024], 2, -1.0, [-0.44911739120176025, 0.061918623464315904]
[-0.44911739120176025, 0.061918623464315904], 2, -1.0, [-0.38675274139346727, 0.06236464980829299]
[-0.38675274139346727, 0.06236464980829299], 0, -1.0, [-0.3263858485235833, 0.06036689286988392]
[-0.3263858485235833, 0.06036689286988392], 2, -1.0, [-0.26641326066670956, 0.05997258785687377]
[-0.26641326066670956, 0.05997258785687377], 2, -1.0, [-0.2071838024472931, 0.05922945821941646]
[-0.2071838024472931, 0.05922945821941646], 2, -1.0, [-0.14898678436628338, 0.05819701808100971]
[-0.14898678436628338, 0.05819701808100971], 2, -1.0, [-0.09204417899061942, 0.05694260537566395]
[-0.09204417899061942, 0.05694260537566395], 2, -1.0, [-0.036506866223770036, 0.05553731276684939]
[-0.036506866223770036, 0.05553731276684939], 2, -1.0, [0.017545425014080178, 0.054052291237850214]
[0.017545425014080178, 0.054052291237850214], 2, -1.0, [0.07010117867422344, 0.05255575366014327]
[0.07010117867422344, 0.05255575366014327], 0, -1.0, [0.11921201334791365, 0.0491108346736902]
[0.11921201334791365, 0.0491108346736902], 0, -1.0, [0.16498103059649039, 0.045769017248576745]
[0.16498103059649039, 0.045769017248576745], 0, -1.0, [0.2075500584910359, 0.042569027894545496]
[0.2075500584910359, 0.042569027894545496], 0, -1.0, [0.2470882469975163, 0.03953818850648041]
[0.2470882469975163, 0.03953818850648041], 0, -1.0, [0.2837823975820507, 0.03669415058453439]
[0.2837823975820507, 0.03669415058453439], 0, -1.0, [0.31782912209716496, 0.03404672451511426]
[0.31782912209716496, 0.03404672451511426], 0, -1.0, [0.3494287394116032, 0.03159961731443824]
[0.3494287394116032, 0.03159961731443824], 0, -1.0, [0.3787807144996016, 0.029351975087998413]
[0.3787807144996016, 0.029351975087998413], 0, -1.0, [0.4060804012030964, 0.027299686703494808]
[0.4060804012030964, 0.027299686703494808], 0, -1.0, [0.4315168456603106, 0.02543644445721422]
[0.4315168456603106, 0.02543644445721422], 0, -1.0, [0.4552714258539385, 0.023754580193627865]
[0.4552714258539385, 0.023754580193627865], 0, -1.0, [0.47751713208512525, 0.022245706231186744]
[0.47751713208512525, 0.022245706231186744], 2, -1.0, [0.5004183258093943, 0.022901193724268975]
