[-0.54204154257643, 0.0], 2, -1.0, [-0.5409032923850223, 0.001138250191407682]
[-0.5409032923850223, 0.001138250191407682], 2, -1.0, [-0.5386353166048118, 0.0022679757802105023]
[-0.5386353166048118, 0.0022679757802105023], 2, -1.0, [-0.535254605010071, 0.003380711594740765]
[-0.535254605010071, 0.003380711594740765], 2, -1.0, [-0.5307864925084989, 0.004468112501572234]
[-0.5307864925084989, 0.004468112501572234], 2, -1.0, [-0.5252644763075891, 0.0055220162009097075]
[-0.5252644763075891, 0.0055220162009097075], 2, -1.0, [-0.5187299674033525, 0.006534508904236622]
[-0.5187299674033525, 0.006534508904236622], 2, -1.0, [-0.511231973262156, 0.007497994141196591]
[-0.511231973262156, 0.007497994141196591], 0, -1.0, [-0.5048267088622399, 0.006405264399916047]
[-0.5048267088622399, 0.006405264399916047], 2, -1.0, [-0.49756216055479446, 0.007264548307445416]
[-0.49756216055479446, 0.007264548307445416], 0, -1.0, [-0.4914926883541915, 0.006069472200602938]
[-0.4914926883541915, 0.006069472200602938], 0, -1.0, [-0.4866636396620416, 0.0048290486921499075]
[-0.4866636396620416, 0.0048290486921499075], 2, -1.0, [-0.4811110379827615, 0.005552601679280136]
[-0.4811110379827615, 0.005552601679280136], 0, -1.0, [-0.47687623217029995, 0.004234805812461559]
[-0.47687623217029995, 0.004234805812461559], 2, -1.0, [-0.4719906991150173, 0.00488553305528269]
[-0.4719906991150173, 0.00488553305528269], 0, -1.0, [-0.46849068214367684, 0.0035000169713404273]
[-0.46849068214367684, 0.0035000169713404273], 0, -1.0, [-0.4664020956684661, 0.0020885864752107587]
[-0.4664020956684661, 0.0020885864752107587], 2, -1.0, [-0.46374038232709625, 0.002661713341369858]
[-0.46374038232709625, 0.002661713341369858], 0, -1.0, [-0.4625251979872827, 0.0012151843398135697]
[-0.4625251979872827, 0.0012151843398135697], 2, -1.0, [-0.460765506990181, 0.0017596909971017102]
[-0.460765506990181, 0.0017596909971017102], 2, -1.0, [-0.45847427970801397, 0.002291227282167007]
[-0.45847427970801397, 0.002291227282167007], 0, -1.0, [-0.4576683847524681, 0.0008058949555458585]
[-0.4576683847524681, 0.0008058949555458585], 0, -1.0, [-0.45835374992176625, -0.000685365169298106]
[-0.45835374992176625, -0.000685365169298106], 0, -1.0, [-0.4605253341614508, -0.0021715842396845377]
[-0.4605253341614508, -0.0021715842396845377], 0, -1.0, [-0.4641671513831901, -0.003641817221739288]
[-0.4641671513831901, -0.003641817221739288], 0, -1.0, [-0.46925234794289167, -0.005085196559701557]
[-0.46925234794289167, -0.005085196559701557], 0, -1.0, [-0.4757433393256715, -0.0064909913827798146]
[-0.4757433393256715, -0.0064909913827798146], 0, -1.0, [-0.48359201479796304, -0.00784867547229154]
[-0.48359201479796304, -0.00784867547229154], 0, -1.0, [-0.4927400211297725, -0.009148006331809467]
[-0.4927400211297725, -0.009148006331809467], 0, -1.0, [-0.5031191376732611, -0.010379116543488652]
[-0.5031191376732611, -0.010379116543488652], 0, -1.0, [-0.514651754887785, -0.011532617214523965]
[-0.514651754887785, -0.011532617214523965], 0, -1.0, [-0.5272514667006594, -0.012599711812874292]
[-0.5272514667006594, -0.012599711812874292], 0, -1.0, [-0.5408237838785287, -0.013572317177869357]
[-0.5408237838785287, -0.013572317177869357], 0, -1.0, [-0.5552669709817213, -0.014443187103192543]
[-0.5552669709817213, -0.014443187103192543], 0, -1.0, [-0.5704730037496528, -0.015206032767931584]
[-0.5704730037496528, -0.015206032767931584], 0, -1.0, [-0.5863286373184382, -0.015855633568785443]
[-0.5863286373184382, -0.015855633568785443], 0, -1.0, [-0.6027165690087091, -0.01638793169027086]
[-0.6027165690087091, -0.01638793169027086], 0, -1.0, [-0.6195166731123876, -0.016800104103678472]
[-0.6195166731123876, -0.016800104103678472], 0, -1.0, [-0.6366072797282942, -0.01709060661590671]
[-0.6366072797282942, -0.01709060661590671], 0, -1.0, [-0.6538664657661976, -0.01725918603790329]
[-0.6538664657661976, -0.01725918603790329], 0, -1.0, [-0.6711733241550211, -0.017306858388823485]
[-0.6711733241550211, -0.017306858388823485], 0, -1.0, [-0.6884091772810731, -0.01723585312605206]
[-0.6884091772810731, -0.01723585312605206], 0, -1.0, [-0.7054587027753871, -0.017049525494314047]
[-0.7054587027753871, -0.017049525494314047], 0, -1.0, [-0.7222109437938148, -0.016752241018427615]
[-0.7222109437938148, -0.016752241018427615], 0, -1.0, [-0.7385601815414163, -0.016349237747601587]
[-0.7385601815414163, -0.016349237747601587], 0, -1.0, [-0.7544066545065705, -0.015846472965154134]
[-0.7544066545065705, -0.015846472965154134], 0, -1.0, [-0.769657116144114, -0.015250461637543494]
[-0.769657116144114, -0.015250461637543494], 0, -1.0, [-0.7842252300307526, -0.014568113886638551]
[-0.7842252300307526, -0.014568113886638551], 2, -1.0, [-0.7960318083143124, -0.011806578283559778]
[-0.7960318083143124, -0.011806578283559778], 2, -1.0, [-0.8050151352162738, -0.008983326901961302]
[-0.8050151352162738, -0.008983326901961302], 2, -1.0, [-0.8111297808895286, -0.006114645673254843]
[-0.8111297808895286, -0.006114645673254843], 2, -1.0, [-0.8143455970779147, -0.0032158161883860687]
[-0.8143455970779147, -0.0032158161883860687], 2, -1.0, [-0.814646983945245, -0.00030138686733038053]
[-0.814646983945245, -0.00030138686733038053], 2, -1.0, [-0.8120324885818326, 0.0026144953634123663]
[-0.8120324885818326, 0.0026144953634123663], 2, -1.0, [-0.8065147668186144, 0.005517721763218202]
[-0.8065147668186144, 0.005517721763218202], 2, -1.0, [-0.7981209113048163, 0.008393855513798152]
[-0.7981209113048163, 0.008393855513798152], 2, -1.0, [-0.7868931201576984, 0.011227791147117958]
[-0.7868931201576984, 0.011227791147117958], 2, -1.0, [-0.7728896516571783, 0.014003468500520188]
[-0.7728896516571783, 0.014003468500520188], 2, -1.0, [-0.7561859815454958, 0.016703670111682518]
[-0.7561859815454958, 0.016703670111682518], 2, -1.0, [-0.7368760512696072, 0.019309930275888575]
[-0.7368760512696072, 0.019309930275888575], 2, -1.0, [-0.7150734696385204, 0.021802581631086875]
[-0.7150734696385204, 0.021802581631086875], 2, -1.0, [-0.6909125095207603, 0.024160960117760012]
[-0.6909125095207603, 0.024160960117760012], 2, -1.0, [-0.6645487289053661, 0.026363780615394187]
[-0.6645487289053661, 0.026363780615394187], 2, -1.0, [-0.6361590458668233, 0.028389683038542876]
[-0.6361590458668233, 0.028389683038542876], 2, -1.0, [-0.6059411134012437, 0.030217932465579543]
[-0.6059411134012437, 0.030217932465579543], 2, -1.0, [-0.5741118751694078, 0.03182923823183589]
[-0.5741118751694078, 0.03182923823183589], 2, -1.0, [-0.5409052370153763, 0.03320663815403148]
[-0.5409052370153763, 0.03320663815403148], 2, -1.0, [-0.5065688587074652, 0.034336378307911114]
[-0.5065688587074652, 0.034336378307911114], 2, -1.0, [-0.47136014921992064, 0.03520870948754451]
[-0.47136014921992064, 0.03520870948754451], 0, -1.0, [-0.4375416276812864, 0.03381852153863425]
[-0.4375416276812864, 0.03381852153863425], 0, -1.0, [-0.4053613887042872, 0.03218023897699926]
[-0.4053613887042872, 0.03218023897699926], 0, -1.0, [-0.3750494508755741, 0.030311937828713033]
[-0.3750494508755741, 0.030311937828713033], 0, -1.0, [-0.34681511969257806, 0.028234331182996054]
[-0.34681511969257806, 0.028234331182996054], 0, -1.0, [-0.3208453788283099, 0.025969740864268197]
[-0.3208453788283099, 0.025969740864268197], 0, -1.0, [-0.2973042393696396, 0.023541139458670243]
[-0.2973042393696396, 0.023541139458670243], 0, -1.0, [-0.2763329113032892, 0.02097132806635043]
[-0.2763329113032892, 0.02097132806635043], 0, -1.0, [-0.258050618955223, 0.018282292348066175]
[-0.258050618955223, 0.018282292348066175], 0, -1.0, [-0.24255586219818648, 0.015494756757036553]
[-0.24255586219818648, 0.015494756757036553], 0, -1.0, [-0.2299279249153518, 0.01262793728283467]
[-0.2299279249153518, 0.01262793728283467], 0, -1.0, [-0.22022844671346897, 0.009699478201882834]
[-0.22022844671346897, 0.009699478201882834], 0, -1.0, [-0.21350289814262285, 0.006725548570846121]
[-0.21350289814262285, 0.006725548570846121], 0, -1.0, [-0.20978182923208888, 0.003721068910533973]
[-0.20978182923208888, 0.003721068910533973], 0, -1.0, [-0.2090817926658134, 0.0007000365662754721]
[-0.2090817926658134, 0.0007000365662754721], 0, -1.0, [-0.2114058743788918, -0.0023240817130784036]
[-0.2114058743788918, -0.0023240817130784036], 0, -1.0, [-0.2167437949379491, -0.005337920559057295]
[-0.2167437949379491, -0.005337920559057295], 0, -1.0, [-0.22507157486274573, -0.008327779924796627]
[-0.22507157486274573, -0.008327779924796627], 0, -1.0, [-0.23635078666833376, -0.011279211805588035]
[-0.23635078666833376, -0.011279211805588035], 0, -1.0, [-0.2505274465717641, -0.014176659903430373]
[-0.2505274465717641, -0.014176659903430373], 0, -1.0, [-0.2675306298982988, -0.017003183326534665]
[-0.2675306298982988, -0.017003183326534665], 0, -1.0, [-0.2872709258832594, -0.019740295984960646]
[-0.2872709258832594, -0.019740295984960646], 0, -1.0, [-0.30963887836034215, -0.022367952477082717]
[-0.30963887836034215, -0.022367952477082717], 0, -1.0, [-0.3345035860329424, -0.02486470767260021]
[-0.3345035860329424, -0.02486470767260021], 0, -1.0, [-0.36171165565838825, -0.02720806962544587]
[-0.36171165565838825, -0.02720806962544587], 0, -1.0, [-0.3910867086486138, -0.029375052990225525]
[-0.3910867086486138, -0.029375052990225525], 0, -1.0, [-0.42242963127225397, -0.03134292262364016]
[-0.42242963127225397, -0.03134292262364016], 0, -1.0, [-0.45551972679775066, -0.03309009552549668]
[-0.45551972679775066, -0.03309009552549668], 1, -1.0, [-0.48911687287462147, -0.03359714607687084]
[-0.48911687287462147, -0.03359714607687084], 0, -1.0, [-0.5239721722294653, -0.03485529935484393]
[-0.5239721722294653, -0.03485529935484393], 0, -1.0, [-0.5598246711101612, -0.03585249888069587]
[-0.5598246711101612, -0.03585249888069587], 0, -1.0, [-0.5964060102815709, -0.036581339171409724]
[-0.5964060102815709, -0.036581339171409724], 0, -1.0, [-0.6334456267106773, -0.03703961642910635]
[-0.6334456267106773, -0.03703961642910635], 0, -1.0, [-0.6706762222942557, -0.03723059558357841]
[-0.6706762222942557, -0.03723059558357841], 0, -1.0, [-0.7078391826200868, -0.0371629603258311]
[-0.7078391826200868, -0.0371629603258311], 0, -1.0, [-0.7446896299496782, -0.03685044732959144]
[-0.7446896299496782, -0.03685044732959144], 0, -1.0, [-0.7810008301202388, -0.03631120017056057]
[-0.7810008301202388, -0.03631120017056057], 0, -1.0, [-0.8165677368617842, -0.035566906741545376]
[-0.8165677368617842, -0.035566906741545376], 1, -1.0, [-0.8502095387575422, -0.033641801895758]
[-0.8502095387575422, -0.033641801895758], 2, -1.0, [-0.8807753308026238, -0.030565792045081627]
[-0.8807753308026238, -0.030565792045081627], 2, -1.0, [-0.908146288079603, -0.027370957276979184]
[-0.908146288079603, -0.027370957276979184], 2, -1.0, [-0.932231630825423, -0.024085342745820113]
[-0.932231630825423, -0.024085342745820113], 2, -1.0, [-0.9529641985098939, -0.02073256768447083]
[-0.9529641985098939, -0.02073256768447083], 2, -1.0, [-0.970296001795051, -0.01733180328515721]
[-0.970296001795051, -0.01733180328515721], 2, -1.0, [-0.9841940413068603, -0.01389803951180927]
[-0.9841940413068603, -0.01389803951180927], 2, -1.0, [-0.9946366042570602, -0.01044256295019996]
[-0.9946366042570602, -0.01044256295019996], 2, -1.0, [-1.00161018271134, -0.006973578454279596]
[-1.00161018271134, -0.006973578454279596], 2, -1.0, [-1.0051071045890587, -0.0034969218777188616]
[-1.0051071045890587, -0.0034969218777188616], 2, -1.0, [-1.0051239305630983, -1.6825974039584492e-05]
[-1.0051239305630983, -1.6825974039584492e-05], 2, -1.0, [-1.0016606447441427, 0.003463285818955668]
[-1.0016606447441427, 0.003463285818955668], 2, -1.0, [-0.9947206507785027, 0.006939993965640062]
[-0.9947206507785027, 0.006939993965640062], 2, -1.0, [-0.9843115734115984, 0.010409077366904324]
[-0.9843115734115984, 0.010409077366904324], 2, -1.0, [-0.9704468540149442, 0.013864719396654096]
[-0.9704468540149442, 0.013864719396654096], 2, -1.0, [-0.9531481123861363, 0.017298741628807943]
[-0.9531481123861363, 0.017298741628807943], 2, -1.0, [-0.9324482219532645, 0.020699890432871817]
[-0.9324482219532645, 0.020699890432871817], 2, -1.0, [-0.908395007734058, 0.024053214219206486]
[-0.908395007734058, 0.024053214219206486], 2, -1.0, [-0.881055423835682, 0.027339583898376006]
[-0.881055423835682, 0.027339583898376006], 2, -1.0, [-0.850520000168232, 0.030535423667450042]
[-0.850520000168232, 0.030535423667450042], 2, -1.0, [-0.8169072702213986, 0.03361272994683343]
[-0.8169072702213986, 0.03361272994683343], 2, -1.0, [-0.780367811777762, 0.03653945844363656]
[-0.780367811777762, 0.03653945844363656], 2, -1.0, [-0.7410874641283952, 0.039280347649366824]
[-0.7410874641283952, 0.039280347649366824], 2, -1.0, [-0.6992892470830401, 0.04179821704535519]
[-0.6992892470830401, 0.04179821704535519], 2, -1.0, [-0.6552335191061329, 0.04405572797690721]
[-0.6552335191061329, 0.04405572797690721], 2, -1.0, [-0.609215991648861, 0.04601752745727199]
[-0.609215991648861, 0.04601752745727199], 2, -1.0, [-0.5615633723237412, 0.0476526193251198]
[-0.5615633723237412, 0.0476526193251198], 2, -1.0, [-0.5126266337102694, 0.048936738613471864]
[-0.5126266337102694, 0.048936738613471864], 2, -1.0, [-0.46277217130149045, 0.04985446240877892]
[-0.46277217130149045, 0.04985446240877892], 2, -1.0, [-0.4123713808145327, 0.0504007904869578]
[-0.4123713808145327, 0.0504007904869578], 2, -1.0, [-0.3617894011427569, 0.05058197967177578]
[-0.3617894011427569, 0.05058197967177578], 2, -1.0, [-0.31137388913780384, 0.050415512004953006]
[-0.31137388913780384, 0.050415512004953006], 2, -1.0, [-0.2614446893898925, 0.04992919974791135]
[-0.2614446893898925, 0.04992919974791135], 2, -1.0, [-0.21228513666615104, 0.049159552723741486]
[-0.21228513666615104, 0.049159552723741486], 2, -1.0, [-0.16413550825207468, 0.04814962841407634]
[-0.16413550825207468, 0.04814962841407634], 2, -1.0, [-0.11718887416774712, 0.04694663408432757]
[-0.11718887416774712, 0.04694663408432757], 2, -1.0, [-0.07158932600564907, 0.04559954816209805]
[-0.07158932600564907, 0.04559954816209805], 2, -1.0, [-0.02743234251655713, 0.044156983489091944]
[-0.02743234251655713, 0.044156983489091944], 2, -1.0, [0.015233102196331352, 0.04266544471288848]
[0.015233102196331352, 0.04266544471288848], 2, -1.0, [0.056401156988204255, 0.0411680547918729]
[0.056401156988204255, 0.0411680547918729], 2, -1.0, [0.09610491374784637, 0.03970375675964211]
[0.09610491374784637, 0.03970375675964211], 2, -1.0, [0.13441185946243, 0.03830694571458365]
[0.13441185946243, 0.03830694571458365], 2, -1.0, [0.17141931472362673, 0.03700745526119673]
[0.17141931472362673, 0.03700745526119673], 1, -1.0, [0.20625012505730264, 0.0348308103336759]
[0.20625012505730264, 0.0348308103336759], 1, -1.0, [0.23904442564854023, 0.032794300591237585]
[0.23904442564854023, 0.032794300591237585], 1, -1.0, [0.26995449396331017, 0.03091006831476997]
[0.26995449396331017, 0.03091006831476997], 1, -1.0, [0.29914056901597397, 0.029186075052663782]
[0.29914056901597397, 0.029186075052663782], 1, -1.0, [0.32676757520319044, 0.027627006187216467]
[0.32676757520319044, 0.027627006187216467], 1, -1.0, [0.35300265361934746, 0.026235078416157027]
[0.35300265361934746, 0.026235078416157027], 1, -1.0, [0.37801338890564673, 0.025010735286299286]
[0.37801338890564673, 0.025010735286299286], 1, -1.0, [0.40196661829275393, 0.0239532293871072]
[0.40196661829275393, 0.0239532293871072], 2, -1.0, [0.42602771621855723, 0.024061097925803295]
[0.42602771621855723, 0.024061097925803295], 1, -1.0, [0.4493674365049714, 0.023339720286414175]
[0.4493674365049714, 0.023339720286414175], 0, -1.0, [0.47115501200996707, 0.021787575504995684]
[0.47115501200996707, 0.021787575504995684], 2, -1.0, [0.4935508799653606, 0.022395867955393584]
[0.4935508799653606, 0.022395867955393584], 0, -1.0, [0.514721693786681, 0.021170813821320387]
