[-0.5713758505469464, 0.0], 2, -1.0, [-0.5700187481309102, 0.001357102416036126]
[-0.5700187481309102, 0.001357102416036126], 2, -1.0, [-0.5673146201272177, 0.002704128003692583]
[-0.5673146201272177, 0.002704128003692583], 2, -1.0, [-0.5632835623545424, 0.004031057772675291]
[-0.5632835623545424, 0.004031057772675291], 2, -1.0, [-0.5579555712953375, 0.0053279910592048995]
[-0.5579555712953375, 0.0053279910592048995], 2, -1.0, [-0.5513703602630998, 0.006585211032237687]
[-0.5513703602630998, 0.006585211032237687], 2, -1.0, [-0.5435771032275589, 0.007793257035540896]
[-0.5435771032275589, 0.007793257035540896], 2, -1.0, [-0.5346340984264275, 0.008943004801131462]
[-0.5346340984264275, 0.008943004801131462], 0, -1.0, [-0.52660834382172, 0.008025754604707596]
[-0.52660834382172, 0.008025754604707596], 2, -1.0, [-0.5175600177620011, 0.009048326059718876]
[-0.5175600177620011, 0.009048326059718876], 2, -1.0, [-0.5075569799086995, 0.010003037853301604]
[-0.5075569799086995, 0.010003037853301604], 0, -1.0, [-0.4986742090863888, 0.008882770822310686]
[-0.4986742090863888, 0.008882770822310686], 0, -1.0, [-0.49097819836673695, 0.00769601071965189]
[-0.49097819836673695, 0.00769601071965189], 0, -1.0, [-0.484526451657508, 0.006451746709228911]
[-0.484526451657508, 0.006451746709228911], 2, -1.0, [-0.47736707678039686, 0.007159374877111134]
[-0.47736707678039686, 0.007159374877111134], 0, -1.0, [-0.4715533290528876, 0.005813747727509238]
[-0.4715533290528876, 0.005813747727509238], 1, -1.0, [-0.4661283381154783, 0.005424990937409276]
[-0.4661283381154783, 0.005424990937409276], 0, -1.0, [-0.4621322431974, 0.003996094918078329]
[-0.4621322431974, 0.003996094918078329], 0, -1.0, [-0.45959453913615717, 0.002537704061242821]
[-0.45959453913615717, 0.002537704061242821], 0, -1.0, [-0.4585339225755396, 0.001060616560617581]
[-0.4585339225755396, 0.001060616560617581], 0, -1.0, [-0.45895819952245803, -0.000424276946918411]
[-0.45895819952245803, -0.000424276946918411], 0, -1.0, [-0.460864247935663, -0.001906048413204957]
[-0.460864247935663, -0.001906048413204957], 0, -1.0, [-0.46423803260406016, -0.0033737846683971843]
[-0.46423803260406016, -0.0033737846683971843], 0, -1.0, [-0.46905467341856066, -0.004816640814500532]
[-0.46905467341856066, -0.004816640814500532], 0, -1.0, [-0.47527857188269346, -0.00622389846413278]
[-0.47527857188269346, -0.00622389846413278], 0, -1.0, [-0.48286360398206524, -0.007585032099371773]
[-0.48286360398206524, -0.007585032099371773], 0, -1.0, [-0.4917533900027979, -0.008889786020732659]
[-0.4917533900027979, -0.008889786020732659], 0, -1.0, [-0.5018816532589631, -0.010128263256165216]
[-0.5018816532589631, -0.010128263256165216], 0, -1.0, [-0.5131726797287729, -0.011291026469809815]
[-0.5131726797287729, -0.011291026469809815], 0, -1.0, [-0.5255418891680083, -0.012369209439235352]
[-0.5255418891680083, -0.012369209439235352], 0, -1.0, [-0.5388965253380074, -0.013354636169999087]
[-0.5388965253380074, -0.013354636169999087], 0, -1.0, [-0.5531364686556831, -0.014239943317675748]
[-0.5531364686556831, -0.014239943317675748], 0, -1.0, [-0.5681551690843364, -0.015018700428653296]
[-0.5681551690843364, -0.015018700428653296], 0, -1.0, [-0.5838406908096001, -0.015685521725263732]
[-0.5838406908096001, -0.015685521725263732], 0, -1.0, [-0.6000768536686648, -0.016236162859064755]
[-0.6000768536686648, -0.016236162859064755], 0, -1.0, [-0.6167444499778753, -0.016667596309210476]
[-0.6167444499778753, -0.016667596309210476], 0, -1.0, [-0.6337225099050257, -0.016978059927150374]
[-0.6337225099050257, -0.016978059927150374], 0, -1.0, [-0.6508895843828207, -0.017167074477795047]
[-0.6508895843828207, -0.017167074477795047], 0, -1.0, [-0.6681250121748297, -0.017235427792008977]
[-0.6681250121748297, -0.017235427792008977], 0, -1.0, [-0.6853101373403522, -0.017185125165522456]
[-0.6853101373403522, -0.017185125165522456], 0, -1.0, [-0.7023294450631297, -0.01701930772277745]
[-0.7023294450631297, -0.01701930772277745], 0, -1.0, [-0.7190715874749045, -0.016742142411774897]
[-0.7190715874749045, -0.016742142411774897], 0, -1.0, [-0.7354302764032795, -0.016358688928374967]
[-0.7354302764032795, -0.016358688928374967], 0, -1.0, [-0.7513050264523743, -0.015874750049094805]
[-0.7513050264523743, -0.015874750049094805], 0, -1.0, [-0.7666017389540092, -0.01529671250163487]
[-0.7666017389540092, -0.01529671250163487], 0, -1.0, [-0.7812331245610438, -0.01463138560703462]
[-0.7812331245610438, -0.01463138560703462], 1, -1.0, [-0.794118969091492, -0.01288584453044831]
[-0.794118969091492, -0.01288584453044831], 1, -1.0, [-0.8051914078475401, -0.01107243875604807]
[-0.8051914078475401, -0.01107243875604807], 2, -1.0, [-0.8133942874114605, -0.008202879563920368]
[-0.8133942874114605, -0.008202879563920368], 2, -1.0, [-0.8186873339378993, -0.005293046526438855]
[-0.8186873339378993, -0.005293046526438855], 2, -1.0, [-0.8210451724417991, -0.002357838503899823]
[-0.8210451724417991, -0.002357838503899823], 2, -1.0, [-0.8204566561085938, 0.0005885163332052905]
[-0.8204566561085938, 0.0005885163332052905], 2, -1.0, [-0.8169245580840582, 0.0035320980245355463]
[-0.8169245580840582, 0.0035320980245355463], 2, -1.0, [-0.8104656489455033, 0.0064589091385548175]
[-0.8104656489455033, 0.0064589091385548175], 2, -1.0, [-0.8011111540739554, 0.009354494871547957]
[-0.8011111540739554, 0.009354494871547957], 2, -1.0, [-0.7889075560888547, 0.012203597985100697]
[-0.7889075560888547, 0.012203597985100697], 2, -1.0, [-0.7739176781003119, 0.014989877988542752]
[-0.7739176781003119, 0.014989877988542752], 2, -1.0, [-0.7562219539612661, 0.017695724139045736]
[-0.7562219539612661, 0.017695724139045736], 2, -1.0, [-0.7359197629296835, 0.02030219103158259]
[-0.7359197629296835, 0.02030219103158259], 2, -1.0, [-0.713130680158945, 0.02278908277073851]
[-0.713130680158945, 0.02278908277073851], 2, -1.0, [-0.6879954742706579, 0.025135205888287104]
[-0.6879954742706579, 0.025135205888287104], 2, -1.0, [-0.6606766728443086, 0.027318801426349272]
[-0.6606766728443086, 0.027318801426349272], 2, -1.0, [-0.6313585202461129, 0.029318152598195705]
[-0.6313585202461129, 0.029318152598195705], 2, -1.0, [-0.6002461735761272, 0.031112346669985722]
[-0.6002461735761272, 0.031112346669985722], 2, -1.0, [-0.5675640238078167, 0.03268214976831054]
[-0.5675640238078167, 0.03268214976831054], 2, -1.0, [-0.5335530898977935, 0.03401093391002316]
[-0.5335530898977935, 0.03401093391002316], 2, -1.0, [-0.49846750972654347, 0.03508558017125004]
[-0.49846750972654347, 0.03508558017125004], 2, -1.0, [-0.46257023553537147, 0.035897274191172]
[-0.46257023553537147, 0.035897274191172], 2, -1.0, [-0.42612812255493787, 0.03644211298043361]
[-0.42612812255493787, 0.03644211298043361], 2, -1.0, [-0.38940666616490033, 0.03672145639003752]
[-0.38940666616490033, 0.03672145639003752], 1, -1.0, [-0.3536646847818967, 0.035741981383003635]
[-0.3536646847818967, 0.035741981383003635], 0, -1.0, [-0.32014271507816094, 0.033521969703735804]
[-0.32014271507816094, 0.033521969703735804], 0, -1.0, [-0.2890536683758041, 0.031089046702356862]
[-0.2890536683758041, 0.031089046702356862], 0, -1.0, [-0.260582106352557, 0.028471562023247084]
[-0.260582106352557, 0.028471562023247084], 0, -1.0, [-0.23488475509024107, 0.02569735126231595]
[-0.23488475509024107, 0.02569735126231595], 0, -1.0, [-0.21209199271302398, 0.02279276237721708]
[-0.21209199271302398, 0.02279276237721708], 0, -1.0, [-0.1923100157352101, 0.01978197697781389]
[-0.1923100157352101, 0.01978197697781389], 0, -1.0, [-0.17562339154045759, 0.016686624194752506]
[-0.17562339154045759, 0.016686624194752506], 0, -1.0, [-0.1620977300283809, 0.013525661512076695]
[-0.1620977300283809, 0.013525661512076695], 0, -1.0, [-0.15178224680007849, 0.010315483228302428]
[-0.15178224680007849, 0.010315483228302428], 0, -1.0, [-0.14471203505888747, 0.007070211741191009]
[-0.14471203505888747, 0.007070211741191009], 0, -1.0, [-0.14090990771297968, 0.0038021273459077813]
[-0.14090990771297968, 0.0038021273459077813], 0, -1.0, [-0.14038771153372867, 0.0005221961792510146]
[-0.14038771153372867, 0.0005221961792510146], 0, -1.0, [-0.14314705046066897, -0.002759338926940306]
[-0.14314705046066897, -0.002759338926940306], 0, -1.0, [-0.14917938582609486, -0.006032335365425873]
[-0.14917938582609486, -0.006032335365425873], 0, -1.0, [-0.1584655091646808, -0.009286123338585939]
[-0.1584655091646808, -0.009286123338585939], 0, -1.0, [-0.1709744107643817, -0.012508901599700896]
[-0.1709744107643817, -0.012508901599700896], 0, -1.0, [-0.1866615966772371, -0.015687185912855416]
[-0.1866615966772371, -0.015687185912855416], 0, -1.0, [-0.20546694056569412, -0.01880534388845701]
[-0.20546694056569412, -0.01880534388845701], 0, -1.0, [-0.22731219552857887, -0.021845254962884753]
[-0.22731219552857887, -0.021845254962884753], 0, -1.0, [-0.2520983343646767, -0.024786138836097857]
[-0.2520983343646767, -0.024786138836097857], 0, -1.0, [-0.2797029319053168, -0.027604597540640093]
[-0.2797029319053168, -0.027604597540640093], 0, -1.0, [-0.30997784492052577, -0.030274913015208977]
[-0.30997784492052577, -0.030274913015208977], 0, -1.0, [-0.34274747608780287, -0.0327696311672771]
[-0.34274747608780287, -0.0327696311672771], 0, -1.0, [-0.37780791928886714, -0.0350604432010643]
[-0.37780791928886714, -0.0350604432010643], 0, -1.0, [-0.41492726455232104, -0.03711934526345389]
[-0.41492726455232104, -0.03711934526345389], 0, -1.0, [-0.4538472849268463, -0.03892002037452526]
[-0.4538472849268463, -0.03892002037452526], 0, -1.0, [-0.49428663203278067, -0.040439347105934366]
[-0.49428663203278067, -0.040439347105934366], 0, -1.0, [-0.5359455369932237, -0.041658904960442986]
[-0.5359455369932237, -0.041658904960442986], 0, -1.0, [-0.5785118624161802, -0.04256632542295661]
[-0.5785118624161802, -0.04256632542295661], 2, -1.0, [-0.619668200021298, -0.041156337605117735]
[-0.619668200021298, -0.041156337605117735], 0, -1.0, [-0.6611139504867583, -0.041445750465460264]
[-0.6611139504867583, -0.041445750465460264], 0, -1.0, [-0.7025573444829537, -0.04144339399619543]
[-0.7025573444829537, -0.04144339399619543], 0, -1.0, [-0.7437221040961635, -0.0411647596132097]
[-0.7437221040961635, -0.0411647596132097], 0, -1.0, [-0.7843533409702034, -0.04063123687403992]
[-0.7843533409702034, -0.04063123687403992], 0, -1.0, [-0.824222360573926, -0.03986901960372259]
[-0.824222360573926, -0.03986901960372259], 2, -1.0, [-0.8611301591322826, -0.03690779855835674]
[-0.8611301591322826, -0.03690779855835674], 2, -1.0, [-0.8949174358895007, -0.03378727675721804]
[-0.8949174358895007, -0.03378727675721804], 2, -1.0, [-0.925461085784692, -0.03054364989519133]
[-0.925461085784692, -0.03054364989519133], 2, -1.0, [-0.9526696131877647, -0.027208527403072696]
[-0.9526696131877647, -0.027208527403072696], 2, -1.0, [-0.97647799343728, -0.023808380249515378]
[-0.97647799343728, -0.023808380249515378], 2, -1.0, [-0.996842427088019, -0.020364433650738922]
[-0.996842427088019, -0.020364433650738922], 2, -1.0, [-1.0137353324648106, -0.01689290537679171]
[-1.0137353324648106, -0.01689290537679171], 2, -1.0, [-1.0271408241173727, -0.013405491652562015]
[-1.0271408241173727, -0.013405491652562015], 2, -1.0, [-1.0370508399681055, -0.0099100158507329]
[-1.0370508399681055, -0.0099100158507329], 2, -1.0, [-1.0434620139815782, -0.006411174013472611]
[-1.0434620139815782, -0.006411174013472611], 2, -1.0, [-1.0463733449785886, -0.0029113309970103646]
[-1.0463733449785886, -0.0029113309970103646], 2, -1.0, [-1.0457846836178988, 0.0005886613606897687]
[-1.0457846836178988, 0.0005886613606897687], 2, -1.0, [-1.0416960447143668, 0.0040886389035319475]
[-1.0416960447143668, 0.0040886389035319475], 2, -1.0, [-1.0341077463020583, 0.007588298412308472]
[-1.0341077463020583, 0.007588298412308472], 2, -1.0, [-1.023021375250713, 0.011086371051345424]
[-1.023021375250713, 0.011086371051345424], 2, -1.0, [-1.0084415768015946, 0.014579798449118324]
[-1.0084415768015946, 0.014579798449118324], 2, -1.0, [-0.9903786571128227, 0.01806291968877196]
[-0.9903786571128227, 0.01806291968877196], 2, -1.0, [-0.9688519689201506, 0.02152668819267212]
[-0.9688519689201506, 0.02152668819267212], 2, -1.0, [-0.943894016266392, 0.024957952653758584]
[-0.943894016266392, 0.024957952653758584], 2, -1.0, [-0.9155551615204808, 0.028338854745911253]
[-0.9155551615204808, 0.028338854745911253], 2, -1.0, [-0.8839087453048959, 0.03164641621558484]
[-0.8839087453048959, 0.03164641621558484], 2, -1.0, [-0.8490563397942162, 0.034852405510679724]
[-0.8490563397942162, 0.034852405510679724], 2, -1.0, [-0.8111327557351866, 0.03792358405902961]
[-0.8111327557351866, 0.03792358405902961], 2, -1.0, [-0.7703103276785009, 0.04082242805668568]
[-0.7703103276785009, 0.04082242805668568], 2, -1.0, [-0.7268019312595289, 0.04350839641897211]
[-0.7268019312595289, 0.04350839641897211], 2, -1.0, [-0.6808621665485314, 0.04593976471099751]
[-0.6808621665485314, 0.04593976471099751], 2, -1.0, [-0.6327861977870732, 0.048075968761458115]
[-0.6327861977870732, 0.048075968761458115], 2, -1.0, [-0.5829058893535928, 0.04988030843348047]
[-0.5829058893535928, 0.04988030843348047], 2, -1.0, [-0.5315831206380218, 0.05132276871557098]
[-0.5315831206380218, 0.05132276871557098], 2, -1.0, [-0.47920047506074004, 0.05238264557728176]
[-0.47920047506074004, 0.05238264557728176], 2, -1.0, [-0.4261498330292348, 0.053050642031505224]
[-0.4261498330292348, 0.053050642031505224], 2, -1.0, [-0.37281969166988693, 0.053330141359347875]
[-0.37281969166988693, 0.053330141359347875], 2, -1.0, [-0.31958222259988917, 0.05323746906999778]
[-0.31958222259988917, 0.05323746906999778], 2, -1.0, [-0.26678111916619135, 0.05280110343369784]
[-0.26678111916619135, 0.05280110343369784], 2, -1.0, [-0.2147211666292189, 0.052059952536972466]
[-0.2147211666292189, 0.052059952536972466], 2, -1.0, [-0.16366022006691558, 0.05106094656230331]
[-0.16366022006691558, 0.05106094656230331], 2, -1.0, [-0.11380395078045942, 0.04985626928645616]
[-0.11380395078045942, 0.04985626928645616], 2, -1.0, [-0.06530338872286298, 0.048500562057596446]
[-0.06530338872286298, 0.048500562057596446], 2, -1.0, [-0.018255003923961732, 0.04704838479890125]
[-0.018255003923961732, 0.04704838479890125], 2, -1.0, [0.02729712894617202, 0.04555213287013375]
[0.02729712894617202, 0.04555213287013375], 1, -1.0, [0.07035763988170202, 0.04306051093552999]
[0.07035763988170202, 0.04306051093552999], 1, -1.0, [0.11097363408945202, 0.04061599420774999]
[0.11097363408945202, 0.04061599420774999], 1, -1.0, [0.14922689876920234, 0.038253264679750314]
[0.14922689876920234, 0.038253264679750314], 1, -1.0, [0.18522652970697812, 0.03599963093777579]
[0.18522652970697812, 0.03599963093777579], 1, -1.0, [0.21910230529699481, 0.033875775590016685]
[0.21910230529699481, 0.033875775590016685], 1, -1.0, [0.2509989795370988, 0.03189667424010399]
[0.2509989795370988, 0.03189667424010399], 1, -1.0, [0.28107154688587277, 0.030072567348773952]
[0.28107154688587277, 0.030072567348773952], 1, -1.0, [0.30948145018173095, 0.028409903295858168]
[0.30948145018173095, 0.028409903295858168], 1, -1.0, [0.33639365273254956, 0.02691220255081861]
[0.33639365273254956, 0.02691220255081861], 1, -1.0, [0.3619744699494102, 0.02558081721686061]
[0.3619744699494102, 0.02558081721686061], 1, -1.0, [0.38639004734504434, 0.024415577395634165]
[0.38639004734504434, 0.024415577395634165], 2, -1.0, [0.4108053742202396, 0.024415326875195268]
[0.4108053742202396, 0.024415326875195268], 0, -1.0, [0.43339080213241615, 0.022585427912176548]
[0.43339080213241615, 0.022585427912176548], 2, -1.0, [0.4563078982919563, 0.022917096159540146]
[0.4563078982919563, 0.022917096159540146], 0, -1.0, [0.47772373373815374, 0.021415835446197462]
[0.47772373373815374, 0.021415835446197462], 2, -1.0, [0.4997965914725958, 0.022072857734442085]
[0.4997965914725958, 0.022072857734442085], 0, -1.0, [0.5206910844934917, 0.020894493020895865]
