[-0.5688346650991215, 0.0], 0, -1.0, [-0.5694964363318492, -0.0006617712327277243]
[-0.5694964363318492, -0.0006617712327277243], 0, -1.0, [-0.5708150618160893, -0.0013186254842401336]
[-0.5708150618160893, -0.0013186254842401336], 0, -1.0, [-0.5727807481742591, -0.0019656863581697546]
[-0.5727807481742591, -0.0019656863581697546], 0, -1.0, [-0.5753789066340816, -0.002598158459822619]
[-0.5753789066340816, -0.002598158459822619], 0, -1.0, [-0.5785902740872645, -0.0032113674531828954]
[-0.5785902740872645, -0.0032113674531828954], 0, -1.0, [-0.5823910736084538, -0.003800799521189234]
[-0.5823910736084538, -0.003800799521189234], 0, -1.0, [-0.5867532135390982, -0.004362139930644423]
[-0.5867532135390982, -0.004362139930644423], 0, -1.0, [-0.5916445238704832, -0.004891310331385025]
[-0.5916445238704832, -0.004891310331385025], 0, -1.0, [-0.5970290282160982, -0.005384504345614985]
[-0.5970290282160982, -0.005384504345614985], 0, -1.0, [-0.6028672491524637, -0.005838220936365497]
[-0.6028672491524637, -0.005838220936365497], 0, -1.0, [-0.6091165441451293, -0.0062492949926655625]
[-0.6091165441451293, -0.0062492949926655625], 0, -1.0, [-0.6157314686863407, -0.006614924541211348]
[-0.6157314686863407, -0.006614924541211348], 0, -1.0, [-0.622664162682943, -0.006932693996602371]
[-0.622664162682943, -0.006932693996602371], 0, -1.0, [-0.6298647555818198, -0.007200592898876804]
[-0.6298647555818198, -0.007200592898876804], 0, -1.0, [-0.6372817852415688, -0.0074170296597489815]
[-0.6372817852415688, -0.0074170296597489815], 0, -1.0, [-0.6448626251878617, -0.007580839946292958]
[-0.6448626251878617, -0.007580839946292958], 0, -1.0, [-0.6525539146563895, -0.007691289468527744]
[-0.6525539146563895, -0.007691289468527744], 0, -1.0, [-0.6603019857548508, -0.007748071098461268]
[-0.6603019857548508, -0.007748071098461268], 0, -1.0, [-0.6680532821783737, -0.0077512964235229]
[-0.6680532821783737, -0.0077512964235229], 0, -1.0, [-0.6757547641948366, -0.007701482016462904]
[-0.6757547641948366, -0.007701482016462904], 0, -1.0, [-0.6833542950705794, -0.007599530875742869]
[-0.6833542950705794, -0.007599530875742869], 0, -1.0, [-0.6908010047152336, -0.007446709644654248]
[-0.6908010047152336, -0.007446709644654248], 0, -1.0, [-0.6980456270599028, -0.007244622344669188]
[-0.6980456270599028, -0.007244622344669188], 0, -1.0, [-0.7050408085115664, -0.006995181451663536]
[-0.7050408085115664, -0.006995181451663536], 0, -1.0, [-0.7117413857095516, -0.006700577197985277]
[-0.7117413857095516, -0.006700577197985277], 0, -1.0, [-0.7181046317064913, -0.0063632459969397166]
[-0.7181046317064913, -0.0063632459969397166], 0, -1.0, [-0.7240904705663784, -0.005985838859887169]
[-0.7240904705663784, -0.005985838859887169], 0, -1.0, [-0.7296616611793549, -0.005571190612976479]
[-0.7296616611793549, -0.005571190612976479], 0, -1.0, [-0.7347839518050526, -0.005122290625697697]
[-0.7347839518050526, -0.005122290625697697], 0, -1.0, [-0.7394262074484893, -0.004642255643436683]
[-0.7394262074484893, -0.004642255643436683], 0, -1.0, [-0.7435605126268154, -0.004134305178326124]
[-0.7435605126268154, -0.004134305178326124], 0, -1.0, [-0.7471622523911826, -0.00360173976436715]
[-0.7471622523911826, -0.00360173976436715], 0, -1.0, [-0.7502101746223674, -0.003047922231184754]
[-0.7502101746223674, -0.003047922231184754], 0, -1.0, [-0.7526864366246953, -0.002476262002327841]
[-0.7526864366246953, -0.002476262002327841], 0, -1.0, [-0.7545766389089417, -0.0018902022842463792]
[-0.7545766389089417, -0.0018902022842463792], 0, -1.0, [-0.7558698487943885, -0.0012932098854467934]
[-0.7558698487943885, -0.0012932098854467934], 2, -1.0, [-0.7545586160896683, 0.001311232704720067]
[-0.7545586160896683, 0.001311232704720067], 2, -1.0, [-0.7506504949858309, 0.003908121103837387]
[-0.7506504949858309, 0.003908121103837387], 2, -1.0, [-0.7441681468225831, 0.006482348163247759]
[-0.7441681468225831, 0.006482348163247759], 2, -1.0, [-0.7351496352757888, 0.009018511546794356]
[-0.7351496352757888, 0.009018511546794356], 2, -1.0, [-0.7236488792795568, 0.011500755996232013]
[-0.7236488792795568, 0.011500755996232013], 2, -1.0, [-0.7097362069731405, 0.013912672306416287]
[-0.7097362069731405, 0.013912672306416287], 2, -1.0, [-0.6934989338240776, 0.016237273149062984]
[-0.6934989338240776, 0.016237273149062984], 2, -1.0, [-0.6750418711352445, 0.018457062688833105]
[-0.6750418711352445, 0.018457062688833105], 2, -1.0, [-0.6544876590981489, 0.020554212037095572]
[-0.6544876590981489, 0.020554212037095572], 2, -1.0, [-0.6319768133869466, 0.022510845711202356]
[-0.6319768133869466, 0.022510845711202356], 2, -1.0, [-0.60766737798671, 0.024309435400236532]
[-0.60766737798671, 0.024309435400236532], 2, -1.0, [-0.58173409111247, 0.025933286874239993]
[-0.58173409111247, 0.025933286874239993], 2, -1.0, [-0.5543669964214761, 0.027367094690993868]
[-0.5543669964214761, 0.027367094690993868], 2, -1.0, [-0.5257694676220878, 0.028597528799388407]
[-0.5257694676220878, 0.028597528799388407], 0, -1.0, [-0.4981556587475867, 0.02761380887450103]
[-0.4981556587475867, 0.02761380887450103], 0, -1.0, [-0.4717324880085392, 0.02642317073904756]
[-0.4717324880085392, 0.02642317073904756], 0, -1.0, [-0.4466967466567266, 0.025035741351812562]
[-0.4466967466567266, 0.025035741351812562], 0, -1.0, [-0.423232667704067, 0.023464078952659638]
[-0.423232667704067, 0.023464078952659638], 0, -1.0, [-0.40151001199364766, 0.021722655710419304]
[-0.40151001199364766, 0.021722655710419304], 0, -1.0, [-0.3816826859840182, 0.01982732600962945]
[-0.3816826859840182, 0.01982732600962945], 0, -1.0, [-0.3638878658947583, 0.017794820089259915]
[-0.3638878658947583, 0.017794820089259915], 0, -1.0, [-0.34824557014824026, 0.01564229574651806]
[-0.34824557014824026, 0.01564229574651806], 0, -1.0, [-0.33485859848802546, 0.013386971660214788]
[-0.33485859848802546, 0.013386971660214788], 0, -1.0, [-0.32381274248731107, 0.011045856000714373]
[-0.32381274248731107, 0.011045856000714373], 0, -1.0, [-0.3151771679206543, 0.00863557456665678]
[-0.3151771679206543, 0.00863557456665678], 0, -1.0, [-0.3090048733893327, 0.006172294531321634]
[-0.3090048733893327, 0.006172294531321634], 0, -1.0, [-0.3053331399946196, 0.0036717333947131276]
[-0.3053331399946196, 0.0036717333947131276], 0, -1.0, [-0.3041839020202436, 0.001149237974375987]
[-0.3041839020202436, 0.001149237974375987], 0, -1.0, [-0.3055639869760845, -0.0013800849558408862]
[-0.3055639869760845, -0.0013800849558408862], 0, -1.0, [-0.30946519372769754, -0.0039012067516130196]
[-0.30946519372769754, -0.0039012067516130196], 0, -1.0, [-0.31586419884529243, -0.006399005117594909]
[-0.31586419884529243, -0.006399005117594909], 0, -1.0, [-0.3247223030160834, -0.008858104170790974]
[-0.3247223030160834, -0.008858104170790974], 0, -1.0, [-0.3359850507110911, -0.011262747695007676]
[-0.3359850507110911, -0.011262747695007676], 0, -1.0, [-0.3495817765323411, -0.013596725821250051]
[-0.3495817765323411, -0.013596725821250051], 0, -1.0, [-0.3654251498191327, -0.015843373286791588]
[-0.3654251498191327, -0.015843373286791588], 0, -1.0, [-0.3834108038919387, -0.01798565407280599]
[-0.3834108038919387, -0.01798565407280599], 0, -1.0, [-0.40341714619688673, -0.02000634230494805]
[-0.40341714619688673, -0.02000634230494805], 0, -1.0, [-0.4253054488520693, -0.02188830265518254]
[-0.4253054488520693, -0.02188830265518254], 0, -1.0, [-0.44892031403941474, -0.023614865187345437]
[-0.44892031403941474, -0.023614865187345437], 0, -1.0, [-0.4740905941196264, -0.02517028008021164]
[-0.4740905941196264, -0.02517028008021164], 0, -1.0, [-0.5006308219062215, -0.02654022778659516]
[-0.5006308219062215, -0.02654022778659516], 0, -1.0, [-0.5283431730704612, -0.02771235116423966]
[-0.5283431730704612, -0.02771235116423966], 0, -1.0, [-0.5570199424550698, -0.02867676938460866]
[-0.5570199424550698, -0.02867676938460866], 0, -1.0, [-0.586446472846321, -0.02942653039125125]
[-0.586446472846321, -0.02942653039125125], 0, -1.0, [-0.6164044332251449, -0.02995796037882389]
[-0.6164044332251449, -0.02995796037882389], 0, -1.0, [-0.6466753087887006, -0.030270875563555635]
[-0.6466753087887006, -0.030270875563555635], 0, -1.0, [-0.6770439417039144, -0.030368632915213724]
[-0.6770439417039144, -0.030368632915213724], 0, -1.0, [-0.7073019528539296, -0.03025801115001522]
[-0.7073019528539296, -0.03025801115001522], 0, -1.0, [-0.7372508819788297, -0.029948929124900145]
[-0.7372508819788297, -0.029948929124900145], 0, -1.0, [-0.7667049055345031, -0.029454023555673375]
[-0.7667049055345031, -0.029454023555673375], 0, -1.0, [-0.7954930251860146, -0.02878811965151154]
[-0.7954930251860146, -0.02878811965151154], 0, -1.0, [-0.8234606605756578, -0.02796763538964317]
[-0.8234606605756578, -0.02796763538964317], 0, -1.0, [-0.8504706227618789, -0.0270099621862211]
[-0.8504706227618789, -0.0270099621862211], 0, -1.0, [-0.8764034847390375, -0.025932861977158574]
[-0.8764034847390375, -0.025932861977158574], 0, -1.0, [-0.9011573989740509, -0.024753914235013406]
[-0.9011573989740509, -0.024753914235013406], 0, -1.0, [-0.9246474366182389, -0.02349003764418802]
[-0.9246474366182389, -0.02349003764418802], 2, -1.0, [-0.94480453815454, -0.02015710153630107]
[-0.94480453815454, -0.02015710153630107], 2, -1.0, [-0.9615786638459041, -0.016774125691364043]
[-0.9615786638459041, -0.016774125691364043], 2, -1.0, [-0.9749348063032217, -0.013356142457317635]
[-0.9749348063032217, -0.013356142457317635], 2, -1.0, [-0.9848494654678868, -0.009914659164665074]
[-0.9848494654678868, -0.009914659164665074], 2, -1.0, [-0.9913077292249751, -0.006458263757088323]
[-0.9913077292249751, -0.006458263757088323], 2, -1.0, [-0.994301052043969, -0.0029933228189939097]
[-0.994301052043969, -0.0029933228189939097], 2, -1.0, [-0.993825786806737, 0.0004752652372319458]
[-0.993825786806737, 0.0004752652372319458], 2, -1.0, [-0.9898824992982219, 0.003943287508515166]
[-0.9898824992982219, 0.003943287508515166], 2, -1.0, [-0.982476077248298, 0.007406422049923889]
[-0.982476077248298, 0.007406422049923889], 2, -1.0, [-0.9716166321130358, 0.010859445135262154]
[-0.9716166321130358, 0.010859445135262154], 2, -1.0, [-0.9573211774609933, 0.014295454652042522]
[-0.9573211774609933, 0.014295454652042522], 2, -1.0, [-0.9396160484211681, 0.017705129039825282]
[-0.9396160484211681, 0.017705129039825282], 2, -1.0, [-0.9185399980972218, 0.021076050323946355]
[-0.9185399980972218, 0.021076050323946355], 2, -1.0, [-0.8941478660151799, 0.024392132082041777]
[-0.8941478660151799, 0.024392132082041777], 2, -1.0, [-0.8665146590625343, 0.027633206952645553]
[-0.8665146590625343, 0.027633206952645553], 2, -1.0, [-0.8357398181501543, 0.030774840912380055]
[-0.8357398181501543, 0.030774840912380055], 2, -1.0, [-0.8019513688815801, 0.033788449268574154]
[-0.8019513688815801, 0.033788449268574154], 2, -1.0, [-0.7653095813854165, 0.03664178749616363]
[-0.7653095813854165, 0.03664178749616363], 2, -1.0, [-0.7260097075113336, 0.03929987387408279]
[-0.7260097075113336, 0.03929987387408279], 2, -1.0, [-0.6842833407968361, 0.041726366714497615]
[-0.6842833407968361, 0.041726366714497615], 2, -1.0, [-0.6403979745373072, 0.043885366259528866]
[-0.6403979745373072, 0.043885366259528866], 2, -1.0, [-0.5946544300979207, 0.045743544439386476]
[-0.5946544300979207, 0.045743544439386476], 2, -1.0, [-0.5473819950648184, 0.047272435033102266]
[-0.5473819950648184, 0.047272435033102266], 2, -1.0, [-0.4989313371909359, 0.04845065787388253]
[-0.4989313371909359, 0.04845065787388253], 2, -1.0, [-0.44966551629215756, 0.049265820898778324]
[-0.44966551629215756, 0.049265820898778324], 2, -1.0, [-0.39994965956179906, 0.049715856730358485]
[-0.39994965956179906, 0.049715856730358485], 2, -1.0, [-0.3501400491017204, 0.049809610460078646]
[-0.3501400491017204, 0.049809610460078646], 2, -1.0, [-0.3005734550377798, 0.04956659406394058]
[-0.3005734550377798, 0.04956659406394058], 2, -1.0, [-0.25155751457576947, 0.04901594046201034]
[-0.25155751457576947, 0.04901594046201034], 2, -1.0, [-0.20336281387927518, 0.04819470069649428]
[-0.20336281387927518, 0.04819470069649428], 2, -1.0, [-0.15621710655603965, 0.04714570732323552]
[-0.15621710655603965, 0.04714570732323552], 2, -1.0, [-0.11030184492275902, 0.04591526163328064]
[-0.11030184492275902, 0.04591526163328064], 2, -1.0, [-0.0657509545981427, 0.04455089032461631]
[-0.0657509545981427, 0.04455089032461631], 0, -1.0, [-0.02465158590029226, 0.04109936869785044]
[-0.02465158590029226, 0.04109936869785044], 1, -1.0, [0.013954616314889631, 0.03860620221518189]
[0.013954616314889631, 0.03860620221518189], 1, -1.0, [0.05006300893744838, 0.03610839262255875]
[0.05006300893744838, 0.03610839262255875], 1, -1.0, [0.08369954452886355, 0.033636535591415176]
[0.08369954452886355, 0.033636535591415176], 1, -1.0, [0.11491448004345448, 0.03121493551459093]
[0.11491448004345448, 0.03121493551459093], 1, -1.0, [0.14377651008472342, 0.028862030041268937]
[0.14377651008472342, 0.028862030041268937], 1, -1.0, [0.17036751336567385, 0.026591003280950418]
[0.17036751336567385, 0.026591003280950418], 1, -1.0, [0.19477800229083947, 0.024410488925165605]
[0.19477800229083947, 0.024410488925165605], 1, -1.0, [0.21710329206110932, 0.02232528977026984]
[0.21710329206110932, 0.02232528977026984], 1, -1.0, [0.23744035583996437, 0.020337063778855066]
[0.23744035583996437, 0.020337063778855066], 1, -1.0, [0.2558853024078857, 0.018444946567921325]
[0.2558853024078857, 0.018444946567921325], 1, -1.0, [0.27253139772249624, 0.016646095314610507]
[0.27253139772249624, 0.016646095314610507], 2, -1.0, [0.28846754746983627, 0.01593614974734005]
[0.28846754746983627, 0.01593614974734005], 2, -1.0, [0.30378286318246384, 0.015315315712627588]
[0.30378286318246384, 0.015315315712627588], 2, -1.0, [0.31856647770705926, 0.01478361452459541]
[0.31856647770705926, 0.01478361452459541], 2, -1.0, [0.3329074980822627, 0.014341020375203446]
[0.3329074980822627, 0.014341020375203446], 2, -1.0, [0.3468950763356969, 0.013987578253434165]
[0.3468950763356969, 0.013987578253434165], 2, -1.0, [0.3606185816040269, 0.013723505268330017]
[0.3606185816040269, 0.013723505268330017], 2, -1.0, [0.37416785971007915, 0.013549278106052264]
[0.37416785971007915, 0.013549278106052264], 2, -1.0, [0.3876335687897801, 0.01346570907970096]
[0.3876335687897801, 0.01346570907970096], 2, -1.0, [0.40110758167828375, 0.013474012888503651]
[0.40110758167828375, 0.013474012888503651], 2, -1.0, [0.41468344748778185, 0.013575865809498084]
[0.41468344748778185, 0.013575865809498084], 2, -1.0, [0.4284569060931891, 0.013773458605407244]
[0.4284569060931891, 0.013773458605407244], 2, -1.0, [0.4425264500336229, 0.014069543940433813]
[0.4425264500336229, 0.014069543940433813], 2, -1.0, [0.4569939285673551, 0.014467478533732196]
[0.4569939285673551, 0.014467478533732196], 2, -1.0, [0.4719651881878298, 0.014971259620474676]
[0.4719651881878298, 0.014971259620474676], 2, -1.0, [0.4875507426821258, 0.015585554494296005]
[0.4875507426821258, 0.015585554494296005], 2, -1.0, [0.5038664636052429, 0.016315720923117095]
