[-0.5675281891344537, 0.0], 2, -1.0, [-0.5661996714203373, 0.0013285177141163613]
[-0.5661996714203373, 0.0013285177141163613], 2, -1.0, [-0.5635525160561029, 0.0026471553642344824]
[-0.5635525160561029, 0.0026471553642344824], 2, -1.0, [-0.5596064246280744, 0.003946091428028518]
[-0.5596064246280744, 0.003946091428028518], 2, -1.0, [-0.554390800740612, 0.005215623887462411]
[-0.554390800740612, 0.005215623887462411], 2, -1.0, [-0.5479445649729708, 0.006446235767641138]
[-0.5479445649729708, 0.006446235767641138], 2, -1.0, [-0.5403158980811881, 0.0076286668917828]
[-0.5403158980811881, 0.0076286668917828], 2, -1.0, [-0.5315619053219645, 0.008753992759223572]
[-0.5315619053219645, 0.008753992759223572], 0, -1.0, [-0.5237481947703779, 0.00781371055158648]
[-0.5237481947703779, 0.00781371055158648], 2, -1.0, [-0.5149333635750384, 0.008814831195339544]
[-0.5149333635750384, 0.008814831195339544], 0, -1.0, [-0.5071835156499673, 0.007749847925071017]
[-0.5071835156499673, 0.007749847925071017], 0, -1.0, [-0.5005567324187729, 0.006626783231194485]
[-0.5005567324187729, 0.006626783231194485], 2, -1.0, [-0.4931026269135526, 0.007454105505220267]
[-0.4931026269135526, 0.007454105505220267], 0, -1.0, [-0.4868769235858439, 0.006225703327708709]
[-0.4868769235858439, 0.006225703327708709], 0, -1.0, [-0.48192607739504734, 0.004950846190796535]
[-0.48192607739504734, 0.004950846190796535], 2, -1.0, [-0.4762869629212368, 0.0056391144738105236]
[-0.4762869629212368, 0.0056391144738105236], 0, -1.0, [-0.47200149683189446, 0.004285466089342352]
[-0.47200149683189446, 0.004285466089342352], 2, -1.0, [-0.46710146681208, 0.0049000300198144674]
[-0.46710146681208, 0.0049000300198144674], 0, -1.0, [-0.46362314073629274, 0.003478326075787223]
[-0.46362314073629274, 0.003478326075787223], 0, -1.0, [-0.46159220880671953, 0.0020309319295732267]
[-0.46159220880671953, 0.0020309319295732267], 2, -1.0, [-0.45902364872260804, 0.0025685600841115113]
[-0.45902364872260804, 0.0025685600841115113], 0, -1.0, [-0.4579363784273311, 0.0010872702952769515]
[-0.4579363784273311, 0.0010872702952769515], 2, -1.0, [-0.45633839733379633, 0.0015979810935347367]
[-0.45633839733379633, 0.0015979810935347367], 0, -1.0, [-0.4562414528538129, 9.694447998342156e-05]
[-0.4562414528538129, 9.694447998342156e-05], 0, -1.0, [-0.4576462572981027, -0.0014048044442898171]
[-0.4576462572981027, -0.0014048044442898171], 0, -1.0, [-0.46054248458642155, -0.0028962272883188175]
[-0.46054248458642155, -0.0028962272883188175], 0, -1.0, [-0.4649088185238462, -0.004366333937424613]
[-0.4649088185238462, -0.004366333937424613], 0, -1.0, [-0.470713056382109, -0.0058042378582627615]
[-0.470713056382109, -0.0058042378582627615], 0, -1.0, [-0.47791227517227863, -0.007199218790169637]
[-0.47791227517227863, -0.007199218790169637], 0, -1.0, [-0.4864530709291667, -0.008540795756888056]
[-0.4864530709291667, -0.008540795756888056], 0, -1.0, [-0.4962718832240903, -0.00981881229492365]
[-0.4962718832240903, -0.00981881229492365], 0, -1.0, [-0.5072954177146586, -0.011023534490568226]
[-0.5072954177146586, -0.011023534490568226], 0, -1.0, [-0.5194411786441646, -0.012145760929506073]
[-0.5194411786441646, -0.012145760929506073], 0, -1.0, [-0.5326181207423336, -0.013176942098169012]
[-0.5326181207423336, -0.013176942098169012], 0, -1.0, [-0.5467274260058688, -0.014109305263535137]
[-0.5467274260058688, -0.014109305263535137], 0, -1.0, [-0.5616634055463593, -0.0149359795404905]
[-0.5616634055463593, -0.0149359795404905], 0, -1.0, [-0.5773145204229146, -0.0156511148765554]
[-0.5773145204229146, -0.0156511148765554], 0, -1.0, [-0.5935645085927307, -0.01624998816981604]
[-0.5935645085927307, -0.01624998816981604], 0, -1.0, [-0.6102935983721158, -0.01672908977938512]
[-0.6102935983721158, -0.01672908977938512], 0, -1.0, [-0.6273797827007153, -0.017086184328599482]
[-0.6273797827007153, -0.017086184328599482], 0, -1.0, [-0.6447001236162726, -0.01732034091555729]
[-0.6447001236162726, -0.01732034091555729], 0, -1.0, [-0.6621320531589582, -0.017431929542685545]
[-0.6621320531589582, -0.017431929542685545], 0, -1.0, [-0.6795546357654041, -0.017422582606445945]
[-0.6795546357654041, -0.017422582606445945], 0, -1.0, [-0.6968497582230176, -0.017295122457613502]
[-0.6968497582230176, -0.017295122457613502], 0, -1.0, [-0.713903216365358, -0.017053458142340373]
[-0.713903216365358, -0.017053458142340373], 0, -1.0, [-0.7306056726314635, -0.016702456266105403]
[-0.7306056726314635, -0.016702456266105403], 0, -1.0, [-0.7468534649570048, -0.01624779232554125]
[-0.7468534649570048, -0.01624779232554125], 0, -1.0, [-0.7625492546795425, -0.015695789722537698]
[-0.7625492546795425, -0.015695789722537698], 0, -1.0, [-0.7776025086521331, -0.015053253972590597]
[-0.7776025086521331, -0.015053253972590597], 0, -1.0, [-0.7919298180237524, -0.014327309371619353]
[-0.7919298180237524, -0.014327309371619353], 0, -1.0, [-0.8054550626968214, -0.01352524467306909]
[-0.8054550626968214, -0.01352524467306909], 0, -1.0, [-0.8181094359644681, -0.012654373267646613]
[-0.8181094359644681, -0.012654373267646613], 2, -1.0, [-0.8278313480506604, -0.009721912086192382]
[-0.8278313480506604, -0.009721912086192382], 2, -1.0, [-0.8345753686934346, -0.0067440206427742165]
[-0.8345753686934346, -0.0067440206427742165], 2, -1.0, [-0.8383109692872018, -0.0037356005937672263]
[-0.8383109692872018, -0.0037356005937672263], 2, -1.0, [-0.8390215926553458, -0.0007106233681440058]
[-0.8390215926553458, -0.0007106233681440058], 2, -1.0, [-0.8367041178539959, 0.0023174748013499147]
[-0.8367041178539959, 0.0023174748013499147], 2, -1.0, [-0.8313687567718493, 0.005335361082146657]
[-0.8313687567718493, 0.005335361082146657], 2, -1.0, [-0.8230393894679918, 0.00832936730385748]
[-0.8230393894679918, 0.00832936730385748], 2, -1.0, [-0.811754315546323, 0.011285073921668755]
[-0.811754315546323, 0.011285073921668755], 2, -1.0, [-0.7975673686656092, 0.014186946880713907]
[-0.7975673686656092, 0.014186946880713907], 2, -1.0, [-0.7805493101244716, 0.017018058541137568]
[-0.7805493101244716, 0.017018058541137568], 2, -1.0, [-0.7607893856797836, 0.01975992444468797]
[-0.7607893856797836, 0.01975992444468797], 2, -1.0, [-0.7383968987815028, 0.022392486898280786]
[-0.7383968987815028, 0.022392486898280786], 2, -1.0, [-0.713502625960383, 0.024894272821119813]
[-0.713502625960383, 0.024894272821119813], 2, -1.0, [-0.6862598801870979, 0.02724274577328513]
[-0.6862598801870979, 0.02724274577328513], 2, -1.0, [-0.6568450205542504, 0.029414859632847533]
[-0.6568450205542504, 0.029414859632847533], 2, -1.0, [-0.6254572167016571, 0.03138780385259336]
[-0.6254572167016571, 0.03138780385259336], 2, -1.0, [-0.5923173081093963, 0.03313990859226083]
[-0.5923173081093963, 0.03313990859226083], 2, -1.0, [-0.5576656534566623, 0.034651654652733996]
[-0.5576656534566623, 0.034651654652733996], 2, -1.0, [-0.5217589417721358, 0.035906711684526554]
[-0.5217589417721358, 0.035906711684526554], 2, -1.0, [-0.48486602877124263, 0.03689291300089316]
[-0.48486602877124263, 0.03689291300089316], 2, -1.0, [-0.4472629580992936, 0.037603070671949]
[-0.4472629580992936, 0.037603070671949], 2, -1.0, [-0.4092274149304663, 0.0380355431688273]
[-0.4092274149304663, 0.0380355431688273], 2, -1.0, [-0.3710329249759842, 0.03819448995448209]
[-0.3710329249759842, 0.03819448995448209], 2, -1.0, [-0.3329431445656147, 0.03808978041036951]
[-0.3329431445656147, 0.03808978041036951], 2, -1.0, [-0.29520658148788304, 0.03773656307773165]
[-0.29520658148788304, 0.03773656307773165], 2, -1.0, [-0.25805204278608285, 0.03715453870180019]
[-0.25805204278608285, 0.03715453870180019], 2, -1.0, [-0.2216850322096892, 0.03636701057639367]
[-0.2216850322096892, 0.03636701057639367], 2, -1.0, [-0.18628522859843527, 0.035399803611253916]
[-0.18628522859843527, 0.035399803611253916], 2, -1.0, [-0.1520050809873594, 0.034280147611075874]
[-0.1520050809873594, 0.034280147611075874], 2, -1.0, [-0.11896946938705111, 0.0330356116003083]
[-0.11896946938705111, 0.0330356116003083], 2, -1.0, [-0.08727631138041364, 0.031693158006637474]
[-0.08727631138041364, 0.031693158006637474], 2, -1.0, [-0.05699794882055467, 0.030278362559858968]
[-0.05699794882055467, 0.030278362559858968], 2, -1.0, [-0.02818312660797589, 0.02881482221257878]
[-0.02818312660797589, 0.02881482221257878], 2, -1.0, [-0.0008593739702647402, 0.02732375263771115]
[-0.0008593739702647402, 0.02732375263771115], 2, -1.0, [0.02496438697583254, 0.02582376094609728]
[0.02496438697583254, 0.02582376094609728], 2, -1.0, [0.0492951558773264, 0.024330768901493854]
[0.0492951558773264, 0.024330768901493854], 2, -1.0, [0.07215321263144628, 0.022858056754119872]
[0.07215321263144628, 0.022858056754119872], 2, -1.0, [0.09356960952661211, 0.021416396895165835]
[0.09356960952661211, 0.021416396895165835], 2, -1.0, [0.11358385815150315, 0.02001424862489104]
[0.11358385815150315, 0.02001424862489104], 2, -1.0, [0.13224184737912312, 0.01865798922761996]
[0.13224184737912312, 0.01865798922761996], 2, -1.0, [0.14959400863714498, 0.017352161258021862]
[0.14959400863714498, 0.017352161258021862], 2, -1.0, [0.16569372936746005, 0.01609972073031507]
[0.16569372936746005, 0.01609972073031507], 2, -1.0, [0.18059600466125977, 0.01490227529379973]
[0.18059600466125977, 0.01490227529379973], 2, -1.0, [0.19435630988389296, 0.01376030522263319]
[0.19435630988389296, 0.01376030522263319], 2, -1.0, [0.20702967294000477, 0.012673363056111803]
[0.20702967294000477, 0.012673363056111803], 2, -1.0, [0.21866992295624588, 0.011640250016241102]
[0.21866992295624588, 0.011640250016241102], 2, -1.0, [0.22932909193784393, 0.01065916898159805]
[0.22932909193784393, 0.01065916898159805], 2, -1.0, [0.23905694685510837, 0.00972785491726445]
[0.23905694685510837, 0.00972785491726445], 2, -1.0, [0.24790063121677347, 0.008843684361665096]
[0.24790063121677347, 0.008843684361665096], 2, -1.0, [0.25590439717267527, 0.008003765955901795]
[0.25590439717267527, 0.008003765955901795], 2, -1.0, [0.2631094113309817, 0.007205014158306451]
[0.2631094113309817, 0.007205014158306451], 2, -1.0, [0.2695536196193237, 0.006444208288342011]
[0.2695536196193237, 0.006444208288342011], 2, -1.0, [0.2752716585647223, 0.0057180389453986005]
[0.2752716585647223, 0.0057180389453986005], 2, -1.0, [0.28029480225572695, 0.00502314369100466]
[0.28029480225572695, 0.00502314369100466], 2, -1.0, [0.284650935953041, 0.004356133697314002]
[0.284650935953041, 0.004356133697314002], 2, -1.0, [0.28836454882405704, 0.0037136128710160516]
[0.28836454882405704, 0.0037136128710160516], 2, -1.0, [0.29145673959768287, 0.0030921907736258447]
[0.29145673959768287, 0.0030921907736258447], 2, -1.0, [0.29394523008259094, 0.0024884904849080585]
[0.29394523008259094, 0.0024884904849080585], 2, -1.0, [0.2958443824834312, 0.0018991524008402669]
[0.2958443824834312, 0.0018991524008402669], 0, -1.0, [0.2951652173068907, -0.0006791651765405058]
[0.2951652173068907, -0.0006791651765405058], 0, -1.0, [0.2919037875521904, -0.0032614297547003497]
[0.2919037875521904, -0.0032614297547003497], 0, -1.0, [0.28604123106188856, -0.0058625564903018205]
[0.28604123106188856, -0.0058625564903018205], 0, -1.0, [0.2775440289115041, -0.008497202150384478]
[0.2775440289115041, -0.008497202150384478], 0, -1.0, [0.26636449894808695, -0.011179529963417156]
[0.26636449894808695, -0.011179529963417156], 0, -1.0, [0.25244157721327065, -0.01392292173481628]
[0.25244157721327065, -0.01392292173481628], 0, -1.0, [0.23570196431735177, -0.01673961289591889]
[0.23570196431735177, -0.01673961289591889], 0, -1.0, [0.21606173848616972, -0.019640225831182058]
[0.21606173848616972, -0.019640225831182058], 0, -1.0, [0.19342856073010734, -0.022633177756062384]
[0.19342856073010734, -0.022633177756062384], 0, -1.0, [0.16770461783628235, -0.02572394289382499]
[0.16770461783628235, -0.02572394289382499], 0, -1.0, [0.1387904613203231, -0.02891415651595925]
[0.1387904613203231, -0.02891415651595925], 0, -1.0, [0.10658989847452022, -0.03220056284580289]
[0.10658989847452022, -0.03220056284580289], 0, -1.0, [0.07101606603115111, -0.035573832443369105]
[0.07101606603115111, -0.035573832443369105], 0, -1.0, [0.031998756225408, -0.03901730980574311]
[0.031998756225408, -0.03901730980574311], 0, -1.0, [-0.010507043319103147, -0.04250579954451115]
[-0.010507043319103147, -0.04250579954451115], 0, -1.0, [-0.05651160098940246, -0.04600455767029931]
[-0.05651160098940246, -0.04600455767029931], 0, -1.0, [-0.10598031706817423, -0.049468716078771784]
[-0.10598031706817423, -0.049468716078771784], 0, -1.0, [-0.1588237359301837, -0.052843418862009474]
[-0.1588237359301837, -0.052843418862009474], 0, -1.0, [-0.21488870209110264, -0.056064966160918946]
[-0.21488870209110264, -0.056064966160918946], 0, -1.0, [-0.2739519193989779, -0.059063217307875227]
[-0.2739519193989779, -0.059063217307875227], 0, -1.0, [-0.3357172947155287, -0.061765375316550825]
[-0.3357172947155287, -0.061765375316550825], 0, -1.0, [-0.399818346122461, -0.06410105140693229]
[-0.399818346122461, -0.06410105140693229], 0, -1.0, [-0.46582656159485925, -0.0660082154723983]
[-0.46582656159485925, -0.0660082154723983], 0, -1.0, [-0.53326590267827, -0.06743934108341082]
[-0.53326590267827, -0.06743934108341082], 0, -1.0, [-0.6016327504716891, -0.06836684779341906]
[-0.6016327504716891, -0.06836684779341906], 0, -1.0, [-0.6704196745137461, -0.068786924042057]
[-0.6704196745137461, -0.068786924042057], 0, -1.0, [-0.7391407034430342, -0.0687210289292881]
[-0.7391407034430342, -0.0687210289292881], 0, -1.0, [-0.807355490355698, -0.06821478691266382]
[-0.807355490355698, -0.06821478691266382], 0, -1.0, [-0.8746899820865625, -0.06733449173086449]
[-0.8746899820865625, -0.06733449173086449], 0, -1.0, [-0.9408518552348037, -0.06616187314824135]
[-0.9408518552348037, -0.06616187314824135], 0, -1.0, [-1.0056398836882392, -0.06478802845343554]
[-1.0056398836882392, -0.06478802845343554], 0, -1.0, [-1.0689473161854122, -0.06330743249717286]
[-1.0689473161854122, -0.06330743249717286], 0, -1.0, [-1.1307600686328392, -0.06181275244742708]
[-1.1307600686328392, -0.06181275244742708], 0, -1.0, [-1.1911509658564048, -0.06039089722356562]
[-1.1911509658564048, -0.06039089722356562], 0, -1.0, [-1.2, 0.0]
[-1.2, 0.0], 2, -1.0, [-1.1967581039591646, 0.003241896040835368]
[-1.1967581039591646, 0.003241896040835368], 2, -1.0, [-1.1902636585360942, 0.006494445423070332]
[-1.1902636585360942, 0.006494445423070332], 2, -1.0, [-1.1804959639787937, 0.009767694557300442]
[-1.1804959639787937, 0.009767694557300442], 2, -1.0, [-1.1674255149588486, 0.013070449019945182]
[-1.1674255149588486, 0.013070449019945182], 2, -1.0, [-1.1510159267200155, 0.016409588238833067]
[-1.1510159267200155, 0.016409588238833067], 2, -1.0, [-1.1312266168239755, 0.019789309896040046]
[-1.1312266168239755, 0.019789309896040046], 2, -1.0, [-1.108016322100852, 0.02321029472312345]
[-1.108016322100852, 0.02321029472312345], 2, -1.0, [-1.081347524946184, 0.02666879715466819]
[-1.081347524946184, 0.02666879715466819], 2, -1.0, [-1.0511918363028878, 0.03015568864329602]
[-1.0511918363028878, 0.03015568864329602], 2, -1.0, [-1.0175363271434712, 0.0336555091594167]
[-1.0175363271434712, 0.0336555091594167], 2, -1.0, [-0.9803907090723114, 0.03714561807115983]
[-0.9803907090723114, 0.03714561807115983], 2, -1.0, [-0.9397951336374217, 0.04059557543488971]
[-0.9397951336374217, 0.04059557543488971], 2, -1.0, [-0.8958282112564235, 0.043966922380998245]
[-0.8958282112564235, 0.043966922380998245], 2, -1.0, [-0.8486146572192776, 0.04721355403714586]
[-0.8486146572192776, 0.04721355403714586], 2, -1.0, [-0.7983317816221248, 0.05028287559715283]
[-0.7983317816221248, 0.05028287559715283], 2, -1.0, [-0.7452138959379592, 0.0531178856841656]
[-0.7452138959379592, 0.0531178856841656], 2, -1.0, [-0.6895536666604415, 0.0556602292775177]
[-0.6895536666604415, 0.0556602292775177], 2, -1.0, [-0.6316995610792892, 0.057854105581152386]
[-0.6316995610792892, 0.057854105581152386], 2, -1.0, [-0.5720488365336812, 0.05965072454560789]
[-0.5720488365336812, 0.05965072454560789], 2, -1.0, [-0.5110360146660762, 0.061012821867605024]
[-0.5110360146660762, 0.061012821867605024], 2, -1.0, [-0.44911739120176025, 0.061918623464315904]
[-0.44911739120176025, 0.061918623464315904], 2, -1.0, [-0.38675274139346727, 0.06236464980829299]
[-0.38675274139346727, 0.06236464980829299], 0, -1.0, [-0.3263858485235833, 0.06036689286988392]
[-0.3263858485235833, 0.06036689286988392], 0, -1.0, [-0.26841326066670956, 0.057972587856873765]
[-0.26841326066670956, 0.057972587856873765], 2, -1.0, [-0.21117301874204783, 0.05724024192466173]
[-0.21117301874204783, 0.05724024192466173], 2, -1.0, [-0.1549476500070356, 0.05622536873501223]
[-0.1549476500070356, 0.05622536873501223], 2, -1.0, [-0.0999570112204609, 0.05499063878657469]
[-0.0999570112204609, 0.05499063878657469], 2, -1.0, [-0.046354808917235736, 0.05360220230322516]
[-0.046354808917235736, 0.05360220230322516], 2, -1.0, [0.005771528096909492, 0.05212633701414523]
[0.005771528096909492, 0.05212633701414523], 2, -1.0, [0.056398239845229084, 0.05062671174831959]
[0.056398239845229084, 0.05062671174831959], 2, -1.0, [0.10556064987712088, 0.04916241003189179]
[0.10556064987712088, 0.04916241003189179], 0, -1.0, [0.15134737506256113, 0.045786725185440254]
[0.15134737506256113, 0.045786725185440254], 0, -1.0, [0.19388739633323268, 0.04254002127067155]
[0.19388739633323268, 0.04254002127067155], 0, -1.0, [0.23333854116526453, 0.03945114483203187]
[0.23333854116526453, 0.03945114483203187], 0, -1.0, [0.26987760569164937, 0.03653906452638483]
[0.26987760569164937, 0.03653906452638483], 0, -1.0, [0.30369225938716216, 0.03381465369551281]
[0.30369225938716216, 0.03381465369551281], 1, -1.0, [0.3359746748990157, 0.03228241551185358]
[0.3359746748990157, 0.03228241551185358], 1, -1.0, [0.36692304647078383, 0.030948371571768094]
[0.36692304647078383, 0.030948371571768094], 1, -1.0, [0.3967391417310024, 0.02981609526021858]
[0.3967391417310024, 0.02981609526021858], 0, -1.0, [0.42462659195953256, 0.027887450228530165]
[0.42462659195953256, 0.027887450228530165], 0, -1.0, [0.4507826095004235, 0.02615601754089092]
[0.4507826095004235, 0.02615601754089092], 0, -1.0, [0.4753968389051295, 0.02461422940470605]
[0.4753968389051295, 0.02461422940470605], 2, -1.0, [0.5006508123967349, 0.025253973491605457]
