[-0.40498670437423523, 0.0], 0, -1.0, [-0.40685764016531323, -0.001870935791077976]
[-0.40685764016531323, -0.001870935791077976], 0, -1.0, [-0.41058634510808556, -0.0037287049427723387]
[-0.41058634510808556, -0.0037287049427723387], 0, -1.0, [-0.4161464984003184, -0.005560153292232885]
[-0.4161464984003184, -0.005560153292232885], 0, -1.0, [-0.4234986588748374, -0.007352160474518955]
[-0.4234986588748374, -0.007352160474518955], 0, -1.0, [-0.43259033717136847, -0.009091678296531047]
[-0.43259033717136847, -0.009091678296531047], 0, -1.0, [-0.4433561302739694, -0.010765793102600932]
[-0.4433561302739694, -0.010765793102600932], 0, -1.0, [-0.4557179474646711, -0.012361817190701686]
[-0.4557179474646711, -0.012361817190701686], 0, -1.0, [-0.46958535936082857, -0.0138674118961575]
[-0.46958535936082857, -0.0138674118961575], 0, -1.0, [-0.4848561014140375, -0.01527074205320895]
[-0.4848561014140375, -0.01527074205320895], 0, -1.0, [-0.5014167597491583, -0.01656065833512084]
[-0.5014167597491583, -0.01656065833512084], 0, -1.0, [-0.5191436604424369, -0.01772690069327849]
[-0.5191436604424369, -0.01772690069327849], 0, -1.0, [-0.537903973504608, -0.01876031306217112]
[-0.537903973504608, -0.01876031306217112], 0, -1.0, [-0.5575570305126645, -0.019653057008056536]
[-0.5575570305126645, -0.019653057008056536], 0, -1.0, [-0.5779558409236258, -0.020398810410961407]
[-0.5779558409236258, -0.020398810410961407], 0, -1.0, [-0.5989487777872263, -0.02099293686360044]
[-0.5989487777872263, -0.02099293686360044], 0, -1.0, [-0.6203813902029056, -0.02143261241567934]
[-0.6203813902029056, -0.02143261241567934], 0, -1.0, [-0.6420982888010777, -0.021716898598172083]
[-0.6420982888010777, -0.021716898598172083], 0, -1.0, [-0.6639450429594138, -0.021846754158336187]
[-0.6639450429594138, -0.021846754158336187], 0, -1.0, [-0.6857700252388167, -0.021824982279402865]
[-0.6857700252388167, -0.021824982279402865], 0, -1.0, [-0.707426140016859, -0.021656114778042336]
[-0.707426140016859, -0.021656114778042336], 0, -1.0, [-0.7287723793567885, -0.02134623933992948]
[-0.7287723793567885, -0.02134623933992948], 0, -1.0, [-0.7496751591246219, -0.020902779767833383]
[-0.7496751591246219, -0.020902779767833383], 0, -1.0, [-0.7700094012059024, -0.0203342420812805]
[-0.7700094012059024, -0.0203342420812805], 0, -1.0, [-0.7896593420923106, -0.0196499408864081]
[-0.7896593420923106, -0.0196499408864081], 0, -1.0, [-0.8085190627698186, -0.018859720677507928]
[-0.8085190627698186, -0.018859720677507928], 0, -1.0, [-0.8264927485286774, -0.01797368575885883]
[-0.8264927485286774, -0.01797368575885883], 0, -1.0, [-0.8434946990691177, -0.017001950540440288]
[-0.8434946990691177, -0.017001950540440288], 2, -1.0, [-0.8574491184633959, -0.01395441939427825]
[-0.8574491184633959, -0.01395441939427825], 2, -1.0, [-0.8682977678660753, -0.010848649402679359]
[-0.8682977678660753, -0.010848649402679359], 2, -1.0, [-0.875997914795784, -0.007700146929708721]
[-0.875997914795784, -0.007700146929708721], 2, -1.0, [-0.8805206068407416, -0.004522692044957563]
[-0.8805206068407416, -0.004522692044957563], 2, -1.0, [-0.8818493794374161, -0.0013287725966745628]
[-0.8818493794374161, -0.0013287725966745628], 2, -1.0, [-0.8799794719038879, 0.00186990753352823]
[-0.8799794719038879, 0.00186990753352823], 2, -1.0, [-0.8749175936763272, 0.005061878227560778]
[-0.8749175936763272, 0.005061878227560778], 2, -1.0, [-0.8666822528276956, 0.008235340848631553]
[-0.8666822528276956, 0.008235340848631553], 2, -1.0, [-0.8553046298378281, 0.011377622989867508]
[-0.8553046298378281, 0.011377622989867508], 2, -1.0, [-0.840829949413928, 0.014474680423900065]
[-0.840829949413928, 0.014474680423900065], 2, -1.0, [-0.8233192704133725, 0.017510679000555526]
[-0.8233192704133725, 0.017510679000555526], 2, -1.0, [-0.8028515779011186, 0.020467692512253874]
[-0.8028515779011186, 0.020467692512253874], 2, -1.0, [-0.7795260227129985, 0.023325555188120073]
[-0.7795260227129985, 0.023325555188120073], 2, -1.0, [-0.7534641149857518, 0.026061907727246737]
[-0.7534641149857518, 0.026061907727246737], 2, -1.0, [-0.7248116433562397, 0.028652471629512177]
[-0.7248116433562397, 0.028652471629512177], 2, -1.0, [-0.6937400672320531, 0.0310715761241866]
[-0.6937400672320531, 0.0310715761241866], 2, -1.0, [-0.6604471232640954, 0.033292943967957726]
[-0.6604471232640954, 0.033292943967957726], 2, -1.0, [-0.6251564064485524, 0.03529071681554298]
[-0.6251564064485524, 0.03529071681554298], 2, -1.0, [-0.5881157367612454, 0.03704066968730706]
[-0.5881157367612454, 0.03704066968730706], 2, -1.0, [-0.549594205374851, 0.038521531386394366]
[-0.549594205374851, 0.038521531386394366], 2, -1.0, [-0.5098779058307933, 0.03971629954405775]
[-0.5098779058307933, 0.03971629954405775], 2, -1.0, [-0.4692644837523306, 0.0406134220784627]
[-0.4692644837523306, 0.0406134220784627], 2, -1.0, [-0.4280567666851482, 0.04120771706718241]
[-0.4280567666851482, 0.04120771706718241], 2, -1.0, [-0.3865558434040429, 0.041500923281105266]
[-0.3865558434040429, 0.041500923281105266], 2, -1.0, [-0.3450540309146002, 0.04150181248944271]
[-0.3450540309146002, 0.04150181248944271], 2, -1.0, [-0.303828184796426, 0.04122584611817422]
[-0.303828184796426, 0.04122584611817422], 2, -1.0, [-0.263133771209151, 0.040694413587275005]
[-0.263133771209151, 0.040694413587275005], 2, -1.0, [-0.22320003379265776, 0.03993373741649322]
[-0.22320003379265776, 0.03993373741649322], 2, -1.0, [-0.18422647121276653, 0.038973562579891236]
[-0.18422647121276653, 0.038973562579891236], 2, -1.0, [-0.14638071105337733, 0.037845760159389195]
[-0.14638071105337733, 0.037845760159389195], 2, -1.0, [-0.10979774271798462, 0.03658296833539271]
[-0.10979774271798462, 0.03658296833539271], 2, -1.0, [-0.07458037135646611, 0.03521737136151851]
[-0.07458037135646611, 0.03521737136151851], 2, -1.0, [-0.04080068549502599, 0.033779685861440124]
[-0.04080068549502599, 0.033779685861440124], 2, -1.0, [-0.00850229517472803, 0.03229839032029796]
[-0.00850229517472803, 0.03229839032029796], 2, -1.0, [0.022296908352990447, 0.030799203527718477]
[0.022296908352990447, 0.030799203527718477], 2, -1.0, [0.05160170275697911, 0.029304794403988664]
[0.05160170275697911, 0.029304794403988664], 2, -1.0, [0.07943639316243073, 0.02783469040545162]
[0.07943639316243073, 0.02783469040545162], 2, -1.0, [0.1058417373212046, 0.026405344158773866]
[0.1058417373212046, 0.026405344158773866], 2, -1.0, [0.13087205398993348, 0.025030316668728896]
[0.13087205398993348, 0.025030316668728896], 2, -1.0, [0.15459259250530843, 0.023720538515374957]
[0.15459259250530843, 0.023720538515374957], 2, -1.0, [0.17707720859495116, 0.022484616089642716]
[0.17707720859495116, 0.022484616089642716], 0, -1.0, [0.19640636521365085, 0.0193291566186997]
[0.19640636521365085, 0.0193291566186997], 2, -1.0, [0.21465708460623711, 0.01825071939258626]
[0.21465708460623711, 0.01825071939258626], 2, -1.0, [0.23190850943737187, 0.017251424831134763]
[0.23190850943737187, 0.017251424831134763], 2, -1.0, [0.24824096206371316, 0.016332452626341296]
[0.24824096206371316, 0.016332452626341296], 2, -1.0, [0.2637352253162915, 0.01549426325257836]
[0.2637352253162915, 0.01549426325257836], 2, -1.0, [0.27847201769779467, 0.014736792381503147]
[0.27847201769779467, 0.014736792381503147], 2, -1.0, [0.2925316370646192, 0.014059619366824561]
[0.2925316370646192, 0.014059619366824561], 2, -1.0, [0.3059937489437505, 0.013462111879131291]
[0.3059937489437505, 0.013462111879131291], 2, -1.0, [0.31893729821194294, 0.012943549268192458]
[0.31893729821194294, 0.012943549268192458], 2, -1.0, [0.3314405256400083, 0.012503227428065374]
[0.3314405256400083, 0.012503227428065374], 2, -1.0, [0.3435810735741025, 0.012140547934094196]
[0.3435810735741025, 0.012140547934094196], 2, -1.0, [0.35543616765702774, 0.011855094082925227]
[0.35543616765702774, 0.011855094082925227], 2, -1.0, [0.3670828639065267, 0.01164669624949899]
[0.3670828639065267, 0.01164669624949899], 2, -1.0, [0.37859835262099917, 0.011515488714472447]
[0.37859835262099917, 0.011515488714472447], 2, -1.0, [0.39006031245516504, 0.011461959834165862]
[0.39006031245516504, 0.011461959834165862], 2, -1.0, [0.4015473095899928, 0.011486997134827738]
[0.4015473095899928, 0.011486997134827738], 2, -1.0, [0.4131392382072685, 0.011591928617275683]
[0.4131392382072685, 0.011591928617275683], 2, -1.0, [0.4249177994606958, 0.011778561253427283]
[0.4249177994606958, 0.011778561253427283], 2, -1.0, [0.43696701679421407, 0.012049217333518276]
[0.43696701679421407, 0.012049217333518276], 2, -1.0, [0.44937378576108994, 0.012406768966875868]
[0.44937378576108994, 0.012406768966875868], 2, -1.0, [0.46222845639015414, 0.012854670629064176]
[0.46222845639015414, 0.012854670629064176], 2, -1.0, [0.475625445546797, 0.013396989156642827]
[0.475625445546797, 0.013396989156642827], 2, -1.0, [0.48966387552961915, 0.0140384299828222]
[0.48966387552961915, 0.0140384299828222], 2, -1.0, [0.5044482331691454, 0.014784357639526315]
