[-0.46568585148622277, 0.0], 0, -1.0, [-0.46711801657395846, -0.0014321650877356766]
[-0.46711801657395846, -0.0014321650877356766], 0, -1.0, [-0.46997176326059914, -0.0028537466866407034]
[-0.46997176326059914, -0.0028537466866407034], 0, -1.0, [-0.47422597976835296, -0.004254216507753793]
[-0.47422597976835296, -0.004254216507753793], 0, -1.0, [-0.47984913973861, -0.005623159970257016]
[-0.47984913973861, -0.005623159970257016], 0, -1.0, [-0.4867994807347726, -0.006950340996162569]
[-0.4867994807347726, -0.006950340996162569], 0, -1.0, [-0.49502525616081566, -0.008225775426043094]
[-0.49502525616081566, -0.008225775426043094], 0, -1.0, [-0.5044650706307664, -0.00943981446995077]
[-0.5044650706307664, -0.00943981446995077], 0, -1.0, [-0.5150483090966868, -0.01058323846592038]
[-0.5150483090966868, -0.01058323846592038], 0, -1.0, [-0.5266956690289029, -0.011647359932216102]
[-0.5266956690289029, -0.011647359932216102], 0, -1.0, [-0.5393198025945302, -0.012624133565627313]
[-0.5393198025945302, -0.012624133565627313], 0, -1.0, [-0.5528260721642795, -0.013506269569749344]
[-0.5528260721642795, -0.013506269569749344], 0, -1.0, [-0.5671134177803093, -0.014287345616029856]
[-0.5671134177803093, -0.014287345616029856], 0, -1.0, [-0.5820753297457076, -0.014961911965398355]
[-0.5820753297457076, -0.014961911965398355], 0, -1.0, [-0.597600913657308, -0.015525583911600421]
[-0.597600913657308, -0.015525583911600421], 0, -1.0, [-0.6135760294764543, -0.01597511581914627]
[-0.6135760294764543, -0.01597511581914627], 0, -1.0, [-0.6298844811208076, -0.01630845164435339]
[-0.6298844811208076, -0.01630845164435339], 0, -1.0, [-0.646409229040214, -0.016524747919406408]
[-0.646409229040214, -0.016524747919406408], 0, -1.0, [-0.6630335957046201, -0.01662436666440604]
[-0.6630335957046201, -0.01662436666440604], 0, -1.0, [-0.679642433146164, -0.016608837441543928]
[-0.679642433146164, -0.016608837441543928], 0, -1.0, [-0.6961232227631999, -0.01648078961703587]
[-0.6961232227631999, -0.01648078961703587], 0, -1.0, [-0.712367080439896, -0.016243857676696113]
[-0.712367080439896, -0.016243857676696113], 0, -1.0, [-0.7282696444271495, -0.015902563987253378]
[-0.7282696444271495, -0.015902563987253378], 0, -1.0, [-0.7437318290034994, -0.015462184576350001]
[-0.7437318290034994, -0.015462184576350001], 0, -1.0, [-0.7586604332383722, -0.014928604234872755]
[-0.7586604332383722, -0.014928604234872755], 2, -1.0, [-0.7709686007333415, -0.01230816749496932]
[-0.7709686007333415, -0.01230816749496932], 2, -1.0, [-0.780587157749603, -0.00961855701626146]
[-0.780587157749603, -0.00961855701626146], 2, -1.0, [-0.7874636452577916, -0.006876487508188583]
[-0.7874636452577916, -0.006876487508188583], 2, -1.0, [-0.7915614459488134, -0.004097800691021875]
[-0.7915614459488134, -0.004097800691021875], 2, -1.0, [-0.7928590979761752, -0.0012976520273617702]
[-0.7928590979761752, -0.0012976520273617702], 2, -1.0, [-0.791349861571765, 0.0015092364044101878]
[-0.791349861571765, 0.0015092364044101878], 2, -1.0, [-0.7870415780238824, 0.00430828354788255]
[-0.7870415780238824, 0.00430828354788255], 2, -1.0, [-0.7799568335209235, 0.007084744502958911]
[-0.7799568335209235, 0.007084744502958911], 2, -1.0, [-0.7701334133183534, 0.00982342020257005]
[-0.7701334133183534, 0.00982342020257005], 2, -1.0, [-0.7576250047131201, 0.012508408605233279]
[-0.7576250047131201, 0.012508408605233279], 2, -1.0, [-0.742502080702749, 0.015122924010371092]
[-0.742502080702749, 0.015122924010371092], 2, -1.0, [-0.7248528707000473, 0.017649210002701723]
[-0.7248528707000473, 0.017649210002701723], 2, -1.0, [-0.7047843016525153, 0.020068569047532098]
[-0.7047843016525153, 0.020068569047532098], 2, -1.0, [-0.6824227745012966, 0.022361527151218603]
[-0.6824227745012966, 0.022361527151218603], 2, -1.0, [-0.6579146298820998, 0.02450814461919679]
[-0.6579146298820998, 0.02450814461919679], 2, -1.0, [-0.6314261564331768, 0.02648847344892305]
[-0.6314261564331768, 0.02648847344892305], 2, -1.0, [-0.6031430079346914, 0.028283148498485382]
[-0.6031430079346914, 0.028283148498485382], 2, -1.0, [-0.5732689237078854, 0.02987408422680606]
[-0.5732689237078854, 0.02987408422680606], 2, -1.0, [-0.5420236904424816, 0.03124523326540387]
[-0.5420236904424816, 0.03124523326540387], 2, -1.0, [-0.5096403406719902, 0.032383349770491426]
[-0.5096403406719902, 0.032383349770491426], 2, -1.0, [-0.47636164857026597, 0.03327869210172421]
[-0.47636164857026597, 0.03327869210172421], 2, -1.0, [-0.44243605033452543, 0.03392559823574055]
[-0.44243605033452543, 0.03392559823574055], 2, -1.0, [-0.40811317552643195, 0.034322874808093505]
[-0.40811317552643195, 0.034322874808093505], 0, -1.0, [-0.3756392189103719, 0.03247395661606005]
[-0.3756392189103719, 0.03247395661606005], 0, -1.0, [-0.3452388760081329, 0.03040034290223895]
[-0.3452388760081329, 0.03040034290223895], 0, -1.0, [-0.3171133071062976, 0.028125568901835336]
[-0.3171133071062976, 0.028125568901835336], 0, -1.0, [-0.2914392198415632, 0.02567408726473443]
[-0.2914392198415632, 0.02567408726473443], 0, -1.0, [-0.2683689336640798, 0.023070286177483336]
[-0.2683689336640798, 0.023070286177483336], 0, -1.0, [-0.24803123310069927, 0.020337700563380558]
[-0.24803123310069927, 0.020337700563380558], 0, -1.0, [-0.23053278765414026, 0.01749844544655901]
[-0.23053278765414026, 0.01749844544655901], 0, -1.0, [-0.2159599112395773, 0.014572876414562959]
[-0.2159599112395773, 0.014572876414562959], 0, -1.0, [-0.2043804477362877, 0.011579463503289616]
[-0.2043804477362877, 0.011579463503289616], 0, -1.0, [-0.19584559524135958, 0.008534852494928115]
[-0.19584559524135958, 0.008534852494928115], 0, -1.0, [-0.19039151422966863, 0.005454081011690963]
[-0.19039151422966863, 0.005454081011690963], 0, -1.0, [-0.18804059965224768, 0.002350914577420949]
[-0.18804059965224768, 0.002350914577420949], 2, -1.0, [-0.186802331268332, 0.001238268383915669]
[-0.186802331268332, 0.001238268383915669], 0, -1.0, [-0.1886816600128068, -0.0018793287444748]
[-0.1886816600128068, -0.0018793287444748], 0, -1.0, [-0.19367106035864892, -0.004989400345842102]
[-0.19367106035864892, -0.004989400345842102], 0, -1.0, [-0.2017502281374881, -0.008079167778839179]
[-0.2017502281374881, -0.008079167778839179], 0, -1.0, [-0.21288529464633438, -0.011135066508846277]
[-0.21288529464633438, -0.011135066508846277], 0, -1.0, [-0.22702760548786727, -0.0141423108415329]
[-0.22702760548786727, -0.0141423108415329], 0, -1.0, [-0.24411214481839197, -0.0170845393305247]
[-0.24411214481839197, -0.0170845393305247], 0, -1.0, [-0.26405571983052945, -0.019943575012137463]
[-0.26405571983052945, -0.019943575012137463], 0, -1.0, [-0.2867550553806374, -0.022699335550107957]
[-0.2867550553806374, -0.022699335550107957], 0, -1.0, [-0.3120849821583463, -0.025329926777708914]
[-0.3120849821583463, -0.025329926777708914], 0, -1.0, [-0.339896929511712, -0.027811947353365712]
[-0.339896929511712, -0.027811947353365712], 0, -1.0, [-0.3700179503845707, -0.03012102087285866]
[-0.3700179503845707, -0.03012102087285866], 0, -1.0, [-0.4022505044616528, -0.03223255407708211]
[-0.4022505044616528, -0.03223255407708211], 0, -1.0, [-0.43637320071194874, -0.03412269625029593]
[-0.43637320071194874, -0.03412269625029593], 0, -1.0, [-0.4721426483613965, -0.03576944764944777]
[-0.4721426483613965, -0.03576944764944777], 0, -1.0, [-0.5092964860668079, -0.03715383770541137]
[-0.5092964860668079, -0.03715383770541137], 0, -1.0, [-0.5475575580336024, -0.038261071966794506]
[-0.5475575580336024, -0.038261071966794506], 0, -1.0, [-0.5866390938122771, -0.039081535778674674]
[-0.5866390938122771, -0.039081535778674674], 0, -1.0, [-0.6262506406013127, -0.03961154678903566]
[-0.6262506406013127, -0.03961154678903566], 0, -1.0, [-0.6661044097783827, -0.03985376917706992]
[-0.6661044097783827, -0.03985376917706992], 0, -1.0, [-0.7059216477828529, -0.03981723800447018]
[-0.7059216477828529, -0.03981723800447018], 0, -1.0, [-0.745438634530809, -0.03951698674795608]
[-0.745438634530809, -0.03951698674795608], 0, -1.0, [-0.7844119514959597, -0.03897331696515065]
[-0.7844119514959597, -0.03897331696515065], 0, -1.0, [-0.8226227394160284, -0.03821078792006875]
[-0.8226227394160284, -0.03821078792006875], 0, -1.0, [-0.8598797688043018, -0.037257029388273494]
[-0.8598797688043018, -0.037257029388273494], 0, -1.0, [-0.8960212584319875, -0.03614148962768575]
[-0.8960212584319875, -0.03614148962768575], 2, -1.0, [-0.9289154816634568, -0.03289422323146929]
[-0.9289154816634568, -0.03289422323146929], 2, -1.0, [-0.9584654550595768, -0.029549973396119977]
[-0.9584654550595768, -0.029549973396119977], 2, -1.0, [-0.9846034822272991, -0.026138027167722247]
[-0.9846034822272991, -0.026138027167722247], 2, -1.0, [-1.0072854577208177, -0.02268197549351849]
[-1.0072854577208177, -0.02268197549351849], 2, -1.0, [-1.026485332784882, -0.019199875064064204]
[-1.026485332784882, -0.019199875064064204], 2, -1.0, [-1.0421900325012339, -0.01570469971635188]
[-1.0421900325012339, -0.01570469971635188], 2, -1.0, [-1.0543950143087697, -0.01220498180753589]
[-1.0543950143087697, -0.01220498180753589], 2, -1.0, [-1.0631005788827597, -0.008705564573989941]
[-1.0631005788827597, -0.008705564573989941], 2, -1.0, [-1.0683089881128724, -0.005208409230112811]
[-1.0683089881128724, -0.005208409230112811], 2, -1.0, [-1.0700224097108146, -0.0017134215979421846]
[-1.0700224097108146, -0.0017134215979421846], 2, -1.0, [-1.0682416899784282, 0.0017807197323865603]
[-1.0682416899784282, 0.0017807197323865603], 2, -1.0, [-1.0629659507189806, 0.005275739259447659]
[-1.0629659507189806, 0.005275739259447659], 2, -1.0, [-1.0541930081652042, 0.00877294255377643]
[-1.0541930081652042, 0.00877294255377643], 2, -1.0, [-1.041920616125927, 0.012272392039277285]
[-1.041920616125927, 0.012272392039277285], 2, -1.0, [-1.0261485373480992, 0.01577207877782761]
[-1.0261485373480992, 0.01577207877782761], 2, -1.0, [-1.0068814413502547, 0.0192670959978444]
[-1.0068814413502547, 0.0192670959978444], 2, -1.0, [-0.9841326086953658, 0.02274883265488891]
[-0.9841326086953658, 0.02274883265488891], 2, -1.0, [-0.95792838608855, 0.02620422260681579]
[-0.95792838608855, 0.02620422260681579], 2, -1.0, [-0.928313280008334, 0.029615106080216]
[-0.928313280008334, 0.029615106080216], 2, -1.0, [-0.8953554971624114, 0.03295778284592263]
[-0.8953554971624114, 0.03295778284592263], 2, -1.0, [-0.8591526401279038, 0.03620285703450755]
[-0.8591526401279038, 0.03620285703450755], 2, -1.0, [-0.8198371541890812, 0.03931548593882256]
[-0.8198371541890812, 0.03931548593882256], 2, -1.0, [-0.77758101225694, 0.04225614193214117]
[-0.77758101225694, 0.04225614193214117], 2, -1.0, [-0.7325990423640065, 0.04498196989293349]
[-0.7325990423640065, 0.04498196989293349], 2, -1.0, [-0.6851502757811293, 0.04744876658287723]
[-0.6851502757811293, 0.04744876658287723], 2, -1.0, [-0.6355367525059534, 0.049613523275175875]
[-0.6355367525059534, 0.049613523275175875], 2, -1.0, [-0.5840993848671449, 0.05143736763880862]
[-0.5840993848671449, 0.05143736763880862], 2, -1.0, [-0.531210749891371, 0.05288863497577393]
[-0.531210749891371, 0.05288863497577393], 2, -1.0, [-0.4772650300701291, 0.05394571982124186]
[-0.4772650300701291, 0.05394571982124186], 2, -1.0, [-0.42266569538313503, 0.05459933468699409]
[-0.42266569538313503, 0.05459933468699409], 2, -1.0, [-0.36781184385136395, 0.05485385153177109]
[-0.36781184385136395, 0.05485385153177109], 2, -1.0, [-0.3130843215185299, 0.05472752233283409]
[-0.3130843215185299, 0.05472752233283409], 2, -1.0, [-0.25883277702302154, 0.05425154449550836]
[-0.25883277702302154, 0.05425154449550836], 2, -1.0, [-0.2053646620929556, 0.05346811493006595]
[-0.2053646620929556, 0.05346811493006595], 2, -1.0, [-0.15293690159679024, 0.05242776049616534]
[-0.15293690159679024, 0.05242776049616534], 2, -1.0, [-0.10175059072327339, 0.05118631087351685]
[-0.10175059072327339, 0.05118631087351685], 2, -1.0, [-0.05194870814193757, 0.04980188258133582]
[-0.05194870814193757, 0.04980188258133582], 2, -1.0, [-0.0036165269414645956, 0.04833218120047297]
[-0.0036165269414645956, 0.04833218120047297], 2, -1.0, [0.04321580139932008, 0.04683232834078468]
[0.04321580139932008, 0.04683232834078468], 2, -1.0, [0.08856911088877736, 0.04535330948945728]
[0.08856911088877736, 0.04535330948945728], 2, -1.0, [0.13251015287201337, 0.043941041983236]
[0.13251015287201337, 0.043941041983236], 2, -1.0, [0.17514614518242042, 0.04263599231040705]
[0.17514614518242042, 0.04263599231040705], 0, -1.0, [0.21461937722066943, 0.039473232038249]
[0.21461937722066943, 0.039473232038249], 0, -1.0, [0.25109314492067547, 0.036473767700006036]
[0.25109314492067547, 0.036473767700006036], 0, -1.0, [0.2847432887494439, 0.033650143828768395]
[0.2847432887494439, 0.033650143828768395], 0, -1.0, [0.3157514339891914, 0.031008145239747542]
[0.3157514339891914, 0.031008145239747542], 0, -1.0, [0.34429979351044626, 0.028548359521254826]
[0.34429979351044626, 0.028548359521254826], 0, -1.0, [0.37056732541028425, 0.026267531899837993]
[0.37056732541028425, 0.026267531899837993], 2, -1.0, [0.3967270162711868, 0.026159690860902553]
[0.3967270162711868, 0.026159690860902553], 1, -1.0, [0.421957977666914, 0.02523096139572724]
[0.421957977666914, 0.02523096139572724], 0, -1.0, [0.445438391187986, 0.023480413521071993]
[0.445438391187986, 0.023480413521071993], 2, -1.0, [0.46933795878838225, 0.023899567600396254]
[0.46933795878838225, 0.023899567600396254], 0, -1.0, [0.4918323651454638, 0.022494406357081526]
[0.4918323651454638, 0.022494406357081526], 0, -1.0, [0.5130888838863563, 0.021256518740892516]
